a 0.239685356617 0.116500258446 0.236294865608 0.231998071074
b 0.395130753517 0.201338589191 0.256132036448 0.33710950613
d 0.0857566669583 0.416661769152 0.281698971987 0.14816750586
g 0.20480902493 0.190181151032 0.129029422998 0.221007302403
t 0.074618190527 0.0753182247281 0.0968447104096 0.0617176108062
h 1.0 1.0 1.0 1.0
c 0.141329973936 0 0 0
Aa 0.626991927624 0.51136380434 1.01588642597 0.665129840374
Ab 0.844091296196 0.748963952065 1.05089604855 0.827416419983
Ad 0.180618330836 1.06482052803 1.09221744537 0.470398396254
Ag 0.55869948864 0.724204361439 0.753120958805 0.644052028656
At 0.120195165277 0.321936994791 0.628508090973 0.0900545418262
as 0.428571432829 1.0 1.0 0.217391297221
bs 0.289473682642 0.157894730568 0.275862067938 0.0
ds 0.0128205129877 1.0 0.898734152317 0.181818187237
gs 0.0 0.680000007153 0.0 0.0
ts 0.0 0.649350643158 0.838709652424 0.0362318828702
a 0.240242794156 0.117266647518 0.238849058747 0.238036379218
b 0.402128368616 0.195712774992 0.25347083807 0.34263291955
d 0.0846023485065 0.417247653008 0.273482859135 0.144030764699
g 0.202689066529 0.193857759237 0.130989909172 0.214480549097
t 0.0703374370933 0.075915157795 0.103207349777 0.0608193799853
h 1.0 1.0 1.0 1.0
c 0.124629974365 0 0 0
Aa 0.629344344139 0.51136380434 1.01588642597 0.679877996445
Ab 0.853058695793 0.733808517456 1.04169094563 0.838063776493
Ad 0.176076412201 1.06258320808 1.07469308376 0.461689949036
Ag 0.555524289608 0.72967249155 0.755000770092 0.634622573853
At 0.095880523324 0.322517812252 0.651473581791 0.0872766599059
as 0.444444447756 1.0 1.0 0.246376812458
bs 0.315789461136 0.105263158679 0.24137930572 0.0625
ds 0.00641025649384 1.0 0.884615361691 0.175324678421
gs 0.0 0.72000002861 0.0 0.0
ts 0.0 0.649350643158 0.870967745781 0.0294117648154
a 0.243199810386 0.117806322873 0.239873245358 0.246260285378
b 0.407639980316 0.189449831843 0.251986116171 0.347073554993
d 0.0835442915559 0.419413417578 0.266340970993 0.139382600784
g 0.200200200081 0.196319937706 0.130686208606 0.207714885473
t 0.0654157027602 0.0770104900002 0.111113451421 0.059568669647
h 1.0 1.0 1.0 1.0
c 0.107929974794 0 0 0
Aa 0.638384401798 0.51136380434 1.01588642597 0.70373737812
Ab 0.862697899342 0.717689454556 1.0372812748 0.852764546871
Ad 0.174337908626 1.0628374815 1.06134271622 0.456551581621
Ag 0.553885638714 0.733159601688 0.752134442329 0.629810631275
At 0.0681031271815 0.326745092869 0.681671321392 0.0873609259725
as 0.460317462683 1.0 1.0 0.275362312794
bs 0.342105269432 0.0540540553629 0.206896558404 0.09375
ds 0.00641025649384 1.0 0.871794879436 0.168831169605
gs 0.0 0.72000002861 0.0 0.0
ts 0.0 0.649350643158 0.919354856014 0.0298507455736
a 0.248229429126 0.118177898228 0.240381285548 0.246378362179
b 0.410222232342 0.185293838382 0.25235453248 0.354859262705
d 0.08268994838 0.421966940165 0.259163320065 0.136114150286
g 0.198305904865 0.196318298578 0.129714399576 0.204238623381
t 0.060552470386 0.0782430097461 0.118386462331 0.0584096089005
h 1.0 1.0 1.0 1.0
c 0.0912299752235 0 0 0
Aa 0.652992069721 0.51136380434 1.01588642597 0.71044921875
Ab 0.871158003807 0.706688523293 1.03699696064 0.868902802467
Ad 0.175591498613 1.06410598755 1.04855942726 0.452749937773
Ag 0.555474460125 0.731788337231 0.747973978519 0.628984570503
At 0.0402706451714 0.332273095846 0.708287894726 0.0853309780359
as 0.47619047761 1.0 1.0 0.289855062962
bs 0.368421047926 0.0270270276815 0.206896558404 0.15625
ds 0.00641025649384 1.0 0.858974337578 0.169934645295
gs 0.0 0.72000002861 0.0 0.0
ts 0.0 0.662337660789 0.967741906643 0.0223880596459
a 0.260728478432 0.118026301265 0.241763234138 0.238834992051
b 0.404717385769 0.184463605285 0.253737986088 0.364402890205
d 0.0811526328325 0.424525260925 0.252058178186 0.135233789682
g 0.196494430304 0.193414673209 0.129024848342 0.204519629478
t 0.0569070912898 0.0795701667666 0.123415745795 0.0570087172091
h 1.0 1.0 1.0 1.0
c 0.0745299756527 0 0 0
Aa 0.685017228127 0.510191619396 1.01588642597 0.697650909424
Ab 0.875980615616 0.704123497009 1.03688168526 0.881134808064
Ad 0.178131386638 1.06611633301 1.03399693966 0.450638204813
Ag 0.562179028988 0.724702239037 0.743169546127 0.630288004875
At 0.0239951573312 0.338963091373 0.723866760731 0.0754942521453
as 0.523809552193 1.0 1.0 0.25
bs 0.368421047926 0.0270270276815 0.206896558404 0.1875
ds 0.0128205129877 1.0 0.833333313465 0.169934645295
gs 0.0 0.708333313465 0.0 0.0
ts 0.0 0.675324678421 0.983870983124 0.0149253727868
a 0.275034755468 0.117141209543 0.245509028435 0.235713481903
b 0.392917782068 0.186072185636 0.254357427359 0.367842644453
d 0.0803772881627 0.426776558161 0.245827451348 0.136656969786
g 0.195612490177 0.189035773277 0.129002705216 0.205074459314
t 0.0560576878488 0.0809742882848 0.125303372741 0.0547124445438
h 1.0 1.0 1.0 1.0
c 0.0578299723566 0 0 0
Aa 0.719679534435 0.505492508411 1.01588642597 0.690574884415
Ab 0.874593615532 0.706464290619 1.03126347065 0.883852541447
Ad 0.185425326228 1.06698334217 1.01644933224 0.453822255135
Ag 0.571688532829 0.71332681179 0.73641782999 0.630102038383
At 0.0289271641523 0.345129966736 0.723781764507 0.056276563555
as 0.5873016119 0.976190447807 1.0 0.25
bs 0.368421047926 0.0270270276815 0.206896558404 0.1875
ds 0.0128205129877 1.0 0.805194795132 0.171052634716
gs 0.0 0.666666686535 0.0 0.0
ts 0.0 0.675324678421 0.983870983124 0.0
a 0.277354329824 0.119102701545 0.240405976772 0.246000245214
b 0.382359415293 0.188177958131 0.256548672915 0.360682964325
d 0.0834565907717 0.425307005644 0.244651719928 0.139653623104
g 0.197649672627 0.185159727931 0.132068514824 0.202555984259
t 0.0591799840331 0.0822526067495 0.126325115561 0.0511071719229
h 1.0 1.0 1.0 1.0
c 0.0411299727857 0 0 0
Aa 0.726272642612 0.508084774017 0.987557590008 0.709753274918
Ab 0.865709543228 0.706731915474 1.01578211784 0.875943362713
Ad 0.204698354006 1.06086575985 0.995160579681 0.463869929314
Ag 0.579133808613 0.699709713459 0.727411627769 0.625362813473
At 0.0554125793278 0.347312867641 0.708102047443 0.0272995699197
as 0.5873016119 1.0 1.0 0.279411762953
bs 0.351351350546 0.0270270276815 0.137931033969 0.15625
ds 0.0256410259753 1.0 0.779220759869 0.177631571889
gs 0.0 0.625 0.0 0.0
ts 0.0 0.684210538864 0.967741906643 0.0
a 0.274030447006 0.124691948295 0.224250465631 0.246199846268
b 0.371120274067 0.191510021687 0.261216878891 0.35704344511
d 0.0900582298636 0.414905995131 0.247254118323 0.146312206984
g 0.199350073934 0.18527251482 0.139757916331 0.202448010445
t 0.0654409900308 0.0836195275187 0.127520605922 0.0479964911938
h 1.0 1.0 1.0 1.0
c 0.0244299713522 0 0 0
Aa 0.717926740646 0.513269305229 0.92433732748 0.69933027029
Ab 0.849642574787 0.69962233305 0.9906052351 0.860763549805
Ad 0.234651342034 1.03538060188 0.966747522354 0.473323017359
Ag 0.579744338989 0.685241878033 0.718980431557 0.61435598135
At 0.0959777981043 0.339738577604 0.679184377193 -0.0107480464503
as 0.5873016119 1.0 0.98507463932 0.264705896378
bs 0.324324309826 0.0270270276815 0.0689655169845 0.125
ds 0.0448717959225 0.970588207245 0.736842095852 0.184210523963
gs 0.0 0.541666686535 0.0 0.0
ts 0.0 0.680000007153 0.919354856014 0.0
a 0.265209943056 0.134046971798 0.202446684241 0.251195788383
b 0.360747516155 0.199115499854 0.268701076508 0.351777493954
d 0.0998527258635 0.389354854822 0.246151387691 0.152309522033
g 0.199363395572 0.191693261266 0.152855679393 0.199003860354
t 0.0748264193535 0.0857894048095 0.129845172167 0.0457133315504
h 1.0 1.0 1.0 1.0
c 0.00772997178137 0 0 0
Aa 0.695799827576 0.513589501381 0.838268280029 0.698500275612
Ab 0.829413414001 0.685437560081 0.96122699976 0.84475594759
Ad 0.271569997072 0.976678073406 0.923159897327 0.48121497035
Ag 0.571855485439 0.668939292431 0.716239213943 0.597349405289
At 0.146265000105 0.319766104221 0.645383417606 -0.0414692386985
as 0.53968256712 1.0 0.878787875175 0.264705896378
bs 0.270270258188 0.0 0.0 0.0625
ds 0.0705128237605 0.911764681339 0.684210538864 0.190789476037
gs 0.0 0.5 0.0 0.0
ts 0.0157480314374 0.653333306313 0.854838728905 0.0
a 0.249494880438 0.146542444825 0.174362823367 0.248000264168
b 0.338279515505 0.213956952095 0.281837761402 0.336087375879
d 0.128284081817 0.34359946847 0.235859125853 0.180342823267
g 0.191020473838 0.204668283463 0.172531858087 0.187181249261
t 0.0929210484028 0.0912328585982 0.135408446193 0.0483882986009
h 1.0 1.0 1.0 1.0
c 0.0 0 0 0
Aa 0.672715306282 0.503775775433 0.726519346237 0.698500275612
Ab 0.804929435253 0.668138682842 0.935064613819 0.830500304699
Ad 0.383826464415 0.873864769936 0.857718110085 0.560146927834
Ag 0.556733608246 0.648862838745 0.721934735775 0.576310455799
At 0.243767797947 0.297963619232 0.616711199284 -0.0112115563825
as 0.507936537266 0.975609779358 0.696969687939 0.264705896378
bs 0.166666671634 0.0 0.0 0.03125
ds 0.141025647521 0.813725471497 0.58666664362 0.243421047926
gs 0.0 0.416666656733 0.0 0.0
ts 0.095238097012 0.626666665077 0.806451618671 0.0
a 0.242458358407 0.156658053398 0.148933693767 0.251759886742
b 0.330948114395 0.236274465919 0.297764569521 0.341972261667
d 0.134775668383 0.280866265297 0.213117420673 0.175483927131
g 0.191353052855 0.222024187446 0.194600090384 0.184702113271
t 0.100464813411 0.104177035391 0.145584225655 0.0460818223655
h 1.0 1.0 1.0 1.0
c 0.0 0 0 0
Aa 0.652432918549 0.472935646772 0.6157091856 0.698500275612
Ab 0.787555634975 0.651399731636 0.916589260101 0.831504583359
Ad 0.397407203913 0.726482510567 0.771335184574 0.541751027107
Ag 0.549631118774 0.624383211136 0.731859266758 0.563985586166
At 0.269809693098 0.295754909515 0.605830550194 -0.0389566533267
as 0.47619047761 0.902438998222 0.530303001404 0.264705896378
bs 0.111111111939 0.0 0.0 0.03125
ds 0.153846159577 0.666666686535 0.479999989271 0.230263158679
gs 0.0 0.291666656733 0.0 0.0
ts 0.119047619402 0.61333334446 0.790322601795 0.0
a 0.226797670126 0.170109882951 0.133664369583 0.254097998142
b 0.329819470644 0.253473192453 0.309766888618 0.349031925201
d 0.140028432012 0.219181060791 0.185300797224 0.171417832375
g 0.193581789732 0.232112318277 0.210748374462 0.181712061167
t 0.109772630036 0.125123545527 0.160519570112 0.0437401868403
h 1.0 1.0 1.0 1.0
c 0.0 0 0 0
Aa 0.610153079033 0.461636424065 0.539588868618 0.698500275612
Ab 0.772790789604 0.634838938713 0.90460819006 0.836364150047
Ad 0.400730758905 0.571709930897 0.681450486183 0.527554988861
Ag 0.541378974915 0.596605122089 0.737337470055 0.552882730961
At 0.295008569956 0.328245937824 0.61910122633 -0.0656203478575
as 0.412698417902 0.87804877758 0.424242436886 0.264705896378
bs 0.0833333358169 0.0 0.0 0.03125
ds 0.154838711023 0.519607841969 0.360000014305 0.225165560842
gs 0.0 0.166666671634 0.0 0.0
ts 0.13492064178 0.666666686535 0.822580635548 0.0
a 0.204709693789 0.171660885215 0.131121098995 0.246469721198
b 0.335514485836 0.253928512335 0.311757862568 0.358855217695
d 0.142745822668 0.20009572804 0.166439756751 0.17258554697
g 0.197323277593 0.226072147489 0.213137835264 0.180142611265
t 0.119706735015 0.148242712021 0.17754343152 0.0419468954206
h 1.0 1.0 1.0 1.0
c 0.0 0 0 0
Aa 0.549688160419 0.447179198265 0.520030260086 0.680638194084
Ab 0.764261007309 0.61721932888 0.896175086498 0.843793869019
Ad 0.393113166094 0.51374566555 0.623614788055 0.525879025459
Ag 0.533728063107 0.566754937172 0.73101824522 0.544491052628
At 0.316668331623 0.38348120451 0.651662290096 -0.0884255617857
as 0.317460328341 0.829268276691 0.39393940568 0.223880603909
bs 0.0555555559695 0.0 0.0 0.0625
ds 0.148387089372 0.460784316063 0.280000001192 0.218543052673
gs 0.0 0.0 0.0 0.0
ts 0.150793656707 0.733333349228 0.870967745781 0.0
a 0.189350768924 0.165292188525 0.135160058737 0.232601866126
b 0.34248316288 0.230796441436 0.303608000278 0.36884328723
d 0.141437590122 0.245782390237 0.17026399076 0.178736075759
g 0.199620947242 0.199466824532 0.200248986483 0.17910322547
t 0.127107515931 0.158662155271 0.190718963742 0.0407155379653
h 1.0 1.0 1.0 1.0
c 0.0 0 0 0
Aa 0.505335748196 0.454028218985 0.540568828583 0.652667403221
Ab 0.76270788908 0.599005043507 0.89203363657 0.852896094322
Ad 0.378633528948 0.626326680183 0.640843272209 0.538266420364
Ag 0.528274774551 0.535646617413 0.71129077673 0.539157629013
At 0.332239896059 0.436249256134 0.690114319324 -0.104185581207
as 0.238095238805 0.850000023842 0.424242436886 0.179104477167
bs 0.0555555559695 0.0 0.0 0.09375
ds 0.141935482621 0.564356446266 0.30666667223 0.231788083911
gs 0.0 0.0 0.0 0.0
ts 0.159999996424 0.800000011921 0.93548387289 0.0
a 0.188186258078 0.148859083652 0.129115238786 0.216269820929
b 0.345330804586 0.198140382767 0.293076485395 0.377619147301
d 0.137307435274 0.334669411182 0.202034860849 0.188168808818
g 0.198708638549 0.164615303278 0.17950321734 0.177965849638
t 0.130466878414 0.153715804219 0.196270212531 0.0399763733149
h 1.0 1.0 1.0 1.0
c 0.0 0 0 0
Aa 0.501721858978 0.459939539433 0.540827870369 0.620404243469
Ab 0.765369296074 0.584137201309 0.896831333637 0.862462341785
Ad 0.364828020334 0.81178021431 0.735276699066 0.559955954552
Ag 0.525350749493 0.503634393215 0.683922588825 0.535744965076
At 0.342634230852 0.473882704973 0.722704768181 -0.112788319588
as 0.238095238805 0.875 0.424242436886 0.134328365326
bs 0.0555555559695 0.0 0.0 0.125
ds 0.129032254219 0.752475261688 0.426666676998 0.245033115149
gs 0.0 0.0 0.0 0.0
ts 0.167999997735 0.864864885807 0.983870983124 0.0
a 0.187567204237 0.131875246763 0.129019781947 0.206054717302
b 0.346051901579 0.168310090899 0.278354227543 0.380597233772
d 0.135655090213 0.426880121231 0.250665813684 0.198689326644
g 0.19763071835 0.132684335113 0.155125126243 0.175036460161
t 0.133095100522 0.140250205994 0.186835035682 0.0396222658455
h 1.0 1.0 1.0 1.0
c 0.0 0 0 0
Aa 0.501370608807 0.470332175493 0.579840004444 0.602623522282
Ab 0.76735496521 0.576279044151 0.913781583309 0.869106650352
Ad 0.36064979434 0.980474829674 0.868278861046 0.586815536022
Ag 0.524068176746 0.472988575697 0.659865915775 0.531769514084
At 0.352375805378 0.497072398663 0.74064207077 -0.113419696689
as 0.238095238805 0.899999976158 0.484848499298 0.106060609221
bs 0.0555555559695 0.0 0.0 0.15625
ds 0.129032254219 0.920000016689 0.61333334446 0.258278131485
gs 0.0 0.0 0.0 0.0
ts 0.175999999046 0.891891896725 1.0 0.0
a 0.186442106962 0.1150861606 0.124825894833 0.203606545925
b 0.340878784657 0.146502360702 0.265769928694 0.374742269516
d 0.138208150864 0.502673149109 0.30558732152 0.210669919848
g 0.196783348918 0.109080322087 0.136009827256 0.170922681689
t 0.137687623501 0.126657992601 0.167807027698 0.040058594197
h 1.0 1.0 1.0 1.0
c 0.0 0 0 0
Aa 0.501370608807 0.470332175493 0.612634420395 0.602623522282
Ab 0.763426542282 0.575153708458 0.940835535526 0.867564439774
Ad 0.371360272169 1.11059474945 1.00146508217 0.617434322834
Ag 0.524814963341 0.447055488825 0.649899959564 0.526631474495
At 0.369721531868 0.511941671371 0.741139829159 -0.103472493589
as 0.225806444883 0.899999976158 0.530303001404 0.114754095674
bs 0.0555555559695 0.0 0.0303030312061 0.125
ds 0.135483875871 1.0 0.786666691303 0.280000001192
gs 0.0 0.0 0.0 0.0
ts 0.193548381329 0.918918907642 1.0 0.0
a 0.184439226985 0.103269189596 0.11844740063 0.202160537243
b 0.327676326036 0.13081163168 0.256014466286 0.360294252634
d 0.146054506302 0.555876731873 0.355943620205 0.228133246303
g 0.195974394679 0.0931736305356 0.124537028372 0.16738756001
t 0.145855560899 0.116868801415 0.145057499409 0.0420244038105
h 1.0 1.0 1.0 1.0
c 0.0 0 0 0
Aa 0.501370608807 0.472350090742 0.63838493824 0.602623522282
Ab 0.750962376595 0.575025677681 0.973123908043 0.853584527969
Ad 0.400032281876 1.20335781574 1.11624062061 0.655115783215
Ag 0.527716636658 0.427672356367 0.66015791893 0.520650327206
At 0.399440348148 0.526077926159 0.726399600506 -0.0795712545514
as 0.225806444883 0.899999976158 0.575757563114 0.116666667163
bs 0.0277777779847 0.0 0.09375 0.09375
ds 0.154838711023 1.0 0.933333337307 0.30666667223
gs 0.0 0.0 0.0 0.0
ts 0.217741936445 0.932432413101 0.983870983124 0.0
a 0.179815798998 0.0943615585566 0.110319972038 0.20132869482
b 0.308517307043 0.119379207492 0.249132320285 0.336119174957
d 0.160047844052 0.592252850533 0.396922171116 0.253261566162
g 0.19411291182 0.0833415612578 0.119902394712 0.163853943348
t 0.157506152987 0.110664844513 0.123723134398 0.0454366207123
h 1.0 1.0 1.0 1.0
c 0.0 0 0 0
Aa 0.496502131224 0.469029992819 0.653208136559 0.602623522282
Ab 0.730953812599 0.571163535118 1.00698399544 0.825211167336
Ad 0.445924162865 1.26674199104 1.20925927162 0.702287137508
Ag 0.529728710651 0.415096491575 0.689381837845 0.513174772263
At 0.438971817493 0.53824454546 0.703004896641 -0.0438761152327
as 0.196721315384 0.899999976158 0.590909063816 0.116666667163
bs 0.0 0.0 0.1875 0.0
ds 0.181818187237 1.0 1.0 0.340000003576
gs 0.0 0.0 0.0 0.0
ts 0.25 0.959459483624 0.951612889767 0.0
a 0.172427982092 0.0893979519606 0.100647047162 0.199311539531
b 0.287588238716 0.111099898815 0.245075583458 0.304344385862
d 0.181482493877 0.615197956562 0.427122801542 0.287147015333
g 0.188032910228 0.0777492523193 0.120367407799 0.158703327179
t 0.170468360186 0.106554932892 0.106787160039 0.0504937246442
h 1.0 1.0 1.0 1.0
c 0.0 0 0 0
Aa 0.485815376043 0.469505161047 0.653208136559 0.600632190704
Ab 0.707978785038 0.563891232014 1.03970706463 0.784465014935
Ad 0.50804233551 1.3071924448 1.28095984459 0.759204030037
Ag 0.523441493511 0.408873826265 0.73091596365 0.501685798168
At 0.480851382017 0.545751154423 0.678926110268 0.0043371329084
as 0.180327862501 0.899999976158 0.590909063816 0.116666667163
bs 0.0 0.0 0.3125 0.0
ds 0.227272734046 1.0 1.0 0.379999995232
gs 0.0 0.0 0.0227272734046 0.0
ts 0.284552842379 0.959459483624 0.919354856014 0.035971224308
a 0.166260093451 0.0866706818342 0.0978124514222 0.182390511036
b 0.2684058249 0.10642016679 0.24124352634 0.27449080348
d 0.209313571453 0.628340005875 0.442866325378 0.332093030214
g 0.174425452948 0.0755330994725 0.123329289258 0.152621522546
t 0.181595057249 0.10303606838 0.0947484076023 0.0584041215479
h 1.0 1.0 1.0 1.0
c 0.0 0 0 0
Aa 0.481487959623 0.469505161047 0.675923228264 0.561998188496
Ab 0.689491868019 0.558656871319 1.06798481941 0.739523768425
Ad 0.581497311592 1.32982766628 1.33180177212 0.822255730629
Ag 0.502309799194 0.40977025032 0.776595294476 0.484611749649
At 0.51980394125 0.544622242451 0.66210103035 0.0674394443631
as 0.180327862501 0.899999976158 0.621212124825 0.0508474558592
bs 0.0 0.0 0.375 0.0
ds 0.267973870039 1.0 1.0 0.419999986887
gs 0.0 0.0 0.113636367023 0.0
ts 0.319672137499 0.959459483624 0.887096762657 0.0869565233588
a 0.166260093451 0.0854441300035 0.0935772955418 0.182390511036
b 0.2684058249 0.105527177453 0.238686829805 0.27449080348
d 0.209313571453 0.633890748024 0.450488507748 0.332093030214
g 0.174425452948 0.0759042948484 0.129137739539 0.152621522546
t 0.181595057249 0.0992336347699 0.0881096348166 0.0584041215479
h 1.0 1.0 1.0 1.0
c 0.0 0 0 0
Aa 0.481487959623 0.469505161047 0.681190371513 0.561998188496
Ab 0.689491868019 0.561187267303 1.0878483057 0.739523768425
Ad 0.581497311592 1.3398373127 1.36370360851 0.822255730629
Ag 0.502309799194 0.418089270592 0.821073055267 0.484611749649
At 0.51980394125 0.534481823444 0.655043244362 0.0674394443631
as 0.180327862501 0.899999976158 0.646153867245 0.0508474558592
bs 0.0 0.0 0.4375 0.0
ds 0.267973870039 1.0 1.0 0.419999986887
gs 0.0 0.0 0.227272734046 0.0
ts 0.319672137499 0.945205450058 0.870967745781 0.0869565233588
a 0.166260093451 0.0849301889539 0.0908651426435 0.182390511036
b 0.2684058249 0.107450075448 0.235178783536 0.27449080348
d 0.209313571453 0.634646654129 0.451594501734 0.332093030214
g 0.174425452948 0.0776638388634 0.137071982026 0.152621522546
t 0.181595057249 0.0953092426062 0.0852895751595 0.0584041215479
h 1.0 1.0 1.0 1.0
c 0.0 0 0 0
Aa 0.481487959623 0.469505161047 0.683181405067 0.561998188496
Ab 0.689491868019 0.571649849415 1.09618222713 0.739523768425
Ad 0.581497311592 1.34297502041 1.37953269482 0.822255730629
Ag 0.502309799194 0.430661946535 0.861732780933 0.484611749649
At 0.51980394125 0.519578099251 0.655680060387 0.0674394443631
as 0.180327862501 0.897435903549 0.646153867245 0.0508474558592
bs 0.0 0.0 0.46875 0.0
ds 0.267973870039 1.0 1.0 0.419999986887
gs 0.0 0.0 0.318181812763 0.0
ts 0.319672137499 0.931506872177 0.868852436543 0.0869565233588
a 0.166260093451 0.0846453160048 0.0895498916507 0.182390511036
b 0.2684058249 0.110571093857 0.230214163661 0.27449080348
d 0.209313571453 0.633601844311 0.449701398611 0.332093030214
g 0.174425452948 0.0796871855855 0.146352544427 0.152621522546
t 0.181595057249 0.09149453789 0.0841819792986 0.0584041215479
h 1.0 1.0 1.0 1.0
c 0.0 0 0 0
Aa 0.481487959623 0.469505161047 0.683181405067 0.561998188496
Ab 0.689491868019 0.585543811321 1.09324836731 0.739523768425
Ad 0.581497311592 1.34371864796 1.3840405941 0.822255730629
Ag 0.502309799194 0.443290710449 0.896516621113 0.484611749649
At 0.51980394125 0.503297388554 0.656335473061 0.0674394443631
as 0.180327862501 0.897435903549 0.646153867245 0.0508474558592
bs 0.0 0.0 0.483870953321 0.0
ds 0.267973870039 1.0 1.0 0.419999986887
gs 0.0 0.0 0.395348846912 0.0
ts 0.319672137499 0.916666686535 0.868852436543 0.0869565233588
a 0.166260093451 0.0843765959144 0.0921072810888 0.182390511036
b 0.2684058249 0.114200621843 0.223702400923 0.27449080348
d 0.209313571453 0.633156120777 0.446284264326 0.332093030214
g 0.174425452948 0.0812741741538 0.155248329043 0.152621522546
t 0.181595057249 0.0869925022125 0.0826577395201 0.0584041215479
h 1.0 1.0 1.0 1.0
c 0.0 0 0 0
Aa 0.481487959623 0.469505161047 0.697696089745 0.561998188496
Ab 0.689491868019 0.6009516716 1.08307278156 0.739523768425
Ad 0.581497311592 1.34479391575 1.38301372528 0.822255730629
Ag 0.502309799194 0.453235715628 0.924429059029 0.484611749649
At 0.51980394125 0.482764989138 0.650685667992 0.0674394443631
as 0.180327862501 0.897435903549 0.661538481712 0.0508474558592
bs 0.0 0.0 0.451612889767 0.0
ds 0.267973870039 1.0 1.0 0.419999986887
gs 0.0 0.0 0.465116292238 0.0
ts 0.319672137499 0.888888895512 0.868852436543 0.0869565233588
a 0.166260093451 0.0841679498553 0.0963758155704 0.182390511036
b 0.2684058249 0.11902975291 0.217549592257 0.27449080348
d 0.209313571453 0.633088588715 0.443630278111 0.332093030214
g 0.174425452948 0.0828247219324 0.162791386247 0.152621522546
t 0.181595057249 0.0808889716864 0.0796529427171 0.0584041215479
h 1.0 1.0 1.0 1.0
c 0.0 0 0 0
Aa 0.481487959623 0.469505161047 0.718261063099 0.561998188496
Ab 0.689491868019 0.620013952255 1.07185125351 0.739523768425
Ad 0.581497311592 1.34582293034 1.38131415844 0.822255730629
Ag 0.502309799194 0.462518393993 0.945924401283 0.484611749649
At 0.51980394125 0.452247709036 0.635494828224 0.0674394443631
as 0.180327862501 0.897435903549 0.707692325115 0.0508474558592
bs 0.0 0.0 0.419354826212 0.0
ds 0.267973870039 1.0 1.0 0.419999986887
gs 0.0 0.0 0.511627912521 0.0
ts 0.319672137499 0.847222208977 0.836065590382 0.0869565233588
a 0.166260093451 0.0842292308807 0.0972006767988 0.182390511036
b 0.2684058249 0.127108618617 0.214384689927 0.27449080348
d 0.209313571453 0.630647778511 0.443008184433 0.332093030214
g 0.174425452948 0.0852957591414 0.169648736715 0.152621522546
t 0.181595057249 0.0727185830474 0.0757577270269 0.0584041215479
h 1.0 1.0 1.0 1.0
c 0.0 0 0 0
Aa 0.481487959623 0.469505161047 0.720850944519 0.561998188496
Ab 0.689491868019 0.648217320442 1.06437540054 0.739523768425
Ad 0.581497311592 1.34382915497 1.37959337234 0.822255730629
Ag 0.502309799194 0.474969744682 0.962732255459 0.484611749649
At 0.51980394125 0.405687749386 0.612608551979 0.0674394443631
as 0.180327862501 0.897435903549 0.707692325115 0.0508474558592
bs 0.0 0.0714285746217 0.387096762657 0.0
ds 0.267973870039 1.0 1.0 0.419999986887
gs 0.0 0.0 0.558139562607 0.0
ts 0.319672137499 0.777777791023 0.803278684616 0.0869565233588
a 0.166260093451 0.0805026888847 0.0975209325552 0.182390511036
b 0.2684058249 0.140424191952 0.214252650738 0.27449080348
d 0.209313571453 0.624459147453 0.441073715687 0.332093030214
g 0.174425452948 0.0903874114156 0.17582243681 0.152621522546
t 0.181595057249 0.064226590097 0.0713302716613 0.0584041215479
h 1.0 1.0 1.0 1.0
c 0.0 0 0 0
Aa 0.481487959623 0.44350489974 0.720850944519 0.561998188496
Ab 0.689491868019 0.685136437416 1.06267929077 0.739523768425
Ad 0.581497311592 1.33319854736 1.37626421452 0.822255730629
Ag 0.502309799194 0.493802458048 0.976827383041 0.484611749649
At 0.51980394125 0.345409363508 0.585026979446 0.0674394443631
as 0.180327862501 0.820512831211 0.707692325115 0.0508474558592
bs 0.0 0.142857149243 0.387096762657 0.0
ds 0.267973870039 1.0 1.0 0.419999986887
gs 0.0 0.0 0.581395328045 0.0
ts 0.319672137499 0.690140843391 0.75409835577 0.0869565233588
a 0.166260093451 0.0714737549424 0.101237669587 0.182390511036
b 0.2684058249 0.160467982292 0.216218501329 0.27449080348
d 0.209313571453 0.610489308834 0.433419376612 0.332093030214
g 0.174425452948 0.0995587408543 0.181557878852 0.152621522546
t 0.181595057249 0.0580102391541 0.0675665810704 0.0584041215479
h 1.0 1.0 1.0 1.0
c 0.0 0 0 0
Aa 0.481487959623 0.374055206776 0.735107779503 0.561998188496
Ab 0.689491868019 0.725296974182 1.06465852261 0.739523768425
Ad 0.581497311592 1.30558669567 1.36667394638 0.822255730629
Ag 0.502309799194 0.517988026142 0.988780736923 0.484611749649
At 0.51980394125 0.283413261175 0.559497594833 0.0674394443631
as 0.180327862501 0.631578922272 0.723076939583 0.0508474558592
bs 0.0 0.238095238805 0.387096762657 0.0
ds 0.267973870039 1.0 1.0 0.419999986887
gs 0.0 0.10000000149 0.62790697813 0.0
ts 0.319672137499 0.605633795261 0.721311450005 0.0869565233588
a 0.166260093451 0.0666257739067 0.103660486639 0.182390511036
b 0.2684058249 0.186777621508 0.220767781138 0.27449080348
d 0.209313571453 0.579332828522 0.421086758375 0.332093030214
g 0.174425452948 0.11258135736 0.18904671073 0.152621522546
t 0.181595057249 0.0546824112535 0.0654382705688 0.0584041215479
h 1.0 1.0 1.0 1.0
c 0.0 0 0 0
Aa 0.481487959623 0.314828693867 0.736980319023 0.561998188496
Ab 0.689491868019 0.762511253357 1.06530272961 0.739523768425
Ad 0.581497311592 1.25411462784 1.34573864937 0.822255730629
Ag 0.502309799194 0.542652904987 0.997936189175 0.484611749649
At 0.51980394125 0.229034096003 0.537198841572 0.0674394443631
as 0.180327862501 0.473684221506 0.723076939583 0.0508474558592
bs 0.0 0.333333343267 0.387096762657 0.0
ds 0.267973870039 1.0 1.0 0.419999986887
gs 0.0 0.137931033969 0.62790697813 0.0
ts 0.319672137499 0.535211265087 0.666666686535 0.0869565233588
a 0.201141446829 0.068147033453 0.108283229172 0.17114956677
b 0.303644865751 0.219623282552 0.226289540529 0.334001630545
d 0.10864777118 0.528824448586 0.401688307524 0.147094920278
g 0.313277512789 0.129275470972 0.198768675327 0.223455235362
t 0.0732883885503 0.0541297532618 0.0649702250957 0.124298669398
h 1.0 1.0 1.0 1.0
c 0.0 0 0 0
Aa 0.535709917545 0.284834265709 0.740100741386 0.641392409801
Ab 0.714574277401 0.793065667152 1.06020402908 0.931765198708
Ad 0.268229156733 1.17469882965 1.30942881107 0.575614273548
Ag 0.728137552738 0.562903404236 1.00388753414 0.757207155228
At 0.0972434803843 0.184823349118 0.518253982067 0.502483129501
as 0.26229506731 0.394736856222 0.73846155405 0.186440676451
bs 0.0 0.414634138346 0.387096762657 0.34375
ds 0.065359480679 0.972727298737 1.0 0.253333330154
gs 0.346938788891 0.206896558404 0.651162803173 0.255319148302
ts 0.0 0.464788734913 0.649999976158 0.398550719023
a 0.206414788961 0.0729123130441 0.115560829639 0.184505596757
b 0.271503031254 0.259621709585 0.232117861509 0.31464022398
d 0.181774333119 0.462355226278 0.374609798193 0.175054222345
g 0.264878362417 0.149774119258 0.211669266224 0.20618519187
t 0.0754294842482 0.0553366281092 0.0660422518849 0.119614735246
h 1.0 1.0 1.0 1.0
c 0.0 0 0 0
Aa 0.590099215508 0.264447331429 0.744283854961 0.676660835743
Ab 0.709133088589 0.815987467766 1.0471817255 0.908465564251
Ad 0.534890949726 1.06662225723 1.25505232811 0.653823912144
Ag 0.698404848576 0.577083230019 1.00713098049 0.724908769131
At 0.15289953351 0.144659146667 0.501295089722 0.488435983658
as 0.34999999404 0.342105269432 0.73846155405 0.23728813231
bs 0.0 0.463414639235 0.322580635548 0.28125
ds 0.235294118524 0.872727274895 1.0 0.302013427019
gs 0.285714298487 0.24137930572 0.651162803173 0.191489368677
ts 0.0243902429938 0.408450692892 0.616666674614 0.394160598516
a 0.194875299931 0.0732574984431 0.125681117177 0.182257249951
b 0.241942569613 0.306848376989 0.237233102322 0.292661130428
d 0.255936443806 0.388099998236 0.340086430311 0.211216062307
g 0.222742915154 0.174946427345 0.228311762214 0.189418256283
t 0.0845027863979 0.0568476989865 0.0686876028776 0.12444729358
h 1.0 1.0 1.0 1.0
c 0.0 0 0 0
Aa 0.612718105316 0.209657013416 0.749064743519 0.678114235401
Ab 0.706673622131 0.831728756428 1.02497005463 0.883794486523
Ad 0.731093466282 0.933748543262 1.1813839674 0.742156326771
Ag 0.670765221119 0.587710022926 1.00832307339 0.694851279259
At 0.249832376838 0.0995177924633 0.486673086882 0.512414872646
as 0.383333325386 0.210526317358 0.75 0.254237294197
bs 0.0 0.512195110321 0.258064508438 0.1875
ds 0.366013079882 0.754545450211 0.935897409916 0.362416118383
gs 0.224489793181 0.310344815254 0.674418628216 0.127659574151
ts 0.099173553288 0.357142865658 0.583333313465 0.411764711142
a 0.177400439978 0.0709563940763 0.135672435164 0.178949564695
b 0.218921527267 0.356482952833 0.241530746222 0.267878562212
d 0.314106196165 0.310630619526 0.299708604813 0.246667861938
g 0.192109823227 0.204157829285 0.249672487378 0.173639371991
t 0.0974619984627 0.0577722042799 0.0734157413244 0.132864668965
h 1.0 1.0 1.0 1.0
c 0.0 0 0 0
Aa 0.612718105316 0.139923602343 0.741946339607 0.682433187962
Ab 0.704051852226 0.840970814228 0.992427170277 0.857640504837
Ad 0.860839962959 0.781176328659 1.08615386486 0.821815133095
Ag 0.647312998772 0.598898112774 1.00682544708 0.669350802898
At 0.352598756552 0.0506510101259 0.475243926048 0.553112089634
as 0.383333325386 0.0263157896698 0.734375 0.254237294197
bs 0.0 0.536585390568 0.161290317774 0.09375
ds 0.453947365284 0.616822421551 0.805194795132 0.416107386351
gs 0.163265302777 0.344827592373 0.651162803173 0.0851063802838
ts 0.181818187237 0.285714298487 0.566666662693 0.444444447756
a 0.165291815996 0.0620182752609 0.139362052083 0.180420428514
b 0.202352106571 0.402401506901 0.245263800025 0.243514791131
d 0.350400447845 0.240683674812 0.257266849279 0.273658961058
g 0.171047240496 0.236055597663 0.276474148035 0.160418912768
t 0.110908396542 0.0588409490883 0.0816331654787 0.14198692143
h 1.0 1.0 1.0 1.0
c 0.0 0 0 0
Aa 0.612718105316 0.032546274364 0.704604923725 0.700085818768
Ab 0.70057451725 0.844686210155 0.950093865395 0.830325484276
Ad 0.939031422138 0.621473193169 0.970844268799 0.881009817123
Ag 0.627582848072 0.613040864468 1.00211501122 0.649055659771
At 0.439431190491 0.00970626529306 0.472327053547 0.596048474312
as 0.383333325386 0.0 0.671875 0.293103456497
bs 0.0 0.536585390568 0.0322580635548 0.03125
ds 0.506578922272 0.467289716005 0.662337660789 0.456375837326
gs 0.122448980808 0.379310339689 0.651162803173 0.0434782616794
ts 0.256198346615 0.228571429849 0.566666662693 0.474074065685
a 0.163098052144 0.0554443746805 0.154349923134 0.177627176046
b 0.191240876913 0.431854486465 0.242239043117 0.225053042173
d 0.369003891945 0.188057541847 0.213848426938 0.295762807131
g 0.156243249774 0.262998580933 0.298582196236 0.152049705386
t 0.120413921773 0.0616450160742 0.0909804031253 0.149507269263
h 1.0 1.0 1.0 1.0
c 0.0 0 0 0
Aa 0.628130018711 -0.0476866662502 0.707502067089 0.700145244598
Ab 0.697261989117 0.843793272972 0.903239786625 0.80292069912
Ad 0.982712209225 0.482746630907 0.84910172224 0.921579360962
Ag 0.609482526779 0.628409266472 0.994059562683 0.632621407509
At 0.496357947588 -0.00164618494455 0.477943509817 0.625298142433
as 0.423728823662 0.0 0.671875 0.293103456497
bs 0.0 0.536585390568 0.0 0.0
ds 0.532894730568 0.336448609829 0.513157904148 0.48322147131
gs 0.102040819824 0.448275864124 0.62790697813 0.0
ts 0.297520667315 0.202898547053 0.583333313465 0.496296286583
a 0.159945175052 0.0634828954935 0.166129395366 0.176701202989
b 0.186252683401 0.435831338167 0.238609343767 0.211047425866
d 0.380738288164 0.157714486122 0.181646302342 0.311893224716
g 0.147065535188 0.276037335396 0.312938719988 0.1470887959
t 0.125998333097 0.0669339224696 0.100676238537 0.15326936543
h 1.0 1.0 1.0 1.0
c 0.0 0 0 0
Aa 0.628130018711 0.0021885803435 0.707502067089 0.700145244598
Ab 0.694261431694 0.838850319386 0.864743053913 0.777285754681
Ad 1.00478541851 0.39740344882 0.746282160282 0.946911633015
Ag 0.591669797897 0.640499651432 0.98251491785 0.620485305786
At 0.524523735046 0.0251780878752 0.489982575178 0.638361036777
as 0.423728823662 0.0 0.671875 0.280701756477
bs 0.0 0.536585390568 0.0 0.0
ds 0.546052634716 0.259615391493 0.368421047926 0.496644288301
gs 0.0612244904041 0.5 0.604651153088 0.0
ts 0.322314053774 0.23188406229 0.600000023842 0.51492536068
a 0.164717257023 0.0723148211837 0.171507641673 0.185281425714
b 0.183540180326 0.427410513163 0.24019728601 0.199853986502
d 0.385347992182 0.146180570126 0.165710091591 0.318727493286
g 0.140136361122 0.280071854591 0.314501464367 0.143988400698
t 0.126258209348 0.0740222260356 0.108083501458 0.1521486938
h 1.0 1.0 1.0 1.0
c 0.0 0 0 0
Aa 0.644457042217 0.0588921010494 0.703676521778 0.722916722298
Ab 0.69144910574 0.830509960651 0.849961161613 0.755797624588
Ad 1.01357102394 0.364554464817 0.688741981983 0.958504378796
Ag 0.574268758297 0.646934270859 0.967015743256 0.613412320614
At 0.528977572918 0.0690269246697 0.503152430058 0.637353003025
as 0.440677970648 0.0 0.671875 0.315789461136
bs 0.0 0.512195110321 0.0 0.0
ds 0.552631556988 0.221153840423 0.30666667223 0.510067105293
gs 0.0204081628472 0.5 0.558139562607 0.0
ts 0.330578505993 0.304347813129 0.616666674614 0.50746268034
a 0.178945079446 0.0766279771924 0.171627506614 0.194001168013
b 0.181587666273 0.417581230402 0.249592855573 0.193485528231
d 0.381764769554 0.143017634749 0.163062557578 0.319164574146
g 0.134305953979 0.282035291195 0.302914828062 0.143107131124
t 0.123396538198 0.0807378739119 0.112802252173 0.150241613388
h 1.0 1.0 1.0 1.0
c 0.0 0 0 0
Aa 0.681771993637 0.0835134908557 0.700613379478 0.741989433765
Ab 0.688138604164 0.819867134094 0.86325865984 0.740833580494
Ad 1.01084804535 0.354515731335 0.678380727768 0.958199739456
Ag 0.557147502899 0.649429619312 0.947347044945 0.609846413136
At 0.520355224609 0.106203474104 0.518344283104 0.630975306034
as 0.5 0.0 0.671875 0.357142865658
bs 0.0 0.487804889679 0.0 0.0
ds 0.552631556988 0.211538463831 0.29333332181 0.510067105293
gs 0.0 0.535714268684 0.511627912521 0.0
ts 0.322314053774 0.347826093435 0.649999976158 0.50746268034
a 0.186575174332 0.0773351117969 0.168790698051 0.197709694505
b 0.18182528019 0.409740358591 0.262514382601 0.190905556083
d 0.378607779741 0.140539079905 0.169247627258 0.31762740016
g 0.13086090982 0.286806464195 0.28262630105 0.143291652203
t 0.122130855918 0.0855789855123 0.116820983589 0.15046569705
h 1.0 1.0 1.0 1.0
c 0.0 0 0 0
Aa 0.695033490658 0.0835134908557 0.700613379478 0.748157739639
Ab 0.683833897114 0.807645559311 0.892418026924 0.732948362827
Ad 1.00236916542 0.342933893204 0.701787471771 0.954047739506
Ag 0.540989518166 0.652725696564 0.924477458 0.60835069418
At 0.511004984379 0.127503946424 0.540785729885 0.629567265511
as 0.517241358757 0.0 0.671875 0.375
bs 0.0 0.43902438879 0.0 0.0
ds 0.546052634716 0.194174751639 0.319999992847 0.503355681896
gs 0.0 0.535714268684 0.465116292238 0.0
ts 0.314049601555 0.391304343939 0.689655184746 0.50746268034
a 0.202704265714 0.0780067667365 0.16341920197 0.201112046838
b 0.178964212537 0.399891316891 0.271822184324 0.187732711434
d 0.371909141541 0.139582872391 0.183675378561 0.317010611296
g 0.125912353396 0.29427048564 0.259219527245 0.140876293182
t 0.120510019362 0.088248565793 0.121863685548 0.15326833725
h 1.0 1.0 1.0 1.0
c 0.0 0 0 0
Aa 0.733071208 0.0835134908557 0.700613379478 0.761359453201
Ab 0.678974509239 0.793323218822 0.921595215797 0.731461286545
Ad 0.996645152569 0.336213380098 0.751361250877 0.958995163441
Ag 0.52627658844 0.660127937794 0.900978028774 0.606759250164
At 0.507231473923 0.137088879943 0.573184609413 0.643373787403
as 0.586206912994 0.0 0.671875 0.392857134342
bs 0.0 0.414634138346 0.0 0.0
ds 0.539473712444 0.184466019273 0.378378391266 0.510067105293
gs 0.0 0.571428596973 0.418604642153 0.0
ts 0.305785119534 0.388059705496 0.741379320621 0.51492536068
a 0.200672626495 0.0782867893577 0.153540626168 0.200250431895
b 0.175423547626 0.384034484625 0.273513615131 0.182701289654
d 0.379998058081 0.143753230572 0.209681227803 0.319155365229
g 0.121076092124 0.30321726203 0.236037269235 0.135715425014
t 0.122829660773 0.0907082408667 0.127227246761 0.162177488208
h 1.0 1.0 1.0 1.0
c 0.0 0 0 0
Aa 0.733071208 0.0835134908557 0.692652642727 0.773172140121
Ab 0.674670934677 0.774195253849 0.943408310413 0.733340322971
Ad 1.01036441326 0.347442626953 0.827988922596 0.975600838661
Ag 0.513641476631 0.671578943729 0.879409909248 0.604227900505
At 0.519886314869 0.147471755743 0.611009478569 0.681589305401
as 0.586206912994 0.0 0.65625 0.410714298487
bs 0.0 0.35897436738 0.0606060624123 0.0
ds 0.552631556988 0.203883498907 0.486486494541 0.51677852869
gs 0.0 0.592592597008 0.37209302187 0.0
ts 0.322314053774 0.417910456657 0.810344815254 0.544776141644
a 0.196434244514 0.0779150128365 0.144095689058 0.200607433915
b 0.168665722013 0.359895139933 0.267294496298 0.162810698152
d 0.397707492113 0.158467084169 0.245968267322 0.337995707989
g 0.111264906824 0.309301227331 0.21375952661 0.121410645545
t 0.125927627087 0.0944215431809 0.128882035613 0.177175506949
h 1.0 1.0 1.0 1.0
c 0.0 0 0 0
Aa 0.733071208 0.0839295908809 0.69000262022 0.800888597965
Ab 0.666880846024 0.748484432697 0.958341658115 0.710224568844
Ad 1.03941774368 0.392247527838 0.92223072052 1.0274528265
Ag 0.486212193966 0.682690083981 0.861277103424 0.582798361778
At 0.539974987507 0.167379558086 0.641544044018 0.74694532156
as 0.596491217613 0.0 0.65625 0.464285701513
bs 0.0 0.307692319155 0.121212124825 0.0
ds 0.572368443012 0.242718443274 0.608108103275 0.550335586071
gs 0.0 0.629629611969 0.309523820877 0.0
ts 0.338842988014 0.447761207819 0.86206895113 0.59398496151
a 0.191583991051 0.0853230580688 0.130026653409 0.190590143204
b 0.16274009645 0.323614418507 0.257397770882 0.13359297812
d 0.415988564491 0.189142197371 0.292125076056 0.379408448935
g 0.100872285664 0.303867638111 0.194278553128 0.100750595331
t 0.128815084696 0.0980526953936 0.126171946526 0.195657834411
h 1.0 1.0 1.0 1.0
c 0.0 0 0 0
Aa 0.733042180538 0.137510433793 0.672162115574 0.839105665684
Ab 0.662177562714 0.716471910477 0.968734502792 0.684788882732
Ad 1.06976437569 0.483232468367 1.02369856834 1.13811218739
Ag 0.454454869032 0.689128518105 0.846554577351 0.562252879143
At 0.560649693012 0.197903573513 0.659092545509 0.850502490997
as 0.596491217613 0.139534890652 0.625 0.535714268684
bs 0.0 0.205128207803 0.151515156031 0.0
ds 0.592105269432 0.330097079277 0.743243217468 0.624161064625
gs 0.0 0.666666686535 0.261904776096 0.0
ts 0.355371892452 0.49253731966 0.896551728249 0.681818187237
a 0.182508349419 0.0911259427667 0.114205218852 0.183081448078
b 0.158237665892 0.281705826521 0.244270414114 0.125402167439
d 0.43474817276 0.23891851306 0.346574783325 0.394588530064
g 0.0917803868651 0.287080466747 0.176116496325 0.0956091806293
t 0.132725432515 0.101169250906 0.118833094835 0.201318666339
h 1.0 1.0 1.0 1.0
c 0.0 0 0 0
Aa 0.722512543201 0.191375255585 0.646143436432 0.827535450459
Ab 0.66053968668 0.681529045105 0.976328372955 0.663196206093
Ad 1.09946751595 0.609983026981 1.12825453281 1.16103565693
Ag 0.423979699612 0.689736843109 0.834257543087 0.545390725136
At 0.584183990955 0.236781746149 0.663394927979 0.868775188923
as 0.578947365284 0.255813956261 0.578125 0.509090900421
bs 0.0 0.128205135465 0.151515156031 0.0
ds 0.611842095852 0.456310689449 0.891891896725 0.644295275211
gs 0.0 0.666666686535 0.243902444839 0.0
ts 0.375 0.537313461304 0.89473682642 0.699999988079
a 0.177746027708 0.0901748239994 0.0978521034122 0.174141556025
b 0.15363432467 0.24321834743 0.227607011795 0.117916367948
d 0.447565108538 0.300853550434 0.407163828611 0.407623410225
g 0.0843623578548 0.263082683086 0.158319979906 0.0918509736657
t 0.136692166328 0.102670587599 0.109057091177 0.208467677236
h 1.0 1.0 1.0 1.0
c 0.0 0 0 0
Aa 0.722512543201 0.220876425505 0.614601552486 0.813265919685
Ab 0.659200847149 0.65178745985 0.981217026711 0.643937587738
Ad 1.12356889248 0.744146287441 1.23380053043 1.18262255192
Ag 0.398861318827 0.68588334322 0.823567092419 0.535447239876
At 0.608456254005 0.277237176895 0.661685287952 0.891402184963
as 0.571428596973 0.325581401587 0.53125 0.490909099579
bs 0.0 0.0512820519507 0.181818187237 0.0
ds 0.625 0.578431367874 1.0 0.657718122005
gs 0.0 0.629629611969 0.219512194395 0.0
ts 0.40000000596 0.597014904022 0.89473682642 0.715384602547
a 0.175123527646 0.0899432823062 0.0801058709621 0.164653643966
b 0.150554805994 0.214069440961 0.207820639014 0.111728973687
d 0.453350782394 0.357086360455 0.47125133872 0.417702376842
g 0.079651042819 0.236843302846 0.141026332974 0.089771784842
t 0.141319841146 0.102057628334 0.0997958183289 0.216143205762
h 1.0 1.0 1.0 1.0
c 0.0 0 0 0
Aa 0.722006857395 0.260947167873 0.569222688675 0.796367585659
Ab 0.656356990337 0.637533128262 0.983246982098 0.627962052822
Ad 1.13509678841 0.859751701355 1.33881092072 1.20066320896
Ag 0.379853844643 0.681439578533 0.814858555794 0.532936096191
At 0.628865540028 0.315823912621 0.664670705795 0.914537847042
as 0.571428596973 0.418604642153 0.46875 0.462962955236
bs 0.0 0.0 0.1875 0.0
ds 0.631578922272 0.696078419685 1.0 0.673469364643
gs 0.0 0.629629611969 0.195121943951 0.0
ts 0.416666656733 0.651515126228 0.89473682642 0.736434102058
a 0.175401300192 0.0880315378308 0.0693035051227 0.150593921542
b 0.15031568706 0.198677048087 0.186584740877 0.10815615207
d 0.451593071222 0.395281255245 0.52774143219 0.427249073982
g 0.0775517821312 0.217087119818 0.12438582629 0.0896881520748
t 0.145138159394 0.100923031569 0.0919845104218 0.224312707782
h 1.0 1.0 1.0 1.0
c 0.0 0 0 0
Aa 0.718974232674 0.291138768196 0.554252207279 0.760699510574
Ab 0.651945769787 0.644648194313 0.984373152256 0.61694329977
Ad 1.12968873978 0.943406701088 1.43591821194 1.21357321739
Ag 0.364533215761 0.683134555817 0.808267891407 0.535627126694
At 0.636723041534 0.350490778685 0.67721170187 0.933745920658
as 0.571428596973 0.488372087479 0.4375 0.407407402992
bs 0.0 0.0256410259753 0.1875 0.0
ds 0.631578922272 0.772277235985 1.0 0.680272102356
gs 0.0 0.629629611969 0.195121943951 0.0
ts 0.416666656733 0.712121188641 0.912280678749 0.7578125
a 0.178595915437 0.0826374664903 0.0622795633972 0.144566625357
b 0.153434067965 0.195457041264 0.169153392315 0.105893529952
d 0.444284141064 0.413050502539 0.57105576992 0.430075585842
g 0.0772324055433 0.209069058299 0.111177645624 0.0898100361228
t 0.146453469992 0.0997859314084 0.0863336548209 0.229654207826
h 1.0 1.0 1.0 1.0
c 0.0 0 0 0
Aa 0.713173508644 0.295487970114 0.553542256355 0.748112976551
Ab 0.647223770618 0.669362306595 0.987477421761 0.612914383411
Ad 1.10896277428 0.994314074516 1.5158752203 1.22158968449
Ag 0.349101513624 0.698600709438 0.805214166641 0.541369795799
At 0.627001643181 0.377380281687 0.695376813412 0.949119329453
as 0.553571403027 0.488372087479 0.43548387289 0.388888895512
bs 0.0 0.102564103901 0.1875 0.0
ds 0.618421077728 0.819999992847 1.0 0.687074840069
gs 0.0 0.703703701496 0.170731708407 0.0
ts 0.411764711142 0.757575750351 0.947368443012 0.779527544975
a 0.185117453337 0.0779666528106 0.0551987700164 0.140930846334
b 0.159169510007 0.199490979314 0.1582441926 0.105561226606
d 0.435031563044 0.411939769983 0.601086199284 0.430443167686
g 0.0776468068361 0.212851434946 0.103034123778 0.089998409152
t 0.143034681678 0.0977511480451 0.0824366956949 0.233066350222
h 1.0 1.0 1.0 1.0
c 0.0 0 0 0
Aa 0.70862942934 0.295487970114 0.536099791527 0.743211209774
Ab 0.643041908741 0.703502357006 0.993498206139 0.617709577084
Ad 1.07970285416 1.01841282845 1.57310712337 1.22812092304
Ag 0.331305652857 0.731655657291 0.80715149641 0.548439979553
At 0.596623420715 0.393700927496 0.710290968418 0.961684703827
as 0.563636362553 0.488372087479 0.403225809336 0.370370358229
bs 0.0 0.17948718369 0.21875 0.0
ds 0.598684191704 0.850000023842 1.0 0.691780805588
gs 0.0 0.814814805984 0.170731708407 0.0
ts 0.386554628611 0.772727251053 0.982456147671 0.787401556969
a 0.192386627197 0.0749038532376 0.0492950454354 0.136194139719
b 0.165956839919 0.20754159987 0.152900531888 0.106900051236
d 0.426950603724 0.398176819086 0.618304133415 0.429980009794
g 0.0783957019448 0.224795237184 0.0998446047306 0.0899739265442
t 0.136310219765 0.0945824980736 0.0796557217836 0.236951872706
h 1.0 1.0 1.0 1.0
c 0.0 0 0 0
Aa 0.702595233917 0.299487948418 0.509319663048 0.737115323544
Ab 0.638415515423 0.742088973522 1.00092530251 0.631934821606
Ad 1.04879796505 1.02505981922 1.60771846771 1.23640525341
Ag 0.312712609768 0.776770889759 0.815840959549 0.55707359314
At 0.552948772907 0.40079459548 0.717733323574 0.97761708498
as 0.54545456171 0.511627912521 0.370967745781 0.351851850748
bs 0.0 0.282051295042 0.25 0.0
ds 0.578947365284 0.850000023842 1.0 0.708333313465
gs 0.0 0.962962985039 0.195121943951 0.0
ts 0.355932205915 0.787878811359 1.0 0.795275568962
