850.454833984 843.874938965 824.135131836 865.259643555
847.164855957 843.874938965 820.845214844 860.324707031
847.164855957 843.874938965 824.135131836 857.034729004
850.454833984 847.164855957 824.135131836 858.679748535
847.164855957 847.164855957 824.135131836 857.034729004
847.164855957 843.874938965 822.49017334 861.969726562
847.164855957 843.874938965 820.845214844 861.969726562
842.229919434 840.584960938 825.780151367 860.324707031
845.519897461 838.940002441 820.845214844 860.324707031
847.164855957 840.584960938 820.845214844 866.904663086
847.164855957 842.229919434 822.49017334 870.194580078
847.164855957 843.874938965 824.135131836 871.839599609
843.874938965 845.519897461 827.425109863 870.194580078
843.874938965 845.519897461 825.780151367 861.969726562
843.874938965 842.229919434 825.780151367 863.614685059
840.584960938 840.584960938 822.49017334 860.324707031
840.584960938 838.940002441 819.200195312 858.679748535
838.940002441 838.940002441 824.135131836 858.679748535
840.584960938 843.874938965 824.135131836 860.324707031
838.940002441 842.229919434 824.135131836 860.324707031
838.940002441 843.874938965 820.845214844 857.034729004
842.229919434 840.584960938 815.91027832 866.904663086
838.940002441 840.584960938 820.845214844 855.389770508
848.809875488 842.229919434 824.135131836 861.969726562
840.584960938 840.584960938 824.135131836 857.034729004
838.940002441 840.584960938 819.200195312 853.744812012
845.519897461 842.229919434 819.200195312 858.679748535
838.940002441 837.29498291 822.49017334 855.389770508
840.584960938 837.29498291 822.49017334 855.389770508
842.229919434 842.229919434 824.135131836 855.389770508
842.229919434 840.584960938 817.555236816 858.679748535
840.584960938 840.584960938 820.845214844 861.969726562
847.164855957 835.650024414 819.200195312 863.614685059
838.940002441 834.005004883 820.845214844 855.389770508
837.29498291 838.940002441 822.49017334 845.519897461
845.519897461 842.229919434 822.49017334 853.744812012
838.940002441 842.229919434 825.780151367 847.164855957
835.650024414 840.584960938 822.49017334 847.164855957
842.229919434 840.584960938 824.135131836 853.744812012
842.229919434 842.229919434 820.845214844 852.09979248
842.229919434 843.874938965 822.49017334 848.809875488
842.229919434 843.874938965 819.200195312 848.809875488
840.584960938 842.229919434 819.200195312 843.874938965
843.874938965 845.519897461 819.200195312 843.874938965
850.454833984 845.519897461 820.845214844 850.454833984
848.809875488 843.874938965 824.135131836 853.744812012
843.874938965 840.584960938 822.49017334 848.809875488
850.454833984 838.940002441 820.845214844 853.744812012
845.519897461 840.584960938 822.49017334 855.389770508
842.229919434 840.584960938 822.49017334 853.744812012
838.940002441 840.584960938 820.845214844 845.519897461
843.874938965 840.584960938 824.135131836 848.809875488
840.584960938 842.229919434 822.49017334 848.809875488
842.229919434 842.229919434 820.845214844 852.09979248
843.874938965 842.229919434 820.845214844 858.679748535
838.940002441 842.229919434 819.200195312 852.09979248
845.519897461 840.584960938 820.845214844 855.389770508
845.519897461 842.229919434 827.425109863 852.09979248
847.164855957 840.584960938 820.845214844 855.389770508
850.454833984 842.229919434 822.49017334 857.034729004
848.809875488 843.874938965 824.135131836 852.09979248
843.874938965 840.584960938 822.49017334 855.389770508
847.164855957 842.229919434 825.780151367 860.324707031
847.164855957 840.584960938 822.49017334 857.034729004
852.09979248 838.940002441 825.780151367 861.969726562
850.454833984 840.584960938 827.425109863 855.389770508
848.809875488 840.584960938 825.780151367 863.614685059
847.164855957 840.584960938 824.135131836 863.614685059
853.744812012 842.229919434 825.780151367 868.549621582
845.519897461 837.29498291 824.135131836 860.324707031
848.809875488 840.584960938 827.425109863 858.679748535
853.744812012 840.584960938 824.135131836 860.324707031
852.09979248 842.229919434 824.135131836 858.679748535
853.744812012 842.229919434 829.070068359 852.09979248
853.744812012 842.229919434 827.425109863 853.744812012
853.744812012 843.874938965 827.425109863 857.034729004
861.969726562 845.519897461 825.780151367 866.904663086
853.744812012 843.874938965 825.780151367 866.904663086
845.519897461 838.940002441 827.425109863 858.679748535
858.679748535 843.874938965 825.780151367 861.969726562
848.809875488 843.874938965 827.425109863 858.679748535
847.164855957 843.874938965 824.135131836 855.389770508
848.809875488 840.584960938 820.845214844 858.679748535
842.229919434 838.940002441 819.200195312 855.389770508
843.874938965 838.940002441 820.845214844 850.454833984
842.229919434 842.229919434 822.49017334 850.454833984
847.164855957 845.519897461 822.49017334 857.034729004
840.584960938 842.229919434 822.49017334 852.09979248
843.874938965 842.229919434 820.845214844 853.744812012
843.874938965 840.584960938 817.555236816 858.679748535
832.360046387 837.29498291 820.845214844 845.519897461
838.940002441 838.940002441 819.200195312 848.809875488
843.874938965 838.940002441 815.91027832 853.744812012
845.519897461 838.940002441 817.555236816 852.09979248
838.940002441 840.584960938 817.555236816 850.454833984
842.229919434 840.584960938 815.91027832 855.389770508
847.164855957 838.940002441 817.555236816 853.744812012
845.519897461 842.229919434 817.555236816 853.744812012
850.454833984 842.229919434 819.200195312 857.034729004
843.874938965 840.584960938 824.135131836 850.454833984
845.519897461 840.584960938 819.200195312 852.09979248
845.519897461 835.650024414 815.91027832 850.454833984
843.874938965 835.650024414 817.555236816 852.09979248
843.874938965 838.940002441 817.555236816 852.09979248
840.584960938 834.005004883 820.845214844 848.809875488
842.229919434 834.005004883 820.845214844 848.809875488
852.09979248 835.650024414 815.91027832 858.679748535
843.874938965 837.29498291 820.845214844 860.324707031
843.874938965 838.940002441 815.91027832 853.744812012
847.164855957 840.584960938 815.91027832 855.389770508
838.940002441 838.940002441 815.91027832 855.389770508
845.519897461 837.29498291 817.555236816 855.389770508
843.874938965 832.360046387 817.555236816 850.454833984
845.519897461 835.650024414 814.265258789 845.519897461
850.454833984 835.650024414 815.91027832 848.809875488
848.809875488 835.650024414 817.555236816 840.584960938
852.09979248 837.29498291 814.265258789 840.584960938
853.744812012 837.29498291 817.555236816 847.164855957
843.874938965 835.650024414 815.91027832 848.809875488
842.229919434 838.940002441 814.265258789 861.969726562
840.584960938 837.29498291 819.200195312 860.324707031
832.360046387 835.650024414 819.200195312 852.09979248
840.584960938 838.940002441 817.555236816 853.744812012
834.005004883 834.005004883 819.200195312 847.164855957
838.940002441 835.650024414 817.555236816 848.809875488
842.229919434 834.005004883 817.555236816 852.09979248
838.940002441 837.29498291 815.91027832 843.874938965
843.874938965 837.29498291 817.555236816 850.454833984
848.809875488 835.650024414 817.555236816 853.744812012
842.229919434 834.005004883 814.265258789 852.09979248
845.519897461 835.650024414 814.265258789 860.324707031
842.229919434 835.650024414 815.91027832 857.034729004
845.519897461 838.940002441 815.91027832 857.034729004
850.454833984 840.584960938 817.555236816 858.679748535
847.164855957 842.229919434 817.555236816 860.324707031
838.940002441 842.229919434 815.91027832 853.744812012
834.005004883 838.940002441 810.975280762 848.809875488
837.29498291 837.29498291 815.91027832 850.454833984
837.29498291 837.29498291 814.265258789 840.584960938
840.584960938 837.29498291 812.620300293 845.519897461
845.519897461 838.940002441 815.91027832 847.164855957
848.809875488 840.584960938 814.265258789 850.454833984
850.454833984 837.29498291 819.200195312 858.679748535
840.584960938 837.29498291 819.200195312 853.744812012
840.584960938 835.650024414 817.555236816 858.679748535
837.29498291 835.650024414 819.200195312 850.454833984
842.229919434 842.229919434 817.555236816 855.389770508
848.809875488 842.229919434 819.200195312 860.324707031
845.519897461 840.584960938 817.555236816 857.034729004
843.874938965 840.584960938 819.200195312 855.389770508
843.874938965 838.940002441 815.91027832 855.389770508
847.164855957 840.584960938 814.265258789 853.744812012
853.744812012 842.229919434 815.91027832 861.969726562
855.389770508 843.874938965 817.555236816 861.969726562
848.809875488 843.874938965 822.49017334 857.034729004
845.519897461 843.874938965 820.845214844 857.034729004
845.519897461 843.874938965 817.555236816 855.389770508
848.809875488 838.940002441 820.845214844 855.389770508
842.229919434 842.229919434 812.620300293 845.519897461
838.940002441 843.874938965 812.620300293 848.809875488
838.940002441 843.874938965 819.200195312 848.809875488
845.519897461 843.874938965 819.200195312 857.034729004
847.164855957 840.584960938 824.135131836 855.389770508
855.389770508 840.584960938 824.135131836 861.969726562
852.09979248 838.940002441 822.49017334 865.259643555
850.454833984 838.940002441 824.135131836 861.969726562
855.389770508 840.584960938 822.49017334 861.969726562
852.09979248 838.940002441 822.49017334 863.614685059
848.809875488 837.29498291 820.845214844 857.034729004
853.744812012 838.940002441 822.49017334 865.259643555
850.454833984 838.940002441 825.780151367 863.614685059
843.874938965 840.584960938 824.135131836 858.679748535
850.454833984 842.229919434 822.49017334 860.324707031
852.09979248 842.229919434 824.135131836 860.324707031
852.09979248 840.584960938 824.135131836 865.259643555
850.454833984 843.874938965 822.49017334 858.679748535
850.454833984 847.164855957 824.135131836 861.969726562
843.874938965 845.519897461 822.49017334 858.679748535
842.229919434 847.164855957 822.49017334 857.034729004
847.164855957 848.809875488 824.135131836 860.324707031
843.874938965 845.519897461 822.49017334 860.324707031
843.874938965 843.874938965 820.845214844 853.744812012
842.229919434 843.874938965 822.49017334 855.389770508
838.940002441 843.874938965 820.845214844 852.09979248
842.229919434 845.519897461 822.49017334 850.454833984
845.519897461 843.874938965 822.49017334 857.034729004
847.164855957 843.874938965 820.845214844 858.679748535
842.229919434 842.229919434 824.135131836 852.09979248
847.164855957 843.874938965 827.425109863 852.09979248
840.584960938 845.519897461 819.200195312 847.164855957
847.164855957 845.519897461 817.555236816 861.969726562
850.454833984 840.584960938 825.780151367 863.614685059
832.360046387 838.940002441 827.425109863 853.744812012
838.940002441 837.29498291 830.715087891 860.324707031
838.940002441 834.005004883 834.005004883 858.679748535
855.389770508 834.005004883 832.360046387 873.484558105
853.744812012 830.715087891 835.650024414 866.904663086
845.519897461 825.780151367 840.584960938 855.389770508
848.809875488 824.135131836 837.29498291 863.614685059
845.519897461 830.715087891 837.29498291 855.389770508
852.09979248 830.715087891 840.584960938 860.324707031
852.09979248 830.715087891 840.584960938 857.034729004
845.519897461 830.715087891 838.940002441 850.454833984
855.389770508 830.715087891 838.940002441 865.259643555
857.034729004 832.360046387 837.29498291 865.259643555
850.454833984 830.715087891 837.29498291 855.389770508
848.809875488 834.005004883 835.650024414 855.389770508
853.744812012 832.360046387 838.940002441 865.259643555
857.034729004 835.650024414 838.940002441 871.839599609
857.034729004 834.005004883 838.940002441 873.484558105
857.034729004 832.360046387 840.584960938 871.839599609
852.09979248 830.715087891 837.29498291 863.614685059
855.389770508 832.360046387 835.650024414 865.259643555
853.744812012 834.005004883 834.005004883 865.259643555
852.09979248 835.650024414 832.360046387 865.259643555
857.034729004 837.29498291 832.360046387 871.839599609
853.744812012 835.650024414 830.715087891 871.839599609
855.389770508 835.650024414 830.715087891 870.194580078
847.164855957 832.360046387 829.070068359 863.614685059
847.164855957 832.360046387 829.070068359 858.679748535
847.164855957 832.360046387 827.425109863 861.969726562
853.744812012 834.005004883 825.780151367 858.679748535
850.454833984 834.005004883 824.135131836 857.034729004
853.744812012 835.650024414 825.780151367 858.679748535
848.809875488 834.005004883 824.135131836 861.969726562
838.940002441 834.005004883 820.845214844 857.034729004
845.519897461 837.29498291 822.49017334 853.744812012
845.519897461 834.005004883 819.200195312 855.389770508
845.519897461 834.005004883 822.49017334 853.744812012
843.874938965 835.650024414 825.780151367 855.389770508
843.874938965 834.005004883 824.135131836 852.09979248
850.454833984 834.005004883 822.49017334 848.809875488
845.519897461 832.360046387 820.845214844 847.164855957
847.164855957 834.005004883 817.555236816 857.034729004
843.874938965 837.29498291 820.845214844 853.744812012
840.584960938 838.940002441 822.49017334 853.744812012
847.164855957 840.584960938 820.845214844 855.389770508
847.164855957 840.584960938 822.49017334 857.034729004
834.005004883 837.29498291 822.49017334 850.454833984
830.715087891 837.29498291 817.555236816 850.454833984
838.940002441 835.650024414 815.91027832 852.09979248
834.005004883 835.650024414 812.620300293 845.519897461
845.519897461 838.940002441 815.91027832 855.389770508
842.229919434 838.940002441 819.200195312 857.034729004
845.519897461 842.229919434 817.555236816 855.389770508
850.454833984 842.229919434 817.555236816 860.324707031
848.809875488 840.584960938 815.91027832 853.744812012
850.454833984 842.229919434 820.845214844 853.744812012
847.164855957 840.584960938 822.49017334 863.614685059
840.584960938 838.940002441 819.200195312 852.09979248
842.229919434 838.940002441 820.845214844 850.454833984
843.874938965 838.940002441 819.200195312 855.389770508
842.229919434 838.940002441 822.49017334 855.389770508
843.874938965 838.940002441 825.780151367 860.324707031
842.229919434 837.29498291 822.49017334 853.744812012
840.584960938 837.29498291 824.135131836 847.164855957
838.940002441 837.29498291 820.845214844 852.09979248
840.584960938 840.584960938 822.49017334 858.679748535
843.874938965 837.29498291 824.135131836 863.614685059
837.29498291 838.940002441 822.49017334 853.744812012
843.874938965 837.29498291 824.135131836 860.324707031
840.584960938 837.29498291 822.49017334 860.324707031
845.519897461 838.940002441 825.780151367 865.259643555
843.874938965 837.29498291 825.780151367 868.549621582
842.229919434 840.584960938 822.49017334 858.679748535
847.164855957 840.584960938 822.49017334 870.194580078
843.874938965 840.584960938 819.200195312 866.904663086
843.874938965 838.940002441 820.845214844 858.679748535
838.940002441 840.584960938 824.135131836 857.034729004
835.650024414 838.940002441 817.555236816 848.809875488
845.519897461 838.940002441 817.555236816 857.034729004
852.09979248 840.584960938 819.200195312 860.324707031
843.874938965 840.584960938 820.845214844 853.744812012
843.874938965 842.229919434 822.49017334 855.389770508
837.29498291 837.29498291 824.135131836 845.519897461
847.164855957 837.29498291 820.845214844 855.389770508
848.809875488 840.584960938 822.49017334 855.389770508
840.584960938 840.584960938 824.135131836 848.809875488
845.519897461 843.874938965 824.135131836 845.519897461
852.09979248 843.874938965 824.135131836 845.519897461
853.744812012 843.874938965 824.135131836 847.164855957
861.969726562 843.874938965 825.780151367 857.034729004
855.389770508 842.229919434 824.135131836 858.679748535
850.454833984 840.584960938 820.845214844 850.454833984
847.164855957 837.29498291 819.200195312 857.034729004
843.874938965 837.29498291 820.845214844 857.034729004
842.229919434 840.584960938 824.135131836 861.969726562
835.650024414 838.940002441 825.780151367 861.969726562
838.940002441 837.29498291 824.135131836 857.034729004
834.005004883 835.650024414 820.845214844 853.744812012
827.425109863 832.360046387 820.845214844 843.874938965
835.650024414 834.005004883 820.845214844 848.809875488
837.29498291 837.29498291 820.845214844 852.09979248
840.584960938 838.940002441 825.780151367 855.389770508
842.229919434 837.29498291 824.135131836 852.09979248
843.874938965 840.584960938 824.135131836 853.744812012
842.229919434 840.584960938 827.425109863 853.744812012
838.940002441 840.584960938 827.425109863 853.744812012
838.940002441 842.229919434 829.070068359 855.389770508
834.005004883 840.584960938 827.425109863 847.164855957
840.584960938 840.584960938 824.135131836 850.454833984
840.584960938 842.229919434 822.49017334 855.389770508
840.584960938 840.584960938 822.49017334 858.679748535
842.229919434 840.584960938 820.845214844 853.744812012
843.874938965 843.874938965 824.135131836 853.744812012
850.454833984 845.519897461 820.845214844 857.034729004
843.874938965 843.874938965 819.200195312 850.454833984
842.229919434 843.874938965 817.555236816 850.454833984
847.164855957 842.229919434 815.91027832 848.809875488
850.454833984 845.519897461 817.555236816 847.164855957
847.164855957 847.164855957 820.845214844 852.09979248
838.940002441 845.519897461 819.200195312 845.519897461
845.519897461 847.164855957 819.200195312 852.09979248
842.229919434 842.229919434 824.135131836 850.454833984
845.519897461 845.519897461 825.780151367 850.454833984
843.874938965 845.519897461 822.49017334 852.09979248
838.940002441 842.229919434 824.135131836 852.09979248
835.650024414 842.229919434 827.425109863 852.09979248
837.29498291 840.584960938 822.49017334 848.809875488
838.940002441 840.584960938 822.49017334 850.454833984
832.360046387 842.229919434 824.135131836 850.454833984
840.584960938 842.229919434 822.49017334 852.09979248
843.874938965 843.874938965 827.425109863 858.679748535
840.584960938 843.874938965 825.780151367 852.09979248
845.519897461 847.164855957 825.780151367 848.809875488
842.229919434 845.519897461 825.780151367 850.454833984
842.229919434 847.164855957 824.135131836 847.164855957
848.809875488 843.874938965 824.135131836 855.389770508
845.519897461 842.229919434 822.49017334 857.034729004
850.454833984 842.229919434 822.49017334 857.034729004
843.874938965 842.229919434 824.135131836 842.229919434
850.454833984 845.519897461 822.49017334 852.09979248
840.584960938 842.229919434 819.200195312 845.519897461
845.519897461 843.874938965 817.555236816 853.744812012
848.809875488 837.29498291 819.200195312 855.389770508
840.584960938 840.584960938 817.555236816 848.809875488
842.229919434 843.874938965 817.555236816 853.744812012
843.874938965 843.874938965 820.845214844 855.389770508
843.874938965 843.874938965 819.200195312 858.679748535
842.229919434 840.584960938 822.49017334 852.09979248
842.229919434 840.584960938 817.555236816 850.454833984
838.940002441 842.229919434 817.555236816 850.454833984
838.940002441 842.229919434 817.555236816 843.874938965
840.584960938 843.874938965 820.845214844 853.744812012
837.29498291 842.229919434 822.49017334 852.09979248
832.360046387 842.229919434 822.49017334 842.229919434
842.229919434 843.874938965 822.49017334 852.09979248
845.519897461 843.874938965 825.780151367 848.809875488
840.584960938 843.874938965 819.200195312 848.809875488
838.940002441 843.874938965 819.200195312 850.454833984
837.29498291 845.519897461 822.49017334 847.164855957
835.650024414 843.874938965 820.845214844 852.09979248
842.229919434 843.874938965 824.135131836 861.969726562
842.229919434 843.874938965 827.425109863 857.034729004
840.584960938 843.874938965 825.780151367 853.744812012
840.584960938 847.164855957 825.780151367 852.09979248
838.940002441 843.874938965 825.780151367 848.809875488
837.29498291 842.229919434 820.845214844 847.164855957
842.229919434 845.519897461 822.49017334 850.454833984
842.229919434 845.519897461 827.425109863 850.454833984
847.164855957 847.164855957 827.425109863 852.09979248
847.164855957 842.229919434 824.135131836 850.454833984
845.519897461 840.584960938 824.135131836 853.744812012
837.29498291 838.940002441 820.845214844 847.164855957
842.229919434 840.584960938 819.200195312 858.679748535
840.584960938 842.229919434 819.200195312 857.034729004
837.29498291 842.229919434 819.200195312 848.809875488
842.229919434 842.229919434 820.845214844 852.09979248
845.519897461 840.584960938 819.200195312 852.09979248
840.584960938 838.940002441 820.845214844 848.809875488
840.584960938 837.29498291 819.200195312 857.034729004
840.584960938 838.940002441 820.845214844 855.389770508
842.229919434 840.584960938 820.845214844 848.809875488
845.519897461 838.940002441 820.845214844 848.809875488
842.229919434 838.940002441 822.49017334 850.454833984
838.940002441 838.940002441 822.49017334 847.164855957
840.584960938 838.940002441 819.200195312 855.389770508
835.650024414 840.584960938 822.49017334 850.454833984
837.29498291 842.229919434 820.845214844 848.809875488
835.650024414 842.229919434 820.845214844 847.164855957
843.874938965 840.584960938 820.845214844 850.454833984
842.229919434 840.584960938 827.425109863 858.679748535
838.940002441 840.584960938 829.070068359 853.744812012
837.29498291 838.940002441 827.425109863 850.454833984
832.360046387 840.584960938 822.49017334 843.874938965
837.29498291 842.229919434 819.200195312 843.874938965
837.29498291 838.940002441 822.49017334 850.454833984
832.360046387 840.584960938 819.200195312 848.809875488
835.650024414 840.584960938 820.845214844 850.454833984
840.584960938 838.940002441 819.200195312 852.09979248
838.940002441 840.584960938 819.200195312 850.454833984
842.229919434 840.584960938 824.135131836 858.679748535
835.650024414 838.940002441 817.555236816 845.519897461
832.360046387 840.584960938 815.91027832 838.940002441
835.650024414 837.29498291 819.200195312 842.229919434
842.229919434 840.584960938 817.555236816 848.809875488
840.584960938 842.229919434 819.200195312 852.09979248
840.584960938 842.229919434 817.555236816 853.744812012
842.229919434 843.874938965 822.49017334 848.809875488
842.229919434 840.584960938 820.845214844 850.454833984
835.650024414 840.584960938 819.200195312 848.809875488
837.29498291 840.584960938 822.49017334 847.164855957
838.940002441 840.584960938 817.555236816 857.034729004
840.584960938 840.584960938 820.845214844 852.09979248
843.874938965 842.229919434 819.200195312 858.679748535
838.940002441 838.940002441 815.91027832 855.389770508
837.29498291 838.940002441 815.91027832 848.809875488
845.519897461 837.29498291 817.555236816 853.744812012
842.229919434 838.940002441 819.200195312 855.389770508
845.519897461 840.584960938 820.845214844 860.324707031
855.389770508 840.584960938 815.91027832 866.904663086
858.679748535 837.29498291 820.845214844 866.904663086
848.809875488 834.005004883 825.780151367 857.034729004
850.454833984 835.650024414 827.425109863 861.969726562
830.715087891 827.425109863 834.005004883 847.164855957
838.940002441 825.780151367 832.360046387 848.809875488
848.809875488 824.135131836 838.940002441 858.679748535
824.135131836 819.200195312 840.584960938 840.584960938
824.135131836 817.555236816 840.584960938 842.229919434
832.360046387 812.620300293 845.519897461 855.389770508
838.940002441 812.620300293 848.809875488 863.614685059
840.584960938 817.555236816 843.874938965 852.09979248
838.940002441 820.845214844 843.874938965 852.09979248
842.229919434 822.49017334 837.29498291 853.744812012
847.164855957 824.135131836 835.650024414 858.679748535
850.454833984 822.49017334 838.940002441 870.194580078
842.229919434 822.49017334 835.650024414 858.679748535
842.229919434 824.135131836 835.650024414 857.034729004
842.229919434 822.49017334 838.940002441 858.679748535
850.454833984 825.780151367 835.650024414 858.679748535
850.454833984 825.780151367 832.360046387 865.259643555
845.519897461 825.780151367 832.360046387 857.034729004
843.874938965 829.070068359 837.29498291 861.969726562
843.874938965 827.425109863 837.29498291 866.904663086
843.874938965 829.070068359 835.650024414 861.969726562
842.229919434 832.360046387 834.005004883 865.259643555
852.09979248 830.715087891 829.070068359 870.194580078
850.454833984 830.715087891 834.005004883 868.549621582
845.519897461 827.425109863 830.715087891 863.614685059
848.809875488 830.715087891 825.780151367 863.614685059
853.744812012 829.070068359 829.070068359 870.194580078
852.09979248 830.715087891 825.780151367 861.969726562
857.034729004 834.005004883 822.49017334 868.549621582
852.09979248 830.715087891 825.780151367 865.259643555
848.809875488 832.360046387 825.780151367 857.034729004
853.744812012 835.650024414 825.780151367 852.09979248
848.809875488 837.29498291 827.425109863 860.324707031
845.519897461 835.650024414 824.135131836 861.969726562
843.874938965 837.29498291 819.200195312 861.969726562
847.164855957 837.29498291 825.780151367 863.614685059
850.454833984 837.29498291 825.780151367 853.744812012
857.034729004 838.940002441 824.135131836 852.09979248
861.969726562 837.29498291 822.49017334 853.744812012
863.614685059 838.940002441 825.780151367 855.389770508
860.324707031 837.29498291 827.425109863 858.679748535
852.09979248 835.650024414 825.780151367 863.614685059
840.584960938 834.005004883 827.425109863 858.679748535
840.584960938 832.360046387 824.135131836 861.969726562
837.29498291 834.005004883 827.425109863 853.744812012
837.29498291 835.650024414 827.425109863 850.454833984
842.229919434 837.29498291 827.425109863 847.164855957
838.940002441 835.650024414 825.780151367 840.584960938
842.229919434 838.940002441 827.425109863 845.519897461
842.229919434 840.584960938 820.845214844 853.744812012
834.005004883 840.584960938 822.49017334 842.229919434
842.229919434 845.519897461 819.200195312 848.809875488
842.229919434 847.164855957 820.845214844 847.164855957
838.940002441 845.519897461 822.49017334 848.809875488
834.005004883 847.164855957 822.49017334 847.164855957
835.650024414 845.519897461 824.135131836 847.164855957
835.650024414 843.874938965 820.845214844 848.809875488
837.29498291 847.164855957 815.91027832 847.164855957
842.229919434 848.809875488 819.200195312 855.389770508
843.874938965 848.809875488 820.845214844 852.09979248
848.809875488 847.164855957 824.135131836 853.744812012
852.09979248 848.809875488 824.135131836 858.679748535
848.809875488 848.809875488 820.845214844 853.744812012
847.164855957 848.809875488 825.780151367 858.679748535
852.09979248 848.809875488 824.135131836 858.679748535
848.809875488 845.519897461 819.200195312 857.034729004
850.454833984 843.874938965 819.200195312 860.324707031
850.454833984 842.229919434 819.200195312 857.034729004
843.874938965 840.584960938 820.845214844 853.744812012
840.584960938 842.229919434 819.200195312 848.809875488
842.229919434 842.229919434 820.845214844 857.034729004
840.584960938 840.584960938 820.845214844 855.389770508
838.940002441 840.584960938 820.845214844 850.454833984
843.874938965 840.584960938 820.845214844 852.09979248
847.164855957 843.874938965 817.555236816 852.09979248
847.164855957 842.229919434 822.49017334 855.389770508
850.454833984 843.874938965 822.49017334 860.324707031
848.809875488 842.229919434 825.780151367 855.389770508
838.940002441 842.229919434 825.780151367 850.454833984
840.584960938 842.229919434 824.135131836 848.809875488
850.454833984 842.229919434 825.780151367 857.034729004
843.874938965 842.229919434 824.135131836 850.454833984
848.809875488 840.584960938 822.49017334 855.389770508
845.519897461 840.584960938 822.49017334 855.389770508
845.519897461 840.584960938 827.425109863 855.389770508
847.164855957 838.940002441 824.135131836 858.679748535
847.164855957 842.229919434 827.425109863 860.324707031
845.519897461 840.584960938 825.780151367 855.389770508
845.519897461 840.584960938 827.425109863 855.389770508
850.454833984 842.229919434 829.070068359 858.679748535
850.454833984 843.874938965 829.070068359 858.679748535
850.454833984 840.584960938 829.070068359 863.614685059
850.454833984 837.29498291 830.715087891 858.679748535
855.389770508 840.584960938 830.715087891 866.904663086
853.744812012 840.584960938 832.360046387 860.324707031
855.389770508 847.164855957 829.070068359 861.969726562
855.389770508 847.164855957 829.070068359 865.259643555
853.744812012 845.519897461 825.780151367 863.614685059
853.744812012 847.164855957 825.780151367 876.774536133
848.809875488 843.874938965 827.425109863 871.839599609
848.809875488 845.519897461 827.425109863 863.614685059
848.809875488 845.519897461 830.715087891 866.904663086
848.809875488 847.164855957 825.780151367 861.969726562
847.164855957 848.809875488 824.135131836 868.549621582
842.229919434 845.519897461 824.135131836 861.969726562
840.584960938 847.164855957 822.49017334 853.744812012
847.164855957 847.164855957 827.425109863 850.454833984
842.229919434 845.519897461 822.49017334 852.09979248
843.874938965 847.164855957 822.49017334 853.744812012
850.454833984 847.164855957 825.780151367 857.034729004
840.584960938 843.874938965 825.780151367 853.744812012
840.584960938 845.519897461 827.425109863 857.034729004
837.29498291 843.874938965 825.780151367 850.454833984
838.940002441 845.519897461 824.135131836 852.09979248
840.584960938 842.229919434 824.135131836 853.744812012
838.940002441 838.940002441 822.49017334 857.034729004
840.584960938 835.650024414 824.135131836 860.324707031
842.229919434 837.29498291 825.780151367 863.614685059
838.940002441 842.229919434 827.425109863 860.324707031
840.584960938 843.874938965 824.135131836 861.969726562
835.650024414 840.584960938 822.49017334 855.389770508
852.09979248 835.650024414 830.715087891 873.484558105
861.969726562 835.650024414 830.715087891 886.64440918
853.744812012 853.744812012 814.265258789 871.839599609
845.519897461 853.744812012 817.555236816 857.034729004
835.650024414 857.034729004 810.975280762 837.29498291
843.874938965 860.324707031 812.620300293 842.229919434
852.09979248 858.679748535 814.265258789 865.259643555
835.650024414 861.969726562 802.750427246 842.229919434
843.874938965 871.839599609 799.460449219 847.164855957
837.29498291 866.904663086 804.395385742 842.229919434
840.584960938 865.259643555 802.750427246 842.229919434
842.229919434 865.259643555 801.105407715 850.454833984
838.940002441 860.324707031 801.105407715 843.874938965
842.229919434 857.034729004 804.395385742 848.809875488
848.809875488 858.679748535 807.68536377 855.389770508
845.519897461 860.324707031 809.330322266 850.454833984
845.519897461 860.324707031 806.040344238 848.809875488
848.809875488 858.679748535 804.395385742 855.389770508
850.454833984 861.969726562 807.68536377 853.744812012
850.454833984 860.324707031 807.68536377 852.09979248
853.744812012 861.969726562 809.330322266 855.389770508
845.519897461 861.969726562 810.975280762 843.874938965
850.454833984 858.679748535 807.68536377 857.034729004
847.164855957 858.679748535 809.330322266 855.389770508
845.519897461 857.034729004 810.975280762 855.389770508
850.454833984 858.679748535 812.620300293 860.324707031
847.164855957 858.679748535 809.330322266 855.389770508
848.809875488 858.679748535 810.975280762 855.389770508
850.454833984 858.679748535 812.620300293 857.034729004
850.454833984 857.034729004 812.620300293 855.389770508
853.744812012 857.034729004 815.91027832 855.389770508
855.389770508 858.679748535 814.265258789 858.679748535
845.519897461 850.454833984 817.555236816 850.454833984
847.164855957 855.389770508 817.555236816 855.389770508
848.809875488 852.09979248 822.49017334 857.034729004
852.09979248 850.454833984 820.845214844 855.389770508
858.679748535 853.744812012 820.845214844 863.614685059
845.519897461 850.454833984 824.135131836 857.034729004
842.229919434 850.454833984 819.200195312 848.809875488
837.29498291 845.519897461 820.845214844 848.809875488
845.519897461 848.809875488 819.200195312 860.324707031
840.584960938 848.809875488 822.49017334 850.454833984
843.874938965 848.809875488 824.135131836 852.09979248
842.229919434 850.454833984 824.135131836 852.09979248
840.584960938 847.164855957 824.135131836 845.519897461
850.454833984 847.164855957 822.49017334 853.744812012
843.874938965 845.519897461 822.49017334 852.09979248
842.229919434 842.229919434 820.845214844 848.809875488
847.164855957 843.874938965 822.49017334 850.454833984
840.584960938 845.519897461 820.845214844 847.164855957
845.519897461 847.164855957 820.845214844 848.809875488
853.744812012 847.164855957 824.135131836 853.744812012
843.874938965 845.519897461 825.780151367 847.164855957
845.519897461 845.519897461 825.780151367 852.09979248
847.164855957 845.519897461 820.845214844 855.389770508
840.584960938 845.519897461 822.49017334 853.744812012
842.229919434 847.164855957 819.200195312 848.809875488
845.519897461 850.454833984 820.845214844 847.164855957
843.874938965 850.454833984 825.780151367 845.519897461
847.164855957 850.454833984 819.200195312 850.454833984
845.519897461 843.874938965 820.845214844 853.744812012
845.519897461 843.874938965 822.49017334 852.09979248
845.519897461 842.229919434 819.200195312 857.034729004
843.874938965 838.940002441 819.200195312 855.389770508
848.809875488 838.940002441 815.91027832 855.389770508
842.229919434 838.940002441 819.200195312 848.809875488
843.874938965 838.940002441 817.555236816 853.744812012
845.519897461 838.940002441 817.555236816 858.679748535
840.584960938 842.229919434 820.845214844 853.744812012
842.229919434 840.584960938 819.200195312 855.389770508
837.29498291 840.584960938 824.135131836 847.164855957
837.29498291 838.940002441 824.135131836 848.809875488
827.425109863 835.650024414 819.200195312 838.940002441
835.650024414 837.29498291 819.200195312 840.584960938
837.29498291 835.650024414 822.49017334 847.164855957
838.940002441 837.29498291 819.200195312 850.454833984
834.005004883 838.940002441 820.845214844 850.454833984
835.650024414 838.940002441 817.555236816 847.164855957
834.005004883 838.940002441 817.555236816 850.454833984
830.715087891 838.940002441 820.845214844 848.809875488
835.650024414 837.29498291 820.845214844 850.454833984
840.584960938 837.29498291 822.49017334 850.454833984
834.005004883 835.650024414 824.135131836 848.809875488
835.650024414 837.29498291 822.49017334 858.679748535
837.29498291 840.584960938 820.845214844 860.324707031
835.650024414 843.874938965 817.555236816 850.454833984
845.519897461 845.519897461 817.555236816 850.454833984
848.809875488 845.519897461 817.555236816 850.454833984
848.809875488 842.229919434 822.49017334 853.744812012
848.809875488 840.584960938 827.425109863 858.679748535
840.584960938 838.940002441 824.135131836 857.034729004
835.650024414 837.29498291 825.780151367 863.614685059
822.49017334 834.005004883 819.200195312 860.324707031
820.845214844 834.005004883 815.91027832 855.389770508
825.780151367 832.360046387 814.265258789 853.744812012
820.845214844 834.005004883 817.555236816 845.519897461
834.005004883 837.29498291 820.845214844 858.679748535
830.715087891 835.650024414 822.49017334 857.034729004
830.715087891 838.940002441 822.49017334 855.389770508
829.070068359 835.650024414 820.845214844 848.809875488
834.005004883 835.650024414 824.135131836 855.389770508
837.29498291 837.29498291 820.845214844 860.324707031
834.005004883 834.005004883 822.49017334 857.034729004
837.29498291 834.005004883 824.135131836 857.034729004
835.650024414 835.650024414 824.135131836 850.454833984
837.29498291 835.650024414 827.425109863 858.679748535
845.519897461 837.29498291 822.49017334 860.324707031
840.584960938 838.940002441 820.845214844 855.389770508
847.164855957 840.584960938 824.135131836 861.969726562
843.874938965 838.940002441 822.49017334 865.259643555
837.29498291 837.29498291 822.49017334 863.614685059
834.005004883 837.29498291 824.135131836 855.389770508
834.005004883 838.940002441 824.135131836 848.809875488
842.229919434 840.584960938 822.49017334 853.744812012
840.584960938 842.229919434 824.135131836 850.454833984
838.940002441 843.874938965 822.49017334 852.09979248
847.164855957 840.584960938 822.49017334 860.324707031
848.809875488 842.229919434 822.49017334 861.969726562
845.519897461 843.874938965 820.845214844 857.034729004
840.584960938 842.229919434 824.135131836 858.679748535
837.29498291 840.584960938 824.135131836 852.09979248
840.584960938 840.584960938 822.49017334 858.679748535
845.519897461 842.229919434 822.49017334 861.969726562
847.164855957 843.874938965 822.49017334 860.324707031
847.164855957 845.519897461 825.780151367 863.614685059
845.519897461 843.874938965 825.780151367 858.679748535
853.744812012 843.874938965 827.425109863 870.194580078
848.809875488 842.229919434 825.780151367 865.259643555
852.09979248 847.164855957 825.780151367 861.969726562
861.969726562 848.809875488 822.49017334 870.194580078
861.969726562 847.164855957 824.135131836 870.194580078
855.389770508 847.164855957 825.780151367 871.839599609
852.09979248 843.874938965 827.425109863 871.839599609
847.164855957 843.874938965 827.425109863 866.904663086
847.164855957 845.519897461 827.425109863 865.259643555
852.09979248 845.519897461 827.425109863 865.259643555
848.809875488 845.519897461 825.780151367 858.679748535
848.809875488 845.519897461 825.780151367 866.904663086
845.519897461 847.164855957 824.135131836 855.389770508
853.744812012 847.164855957 822.49017334 863.614685059
853.744812012 847.164855957 822.49017334 866.904663086
853.744812012 845.519897461 822.49017334 863.614685059
853.744812012 847.164855957 815.91027832 860.324707031
855.389770508 847.164855957 817.555236816 855.389770508
852.09979248 843.874938965 819.200195312 852.09979248
853.744812012 845.519897461 819.200195312 855.389770508
847.164855957 842.229919434 819.200195312 858.679748535
838.940002441 840.584960938 822.49017334 850.454833984
840.584960938 842.229919434 819.200195312 847.164855957
838.940002441 842.229919434 817.555236816 848.809875488
842.229919434 842.229919434 820.845214844 853.744812012
837.29498291 842.229919434 820.845214844 850.454833984
842.229919434 842.229919434 819.200195312 850.454833984
834.005004883 837.29498291 819.200195312 850.454833984
830.715087891 838.940002441 814.265258789 845.519897461
840.584960938 837.29498291 814.265258789 852.09979248
832.360046387 835.650024414 817.555236816 852.09979248
835.650024414 838.940002441 817.555236816 848.809875488
842.229919434 840.584960938 819.200195312 858.679748535
843.874938965 838.940002441 815.91027832 858.679748535
843.874938965 838.940002441 819.200195312 855.389770508
838.940002441 838.940002441 817.555236816 857.034729004
838.940002441 840.584960938 817.555236816 860.324707031
837.29498291 842.229919434 817.555236816 861.969726562
845.519897461 842.229919434 820.845214844 865.259643555
847.164855957 842.229919434 819.200195312 865.259643555
845.519897461 847.164855957 819.200195312 868.549621582
843.874938965 848.809875488 820.845214844 870.194580078
845.519897461 848.809875488 820.845214844 868.549621582
847.164855957 848.809875488 822.49017334 865.259643555
838.940002441 845.519897461 820.845214844 858.679748535
852.09979248 842.229919434 820.845214844 871.839599609
860.324707031 835.650024414 827.425109863 893.224304199
852.09979248 845.519897461 817.555236816 884.999450684
840.584960938 857.034729004 812.620300293 868.549621582
835.650024414 857.034729004 814.265258789 857.034729004
832.360046387 863.614685059 802.750427246 845.519897461
842.229919434 855.389770508 810.975280762 866.904663086
845.519897461 860.324707031 809.330322266 868.549621582
838.940002441 866.904663086 804.395385742 861.969726562
838.940002441 865.259643555 806.040344238 857.034729004
840.584960938 861.969726562 806.040344238 850.454833984
838.940002441 861.969726562 802.750427246 850.454833984
843.874938965 861.969726562 804.395385742 857.034729004
838.940002441 858.679748535 809.330322266 853.744812012
842.229919434 858.679748535 806.040344238 850.454833984
843.874938965 857.034729004 807.68536377 850.454833984
848.809875488 857.034729004 806.040344238 850.454833984
853.744812012 857.034729004 806.040344238 863.614685059
852.09979248 857.034729004 804.395385742 861.969726562
857.034729004 857.034729004 807.68536377 865.259643555
855.389770508 857.034729004 810.975280762 865.259643555
860.324707031 855.389770508 809.330322266 861.969726562
861.969726562 857.034729004 812.620300293 866.904663086
858.679748535 855.389770508 814.265258789 868.549621582
850.454833984 852.09979248 812.620300293 861.969726562
853.744812012 852.09979248 814.265258789 868.549621582
850.454833984 848.809875488 815.91027832 861.969726562
847.164855957 848.809875488 815.91027832 863.614685059
852.09979248 852.09979248 817.555236816 866.904663086
850.454833984 850.454833984 819.200195312 865.259643555
848.809875488 852.09979248 817.555236816 858.679748535
847.164855957 850.454833984 814.265258789 860.324707031
842.229919434 852.09979248 817.555236816 857.034729004
842.229919434 852.09979248 814.265258789 853.744812012
840.584960938 848.809875488 812.620300293 852.09979248
840.584960938 847.164855957 812.620300293 850.454833984
835.650024414 845.519897461 809.330322266 848.809875488
835.650024414 843.874938965 812.620300293 847.164855957
835.650024414 845.519897461 814.265258789 847.164855957
834.005004883 842.229919434 809.330322266 845.519897461
834.005004883 840.584960938 810.975280762 850.454833984
832.360046387 840.584960938 814.265258789 855.389770508
824.135131836 838.940002441 812.620300293 843.874938965
829.070068359 840.584960938 809.330322266 850.454833984
829.070068359 837.29498291 814.265258789 842.229919434
830.715087891 838.940002441 812.620300293 843.874938965
830.715087891 842.229919434 814.265258789 848.809875488
829.070068359 840.584960938 817.555236816 843.874938965
829.070068359 838.940002441 814.265258789 852.09979248
829.070068359 837.29498291 815.91027832 850.454833984
825.780151367 838.940002441 815.91027832 842.229919434
827.425109863 838.940002441 815.91027832 840.584960938
835.650024414 842.229919434 817.555236816 843.874938965
837.29498291 842.229919434 819.200195312 845.519897461
829.070068359 843.874938965 814.265258789 842.229919434
827.425109863 845.519897461 809.330322266 842.229919434
827.425109863 843.874938965 807.68536377 843.874938965
824.135131836 843.874938965 810.975280762 838.940002441
837.29498291 845.519897461 812.620300293 845.519897461
838.940002441 847.164855957 812.620300293 852.09979248
834.005004883 845.519897461 814.265258789 842.229919434
837.29498291 845.519897461 812.620300293 845.519897461
835.650024414 843.874938965 817.555236816 848.809875488
827.425109863 840.584960938 812.620300293 835.650024414
832.360046387 843.874938965 814.265258789 842.229919434
832.360046387 845.519897461 819.200195312 840.584960938
838.940002441 845.519897461 820.845214844 845.519897461
840.584960938 845.519897461 814.265258789 858.679748535
840.584960938 845.519897461 814.265258789 855.389770508
843.874938965 845.519897461 815.91027832 860.324707031
830.715087891 845.519897461 810.975280762 842.229919434
837.29498291 847.164855957 815.91027832 848.809875488
840.584960938 847.164855957 814.265258789 850.454833984
838.940002441 847.164855957 815.91027832 852.09979248
845.519897461 850.454833984 819.200195312 861.969726562
840.584960938 848.809875488 820.845214844 855.389770508
848.809875488 850.454833984 820.845214844 858.679748535
848.809875488 848.809875488 820.845214844 861.969726562
855.389770508 842.229919434 827.425109863 868.549621582
857.034729004 843.874938965 820.845214844 868.549621582
847.164855957 850.454833984 815.91027832 858.679748535
824.135131836 852.09979248 819.200195312 834.005004883
807.68536377 857.034729004 812.620300293 812.620300293
814.265258789 852.09979248 812.620300293 819.200195312
804.395385742 852.09979248 812.620300293 802.750427246
797.815490723 850.454833984 810.975280762 792.880554199
792.880554199 852.09979248 810.975280762 791.235534668
764.91583252 852.09979248 806.040344238 758.3359375
776.430725098 850.454833984 806.040344238 769.850830078
761.625915527 853.744812012 804.395385742 761.625915527
753.401000977 850.454833984 807.68536377 763.270874023
732.016235352 848.809875488 814.265258789 755.045959473
722.146362305 843.874938965 814.265258789 746.821105957
715.566467285 847.164855957 812.620300293 736.951171875
708.98651123 838.940002441 820.845214844 732.016235352
708.98651123 842.229919434 817.555236816 728.726318359
692.536743164 842.229919434 822.49017334 715.566467285
708.98651123 840.584960938 824.135131836 727.081298828
694.18170166 845.519897461 817.555236816 713.921447754
700.76159668 840.584960938 822.49017334 725.436340332
705.696594238 842.229919434 820.845214844 728.726318359
695.826660156 843.874938965 820.845214844 717.211425781
705.696594238 843.874938965 820.845214844 723.791320801
705.696594238 843.874938965 820.845214844 720.501403809
710.631530762 842.229919434 822.49017334 730.371276855
697.471679688 842.229919434 815.91027832 717.211425781
715.566467285 840.584960938 814.265258789 733.661254883
732.016235352 838.940002441 819.200195312 748.466064453
710.631530762 840.584960938 815.91027832 725.436340332
727.081298828 845.519897461 814.265258789 733.661254883
730.371276855 838.940002441 822.49017334 745.176086426
735.306213379 840.584960938 822.49017334 746.821105957
743.53112793 842.229919434 819.200195312 751.75604248
746.821105957 837.29498291 824.135131836 763.270874023
746.821105957 840.584960938 819.200195312 761.625915527
756.690979004 837.29498291 820.845214844 769.850830078
761.625915527 837.29498291 825.780151367 776.430725098
759.980895996 837.29498291 825.780151367 779.720703125
748.466064453 834.005004883 824.135131836 771.495788574
768.205810547 837.29498291 822.49017334 789.590576172
769.850830078 832.360046387 824.135131836 792.880554199
779.720703125 835.650024414 819.200195312 799.460449219
787.945556641 835.650024414 820.845214844 804.395385742
789.590576172 830.715087891 822.49017334 802.750427246
791.235534668 832.360046387 820.845214844 814.265258789
794.525512695 834.005004883 819.200195312 807.68536377
796.170471191 830.715087891 820.845214844 814.265258789
801.105407715 829.070068359 825.780151367 817.555236816
807.68536377 830.715087891 822.49017334 820.845214844
810.975280762 827.425109863 822.49017334 825.780151367
819.200195312 827.425109863 815.91027832 835.650024414
814.265258789 827.425109863 817.555236816 835.650024414
814.265258789 825.780151367 815.91027832 837.29498291
810.975280762 827.425109863 819.200195312 830.715087891
817.555236816 827.425109863 817.555236816 832.360046387
825.780151367 825.780151367 814.265258789 842.229919434
830.715087891 827.425109863 814.265258789 845.519897461
837.29498291 827.425109863 817.555236816 857.034729004
830.715087891 825.780151367 815.91027832 857.034729004
829.070068359 825.780151367 812.620300293 857.034729004
832.360046387 824.135131836 812.620300293 852.09979248
830.715087891 820.845214844 810.975280762 848.809875488
830.715087891 824.135131836 810.975280762 840.584960938
834.005004883 827.425109863 814.265258789 848.809875488
834.005004883 827.425109863 810.975280762 853.744812012
835.650024414 824.135131836 817.555236816 858.679748535
842.229919434 825.780151367 815.91027832 858.679748535
842.229919434 827.425109863 812.620300293 858.679748535
843.874938965 830.715087891 815.91027832 866.904663086
855.389770508 834.005004883 815.91027832 875.129516602
853.744812012 830.715087891 817.555236816 873.484558105
852.09979248 830.715087891 817.555236816 875.129516602
860.324707031 832.360046387 814.265258789 883.354431152
848.809875488 830.715087891 815.91027832 866.904663086
855.389770508 832.360046387 817.555236816 875.129516602
857.034729004 830.715087891 819.200195312 870.194580078
852.09979248 832.360046387 819.200195312 865.259643555
853.744812012 834.005004883 820.845214844 861.969726562
852.09979248 835.650024414 822.49017334 861.969726562
853.744812012 835.650024414 822.49017334 865.259643555
855.389770508 835.650024414 817.555236816 871.839599609
850.454833984 834.005004883 815.91027832 871.839599609
850.454833984 832.360046387 815.91027832 866.904663086
853.744812012 835.650024414 814.265258789 871.839599609
855.389770508 835.650024414 815.91027832 868.549621582
858.679748535 834.005004883 814.265258789 866.904663086
850.454833984 834.005004883 810.975280762 850.454833984
848.809875488 832.360046387 812.620300293 855.389770508
853.744812012 834.005004883 814.265258789 861.969726562
857.034729004 832.360046387 814.265258789 863.614685059
853.744812012 830.715087891 817.555236816 863.614685059
860.324707031 830.715087891 819.200195312 866.904663086
852.09979248 830.715087891 819.200195312 870.194580078
853.744812012 830.715087891 819.200195312 866.904663086
853.744812012 832.360046387 817.555236816 865.259643555
855.389770508 832.360046387 819.200195312 870.194580078
850.454833984 834.005004883 817.555236816 863.614685059
852.09979248 835.650024414 815.91027832 868.549621582
858.679748535 834.005004883 819.200195312 873.484558105
857.034729004 834.005004883 820.845214844 873.484558105
855.389770508 834.005004883 817.555236816 876.774536133
