810.975280762 858.679748535 819.200195312 812.620300293
810.975280762 855.389770508 824.135131836 817.555236816
819.200195312 852.09979248 824.135131836 819.200195312
809.330322266 853.744812012 824.135131836 812.620300293
810.975280762 850.454833984 824.135131836 809.330322266
817.555236816 850.454833984 825.780151367 820.845214844
810.975280762 848.809875488 827.425109863 815.91027832
810.975280762 848.809875488 824.135131836 812.620300293
815.91027832 848.809875488 827.425109863 817.555236816
825.780151367 845.519897461 825.780151367 822.49017334
820.845214844 847.164855957 824.135131836 819.200195312
819.200195312 845.519897461 822.49017334 822.49017334
810.975280762 850.454833984 820.845214844 807.68536377
820.845214844 858.679748535 817.555236816 815.91027832
827.425109863 855.389770508 820.845214844 822.49017334
830.715087891 852.09979248 827.425109863 820.845214844
834.005004883 852.09979248 827.425109863 827.425109863
824.135131836 845.519897461 830.715087891 820.845214844
835.650024414 842.229919434 832.360046387 838.940002441
832.360046387 847.164855957 825.780151367 835.650024414
820.845214844 848.809875488 825.780151367 824.135131836
832.360046387 848.809875488 827.425109863 832.360046387
830.715087891 852.09979248 822.49017334 830.715087891
829.070068359 848.809875488 825.780151367 834.005004883
825.780151367 848.809875488 827.425109863 835.650024414
824.135131836 852.09979248 829.070068359 827.425109863
814.265258789 852.09979248 824.135131836 817.555236816
825.780151367 852.09979248 820.845214844 829.070068359
829.070068359 848.809875488 824.135131836 834.005004883
815.91027832 847.164855957 830.715087891 824.135131836
825.780151367 843.874938965 832.360046387 834.005004883
819.200195312 847.164855957 830.715087891 829.070068359
814.265258789 848.809875488 824.135131836 817.555236816
829.070068359 857.034729004 819.200195312 825.780151367
824.135131836 852.09979248 820.845214844 820.845214844
837.29498291 848.809875488 822.49017334 837.29498291
837.29498291 855.389770508 815.91027832 843.874938965
843.874938965 852.09979248 817.555236816 848.809875488
835.650024414 855.389770508 827.425109863 843.874938965
825.780151367 848.809875488 820.845214844 838.940002441
834.005004883 842.229919434 827.425109863 848.809875488
825.780151367 842.229919434 832.360046387 840.584960938
822.49017334 848.809875488 825.780151367 834.005004883
825.780151367 848.809875488 830.715087891 829.070068359
830.715087891 850.454833984 825.780151367 835.650024414
822.49017334 850.454833984 820.845214844 822.49017334
829.070068359 850.454833984 822.49017334 825.780151367
829.070068359 850.454833984 820.845214844 825.780151367
822.49017334 847.164855957 817.555236816 819.200195312
834.005004883 845.519897461 815.91027832 825.780151367
830.715087891 845.519897461 819.200195312 832.360046387
830.715087891 848.809875488 819.200195312 830.715087891
845.519897461 842.229919434 825.780151367 850.454833984
852.09979248 838.940002441 825.780151367 863.614685059
853.744812012 845.519897461 820.845214844 863.614685059
863.614685059 843.874938965 817.555236816 875.129516602
878.419494629 845.519897461 817.555236816 891.579345703
893.224304199 838.940002441 819.200195312 901.44921875
914.609069824 838.940002441 815.91027832 922.833984375
922.833984375 843.874938965 815.91027832 931.058898926
934.348815918 847.164855957 819.200195312 934.348815918
935.993835449 840.584960938 820.845214844 932.703857422
940.928771973 837.29498291 820.845214844 942.573730469
952.443603516 835.650024414 817.555236816 950.79864502
960.668518066 834.005004883 822.49017334 962.313476562
967.248413086 830.715087891 825.780151367 963.958496094
963.958496094 835.650024414 819.200195312 957.378540039
959.02355957 832.360046387 819.200195312 954.088623047
968.893432617 832.360046387 812.620300293 959.02355957
973.828369141 835.650024414 815.91027832 967.248413086
970.538391113 830.715087891 817.555236816 962.313476562
962.313476562 830.715087891 814.265258789 962.313476562
963.958496094 830.715087891 815.91027832 973.828369141
962.313476562 832.360046387 815.91027832 965.60345459
960.668518066 832.360046387 817.555236816 963.958496094
957.378540039 835.650024414 820.845214844 967.248413086
955.733581543 834.005004883 817.555236816 963.958496094
947.508666992 832.360046387 815.91027832 962.313476562
950.79864502 832.360046387 814.265258789 960.668518066
940.928771973 830.715087891 812.620300293 937.638793945
945.863708496 832.360046387 814.265258789 944.218688965
940.928771973 832.360046387 819.200195312 940.928771973
939.283752441 835.650024414 819.200195312 934.348815918
931.058898926 835.650024414 817.555236816 922.833984375
931.058898926 837.29498291 815.91027832 911.319091797
929.413879395 837.29498291 815.91027832 916.25402832
922.833984375 838.940002441 809.330322266 914.609069824
924.478942871 837.29498291 807.68536377 917.899047852
911.319091797 832.360046387 810.975280762 909.674133301
916.25402832 834.005004883 810.975280762 916.25402832
912.964111328 837.29498291 810.975280762 917.899047852
906.384155273 838.940002441 810.975280762 917.899047852
909.674133301 840.584960938 807.68536377 921.188964844
906.384155273 838.940002441 809.330322266 921.188964844
901.44921875 837.29498291 810.975280762 914.609069824
898.159240723 838.940002441 809.330322266 906.384155273
898.159240723 840.584960938 809.330322266 903.094238281
903.094238281 838.940002441 812.620300293 901.44921875
898.159240723 837.29498291 814.265258789 898.159240723
896.514282227 838.940002441 814.265258789 894.86932373
891.579345703 838.940002441 812.620300293 886.64440918
891.579345703 842.229919434 809.330322266 884.999450684
881.709472656 843.874938965 810.975280762 880.064453125
875.129516602 842.229919434 809.330322266 871.839599609
883.354431152 840.584960938 812.620300293 878.419494629
873.484558105 838.940002441 814.265258789 871.839599609
870.194580078 840.584960938 812.620300293 875.129516602
866.904663086 840.584960938 815.91027832 871.839599609
861.969726562 840.584960938 814.265258789 861.969726562
860.324707031 838.940002441 817.555236816 860.324707031
865.259643555 838.940002441 817.555236816 865.259643555
860.324707031 835.650024414 820.845214844 868.549621582
865.259643555 840.584960938 819.200195312 868.549621582
861.969726562 840.584960938 815.91027832 865.259643555
866.904663086 840.584960938 820.845214844 870.194580078
870.194580078 840.584960938 817.555236816 870.194580078
861.969726562 838.940002441 819.200195312 870.194580078
870.194580078 842.229919434 819.200195312 875.129516602
866.904663086 843.874938965 814.265258789 868.549621582
866.904663086 843.874938965 817.555236816 876.774536133
880.064453125 845.519897461 817.555236816 891.579345703
866.904663086 845.519897461 819.200195312 871.839599609
871.839599609 845.519897461 825.780151367 875.129516602
866.904663086 845.519897461 822.49017334 868.549621582
865.259643555 843.874938965 822.49017334 865.259643555
871.839599609 843.874938965 820.845214844 875.129516602
863.614685059 847.164855957 822.49017334 870.194580078
865.259643555 847.164855957 824.135131836 865.259643555
863.614685059 848.809875488 824.135131836 863.614685059
866.904663086 847.164855957 822.49017334 866.904663086
863.614685059 845.519897461 820.845214844 863.614685059
855.389770508 842.229919434 822.49017334 860.324707031
857.034729004 840.584960938 822.49017334 861.969726562
855.389770508 843.874938965 822.49017334 860.324707031
858.679748535 840.584960938 822.49017334 860.324707031
857.034729004 843.874938965 824.135131836 860.324707031
843.874938965 840.584960938 824.135131836 853.744812012
852.09979248 837.29498291 825.780151367 861.969726562
855.389770508 837.29498291 825.780151367 861.969726562
865.259643555 838.940002441 827.425109863 865.259643555
868.549621582 837.29498291 825.780151367 863.614685059
868.549621582 837.29498291 827.425109863 865.259643555
876.774536133 840.584960938 825.780151367 866.904663086
875.129516602 840.584960938 825.780151367 860.324707031
875.129516602 845.519897461 824.135131836 861.969726562
875.129516602 845.519897461 824.135131836 866.904663086
863.614685059 843.874938965 824.135131836 876.774536133
853.744812012 838.940002441 824.135131836 875.129516602
852.09979248 838.940002441 815.91027832 868.549621582
852.09979248 843.874938965 817.555236816 868.549621582
850.454833984 845.519897461 820.845214844 871.839599609
852.09979248 845.519897461 824.135131836 865.259643555
852.09979248 843.874938965 825.780151367 865.259643555
847.164855957 838.940002441 824.135131836 857.034729004
857.034729004 840.584960938 825.780151367 863.614685059
847.164855957 837.29498291 824.135131836 858.679748535
852.09979248 838.940002441 824.135131836 860.324707031
857.034729004 837.29498291 825.780151367 858.679748535
860.324707031 835.650024414 825.780151367 863.614685059
858.679748535 838.940002441 827.425109863 870.194580078
853.744812012 838.940002441 825.780151367 858.679748535
853.744812012 845.519897461 822.49017334 858.679748535
853.744812012 843.874938965 824.135131836 857.034729004
853.744812012 838.940002441 825.780151367 858.679748535
852.09979248 835.650024414 824.135131836 857.034729004
845.519897461 835.650024414 822.49017334 855.389770508
848.809875488 837.29498291 822.49017334 857.034729004
853.744812012 837.29498291 820.845214844 860.324707031
853.744812012 837.29498291 817.555236816 863.614685059
857.034729004 838.940002441 819.200195312 865.259643555
860.324707031 840.584960938 820.845214844 868.549621582
857.034729004 842.229919434 822.49017334 863.614685059
858.679748535 845.519897461 822.49017334 863.614685059
850.454833984 845.519897461 822.49017334 861.969726562
852.09979248 843.874938965 819.200195312 861.969726562
845.519897461 843.874938965 822.49017334 863.614685059
845.519897461 842.229919434 824.135131836 858.679748535
850.454833984 838.940002441 824.135131836 863.614685059
847.164855957 842.229919434 825.780151367 860.324707031
847.164855957 842.229919434 822.49017334 860.324707031
843.874938965 843.874938965 819.200195312 855.389770508
843.874938965 843.874938965 817.555236816 853.744812012
845.519897461 843.874938965 819.200195312 857.034729004
842.229919434 845.519897461 817.555236816 853.744812012
845.519897461 843.874938965 815.91027832 857.034729004
845.519897461 847.164855957 817.555236816 850.454833984
848.809875488 847.164855957 820.845214844 853.744812012
847.164855957 843.874938965 822.49017334 858.679748535
847.164855957 843.874938965 822.49017334 847.164855957
848.809875488 842.229919434 824.135131836 855.389770508
848.809875488 840.584960938 822.49017334 857.034729004
848.809875488 842.229919434 824.135131836 858.679748535
847.164855957 840.584960938 824.135131836 861.969726562
842.229919434 837.29498291 820.845214844 855.389770508
847.164855957 843.874938965 819.200195312 855.389770508
845.519897461 842.229919434 820.845214844 860.324707031
850.454833984 845.519897461 817.555236816 866.904663086
858.679748535 840.584960938 822.49017334 863.614685059
848.809875488 835.650024414 827.425109863 855.389770508
837.29498291 837.29498291 827.425109863 843.874938965
830.715087891 832.360046387 835.650024414 840.584960938
829.070068359 829.070068359 829.070068359 845.519897461
820.845214844 827.425109863 837.29498291 837.29498291
827.425109863 822.49017334 842.229919434 837.29498291
810.975280762 817.555236816 840.584960938 832.360046387
806.040344238 822.49017334 840.584960938 832.360046387
814.265258789 822.49017334 837.29498291 837.29498291
815.91027832 825.780151367 835.650024414 840.584960938
829.070068359 829.070068359 838.940002441 857.034729004
824.135131836 827.425109863 838.940002441 852.09979248
829.070068359 830.715087891 838.940002441 857.034729004
820.845214844 829.070068359 835.650024414 845.519897461
824.135131836 832.360046387 834.005004883 837.29498291
829.070068359 832.360046387 834.005004883 847.164855957
822.49017334 832.360046387 830.715087891 840.584960938
830.715087891 832.360046387 832.360046387 843.874938965
830.715087891 830.715087891 835.650024414 848.809875488
832.360046387 834.005004883 835.650024414 850.454833984
835.650024414 834.005004883 832.360046387 853.744812012
837.29498291 837.29498291 829.070068359 853.744812012
837.29498291 835.650024414 827.425109863 847.164855957
842.229919434 834.005004883 825.780151367 850.454833984
845.519897461 832.360046387 827.425109863 853.744812012
837.29498291 832.360046387 825.780151367 850.454833984
838.940002441 830.715087891 830.715087891 863.614685059
834.005004883 829.070068359 832.360046387 860.324707031
829.070068359 824.135131836 830.715087891 863.614685059
835.650024414 825.780151367 830.715087891 865.259643555
834.005004883 825.780151367 829.070068359 865.259643555
835.650024414 824.135131836 832.360046387 866.904663086
835.650024414 825.780151367 830.715087891 866.904663086
834.005004883 825.780151367 830.715087891 858.679748535
830.715087891 827.425109863 830.715087891 855.389770508
830.715087891 832.360046387 829.070068359 850.454833984
842.229919434 830.715087891 825.780151367 847.164855957
843.874938965 832.360046387 824.135131836 852.09979248
855.389770508 837.29498291 822.49017334 866.904663086
847.164855957 830.715087891 830.715087891 865.259643555
832.360046387 832.360046387 832.360046387 852.09979248
850.454833984 825.780151367 837.29498291 866.904663086
847.164855957 820.845214844 843.874938965 866.904663086
855.389770508 822.49017334 847.164855957 878.419494629
860.324707031 817.555236816 852.09979248 891.579345703
853.744812012 817.555236816 850.454833984 884.999450684
865.259643555 815.91027832 855.389770508 888.289367676
871.839599609 817.555236816 855.389770508 891.579345703
870.194580078 820.845214844 852.09979248 886.64440918
865.259643555 822.49017334 850.454833984 883.354431152
863.614685059 822.49017334 847.164855957 886.64440918
866.904663086 820.845214844 847.164855957 889.934387207
853.744812012 819.200195312 843.874938965 881.709472656
860.324707031 822.49017334 838.940002441 878.419494629
866.904663086 825.780151367 837.29498291 886.64440918
868.549621582 825.780151367 837.29498291 889.934387207
871.839599609 824.135131836 840.584960938 889.934387207
861.969726562 827.425109863 838.940002441 881.709472656
866.904663086 829.070068359 837.29498291 878.419494629
865.259643555 830.715087891 837.29498291 878.419494629
860.324707031 830.715087891 837.29498291 876.774536133
858.679748535 832.360046387 834.005004883 870.194580078
855.389770508 832.360046387 837.29498291 865.259643555
860.324707031 832.360046387 835.650024414 866.904663086
858.679748535 832.360046387 834.005004883 866.904663086
863.614685059 830.715087891 837.29498291 873.484558105
857.034729004 830.715087891 834.005004883 866.904663086
855.389770508 832.360046387 834.005004883 868.549621582
855.389770508 830.715087891 834.005004883 870.194580078
855.389770508 830.715087891 832.360046387 866.904663086
855.389770508 834.005004883 827.425109863 871.839599609
857.034729004 834.005004883 825.780151367 871.839599609
853.744812012 834.005004883 825.780151367 875.129516602
848.809875488 835.650024414 827.425109863 871.839599609
857.034729004 835.650024414 829.070068359 875.129516602
857.034729004 834.005004883 829.070068359 875.129516602
863.614685059 835.650024414 830.715087891 881.709472656
857.034729004 832.360046387 830.715087891 875.129516602
855.389770508 837.29498291 834.005004883 866.904663086
853.744812012 838.940002441 829.070068359 863.614685059
848.809875488 838.940002441 829.070068359 857.034729004
848.809875488 840.584960938 825.780151367 857.034729004
845.519897461 838.940002441 825.780151367 852.09979248
842.229919434 842.229919434 820.845214844 850.454833984
848.809875488 838.940002441 819.200195312 858.679748535
843.874938965 838.940002441 822.49017334 855.389770508
850.454833984 837.29498291 820.845214844 861.969726562
847.164855957 837.29498291 820.845214844 853.744812012
845.519897461 842.229919434 817.555236816 857.034729004
848.809875488 840.584960938 817.555236816 863.614685059
847.164855957 840.584960938 819.200195312 858.679748535
845.519897461 838.940002441 820.845214844 852.09979248
843.874938965 837.29498291 819.200195312 850.454833984
842.229919434 835.650024414 819.200195312 848.809875488
838.940002441 834.005004883 822.49017334 850.454833984
842.229919434 835.650024414 819.200195312 852.09979248
847.164855957 835.650024414 817.555236816 853.744812012
842.229919434 835.650024414 817.555236816 845.519897461
848.809875488 834.005004883 817.555236816 853.744812012
840.584960938 835.650024414 820.845214844 847.164855957
842.229919434 837.29498291 819.200195312 842.229919434
845.519897461 838.940002441 820.845214844 847.164855957
848.809875488 842.229919434 819.200195312 850.454833984
848.809875488 843.874938965 817.555236816 852.09979248
843.874938965 843.874938965 817.555236816 848.809875488
843.874938965 843.874938965 817.555236816 845.519897461
843.874938965 842.229919434 819.200195312 848.809875488
850.454833984 840.584960938 820.845214844 853.744812012
847.164855957 838.940002441 822.49017334 845.519897461
847.164855957 838.940002441 822.49017334 840.584960938
853.744812012 838.940002441 824.135131836 838.940002441
858.679748535 842.229919434 820.845214844 838.940002441
865.259643555 845.519897461 819.200195312 842.229919434
863.614685059 845.519897461 819.200195312 837.29498291
863.614685059 843.874938965 817.555236816 842.229919434
852.09979248 840.584960938 817.555236816 848.809875488
840.584960938 838.940002441 817.555236816 855.389770508
837.29498291 838.940002441 817.555236816 850.454833984
837.29498291 840.584960938 819.200195312 852.09979248
838.940002441 840.584960938 819.200195312 852.09979248
843.874938965 838.940002441 817.555236816 855.389770508
840.584960938 837.29498291 820.845214844 860.324707031
825.780151367 837.29498291 820.845214844 838.940002441
819.200195312 838.940002441 820.845214844 830.715087891
814.265258789 837.29498291 827.425109863 825.780151367
802.750427246 835.650024414 824.135131836 809.330322266
797.815490723 838.940002441 819.200195312 801.105407715
779.720703125 837.29498291 814.265258789 779.720703125
769.850830078 835.650024414 815.91027832 769.850830078
756.690979004 830.715087891 815.91027832 764.91583252
761.625915527 830.715087891 817.555236816 773.14074707
756.690979004 834.005004883 812.620300293 766.560852051
753.401000977 832.360046387 812.620300293 764.91583252
753.401000977 837.29498291 807.68536377 758.3359375
748.466064453 837.29498291 810.975280762 751.75604248
736.951171875 835.650024414 812.620300293 735.306213379
736.951171875 835.650024414 809.330322266 738.596191406
743.53112793 829.070068359 815.91027832 748.466064453
743.53112793 838.940002441 809.330322266 740.241149902
736.951171875 840.584960938 809.330322266 733.661254883
736.951171875 840.584960938 814.265258789 730.371276855
728.726318359 838.940002441 814.265258789 730.371276855
740.241149902 840.584960938 812.620300293 743.53112793
736.951171875 847.164855957 807.68536377 733.661254883
740.241149902 845.519897461 812.620300293 736.951171875
736.951171875 845.519897461 812.620300293 736.951171875
738.596191406 843.874938965 814.265258789 748.466064453
736.951171875 847.164855957 812.620300293 736.951171875
735.306213379 850.454833984 807.68536377 727.081298828
740.241149902 848.809875488 810.975280762 733.661254883
746.821105957 852.09979248 810.975280762 746.821105957
741.886108398 850.454833984 812.620300293 748.466064453
741.886108398 847.164855957 812.620300293 748.466064453
738.596191406 847.164855957 812.620300293 746.821105957
745.176086426 845.519897461 814.265258789 746.821105957
746.821105957 852.09979248 812.620300293 756.690979004
745.176086426 857.034729004 812.620300293 750.111022949
753.401000977 857.034729004 812.620300293 755.045959473
758.3359375 858.679748535 812.620300293 763.270874023
751.75604248 855.389770508 814.265258789 755.045959473
761.625915527 858.679748535 809.330322266 764.91583252
763.270874023 860.324707031 807.68536377 763.270874023
761.625915527 861.969726562 804.395385742 761.625915527
768.205810547 860.324707031 810.975280762 776.430725098
773.14074707 855.389770508 814.265258789 776.430725098
769.850830078 861.969726562 809.330322266 774.785766602
774.785766602 860.324707031 810.975280762 781.365661621
784.655639648 861.969726562 814.265258789 791.235534668
778.075683594 860.324707031 814.265258789 786.300598145
778.075683594 857.034729004 814.265258789 794.525512695
787.945556641 861.969726562 810.975280762 801.105407715
779.720703125 860.324707031 812.620300293 799.460449219
779.720703125 855.389770508 819.200195312 804.395385742
787.945556641 853.744812012 819.200195312 812.620300293
783.010620117 857.034729004 812.620300293 799.460449219
789.590576172 855.389770508 814.265258789 806.040344238
797.815490723 858.679748535 814.265258789 817.555236816
796.170471191 857.034729004 819.200195312 822.49017334
796.170471191 858.679748535 819.200195312 814.265258789
799.460449219 857.034729004 817.555236816 820.845214844
801.105407715 860.324707031 815.91027832 815.91027832
801.105407715 858.679748535 817.555236816 820.845214844
799.460449219 852.09979248 820.845214844 822.49017334
794.525512695 852.09979248 814.265258789 814.265258789
792.880554199 850.454833984 810.975280762 806.040344238
802.750427246 852.09979248 815.91027832 814.265258789
806.040344238 857.034729004 809.330322266 817.555236816
809.330322266 855.389770508 814.265258789 817.555236816
812.620300293 853.744812012 814.265258789 824.135131836
