845.519897461 834.005004883 834.005004883 855.389770508
847.164855957 837.29498291 834.005004883 857.034729004
850.454833984 840.584960938 834.005004883 863.614685059
855.389770508 840.584960938 830.715087891 863.614685059
852.09979248 838.940002441 827.425109863 858.679748535
848.809875488 837.29498291 830.715087891 855.389770508
848.809875488 837.29498291 827.425109863 861.969726562
847.164855957 832.360046387 824.135131836 852.09979248
847.164855957 835.650024414 827.425109863 860.324707031
847.164855957 837.29498291 825.780151367 855.389770508
843.874938965 837.29498291 827.425109863 845.519897461
848.809875488 837.29498291 830.715087891 853.744812012
855.389770508 837.29498291 829.070068359 850.454833984
853.744812012 838.940002441 832.360046387 855.389770508
853.744812012 835.650024414 825.780151367 857.034729004
852.09979248 835.650024414 829.070068359 848.809875488
848.809875488 835.650024414 829.070068359 855.389770508
845.519897461 835.650024414 829.070068359 847.164855957
845.519897461 835.650024414 829.070068359 847.164855957
845.519897461 835.650024414 820.845214844 848.809875488
847.164855957 838.940002441 827.425109863 842.229919434
850.454833984 835.650024414 825.780151367 852.09979248
845.519897461 835.650024414 825.780151367 852.09979248
840.584960938 837.29498291 827.425109863 848.809875488
837.29498291 837.29498291 824.135131836 850.454833984
842.229919434 838.940002441 829.070068359 853.744812012
840.584960938 838.940002441 829.070068359 857.034729004
837.29498291 838.940002441 830.715087891 852.09979248
834.005004883 837.29498291 832.360046387 852.09979248
834.005004883 838.940002441 834.005004883 847.164855957
840.584960938 838.940002441 835.650024414 843.874938965
835.650024414 838.940002441 837.29498291 850.454833984
827.425109863 843.874938965 835.650024414 838.940002441
835.650024414 843.874938965 834.005004883 838.940002441
832.360046387 845.519897461 829.070068359 848.809875488
837.29498291 845.519897461 827.425109863 840.584960938
837.29498291 845.519897461 825.780151367 838.940002441
829.070068359 845.519897461 829.070068359 842.229919434
834.005004883 845.519897461 829.070068359 843.874938965
830.715087891 840.584960938 827.425109863 842.229919434
832.360046387 840.584960938 834.005004883 843.874938965
838.940002441 842.229919434 832.360046387 843.874938965
840.584960938 843.874938965 830.715087891 845.519897461
838.940002441 843.874938965 834.005004883 845.519897461
840.584960938 845.519897461 829.070068359 847.164855957
835.650024414 842.229919434 825.780151367 845.519897461
843.874938965 842.229919434 829.070068359 850.454833984
847.164855957 848.809875488 829.070068359 852.09979248
843.874938965 843.874938965 825.780151367 855.389770508
840.584960938 843.874938965 827.425109863 857.034729004
842.229919434 845.519897461 830.715087891 850.454833984
845.519897461 847.164855957 830.715087891 852.09979248
847.164855957 845.519897461 830.715087891 853.744812012
847.164855957 845.519897461 832.360046387 848.809875488
840.584960938 843.874938965 825.780151367 848.809875488
838.940002441 843.874938965 827.425109863 850.454833984
837.29498291 850.454833984 832.360046387 847.164855957
838.940002441 848.809875488 830.715087891 847.164855957
842.229919434 845.519897461 835.650024414 855.389770508
850.454833984 843.874938965 832.360046387 858.679748535
837.29498291 853.744812012 830.715087891 843.874938965
830.715087891 853.744812012 827.425109863 825.780151367
835.650024414 852.09979248 829.070068359 834.005004883
835.650024414 852.09979248 827.425109863 835.650024414
837.29498291 848.809875488 829.070068359 838.940002441
837.29498291 850.454833984 829.070068359 843.874938965
838.940002441 850.454833984 829.070068359 838.940002441
837.29498291 848.809875488 827.425109863 842.229919434
843.874938965 848.809875488 827.425109863 857.034729004
838.940002441 848.809875488 824.135131836 853.744812012
835.650024414 847.164855957 825.780151367 842.229919434
843.874938965 845.519897461 830.715087891 845.519897461
850.454833984 845.519897461 827.425109863 852.09979248
842.229919434 845.519897461 829.070068359 852.09979248
842.229919434 843.874938965 827.425109863 852.09979248
847.164855957 840.584960938 827.425109863 857.034729004
847.164855957 843.874938965 829.070068359 860.324707031
847.164855957 847.164855957 830.715087891 858.679748535
852.09979248 848.809875488 832.360046387 855.389770508
850.454833984 845.519897461 830.715087891 860.324707031
855.389770508 845.519897461 825.780151367 861.969726562
855.389770508 843.874938965 825.780151367 858.679748535
853.744812012 840.584960938 830.715087891 861.969726562
848.809875488 840.584960938 829.070068359 861.969726562
850.454833984 842.229919434 834.005004883 866.904663086
853.744812012 842.229919434 834.005004883 865.259643555
850.454833984 840.584960938 827.425109863 857.034729004
852.09979248 843.874938965 830.715087891 858.679748535
853.744812012 843.874938965 825.780151367 850.454833984
845.519897461 845.519897461 822.49017334 858.679748535
852.09979248 848.809875488 825.780151367 858.679748535
850.454833984 848.809875488 822.49017334 853.744812012
848.809875488 847.164855957 819.200195312 852.09979248
852.09979248 845.519897461 820.845214844 855.389770508
848.809875488 848.809875488 824.135131836 858.679748535
852.09979248 848.809875488 827.425109863 857.034729004
847.164855957 848.809875488 824.135131836 857.034729004
845.519897461 850.454833984 825.780151367 850.454833984
850.454833984 850.454833984 829.070068359 850.454833984
847.164855957 853.744812012 829.070068359 852.09979248
850.454833984 852.09979248 835.650024414 853.744812012
850.454833984 847.164855957 832.360046387 852.09979248
845.519897461 847.164855957 830.715087891 847.164855957
847.164855957 847.164855957 837.29498291 848.809875488
848.809875488 852.09979248 837.29498291 843.874938965
837.29498291 847.164855957 834.005004883 838.940002441
835.650024414 845.519897461 835.650024414 840.584960938
838.940002441 845.519897461 834.005004883 845.519897461
832.360046387 843.874938965 837.29498291 842.229919434
834.005004883 847.164855957 840.584960938 847.164855957
840.584960938 847.164855957 838.940002441 840.584960938
840.584960938 847.164855957 843.874938965 840.584960938
835.650024414 852.09979248 842.229919434 838.940002441
832.360046387 850.454833984 843.874938965 830.715087891
825.780151367 848.809875488 842.229919434 838.940002441
822.49017334 853.744812012 843.874938965 824.135131836
824.135131836 853.744812012 845.519897461 825.780151367
819.200195312 853.744812012 845.519897461 825.780151367
815.91027832 860.324707031 855.389770508 819.200195312
806.040344238 853.744812012 850.454833984 815.91027832
807.68536377 858.679748535 860.324707031 815.91027832
791.235534668 857.034729004 857.034729004 799.460449219
791.235534668 860.324707031 865.259643555 796.170471191
791.235534668 866.904663086 863.614685059 792.880554199
774.785766602 863.614685059 861.969726562 779.720703125
771.495788574 861.969726562 865.259643555 784.655639648
763.270874023 866.904663086 865.259643555 781.365661621
761.625915527 870.194580078 870.194580078 768.205810547
758.3359375 870.194580078 868.549621582 766.560852051
758.3359375 871.839599609 866.904663086 768.205810547
756.690979004 876.774536133 863.614685059 755.045959473
761.625915527 878.419494629 865.259643555 746.821105957
761.625915527 878.419494629 868.549621582 748.466064453
756.690979004 873.484558105 866.904663086 750.111022949
761.625915527 868.549621582 866.904663086 763.270874023
761.625915527 861.969726562 868.549621582 769.850830078
761.625915527 861.969726562 866.904663086 773.14074707
768.205810547 858.679748535 865.259643555 781.365661621
778.075683594 861.969726562 860.324707031 789.590576172
787.945556641 863.614685059 853.744812012 792.880554199
799.460449219 860.324707031 843.874938965 804.395385742
810.975280762 855.389770508 842.229919434 819.200195312
820.845214844 850.454833984 840.584960938 830.715087891
830.715087891 845.519897461 835.650024414 840.584960938
838.940002441 840.584960938 827.425109863 847.164855957
843.874938965 838.940002441 827.425109863 855.389770508
847.164855957 838.940002441 825.780151367 858.679748535
853.744812012 835.650024414 825.780151367 866.904663086
861.969726562 835.650024414 825.780151367 870.194580078
868.549621582 834.005004883 820.845214844 873.484558105
870.194580078 832.360046387 819.200195312 878.419494629
873.484558105 837.29498291 820.845214844 873.484558105
875.129516602 837.29498291 819.200195312 880.064453125
868.549621582 840.584960938 822.49017334 886.64440918
876.774536133 837.29498291 822.49017334 883.354431152
878.419494629 835.650024414 819.200195312 886.64440918
873.484558105 832.360046387 819.200195312 883.354431152
883.354431152 832.360046387 820.845214844 886.64440918
888.289367676 835.650024414 819.200195312 889.934387207
880.064453125 835.650024414 822.49017334 891.579345703
883.354431152 835.650024414 820.845214844 894.86932373
878.419494629 834.005004883 822.49017334 891.579345703
870.194580078 837.29498291 824.135131836 891.579345703
884.999450684 838.940002441 824.135131836 894.86932373
894.86932373 837.29498291 820.845214844 891.579345703
878.419494629 837.29498291 819.200195312 894.86932373
883.354431152 837.29498291 824.135131836 896.514282227
886.64440918 834.005004883 819.200195312 896.514282227
894.86932373 835.650024414 822.49017334 894.86932373
888.289367676 837.29498291 824.135131836 896.514282227
883.354431152 834.005004883 825.780151367 886.64440918
876.774536133 835.650024414 822.49017334 889.934387207
880.064453125 838.940002441 822.49017334 888.289367676
884.999450684 835.650024414 814.265258789 888.289367676
878.419494629 835.650024414 817.555236816 886.64440918
880.064453125 835.650024414 822.49017334 884.999450684
881.709472656 834.005004883 822.49017334 878.419494629
884.999450684 835.650024414 820.845214844 878.419494629
876.774536133 838.940002441 822.49017334 884.999450684
875.129516602 837.29498291 822.49017334 878.419494629
876.774536133 835.650024414 820.845214844 878.419494629
876.774536133 838.940002441 824.135131836 876.774536133
871.839599609 837.29498291 825.780151367 875.129516602
875.129516602 835.650024414 822.49017334 876.774536133
876.774536133 835.650024414 827.425109863 873.484558105
875.129516602 838.940002441 822.49017334 876.774536133
861.969726562 838.940002441 822.49017334 875.129516602
858.679748535 838.940002441 824.135131836 873.484558105
858.679748535 838.940002441 827.425109863 871.839599609
868.549621582 838.940002441 824.135131836 868.549621582
870.194580078 838.940002441 824.135131836 866.904663086
863.614685059 840.584960938 825.780151367 875.129516602
865.259643555 837.29498291 824.135131836 866.904663086
868.549621582 842.229919434 829.070068359 863.614685059
866.904663086 845.519897461 829.070068359 875.129516602
857.034729004 842.229919434 827.425109863 866.904663086
853.744812012 842.229919434 829.070068359 860.324707031
847.164855957 842.229919434 832.360046387 863.614685059
853.744812012 845.519897461 830.715087891 853.744812012
853.744812012 845.519897461 829.070068359 863.614685059
852.09979248 842.229919434 832.360046387 863.614685059
852.09979248 840.584960938 832.360046387 857.034729004
855.389770508 845.519897461 838.940002441 858.679748535
852.09979248 843.874938965 837.29498291 857.034729004
848.809875488 840.584960938 837.29498291 858.679748535
847.164855957 842.229919434 835.650024414 866.904663086
848.809875488 843.874938965 834.005004883 858.679748535
850.454833984 845.519897461 837.29498291 855.389770508
847.164855957 845.519897461 834.005004883 855.389770508
847.164855957 845.519897461 830.715087891 852.09979248
847.164855957 847.164855957 838.940002441 857.034729004
847.164855957 843.874938965 835.650024414 861.969726562
850.454833984 845.519897461 843.874938965 863.614685059
857.034729004 848.809875488 847.164855957 866.904663086
855.389770508 850.454833984 845.519897461 863.614685059
850.454833984 850.454833984 848.809875488 861.969726562
843.874938965 848.809875488 843.874938965 860.324707031
845.519897461 850.454833984 845.519897461 855.389770508
847.164855957 847.164855957 843.874938965 853.744812012
853.744812012 850.454833984 850.454833984 852.09979248
860.324707031 850.454833984 850.454833984 847.164855957
848.809875488 848.809875488 850.454833984 855.389770508
852.09979248 853.744812012 861.969726562 860.324707031
852.09979248 852.09979248 868.549621582 852.09979248
857.034729004 853.744812012 875.129516602 858.679748535
852.09979248 850.454833984 875.129516602 853.744812012
845.519897461 850.454833984 871.839599609 857.034729004
835.650024414 847.164855957 868.549621582 855.389770508
832.360046387 843.874938965 873.484558105 852.09979248
842.229919434 847.164855957 876.774536133 852.09979248
842.229919434 848.809875488 875.129516602 848.809875488
838.940002441 850.454833984 875.129516602 847.164855957
834.005004883 848.809875488 875.129516602 845.519897461
835.650024414 852.09979248 873.484558105 845.519897461
842.229919434 850.454833984 868.549621582 847.164855957
847.164855957 850.454833984 868.549621582 855.389770508
847.164855957 853.744812012 865.259643555 853.744812012
845.519897461 852.09979248 863.614685059 858.679748535
847.164855957 853.744812012 868.549621582 863.614685059
840.584960938 852.09979248 866.904663086 855.389770508
847.164855957 848.809875488 865.259643555 858.679748535
843.874938965 850.454833984 863.614685059 855.389770508
834.005004883 848.809875488 861.969726562 852.09979248
838.940002441 845.519897461 860.324707031 853.744812012
837.29498291 848.809875488 861.969726562 860.324707031
842.229919434 853.744812012 860.324707031 850.454833984
850.454833984 855.389770508 861.969726562 852.09979248
850.454833984 857.034729004 863.614685059 853.744812012
847.164855957 855.389770508 866.904663086 852.09979248
845.519897461 853.744812012 865.259643555 865.259643555
847.164855957 855.389770508 871.839599609 865.259643555
845.519897461 857.034729004 875.129516602 860.324707031
845.519897461 850.454833984 871.839599609 855.389770508
845.519897461 848.809875488 876.774536133 855.389770508
847.164855957 853.744812012 881.709472656 861.969726562
845.519897461 853.744812012 886.64440918 858.679748535
850.454833984 853.744812012 904.739196777 858.679748535
848.809875488 853.744812012 911.319091797 858.679748535
848.809875488 855.389770508 909.674133301 857.034729004
850.454833984 860.324707031 909.674133301 861.969726562
847.164855957 861.969726562 912.964111328 855.389770508
847.164855957 863.614685059 926.123962402 848.809875488
855.389770508 871.839599609 935.993835449 848.809875488
852.09979248 878.419494629 932.703857422 853.744812012
850.454833984 880.064453125 927.768920898 855.389770508
845.519897461 883.354431152 926.123962402 850.454833984
843.874938965 876.774536133 916.25402832 850.454833984
840.584960938 871.839599609 912.964111328 847.164855957
840.584960938 873.484558105 908.029174805 848.809875488
834.005004883 873.484558105 904.739196777 845.519897461
834.005004883 868.549621582 909.674133301 842.229919434
838.940002441 870.194580078 904.739196777 840.584960938
842.229919434 870.194580078 894.86932373 848.809875488
847.164855957 868.549621582 894.86932373 852.09979248
843.874938965 866.904663086 889.934387207 848.809875488
850.454833984 870.194580078 886.64440918 848.809875488
848.809875488 868.549621582 886.64440918 852.09979248
848.809875488 866.904663086 881.709472656 855.389770508
847.164855957 866.904663086 880.064453125 858.679748535
847.164855957 868.549621582 881.709472656 855.389770508
845.519897461 866.904663086 878.419494629 847.164855957
843.874938965 866.904663086 880.064453125 847.164855957
838.940002441 863.614685059 881.709472656 848.809875488
837.29498291 858.679748535 878.419494629 845.519897461
835.650024414 855.389770508 875.129516602 847.164855957
837.29498291 853.744812012 873.484558105 848.809875488
847.164855957 855.389770508 873.484558105 850.454833984
842.229919434 850.454833984 865.259643555 857.034729004
842.229919434 850.454833984 863.614685059 848.809875488
842.229919434 852.09979248 860.324707031 850.454833984
840.584960938 848.809875488 855.389770508 852.09979248
838.940002441 850.454833984 853.744812012 852.09979248
838.940002441 850.454833984 857.034729004 852.09979248
842.229919434 848.809875488 855.389770508 853.744812012
843.874938965 847.164855957 853.744812012 857.034729004
852.09979248 852.09979248 852.09979248 858.679748535
855.389770508 852.09979248 847.164855957 863.614685059
857.034729004 853.744812012 850.454833984 865.259643555
855.389770508 857.034729004 850.454833984 860.324707031
868.549621582 857.034729004 847.164855957 865.259643555
866.904663086 857.034729004 848.809875488 866.904663086
861.969726562 857.034729004 845.519897461 875.129516602
858.679748535 852.09979248 847.164855957 880.064453125
850.454833984 850.454833984 847.164855957 868.549621582
850.454833984 848.809875488 848.809875488 863.614685059
845.519897461 848.809875488 848.809875488 860.324707031
850.454833984 852.09979248 843.874938965 857.034729004
852.09979248 853.744812012 845.519897461 857.034729004
850.454833984 858.679748535 848.809875488 857.034729004
850.454833984 858.679748535 848.809875488 855.389770508
847.164855957 858.679748535 848.809875488 860.324707031
843.874938965 853.744812012 847.164855957 855.389770508
850.454833984 852.09979248 850.454833984 853.744812012
848.809875488 852.09979248 850.454833984 852.09979248
842.229919434 848.809875488 848.809875488 848.809875488
832.360046387 848.809875488 843.874938965 845.519897461
827.425109863 848.809875488 840.584960938 838.940002441
835.650024414 848.809875488 842.229919434 838.940002441
837.29498291 847.164855957 843.874938965 845.519897461
842.229919434 850.454833984 847.164855957 850.454833984
837.29498291 848.809875488 840.584960938 853.744812012
832.360046387 848.809875488 843.874938965 852.09979248
837.29498291 850.454833984 842.229919434 845.519897461
840.584960938 852.09979248 842.229919434 848.809875488
838.940002441 852.09979248 843.874938965 855.389770508
843.874938965 853.744812012 847.164855957 853.744812012
845.519897461 850.454833984 843.874938965 852.09979248
847.164855957 848.809875488 850.454833984 848.809875488
847.164855957 845.519897461 852.09979248 852.09979248
842.229919434 845.519897461 848.809875488 858.679748535
847.164855957 850.454833984 850.454833984 852.09979248
847.164855957 847.164855957 847.164855957 855.389770508
845.519897461 847.164855957 848.809875488 850.454833984
842.229919434 845.519897461 848.809875488 853.744812012
848.809875488 845.519897461 845.519897461 855.389770508
860.324707031 850.454833984 847.164855957 860.324707031
860.324707031 850.454833984 848.809875488 857.034729004
857.034729004 852.09979248 843.874938965 857.034729004
853.744812012 847.164855957 842.229919434 863.614685059
853.744812012 845.519897461 843.874938965 857.034729004
850.454833984 845.519897461 847.164855957 858.679748535
852.09979248 845.519897461 852.09979248 860.324707031
848.809875488 845.519897461 845.519897461 852.09979248
850.454833984 850.454833984 843.874938965 852.09979248
858.679748535 853.744812012 838.940002441 858.679748535
852.09979248 852.09979248 842.229919434 857.034729004
853.744812012 850.454833984 842.229919434 853.744812012
857.034729004 848.809875488 843.874938965 858.679748535
852.09979248 850.454833984 852.09979248 852.09979248
850.454833984 848.809875488 843.874938965 850.454833984
852.09979248 848.809875488 847.164855957 852.09979248
850.454833984 845.519897461 843.874938965 843.874938965
852.09979248 843.874938965 845.519897461 847.164855957
850.454833984 845.519897461 847.164855957 847.164855957
848.809875488 842.229919434 848.809875488 855.389770508
847.164855957 842.229919434 848.809875488 853.744812012
850.454833984 847.164855957 848.809875488 858.679748535
852.09979248 850.454833984 840.584960938 863.614685059
868.549621582 848.809875488 838.940002441 868.549621582
853.744812012 838.940002441 843.874938965 870.194580078
830.715087891 835.650024414 858.679748535 840.584960938
822.49017334 837.29498291 863.614685059 843.874938965
825.780151367 837.29498291 863.614685059 847.164855957
829.070068359 837.29498291 865.259643555 847.164855957
822.49017334 834.005004883 868.549621582 843.874938965
815.91027832 832.360046387 871.839599609 842.229919434
801.105407715 832.360046387 870.194580078 842.229919434
815.91027832 830.715087891 866.904663086 845.519897461
824.135131836 829.070068359 868.549621582 857.034729004
812.620300293 827.425109863 871.839599609 845.519897461
822.49017334 832.360046387 868.549621582 845.519897461
824.135131836 830.715087891 863.614685059 850.454833984
824.135131836 830.715087891 863.614685059 852.09979248
834.005004883 834.005004883 858.679748535 855.389770508
834.005004883 834.005004883 858.679748535 860.324707031
837.29498291 838.940002441 853.744812012 870.194580078
838.940002441 837.29498291 855.389770508 857.034729004
832.360046387 837.29498291 852.09979248 858.679748535
832.360046387 838.940002441 850.454833984 857.034729004
838.940002441 837.29498291 853.744812012 857.034729004
840.584960938 838.940002441 848.809875488 858.679748535
843.874938965 842.229919434 848.809875488 857.034729004
842.229919434 845.519897461 843.874938965 858.679748535
840.584960938 845.519897461 843.874938965 855.389770508
838.940002441 843.874938965 843.874938965 855.389770508
843.874938965 847.164855957 855.389770508 861.969726562
843.874938965 845.519897461 853.744812012 861.969726562
847.164855957 843.874938965 852.09979248 865.259643555
853.744812012 842.229919434 853.744812012 865.259643555
857.034729004 842.229919434 850.454833984 865.259643555
853.744812012 845.519897461 852.09979248 868.549621582
845.519897461 848.809875488 852.09979248 863.614685059
837.29498291 845.519897461 850.454833984 860.324707031
842.229919434 848.809875488 855.389770508 861.969726562
840.584960938 845.519897461 850.454833984 858.679748535
840.584960938 848.809875488 848.809875488 858.679748535
837.29498291 848.809875488 850.454833984 845.519897461
838.940002441 848.809875488 847.164855957 835.650024414
838.940002441 850.454833984 848.809875488 847.164855957
837.29498291 850.454833984 855.389770508 850.454833984
827.425109863 845.519897461 852.09979248 842.229919434
830.715087891 843.874938965 852.09979248 845.519897461
832.360046387 847.164855957 850.454833984 842.229919434
832.360046387 847.164855957 842.229919434 838.940002441
834.005004883 850.454833984 847.164855957 845.519897461
832.360046387 852.09979248 848.809875488 847.164855957
837.29498291 853.744812012 850.454833984 848.809875488
840.584960938 858.679748535 853.744812012 852.09979248
835.650024414 855.389770508 853.744812012 850.454833984
837.29498291 853.744812012 855.389770508 842.229919434
838.940002441 852.09979248 852.09979248 847.164855957
835.650024414 853.744812012 852.09979248 848.809875488
840.584960938 857.034729004 852.09979248 838.940002441
838.940002441 858.679748535 850.454833984 842.229919434
842.229919434 860.324707031 858.679748535 848.809875488
845.519897461 858.679748535 857.034729004 848.809875488
838.940002441 860.324707031 857.034729004 847.164855957
837.29498291 861.969726562 858.679748535 845.519897461
843.874938965 860.324707031 855.389770508 838.940002441
845.519897461 860.324707031 852.09979248 847.164855957
848.809875488 861.969726562 852.09979248 847.164855957
848.809875488 863.614685059 855.389770508 845.519897461
848.809875488 865.259643555 855.389770508 848.809875488
845.519897461 863.614685059 858.679748535 853.744812012
847.164855957 858.679748535 861.969726562 852.09979248
845.519897461 858.679748535 857.034729004 848.809875488
848.809875488 861.969726562 860.324707031 848.809875488
850.454833984 861.969726562 860.324707031 848.809875488
852.09979248 863.614685059 861.969726562 848.809875488
850.454833984 861.969726562 861.969726562 848.809875488
850.454833984 861.969726562 860.324707031 848.809875488
847.164855957 860.324707031 865.259643555 843.874938965
845.519897461 860.324707031 863.614685059 850.454833984
848.809875488 865.259643555 863.614685059 850.454833984
842.229919434 866.904663086 865.259643555 850.454833984
845.519897461 866.904663086 865.259643555 853.744812012
843.874938965 865.259643555 863.614685059 850.454833984
842.229919434 865.259643555 863.614685059 855.389770508
842.229919434 865.259643555 863.614685059 860.324707031
843.874938965 865.259643555 865.259643555 857.034729004
843.874938965 861.969726562 861.969726562 850.454833984
842.229919434 865.259643555 865.259643555 848.809875488
840.584960938 868.549621582 863.614685059 847.164855957
838.940002441 868.549621582 870.194580078 848.809875488
837.29498291 866.904663086 875.129516602 852.09979248
843.874938965 866.904663086 873.484558105 850.454833984
850.454833984 863.614685059 870.194580078 852.09979248
850.454833984 863.614685059 866.904663086 852.09979248
850.454833984 865.259643555 871.839599609 850.454833984
847.164855957 865.259643555 880.064453125 850.454833984
848.809875488 866.904663086 893.224304199 848.809875488
852.09979248 868.549621582 898.159240723 850.454833984
852.09979248 868.549621582 896.514282227 850.454833984
850.454833984 873.484558105 904.739196777 850.454833984
845.519897461 873.484558105 931.058898926 850.454833984
840.584960938 876.774536133 954.088623047 852.09979248
842.229919434 881.709472656 957.378540039 848.809875488
842.229919434 884.999450684 960.668518066 850.454833984
840.584960938 888.289367676 940.928771973 848.809875488
843.874938965 891.579345703 942.573730469 838.940002441
855.389770508 896.514282227 947.508666992 840.584960938
858.679748535 901.44921875 937.638793945 842.229919434
858.679748535 906.384155273 935.993835449 850.454833984
857.034729004 903.094238281 935.993835449 853.744812012
843.874938965 901.44921875 926.123962402 850.454833984
835.650024414 903.094238281 926.123962402 847.164855957
837.29498291 903.094238281 921.188964844 853.744812012
837.29498291 906.384155273 917.899047852 852.09979248
842.229919434 904.739196777 914.609069824 843.874938965
837.29498291 904.739196777 904.739196777 840.584960938
838.940002441 904.739196777 908.029174805 832.360046387
838.940002441 903.094238281 909.674133301 834.005004883
840.584960938 903.094238281 909.674133301 840.584960938
845.519897461 904.739196777 904.739196777 847.164855957
845.519897461 908.029174805 901.44921875 855.389770508
843.874938965 909.674133301 898.159240723 850.454833984
837.29498291 914.609069824 893.224304199 850.454833984
842.229919434 917.899047852 898.159240723 850.454833984
842.229919434 917.899047852 893.224304199 852.09979248
842.229919434 916.25402832 886.64440918 852.09979248
845.519897461 916.25402832 891.579345703 855.389770508
843.874938965 912.964111328 880.064453125 850.454833984
838.940002441 916.25402832 881.709472656 852.09979248
838.940002441 916.25402832 876.774536133 852.09979248
842.229919434 917.899047852 873.484558105 845.519897461
845.519897461 921.188964844 865.259643555 848.809875488
845.519897461 927.768920898 866.904663086 845.519897461
850.454833984 931.058898926 865.259643555 850.454833984
842.229919434 929.413879395 865.259643555 845.519897461
837.29498291 929.413879395 868.549621582 845.519897461
847.164855957 927.768920898 865.259643555 848.809875488
840.584960938 926.123962402 863.614685059 845.519897461
840.584960938 929.413879395 860.324707031 850.454833984
838.940002441 935.993835449 857.034729004 857.034729004
837.29498291 937.638793945 855.389770508 848.809875488
838.940002441 939.283752441 855.389770508 852.09979248
845.519897461 937.638793945 848.809875488 853.744812012
838.940002441 932.703857422 847.164855957 843.874938965
843.874938965 934.348815918 843.874938965 850.454833984
838.940002441 934.348815918 842.229919434 850.454833984
829.070068359 932.703857422 838.940002441 843.874938965
842.229919434 932.703857422 838.940002441 850.454833984
835.650024414 934.348815918 838.940002441 847.164855957
842.229919434 935.993835449 834.005004883 843.874938965
842.229919434 939.283752441 832.360046387 852.09979248
843.874938965 934.348815918 829.070068359 852.09979248
842.229919434 931.058898926 829.070068359 848.809875488
845.519897461 929.413879395 834.005004883 850.454833984
845.519897461 929.413879395 832.360046387 848.809875488
838.940002441 927.768920898 824.135131836 843.874938965
838.940002441 931.058898926 824.135131836 842.229919434
838.940002441 929.413879395 829.070068359 838.940002441
842.229919434 931.058898926 830.715087891 840.584960938
834.005004883 929.413879395 824.135131836 843.874938965
837.29498291 926.123962402 829.070068359 840.584960938
835.650024414 924.478942871 825.780151367 840.584960938
837.29498291 921.188964844 829.070068359 840.584960938
842.229919434 919.544006348 834.005004883 845.519897461
837.29498291 916.25402832 829.070068359 840.584960938
832.360046387 917.899047852 834.005004883 840.584960938
837.29498291 917.899047852 838.940002441 845.519897461
837.29498291 916.25402832 843.874938965 847.164855957
830.715087891 912.964111328 838.940002441 852.09979248
830.715087891 912.964111328 842.229919434 845.519897461
835.650024414 916.25402832 860.324707031 848.809875488
842.229919434 916.25402832 873.484558105 852.09979248
837.29498291 914.609069824 883.354431152 853.744812012
838.940002441 914.609069824 886.64440918 858.679748535
842.229919434 914.609069824 884.999450684 858.679748535
837.29498291 911.319091797 876.774536133 857.034729004
837.29498291 909.674133301 880.064453125 855.389770508
830.715087891 901.44921875 878.419494629 848.809875488
837.29498291 903.094238281 875.129516602 848.809875488
835.650024414 901.44921875 873.484558105 848.809875488
838.940002441 904.739196777 876.774536133 852.09979248
838.940002441 903.094238281 875.129516602 853.744812012
842.229919434 901.44921875 870.194580078 850.454833984
840.584960938 904.739196777 870.194580078 855.389770508
830.715087891 901.44921875 865.259643555 850.454833984
830.715087891 899.804260254 865.259643555 853.744812012
830.715087891 898.159240723 868.549621582 845.519897461
834.005004883 898.159240723 873.484558105 845.519897461
834.005004883 896.514282227 871.839599609 840.584960938
827.425109863 894.86932373 870.194580078 835.650024414
835.650024414 896.514282227 868.549621582 843.874938965
837.29498291 894.86932373 865.259643555 843.874938965
840.584960938 896.514282227 870.194580078 838.940002441
848.809875488 896.514282227 870.194580078 842.229919434
840.584960938 894.86932373 873.484558105 847.164855957
834.005004883 891.579345703 876.774536133 847.164855957
832.360046387 893.224304199 880.064453125 843.874938965
832.360046387 891.579345703 880.064453125 837.29498291
838.940002441 891.579345703 878.419494629 835.650024414
840.584960938 891.579345703 873.484558105 838.940002441
840.584960938 891.579345703 876.774536133 835.650024414
842.229919434 896.514282227 883.354431152 842.229919434
842.229919434 898.159240723 881.709472656 847.164855957
847.164855957 896.514282227 883.354431152 853.744812012
838.940002441 899.804260254 886.64440918 855.389770508
842.229919434 901.44921875 889.934387207 847.164855957
850.454833984 904.739196777 898.159240723 845.519897461
850.454833984 914.609069824 908.029174805 853.744812012
855.389770508 919.544006348 911.319091797 861.969726562
848.809875488 926.123962402 911.319091797 852.09979248
848.809875488 929.413879395 912.964111328 858.679748535
852.09979248 929.413879395 914.609069824 860.324707031
848.809875488 926.123962402 919.544006348 855.389770508
850.454833984 926.123962402 927.768920898 857.034729004
843.874938965 924.478942871 931.058898926 852.09979248
847.164855957 926.123962402 940.928771973 860.324707031
847.164855957 922.833984375 932.703857422 855.389770508
848.809875488 924.478942871 929.413879395 855.389770508
848.809875488 924.478942871 929.413879395 852.09979248
845.519897461 922.833984375 926.123962402 848.809875488
848.809875488 921.188964844 932.703857422 853.744812012
843.874938965 914.609069824 924.478942871 855.389770508
845.519897461 914.609069824 922.833984375 858.679748535
852.09979248 914.609069824 927.768920898 860.324707031
848.809875488 911.319091797 924.478942871 860.324707031
852.09979248 914.609069824 929.413879395 866.904663086
848.809875488 909.674133301 927.768920898 860.324707031
850.454833984 909.674133301 926.123962402 858.679748535
852.09979248 908.029174805 926.123962402 855.389770508
850.454833984 906.384155273 922.833984375 852.09979248
845.519897461 903.094238281 916.25402832 858.679748535
847.164855957 903.094238281 916.25402832 860.324707031
848.809875488 903.094238281 909.674133301 861.969726562
845.519897461 899.804260254 908.029174805 857.034729004
848.809875488 901.44921875 914.609069824 857.034729004
840.584960938 896.514282227 914.609069824 860.324707031
842.229919434 898.159240723 916.25402832 853.744812012
843.874938965 894.86932373 914.609069824 850.454833984
840.584960938 893.224304199 912.964111328 847.164855957
847.164855957 898.159240723 912.964111328 852.09979248
843.874938965 898.159240723 909.674133301 855.389770508
843.874938965 898.159240723 912.964111328 857.034729004
837.29498291 896.514282227 908.029174805 848.809875488
842.229919434 893.224304199 908.029174805 847.164855957
845.519897461 894.86932373 903.094238281 848.809875488
848.809875488 891.579345703 903.094238281 850.454833984
850.454833984 889.934387207 898.159240723 852.09979248
842.229919434 891.579345703 894.86932373 850.454833984
848.809875488 891.579345703 898.159240723 858.679748535
855.389770508 894.86932373 894.86932373 853.744812012
857.034729004 889.934387207 889.934387207 852.09979248
852.09979248 886.64440918 883.354431152 855.389770508
845.519897461 888.289367676 876.774536133 857.034729004
852.09979248 889.934387207 878.419494629 853.744812012
852.09979248 886.64440918 880.064453125 850.454833984
855.389770508 884.999450684 878.419494629 848.809875488
853.744812012 886.64440918 876.774536133 852.09979248
850.454833984 886.64440918 880.064453125 858.679748535
853.744812012 886.64440918 878.419494629 860.324707031
860.324707031 884.999450684 876.774536133 855.389770508
861.969726562 884.999450684 875.129516602 858.679748535
861.969726562 886.64440918 880.064453125 870.194580078
860.324707031 886.64440918 878.419494629 863.614685059
857.034729004 886.64440918 881.709472656 855.389770508
850.454833984 880.064453125 876.774536133 858.679748535
850.454833984 875.129516602 875.129516602 855.389770508
848.809875488 876.774536133 875.129516602 858.679748535
852.09979248 878.419494629 881.709472656 860.324707031
853.744812012 881.709472656 875.129516602 858.679748535
857.034729004 881.709472656 871.839599609 861.969726562
855.389770508 881.709472656 868.549621582 860.324707031
852.09979248 881.709472656 866.904663086 860.324707031
855.389770508 881.709472656 870.194580078 858.679748535
850.454833984 880.064453125 868.549621582 857.034729004
860.324707031 878.419494629 863.614685059 858.679748535
860.324707031 878.419494629 861.969726562 860.324707031
863.614685059 880.064453125 861.969726562 858.679748535
865.259643555 880.064453125 860.324707031 857.034729004
858.679748535 873.484558105 857.034729004 865.259643555
850.454833984 871.839599609 855.389770508 863.614685059
843.874938965 870.194580078 852.09979248 860.324707031
843.874938965 871.839599609 855.389770508 858.679748535
845.519897461 871.839599609 850.454833984 855.389770508
852.09979248 871.839599609 852.09979248 860.324707031
848.809875488 871.839599609 857.034729004 860.324707031
853.744812012 870.194580078 852.09979248 866.904663086
860.324707031 870.194580078 858.679748535 865.259643555
858.679748535 871.839599609 852.09979248 861.969726562
857.034729004 875.129516602 845.519897461 865.259643555
847.164855957 876.774536133 853.744812012 860.324707031
852.09979248 876.774536133 848.809875488 853.744812012
857.034729004 876.774536133 848.809875488 853.744812012
852.09979248 876.774536133 850.454833984 858.679748535
855.389770508 873.484558105 845.519897461 858.679748535
852.09979248 873.484558105 850.454833984 865.259643555
852.09979248 873.484558105 850.454833984 865.259643555
857.034729004 876.774536133 853.744812012 866.904663086
853.744812012 876.774536133 843.874938965 865.259643555
852.09979248 878.419494629 848.809875488 857.034729004
857.034729004 876.774536133 848.809875488 868.549621582
857.034729004 871.839599609 843.874938965 860.324707031
857.034729004 873.484558105 847.164855957 860.324707031
855.389770508 870.194580078 847.164855957 866.904663086
855.389770508 871.839599609 842.229919434 860.324707031
857.034729004 866.904663086 843.874938965 875.129516602
871.839599609 866.904663086 842.229919434 883.354431152
875.129516602 876.774536133 838.940002441 873.484558105
852.09979248 878.419494629 834.005004883 852.09979248
853.744812012 881.709472656 835.650024414 845.519897461
858.679748535 881.709472656 827.425109863 852.09979248
850.454833984 881.709472656 824.135131836 847.164855957
853.744812012 880.064453125 827.425109863 847.164855957
857.034729004 883.354431152 822.49017334 855.389770508
843.874938965 876.774536133 815.91027832 843.874938965
848.809875488 876.774536133 819.200195312 845.519897461
863.614685059 881.709472656 815.91027832 847.164855957
860.324707031 876.774536133 814.265258789 852.09979248
866.904663086 876.774536133 825.780151367 853.744812012
873.484558105 875.129516602 819.200195312 860.324707031
865.259643555 873.484558105 822.49017334 860.324707031
858.679748535 866.904663086 824.135131836 852.09979248
861.969726562 863.614685059 822.49017334 858.679748535
858.679748535 863.614685059 822.49017334 852.09979248
858.679748535 866.904663086 825.780151367 852.09979248
858.679748535 866.904663086 829.070068359 857.034729004
863.614685059 865.259643555 829.070068359 860.324707031
865.259643555 863.614685059 829.070068359 865.259643555
865.259643555 863.614685059 830.715087891 855.389770508
865.259643555 865.259643555 827.425109863 858.679748535
868.549621582 865.259643555 834.005004883 860.324707031
865.259643555 865.259643555 835.650024414 863.614685059
866.904663086 861.969726562 832.360046387 863.614685059
860.324707031 860.324707031 834.005004883 863.614685059
857.034729004 855.389770508 834.005004883 865.259643555
850.454833984 852.09979248 834.005004883 863.614685059
852.09979248 857.034729004 837.29498291 866.904663086
852.09979248 855.389770508 835.650024414 857.034729004
848.809875488 855.389770508 830.715087891 865.259643555
850.454833984 857.034729004 834.005004883 861.969726562
853.744812012 855.389770508 837.29498291 860.324707031
855.389770508 855.389770508 832.360046387 861.969726562
858.679748535 858.679748535 832.360046387 858.679748535
865.259643555 858.679748535 837.29498291 866.904663086
868.549621582 861.969726562 834.005004883 870.194580078
863.614685059 860.324707031 832.360046387 861.969726562
861.969726562 860.324707031 835.650024414 863.614685059
857.034729004 858.679748535 827.425109863 860.324707031
852.09979248 857.034729004 835.650024414 863.614685059
857.034729004 860.324707031 840.584960938 858.679748535
853.744812012 860.324707031 834.005004883 853.744812012
852.09979248 858.679748535 838.940002441 852.09979248
850.454833984 857.034729004 832.360046387 855.389770508
845.519897461 858.679748535 834.005004883 855.389770508
847.164855957 857.034729004 838.940002441 845.519897461
845.519897461 857.034729004 837.29498291 850.454833984
847.164855957 857.034729004 838.940002441 857.034729004
847.164855957 857.034729004 837.29498291 858.679748535
852.09979248 858.679748535 838.940002441 866.904663086
858.679748535 861.969726562 838.940002441 865.259643555
860.324707031 863.614685059 837.29498291 857.034729004
855.389770508 863.614685059 837.29498291 861.969726562
852.09979248 861.969726562 832.360046387 865.259643555
855.389770508 865.259643555 843.874938965 866.904663086
857.034729004 861.969726562 840.584960938 861.969726562
861.969726562 863.614685059 835.650024414 861.969726562
852.09979248 866.904663086 832.360046387 853.744812012
845.519897461 863.614685059 834.005004883 852.09979248
847.164855957 866.904663086 832.360046387 853.744812012
845.519897461 863.614685059 835.650024414 845.519897461
847.164855957 860.324707031 835.650024414 850.454833984
845.519897461 861.969726562 835.650024414 853.744812012
845.519897461 863.614685059 842.229919434 855.389770508
847.164855957 865.259643555 837.29498291 858.679748535
850.454833984 866.904663086 845.519897461 857.034729004
853.744812012 863.614685059 842.229919434 863.614685059
850.454833984 861.969726562 843.874938965 861.969726562
845.519897461 861.969726562 842.229919434 858.679748535
852.09979248 868.549621582 847.164855957 855.389770508
857.034729004 871.839599609 843.874938965 860.324707031
853.744812012 875.129516602 843.874938965 860.324707031
852.09979248 876.774536133 840.584960938 855.389770508
843.874938965 873.484558105 840.584960938 858.679748535
838.940002441 870.194580078 840.584960938 852.09979248
838.940002441 870.194580078 840.584960938 843.874938965
840.584960938 871.839599609 835.650024414 845.519897461
838.940002441 875.129516602 834.005004883 843.874938965
837.29498291 878.419494629 842.229919434 842.229919434
840.584960938 881.709472656 842.229919434 850.454833984
840.584960938 883.354431152 838.940002441 853.744812012
845.519897461 878.419494629 838.940002441 858.679748535
848.809875488 888.289367676 837.29498291 857.034729004
832.360046387 891.579345703 835.650024414 829.070068359
842.229919434 889.934387207 835.650024414 834.005004883
842.229919434 891.579345703 832.360046387 837.29498291
835.650024414 886.64440918 832.360046387 840.584960938
842.229919434 883.354431152 853.744812012 848.809875488
835.650024414 884.999450684 855.389770508 842.229919434
834.005004883 884.999450684 855.389770508 840.584960938
838.940002441 883.354431152 855.389770508 847.164855957
842.229919434 889.934387207 855.389770508 847.164855957
837.29498291 889.934387207 847.164855957 843.874938965
840.584960938 888.289367676 855.389770508 842.229919434
842.229919434 884.999450684 847.164855957 845.519897461
842.229919434 886.64440918 843.874938965 847.164855957
837.29498291 886.64440918 848.809875488 843.874938965
843.874938965 891.579345703 850.454833984 848.809875488
845.519897461 891.579345703 843.874938965 845.519897461
840.584960938 891.579345703 845.519897461 838.940002441
848.809875488 889.934387207 843.874938965 847.164855957
838.940002441 886.64440918 842.229919434 845.519897461
842.229919434 888.289367676 848.809875488 845.519897461
848.809875488 886.64440918 842.229919434 845.519897461
845.519897461 888.289367676 847.164855957 845.519897461
843.874938965 886.64440918 840.584960938 843.874938965
845.519897461 884.999450684 835.650024414 845.519897461
852.09979248 884.999450684 834.005004883 843.874938965
857.034729004 886.64440918 832.360046387 852.09979248
853.744812012 884.999450684 829.070068359 852.09979248
850.454833984 886.64440918 834.005004883 847.164855957
847.164855957 886.64440918 832.360046387 852.09979248
842.229919434 883.354431152 829.070068359 850.454833984
843.874938965 884.999450684 832.360046387 852.09979248
837.29498291 884.999450684 832.360046387 863.614685059
842.229919434 888.289367676 837.29498291 860.324707031
845.519897461 883.354431152 832.360046387 860.324707031
847.164855957 880.064453125 832.360046387 865.259643555
843.874938965 878.419494629 830.715087891 858.679748535
840.584960938 875.129516602 827.425109863 857.034729004
837.29498291 875.129516602 832.360046387 857.034729004
838.940002441 875.129516602 830.715087891 853.744812012
837.29498291 871.839599609 832.360046387 848.809875488
838.940002441 871.839599609 830.715087891 852.09979248
835.650024414 873.484558105 825.780151367 852.09979248
838.940002441 871.839599609 827.425109863 845.519897461
845.519897461 870.194580078 825.780151367 843.874938965
843.874938965 873.484558105 827.425109863 842.229919434
855.389770508 875.129516602 832.360046387 848.809875488
848.809875488 868.549621582 834.005004883 852.09979248
848.809875488 868.549621582 830.715087891 855.389770508
847.164855957 866.904663086 835.650024414 858.679748535
842.229919434 863.614685059 829.070068359 850.454833984
840.584960938 863.614685059 827.425109863 852.09979248
837.29498291 866.904663086 830.715087891 848.809875488
835.650024414 866.904663086 829.070068359 843.874938965
830.715087891 866.904663086 824.135131836 845.519897461
835.650024414 868.549621582 829.070068359 848.809875488
842.229919434 866.904663086 827.425109863 853.744812012
835.650024414 863.614685059 827.425109863 853.744812012
837.29498291 865.259643555 829.070068359 847.164855957
837.29498291 866.904663086 834.005004883 845.519897461
837.29498291 863.614685059 830.715087891 843.874938965
840.584960938 863.614685059 835.650024414 857.034729004
843.874938965 866.904663086 845.519897461 853.744812012
845.519897461 863.614685059 840.584960938 848.809875488
842.229919434 865.259643555 840.584960938 853.744812012
845.519897461 863.614685059 842.229919434 852.09979248
843.874938965 861.969726562 835.650024414 860.324707031
842.229919434 860.324707031 838.940002441 857.034729004
843.874938965 863.614685059 838.940002441 855.389770508
845.519897461 865.259643555 842.229919434 860.324707031
848.809875488 863.614685059 848.809875488 860.324707031
850.454833984 861.969726562 848.809875488 861.969726562
847.164855957 857.034729004 850.454833984 860.324707031
843.874938965 857.034729004 855.389770508 860.324707031
845.519897461 858.679748535 858.679748535 852.09979248
843.874938965 858.679748535 865.259643555 848.809875488
837.29498291 857.034729004 878.419494629 842.229919434
843.874938965 858.679748535 888.289367676 847.164855957
845.519897461 858.679748535 888.289367676 852.09979248
850.454833984 858.679748535 891.579345703 852.09979248
853.744812012 858.679748535 888.289367676 847.164855957
843.874938965 858.679748535 880.064453125 845.519897461
843.874938965 857.034729004 881.709472656 853.744812012
845.519897461 858.679748535 878.419494629 852.09979248
852.09979248 860.324707031 871.839599609 852.09979248
847.164855957 857.034729004 871.839599609 853.744812012
848.809875488 860.324707031 875.129516602 850.454833984
847.164855957 860.324707031 868.549621582 853.744812012
842.229919434 857.034729004 870.194580078 855.389770508
848.809875488 855.389770508 865.259643555 853.744812012
848.809875488 853.744812012 865.259643555 858.679748535
850.454833984 858.679748535 868.549621582 858.679748535
850.454833984 857.034729004 857.034729004 860.324707031
853.744812012 855.389770508 863.614685059 861.969726562
853.744812012 853.744812012 858.679748535 860.324707031
847.164855957 852.09979248 857.034729004 852.09979248
847.164855957 855.389770508 860.324707031 853.744812012
840.584960938 855.389770508 852.09979248 842.229919434
847.164855957 857.034729004 853.744812012 845.519897461
850.454833984 855.389770508 850.454833984 842.229919434
848.809875488 857.034729004 852.09979248 847.164855957
845.519897461 860.324707031 852.09979248 843.874938965
842.229919434 858.679748535 850.454833984 847.164855957
842.229919434 857.034729004 850.454833984 848.809875488
838.940002441 857.034729004 848.809875488 847.164855957
840.584960938 857.034729004 853.744812012 843.874938965
840.584960938 858.679748535 847.164855957 845.519897461
835.650024414 861.969726562 850.454833984 845.519897461
838.940002441 863.614685059 852.09979248 848.809875488
837.29498291 865.259643555 843.874938965 852.09979248
834.005004883 865.259643555 845.519897461 848.809875488
837.29498291 866.904663086 840.584960938 850.454833984
832.360046387 860.324707031 834.005004883 847.164855957
834.005004883 861.969726562 840.584960938 850.454833984
834.005004883 861.969726562 838.940002441 858.679748535
837.29498291 865.259643555 847.164855957 863.614685059
843.874938965 865.259643555 840.584960938 860.324707031
840.584960938 865.259643555 838.940002441 857.034729004
843.874938965 865.259643555 837.29498291 860.324707031
845.519897461 861.969726562 830.715087891 858.679748535
840.584960938 865.259643555 834.005004883 858.679748535
840.584960938 865.259643555 837.29498291 853.744812012
845.519897461 866.904663086 837.29498291 852.09979248
847.164855957 866.904663086 835.650024414 863.614685059
848.809875488 868.549621582 838.940002441 866.904663086
852.09979248 868.549621582 840.584960938 868.549621582
847.164855957 866.904663086 834.005004883 853.744812012
845.519897461 868.549621582 837.29498291 853.744812012
850.454833984 868.549621582 832.360046387 860.324707031
848.809875488 868.549621582 835.650024414 855.389770508
848.809875488 870.194580078 832.360046387 861.969726562
847.164855957 866.904663086 835.650024414 855.389770508
840.584960938 863.614685059 830.715087891 850.454833984
842.229919434 866.904663086 834.005004883 855.389770508
837.29498291 866.904663086 842.229919434 848.809875488
840.584960938 868.549621582 835.650024414 850.454833984
838.940002441 866.904663086 830.715087891 853.744812012
840.584960938 865.259643555 830.715087891 850.454833984
845.519897461 866.904663086 829.070068359 852.09979248
843.874938965 866.904663086 830.715087891 845.519897461
842.229919434 868.549621582 834.005004883 838.940002441
834.005004883 871.839599609 824.135131836 838.940002441
822.49017334 866.904663086 817.555236816 834.005004883
824.135131836 866.904663086 824.135131836 835.650024414
819.200195312 866.904663086 817.555236816 825.780151367
812.620300293 865.259643555 819.200195312 822.49017334
809.330322266 868.549621582 815.91027832 819.200195312
802.750427246 866.904663086 804.395385742 812.620300293
796.170471191 873.484558105 814.265258789 810.975280762
796.170471191 876.774536133 820.845214844 802.750427246
784.655639648 876.774536133 815.91027832 794.525512695
778.075683594 880.064453125 817.555236816 786.300598145
774.785766602 876.774536133 814.265258789 789.590576172
773.14074707 880.064453125 814.265258789 789.590576172
763.270874023 883.354431152 817.555236816 779.720703125
759.980895996 881.709472656 819.200195312 774.785766602
758.3359375 881.709472656 822.49017334 774.785766602
751.75604248 884.999450684 822.49017334 771.495788574
755.045959473 886.64440918 825.780151367 776.430725098
756.690979004 891.579345703 827.425109863 773.14074707
751.75604248 886.64440918 814.265258789 769.850830078
771.495788574 884.999450684 822.49017334 776.430725098
771.495788574 884.999450684 812.620300293 779.720703125
781.365661621 881.709472656 797.815490723 786.300598145
796.170471191 880.064453125 794.525512695 801.105407715
810.975280762 878.419494629 784.655639648 819.200195312
822.49017334 876.774536133 783.010620117 829.070068359
832.360046387 871.839599609 781.365661621 840.584960938
838.940002441 868.549621582 773.14074707 842.229919434
838.940002441 863.614685059 774.785766602 838.940002441
842.229919434 861.969726562 764.91583252 847.164855957
847.164855957 865.259643555 771.495788574 852.09979248
853.744812012 866.904663086 774.785766602 860.324707031
860.324707031 863.614685059 771.495788574 863.614685059
861.969726562 857.034729004 774.785766602 870.194580078
868.549621582 858.679748535 778.075683594 873.484558105
873.484558105 857.034729004 766.560852051 876.774536133
873.484558105 855.389770508 764.91583252 883.354431152
873.484558105 860.324707031 773.14074707 881.709472656
880.064453125 860.324707031 774.785766602 881.709472656
884.999450684 857.034729004 774.785766602 891.579345703
883.354431152 857.034729004 784.655639648 889.934387207
881.709472656 853.744812012 783.010620117 884.999450684
884.999450684 855.389770508 779.720703125 889.934387207
886.64440918 857.034729004 784.655639648 888.289367676
889.934387207 857.034729004 784.655639648 888.289367676
884.999450684 855.389770508 783.010620117 893.224304199
886.64440918 855.389770508 791.235534668 893.224304199
891.579345703 857.034729004 796.170471191 893.224304199
888.289367676 855.389770508 789.590576172 889.934387207
893.224304199 853.744812012 792.880554199 888.289367676
888.289367676 852.09979248 796.170471191 886.64440918
891.579345703 853.744812012 796.170471191 889.934387207
894.86932373 855.389770508 801.105407715 889.934387207
891.579345703 853.744812012 799.460449219 891.579345703
886.64440918 853.744812012 801.105407715 891.579345703
883.354431152 852.09979248 802.750427246 889.934387207
880.064453125 852.09979248 799.460449219 894.86932373
875.129516602 850.454833984 802.750427246 888.289367676
878.419494629 850.454833984 804.395385742 886.64440918
878.419494629 850.454833984 807.68536377 884.999450684
875.129516602 853.744812012 804.395385742 889.934387207
876.774536133 852.09979248 812.620300293 886.64440918
873.484558105 848.809875488 802.750427246 884.999450684
873.484558105 852.09979248 804.395385742 880.064453125
870.194580078 852.09979248 807.68536377 873.484558105
873.484558105 853.744812012 812.620300293 873.484558105
875.129516602 857.034729004 812.620300293 878.419494629
868.549621582 855.389770508 815.91027832 876.774536133
865.259643555 855.389770508 814.265258789 875.129516602
868.549621582 855.389770508 814.265258789 875.129516602
870.194580078 853.744812012 815.91027832 870.194580078
880.064453125 855.389770508 819.200195312 875.129516602
873.484558105 853.744812012 810.975280762 873.484558105
865.259643555 853.744812012 817.555236816 873.484558105
857.034729004 857.034729004 820.845214844 873.484558105
847.164855957 852.09979248 815.91027832 870.194580078
850.454833984 855.389770508 819.200195312 861.969726562
847.164855957 852.09979248 817.555236816 863.614685059
848.809875488 852.09979248 815.91027832 863.614685059
850.454833984 850.454833984 812.620300293 857.034729004
853.744812012 853.744812012 817.555236816 860.324707031
850.454833984 853.744812012 817.555236816 861.969726562
847.164855957 852.09979248 824.135131836 855.389770508
850.454833984 853.744812012 827.425109863 850.454833984
845.519897461 853.744812012 824.135131836 855.389770508
847.164855957 857.034729004 827.425109863 855.389770508
852.09979248 857.034729004 822.49017334 868.549621582
847.164855957 857.034729004 825.780151367 871.839599609
848.809875488 858.679748535 832.360046387 865.259643555
850.454833984 857.034729004 824.135131836 858.679748535
848.809875488 860.324707031 830.715087891 858.679748535
847.164855957 857.034729004 829.070068359 857.034729004
845.519897461 857.034729004 822.49017334 855.389770508
847.164855957 861.969726562 829.070068359 861.969726562
847.164855957 865.259643555 827.425109863 855.389770508
845.519897461 860.324707031 819.200195312 857.034729004
847.164855957 863.614685059 820.845214844 857.034729004
852.09979248 865.259643555 815.91027832 858.679748535
848.809875488 861.969726562 819.200195312 858.679748535
853.744812012 865.259643555 820.845214844 855.389770508
852.09979248 865.259643555 825.780151367 852.09979248
850.454833984 863.614685059 820.845214844 852.09979248
850.454833984 865.259643555 814.265258789 855.389770508
847.164855957 863.614685059 817.555236816 852.09979248
847.164855957 863.614685059 817.555236816 848.809875488
842.229919434 860.324707031 812.620300293 850.454833984
843.874938965 861.969726562 819.200195312 847.164855957
847.164855957 861.969726562 815.91027832 853.744812012
843.874938965 860.324707031 817.555236816 853.744812012
850.454833984 860.324707031 822.49017334 853.744812012
847.164855957 858.679748535 814.265258789 852.09979248
845.519897461 858.679748535 815.91027832 855.389770508
848.809875488 860.324707031 819.200195312 857.034729004
843.874938965 861.969726562 814.265258789 857.034729004
845.519897461 860.324707031 809.330322266 855.389770508
845.519897461 857.034729004 810.975280762 847.164855957
848.809875488 857.034729004 810.975280762 842.229919434
848.809875488 857.034729004 807.68536377 852.09979248
842.229919434 858.679748535 809.330322266 855.389770508
845.519897461 857.034729004 804.395385742 857.034729004
852.09979248 858.679748535 807.68536377 857.034729004
848.809875488 858.679748535 817.555236816 850.454833984
848.809875488 857.034729004 812.620300293 850.454833984
847.164855957 858.679748535 809.330322266 850.454833984
843.874938965 858.679748535 806.040344238 848.809875488
845.519897461 855.389770508 804.395385742 853.744812012
850.454833984 858.679748535 809.330322266 852.09979248
842.229919434 857.034729004 809.330322266 848.809875488
838.940002441 858.679748535 804.395385742 850.454833984
842.229919434 858.679748535 807.68536377 848.809875488
837.29498291 858.679748535 806.040344238 847.164855957
838.940002441 858.679748535 812.620300293 847.164855957
845.519897461 857.034729004 809.330322266 852.09979248
843.874938965 857.034729004 806.040344238 845.519897461
837.29498291 857.034729004 809.330322266 847.164855957
838.940002441 860.324707031 809.330322266 848.809875488
835.650024414 861.969726562 809.330322266 843.874938965
835.650024414 860.324707031 810.975280762 850.454833984
835.650024414 857.034729004 809.330322266 848.809875488
830.715087891 861.969726562 817.555236816 845.519897461
832.360046387 861.969726562 819.200195312 845.519897461
832.360046387 861.969726562 814.265258789 850.454833984
834.005004883 863.614685059 814.265258789 852.09979248
835.650024414 860.324707031 814.265258789 850.454833984
834.005004883 861.969726562 819.200195312 847.164855957
830.715087891 858.679748535 812.620300293 847.164855957
835.650024414 857.034729004 819.200195312 840.584960938
837.29498291 857.034729004 819.200195312 847.164855957
832.360046387 858.679748535 822.49017334 847.164855957
837.29498291 858.679748535 827.425109863 838.940002441
837.29498291 857.034729004 824.135131836 850.454833984
837.29498291 858.679748535 825.780151367 848.809875488
840.584960938 858.679748535 822.49017334 843.874938965
842.229919434 863.614685059 824.135131836 853.744812012
848.809875488 870.194580078 830.715087891 845.519897461
850.454833984 871.839599609 822.49017334 847.164855957
845.519897461 873.484558105 825.780151367 853.744812012
847.164855957 871.839599609 822.49017334 853.744812012
843.874938965 870.194580078 815.91027832 845.519897461
848.809875488 868.549621582 820.845214844 855.389770508
847.164855957 870.194580078 824.135131836 853.744812012
842.229919434 868.549621582 820.845214844 852.09979248
848.809875488 871.839599609 822.49017334 853.744812012
855.389770508 873.484558105 822.49017334 848.809875488
850.454833984 876.774536133 824.135131836 852.09979248
847.164855957 875.129516602 820.845214844 855.389770508
850.454833984 873.484558105 815.91027832 853.744812012
843.874938965 871.839599609 815.91027832 853.744812012
852.09979248 876.774536133 824.135131836 853.744812012
853.744812012 876.774536133 829.070068359 860.324707031
848.809875488 876.774536133 822.49017334 863.614685059
850.454833984 878.419494629 822.49017334 853.744812012
852.09979248 875.129516602 812.620300293 858.679748535
850.454833984 875.129516602 817.555236816 863.614685059
852.09979248 875.129516602 817.555236816 855.389770508
855.389770508 876.774536133 814.265258789 860.324707031
850.454833984 876.774536133 814.265258789 855.389770508
848.809875488 876.774536133 817.555236816 853.744812012
843.874938965 873.484558105 815.91027832 852.09979248
838.940002441 871.839599609 817.555236816 850.454833984
842.229919434 870.194580078 815.91027832 848.809875488
842.229919434 868.549621582 817.555236816 848.809875488
848.809875488 866.904663086 819.200195312 853.744812012
843.874938965 863.614685059 814.265258789 852.09979248
840.584960938 865.259643555 817.555236816 853.744812012
842.229919434 866.904663086 815.91027832 853.744812012
834.005004883 868.549621582 806.040344238 850.454833984
832.360046387 868.549621582 810.975280762 855.389770508
835.650024414 865.259643555 814.265258789 857.034729004
840.584960938 863.614685059 812.620300293 853.744812012
838.940002441 863.614685059 815.91027832 845.519897461
838.940002441 860.324707031 815.91027832 842.229919434
838.940002441 865.259643555 807.68536377 847.164855957
843.874938965 863.614685059 812.620300293 853.744812012
850.454833984 865.259643555 804.395385742 860.324707031
843.874938965 866.904663086 796.170471191 855.389770508
842.229919434 873.484558105 796.170471191 861.969726562
842.229919434 878.419494629 797.815490723 865.259643555
848.809875488 876.774536133 802.750427246 861.969726562
853.744812012 878.419494629 812.620300293 866.904663086
853.744812012 876.774536133 796.170471191 861.969726562
850.454833984 876.774536133 801.105407715 863.614685059
850.454833984 880.064453125 794.525512695 865.259643555
845.519897461 880.064453125 789.590576172 861.969726562
852.09979248 883.354431152 797.815490723 860.324707031
853.744812012 883.354431152 789.590576172 860.324707031
857.034729004 883.354431152 791.235534668 863.614685059
853.744812012 883.354431152 794.525512695 860.324707031
847.164855957 883.354431152 797.815490723 861.969726562
847.164855957 881.709472656 796.170471191 863.614685059
847.164855957 884.999450684 794.525512695 858.679748535
848.809875488 881.709472656 791.235534668 861.969726562
847.164855957 878.419494629 792.880554199 857.034729004
845.519897461 880.064453125 789.590576172 857.034729004
853.744812012 878.419494629 791.235534668 855.389770508
850.454833984 880.064453125 789.590576172 860.324707031
850.454833984 884.999450684 799.460449219 860.324707031
857.034729004 883.354431152 792.880554199 855.389770508
865.259643555 881.709472656 787.945556641 866.904663086
865.259643555 875.129516602 802.750427246 870.194580078
840.584960938 868.549621582 802.750427246 845.519897461
830.715087891 868.549621582 809.330322266 850.454833984
815.91027832 861.969726562 807.68536377 840.584960938
824.135131836 866.904663086 807.68536377 852.09979248
825.780151367 863.614685059 820.845214844 861.969726562
819.200195312 861.969726562 819.200195312 853.744812012
834.005004883 860.324707031 817.555236816 853.744812012
837.29498291 863.614685059 810.975280762 855.389770508
830.715087891 865.259643555 806.040344238 855.389770508
838.940002441 871.839599609 807.68536377 863.614685059
832.360046387 873.484558105 802.750427246 857.034729004
838.940002441 875.129516602 801.105407715 861.969726562
845.519897461 878.419494629 802.750427246 866.904663086
838.940002441 878.419494629 801.105407715 860.324707031
840.584960938 878.419494629 791.235534668 871.839599609
845.519897461 881.709472656 789.590576172 866.904663086
850.454833984 883.354431152 784.655639648 866.904663086
848.809875488 884.999450684 776.430725098 865.259643555
848.809875488 886.64440918 774.785766602 866.904663086
853.744812012 888.289367676 776.430725098 863.614685059
848.809875488 889.934387207 776.430725098 853.744812012
857.034729004 893.224304199 781.365661621 855.389770508
858.679748535 891.579345703 779.720703125 861.969726562
848.809875488 888.289367676 781.365661621 871.839599609
843.874938965 889.934387207 784.655639648 873.484558105
843.874938965 889.934387207 779.720703125 865.259643555
850.454833984 891.579345703 773.14074707 866.904663086
853.744812012 893.224304199 768.205810547 871.839599609
850.454833984 896.514282227 761.625915527 868.549621582
845.519897461 894.86932373 761.625915527 866.904663086
848.809875488 894.86932373 761.625915527 861.969726562
847.164855957 893.224304199 755.045959473 858.679748535
850.454833984 894.86932373 755.045959473 865.259643555
845.519897461 898.159240723 755.045959473 863.614685059
843.874938965 899.804260254 755.045959473 858.679748535
847.164855957 904.739196777 756.690979004 860.324707031
843.874938965 903.094238281 755.045959473 858.679748535
840.584960938 904.739196777 750.111022949 861.969726562
843.874938965 911.319091797 751.75604248 863.614685059
845.519897461 914.609069824 753.401000977 858.679748535
850.454833984 917.899047852 748.466064453 861.969726562
847.164855957 919.544006348 750.111022949 860.324707031
845.519897461 922.833984375 751.75604248 850.454833984
850.454833984 926.123962402 755.045959473 852.09979248
858.679748535 927.768920898 756.690979004 853.744812012
858.679748535 924.478942871 759.980895996 853.744812012
855.389770508 919.544006348 756.690979004 860.324707031
845.519897461 916.25402832 759.980895996 857.034729004
845.519897461 916.25402832 763.270874023 857.034729004
852.09979248 916.25402832 759.980895996 865.259643555
860.324707031 912.964111328 771.495788574 865.259643555
858.679748535 909.674133301 766.560852051 860.324707031
863.614685059 911.319091797 774.785766602 863.614685059
863.614685059 904.739196777 771.495788574 865.259643555
850.454833984 901.44921875 768.205810547 863.614685059
855.389770508 901.44921875 773.14074707 865.259643555
855.389770508 896.514282227 764.91583252 865.259643555
857.034729004 898.159240723 769.850830078 865.259643555
858.679748535 896.514282227 768.205810547 870.194580078
858.679748535 893.224304199 763.270874023 866.904663086
852.09979248 891.579345703 768.205810547 860.324707031
847.164855957 888.289367676 761.625915527 863.614685059
848.809875488 889.934387207 768.205810547 857.034729004
848.809875488 884.999450684 774.785766602 857.034729004
853.744812012 883.354431152 773.14074707 863.614685059
857.034729004 883.354431152 774.785766602 861.969726562
858.679748535 878.419494629 771.495788574 863.614685059
855.389770508 878.419494629 776.430725098 865.259643555
853.744812012 875.129516602 774.785766602 858.679748535
848.809875488 875.129516602 783.010620117 858.679748535
855.389770508 875.129516602 789.590576172 860.324707031
855.389770508 873.484558105 786.300598145 861.969726562
853.744812012 871.839599609 796.170471191 863.614685059
857.034729004 868.549621582 787.945556641 866.904663086
853.744812012 868.549621582 789.590576172 865.259643555
858.679748535 868.549621582 791.235534668 865.259643555
857.034729004 866.904663086 791.235534668 855.389770508
852.09979248 868.549621582 796.170471191 857.034729004
852.09979248 866.904663086 792.880554199 857.034729004
852.09979248 865.259643555 796.170471191 853.744812012
852.09979248 863.614685059 794.525512695 858.679748535
853.744812012 863.614685059 789.590576172 861.969726562
852.09979248 861.969726562 796.170471191 860.324707031
852.09979248 861.969726562 799.460449219 863.614685059
857.034729004 860.324707031 796.170471191 866.904663086
850.454833984 858.679748535 797.815490723 873.484558105
848.809875488 857.034729004 796.170471191 868.549621582
853.744812012 855.389770508 802.750427246 868.549621582
848.809875488 853.744812012 802.750427246 865.259643555
847.164855957 852.09979248 799.460449219 857.034729004
852.09979248 853.744812012 802.750427246 861.969726562
843.874938965 855.389770508 799.460449219 857.034729004
847.164855957 855.389770508 801.105407715 863.614685059
853.744812012 858.679748535 804.395385742 868.549621582
848.809875488 855.389770508 799.460449219 865.259643555
848.809875488 855.389770508 809.330322266 865.259643555
850.454833984 852.09979248 812.620300293 855.389770508
850.454833984 855.389770508 815.91027832 855.389770508
850.454833984 855.389770508 814.265258789 860.324707031
850.454833984 853.744812012 807.68536377 857.034729004
853.744812012 857.034729004 814.265258789 858.679748535
853.744812012 857.034729004 810.975280762 860.324707031
855.389770508 858.679748535 815.91027832 858.679748535
853.744812012 858.679748535 812.620300293 858.679748535
850.454833984 855.389770508 810.975280762 858.679748535
852.09979248 857.034729004 814.265258789 863.614685059
850.454833984 857.034729004 809.330322266 855.389770508
853.744812012 857.034729004 810.975280762 858.679748535
848.809875488 857.034729004 807.68536377 858.679748535
843.874938965 853.744812012 801.105407715 858.679748535
848.809875488 855.389770508 809.330322266 857.034729004
847.164855957 855.389770508 807.68536377 855.389770508
848.809875488 855.389770508 807.68536377 852.09979248
848.809875488 853.744812012 810.975280762 850.454833984
845.519897461 855.389770508 809.330322266 857.034729004
842.229919434 855.389770508 809.330322266 843.874938965
845.519897461 852.09979248 814.265258789 847.164855957
852.09979248 850.454833984 814.265258789 847.164855957
850.454833984 848.809875488 819.200195312 848.809875488
848.809875488 848.809875488 819.200195312 857.034729004
842.229919434 848.809875488 809.330322266 853.744812012
848.809875488 852.09979248 815.91027832 858.679748535
850.454833984 853.744812012 814.265258789 855.389770508
847.164855957 852.09979248 815.91027832 857.034729004
848.809875488 852.09979248 817.555236816 860.324707031
848.809875488 853.744812012 810.975280762 853.744812012
853.744812012 853.744812012 814.265258789 850.454833984
855.389770508 853.744812012 807.68536377 848.809875488
852.09979248 853.744812012 812.620300293 848.809875488
848.809875488 850.454833984 817.555236816 857.034729004
845.519897461 847.164855957 815.91027832 860.324707031
852.09979248 848.809875488 822.49017334 857.034729004
855.389770508 848.809875488 819.200195312 855.389770508
852.09979248 848.809875488 815.91027832 857.034729004
855.389770508 847.164855957 820.845214844 850.454833984
850.454833984 845.519897461 817.555236816 857.034729004
848.809875488 845.519897461 812.620300293 857.034729004
853.744812012 847.164855957 814.265258789 860.324707031
857.034729004 850.454833984 819.200195312 861.969726562
853.744812012 848.809875488 815.91027832 858.679748535
845.519897461 848.809875488 819.200195312 853.744812012
847.164855957 852.09979248 817.555236816 855.389770508
843.874938965 855.389770508 814.265258789 855.389770508
842.229919434 852.09979248 824.135131836 853.744812012
848.809875488 855.389770508 815.91027832 860.324707031
848.809875488 853.744812012 815.91027832 852.09979248
847.164855957 853.744812012 812.620300293 847.164855957
848.809875488 855.389770508 812.620300293 850.454833984
843.874938965 852.09979248 815.91027832 843.874938965
843.874938965 850.454833984 819.200195312 845.519897461
847.164855957 852.09979248 822.49017334 853.744812012
843.874938965 853.744812012 815.91027832 850.454833984
840.584960938 850.454833984 820.845214844 857.034729004
838.940002441 850.454833984 824.135131836 855.389770508
838.940002441 847.164855957 819.200195312 853.744812012
837.29498291 847.164855957 819.200195312 850.454833984
838.940002441 848.809875488 815.91027832 853.744812012
837.29498291 848.809875488 815.91027832 858.679748535
837.29498291 848.809875488 824.135131836 857.034729004
848.809875488 843.874938965 819.200195312 870.194580078
855.389770508 850.454833984 815.91027832 865.259643555
838.940002441 855.389770508 822.49017334 848.809875488
837.29498291 848.809875488 820.845214844 853.744812012
834.005004883 847.164855957 822.49017334 845.519897461
834.005004883 842.229919434 815.91027832 848.809875488
840.584960938 843.874938965 819.200195312 853.744812012
840.584960938 845.519897461 817.555236816 852.09979248
838.940002441 845.519897461 820.845214844 847.164855957
845.519897461 845.519897461 820.845214844 853.744812012
852.09979248 847.164855957 812.620300293 857.034729004
843.874938965 848.809875488 817.555236816 850.454833984
850.454833984 845.519897461 825.780151367 855.389770508
855.389770508 843.874938965 822.49017334 857.034729004
840.584960938 840.584960938 819.200195312 852.09979248
842.229919434 842.229919434 817.555236816 850.454833984
835.650024414 840.584960938 812.620300293 853.744812012
837.29498291 842.229919434 820.845214844 857.034729004
847.164855957 843.874938965 819.200195312 857.034729004
845.519897461 843.874938965 820.845214844 858.679748535
847.164855957 845.519897461 822.49017334 852.09979248
848.809875488 843.874938965 817.555236816 850.454833984
852.09979248 848.809875488 820.845214844 847.164855957
847.164855957 848.809875488 820.845214844 847.164855957
852.09979248 847.164855957 822.49017334 852.09979248
848.809875488 845.519897461 824.135131836 852.09979248
847.164855957 845.519897461 822.49017334 850.454833984
845.519897461 845.519897461 814.265258789 848.809875488
845.519897461 843.874938965 822.49017334 847.164855957
855.389770508 843.874938965 819.200195312 847.164855957
858.679748535 843.874938965 820.845214844 857.034729004
858.679748535 845.519897461 822.49017334 860.324707031
850.454833984 847.164855957 822.49017334 865.259643555
835.650024414 843.874938965 820.845214844 861.969726562
840.584960938 847.164855957 835.650024414 852.09979248
842.229919434 845.519897461 827.425109863 853.744812012
837.29498291 845.519897461 824.135131836 847.164855957
838.940002441 847.164855957 829.070068359 853.744812012
835.650024414 845.519897461 830.715087891 860.324707031
838.940002441 847.164855957 827.425109863 853.744812012
840.584960938 847.164855957 834.005004883 855.389770508
835.650024414 843.874938965 830.715087891 852.09979248
838.940002441 845.519897461 829.070068359 847.164855957
842.229919434 843.874938965 830.715087891 855.389770508
850.454833984 847.164855957 830.715087891 853.744812012
850.454833984 848.809875488 830.715087891 858.679748535
843.874938965 850.454833984 829.070068359 860.324707031
840.584960938 848.809875488 830.715087891 847.164855957
843.874938965 850.454833984 829.070068359 853.744812012
843.874938965 845.519897461 820.845214844 852.09979248
843.874938965 847.164855957 832.360046387 847.164855957
843.874938965 845.519897461 829.070068359 857.034729004
842.229919434 843.874938965 827.425109863 848.809875488
842.229919434 847.164855957 825.780151367 843.874938965
843.874938965 852.09979248 827.425109863 852.09979248
848.809875488 852.09979248 829.070068359 853.744812012
848.809875488 848.809875488 829.070068359 850.454833984
850.454833984 850.454833984 824.135131836 853.744812012
842.229919434 850.454833984 819.200195312 855.389770508
837.29498291 852.09979248 819.200195312 852.09979248
837.29498291 853.744812012 822.49017334 855.389770508
834.005004883 850.454833984 820.845214844 843.874938965
838.940002441 852.09979248 819.200195312 840.584960938
843.874938965 855.389770508 819.200195312 850.454833984
842.229919434 848.809875488 817.555236816 853.744812012
855.389770508 853.744812012 822.49017334 860.324707031
848.809875488 853.744812012 809.330322266 852.09979248
847.164855957 858.679748535 822.49017334 852.09979248
848.809875488 860.324707031 815.91027832 850.454833984
850.454833984 858.679748535 820.845214844 855.389770508
850.454833984 855.389770508 817.555236816 848.809875488
845.519897461 857.034729004 815.91027832 848.809875488
847.164855957 857.034729004 814.265258789 853.744812012
843.874938965 857.034729004 810.975280762 848.809875488
845.519897461 857.034729004 814.265258789 853.744812012
840.584960938 852.09979248 810.975280762 848.809875488
843.874938965 853.744812012 812.620300293 847.164855957
848.809875488 855.389770508 812.620300293 847.164855957
843.874938965 855.389770508 807.68536377 848.809875488
845.519897461 858.679748535 817.555236816 852.09979248
845.519897461 860.324707031 814.265258789 850.454833984
843.874938965 855.389770508 814.265258789 848.809875488
843.874938965 850.454833984 820.845214844 843.874938965
838.940002441 845.519897461 829.070068359 843.874938965
830.715087891 843.874938965 850.454833984 847.164855957
835.650024414 847.164855957 860.324707031 845.519897461
845.519897461 850.454833984 863.614685059 850.454833984
842.229919434 850.454833984 858.679748535 847.164855957
843.874938965 845.519897461 860.324707031 848.809875488
845.519897461 845.519897461 852.09979248 852.09979248
