eeg 852.09979248 806.040344238 829.070068359 860.324707031
eeg 853.744812012 810.975280762 827.425109863 855.389770508
eeg 850.454833984 807.68536377 829.070068359 857.034729004
eeg 850.454833984 810.975280762 825.780151367 858.679748535
eeg 852.09979248 807.68536377 832.360046387 871.839599609
a 0.224294900894 0.189575076103 0.17313079536 0.313208818436
b 0.215776100755 0.0745934471488 0.102560013533 0.169107690454
d 0.403930038214 0.537533819675 0.459275901318 0.369600534439
g 0.0674499049783 0.0397780649364 0.0601643323898 0.0490835532546
t 0.0885490402579 0.158519595861 0.2048689574 0.0989993885159
h 1.0 1.0 1.0 1.0
c 0.650322854519
Aa 0.424942404032 0.376642793417 0.511643826962 0.978295326233
Ab 0.408126354218 -0.0284377783537 0.284247547388 0.710624754429
Ad 0.680429160595 0.829267323017 0.935343146324 1.05019390583
Ag -0.096895635128 -0.301494807005 0.0526085980237 0.173397347331
At 0.0213068835437 0.298944532871 0.584745645523 0.478093892336
as 0.619047641754 0.794871807098 1.0 0.986842095852
bs 0.833333313465 0.222222223878 0.648648619652 1.0
ds 0.368932038546 0.466666668653 1.0 1.0
gs 0.277777791023 0.5 0.674418628216 0.387096762657
ts 0.0410958901048 0.402985066175 0.964285731316 0.960784316063
eeg 852.09979248 812.620300293 834.005004883 871.839599609
eeg 855.389770508 814.265258789 835.650024414 871.839599609
eeg 857.034729004 810.975280762 834.005004883 873.484558105
eeg 855.389770508 815.91027832 830.715087891 850.454833984
eeg 853.744812012 815.91027832 829.070068359 860.324707031
eeg 855.389770508 817.555236816 825.780151367 860.324707031
eeg 855.389770508 817.555236816 834.005004883 857.034729004
eeg 857.034729004 815.91027832 838.940002441 870.194580078
eeg 860.324707031 822.49017334 837.29498291 861.969726562
eeg 857.034729004 824.135131836 834.005004883 861.969726562
eeg 857.034729004 819.200195312 835.650024414 853.744812012
eeg 853.744812012 819.200195312 840.584960938 858.679748535
eeg 860.324707031 820.845214844 840.584960938 873.484558105
eeg 858.679748535 824.135131836 835.650024414 875.129516602
eeg 857.034729004 819.200195312 835.650024414 855.389770508
eeg 855.389770508 817.555236816 834.005004883 853.744812012
eeg 852.09979248 817.555236816 835.650024414 847.164855957
eeg 857.034729004 815.91027832 845.519897461 861.969726562
eeg 850.454833984 815.91027832 837.29498291 870.194580078
eeg 848.809875488 817.555236816 838.940002441 861.969726562
eeg 850.454833984 817.555236816 835.650024414 857.034729004
eeg 853.744812012 820.845214844 837.29498291 860.324707031
a 0.237985238433 0.174209296703 0.176956102252 0.307961255312
b 0.218116924167 0.0655256211758 0.101179949939 0.171124264598
d 0.383246153593 0.57091742754 0.458977460861 0.370942056179
g 0.0616514980793 0.0349084474146 0.0625490769744 0.0504643246531
t 0.0990001782775 0.154439225793 0.200337424874 0.0995081067085
h 1.0 1.0 1.0 1.0
c 0.638361513615
Aa 0.421829253435 0.376642793417 0.512000858784 0.965678691864
Ab 0.38396859169 -0.0480174012482 0.269229769707 0.710494160652
Ad 0.628757059574 0.892144739628 0.925926685333 1.04648864269
Ag -0.164777129889 -0.321498006582 0.0603562258184 0.180167064071
At 0.0409152172506 0.324329108 0.565897405148 0.47504106164
as 0.619047641754 0.794871807098 1.0 0.960526287556
bs 0.733333349228 0.111111111939 0.621621608734 1.0
ds 0.32038834691 0.546666681767 1.0 1.0
gs 0.148148149252 0.416666656733 0.714285731316 0.419354826212
ts 0.0694444477558 0.430769234896 0.928571403027 0.941176474094
eeg 852.09979248 817.555236816 840.584960938 850.454833984
eeg 850.454833984 814.265258789 837.29498291 848.809875488
eeg 850.454833984 819.200195312 842.229919434 850.454833984
eeg 845.519897461 819.200195312 838.940002441 852.09979248
eeg 855.389770508 815.91027832 835.650024414 848.809875488
eeg 847.164855957 819.200195312 838.940002441 848.809875488
eeg 843.874938965 819.200195312 837.29498291 850.454833984
eeg 843.874938965 817.555236816 830.715087891 852.09979248
eeg 845.519897461 817.555236816 832.360046387 850.454833984
eeg 847.164855957 815.91027832 834.005004883 848.809875488
eeg 840.584960938 814.265258789 832.360046387 843.874938965
eeg 837.29498291 817.555236816 838.940002441 834.005004883
eeg 837.29498291 819.200195312 835.650024414 827.425109863
eeg 840.584960938 814.265258789 830.715087891 840.584960938
eeg 843.874938965 814.265258789 832.360046387 850.454833984
eeg 838.940002441 815.91027832 834.005004883 857.034729004
eeg 830.715087891 814.265258789 834.005004883 848.809875488
eeg 835.650024414 814.265258789 830.715087891 843.874938965
eeg 838.940002441 822.49017334 832.360046387 852.09979248
eeg 843.874938965 817.555236816 834.005004883 848.809875488
eeg 843.874938965 819.200195312 842.229919434 850.454833984
eeg 838.940002441 817.555236816 843.874938965 845.519897461
a 0.252570748329 0.156691402197 0.183285862207 0.30273014307
b 0.222947776318 0.058823980391 0.0992166101933 0.17619562149
d 0.357575029135 0.607225656509 0.456145167351 0.362815916538
g 0.0568870902061 0.0305518507957 0.0650245249271 0.0539833009243
t 0.110019356012 0.146707132459 0.196327835321 0.104275025427
h 1.0 1.0 1.0 1.0
c 0.625587105751
Aa 0.411793380976 0.367296755314 0.51294285059 0.939997494221
Ab 0.357613503933 -0.0581939853728 0.246398285031 0.704936921597
Ad 0.562777519226 0.9556016922 0.908916950226 1.01862812042
Ag -0.235575944185 -0.342710852623 0.062891073525 0.191201224923
At 0.0508794337511 0.338702827692 0.542795777321 0.47712212801
as 0.595238089561 0.769230782986 1.0 0.934210538864
bs 0.666666686535 0.0555555559695 0.540540516376 1.0
ds 0.252427190542 0.626666665077 0.984375 1.0
gs 0.0185185186565 0.347826093435 0.714285731316 0.451612889767
ts 0.0833333358169 0.461538463831 0.892857134342 0.941176474094
eeg 837.29498291 815.91027832 843.874938965 855.389770508
eeg 832.360046387 815.91027832 843.874938965 852.09979248
eeg 830.715087891 817.555236816 843.874938965 845.519897461
eeg 834.005004883 817.555236816 845.519897461 843.874938965
eeg 832.360046387 815.91027832 840.584960938 845.519897461
eeg 829.070068359 817.555236816 840.584960938 840.584960938
eeg 834.005004883 819.200195312 842.229919434 824.135131836
eeg 825.780151367 824.135131836 842.229919434 832.360046387
eeg 820.845214844 822.49017334 845.519897461 830.715087891
eeg 815.91027832 819.200195312 845.519897461 832.360046387
eeg 809.330322266 824.135131836 843.874938965 830.715087891
eeg 810.975280762 817.555236816 843.874938965 827.425109863
eeg 806.040344238 819.200195312 847.164855957 812.620300293
eeg 794.525512695 825.780151367 842.229919434 812.620300293
eeg 791.235534668 824.135131836 847.164855957 802.750427246
eeg 781.365661621 825.780151367 847.164855957 781.365661621
eeg 769.850830078 824.135131836 850.454833984 786.300598145
eeg 756.690979004 817.555236816 848.809875488 768.205810547
eeg 758.3359375 819.200195312 845.519897461 763.270874023
eeg 751.75604248 825.780151367 840.584960938 773.14074707
eeg 743.53112793 824.135131836 842.229919434 759.980895996
eeg 740.241149902 822.49017334 847.164855957 751.75604248
a 0.261240333319 0.142484143376 0.191738575697 0.302520424128
b 0.228084087372 0.0544271320105 0.0972336679697 0.180974274874
d 0.337937712669 0.638948857784 0.448902577162 0.341107726097
g 0.054149966687 0.0269118063152 0.0676645711064 0.0591714009643
t 0.118587896228 0.13722807169 0.194460600615 0.116226166487
h 1.0 1.0 1.0 1.0
c 0.613196790218
Aa 0.395486146212 0.361240118742 0.51362490654 0.916490793228
Ab 0.336540907621 -0.0567109584808 0.218732073903 0.693352937698
Ad 0.507282555103 1.01293969154 0.88306748867 0.968627631664
Ag -0.287955909967 -0.362583547831 0.0612767376006 0.207847937942
At 0.0524862632155 0.344916552305 0.519747018814 0.501039981842
as 0.56097561121 0.789473712444 1.0 0.89473682642
bs 0.566666662693 0.0555555559695 0.486486494541 0.978260874748
ds 0.194174751639 0.706666648388 0.9375 1.0
gs 0.0 0.260869562626 0.714285731316 0.516129016876
ts 0.0704225376248 0.461538463831 0.857142865658 1.0
eeg 727.081298828 829.070068359 843.874938965 743.53112793
eeg 722.146362305 827.425109863 840.584960938 733.661254883
eeg 730.371276855 827.425109863 840.584960938 748.466064453
eeg 723.791320801 827.425109863 838.940002441 743.53112793
eeg 723.791320801 832.360046387 835.650024414 727.081298828
eeg 725.436340332 832.360046387 832.360046387 733.661254883
eeg 727.081298828 829.070068359 832.360046387 743.53112793
eeg 733.661254883 830.715087891 830.715087891 755.045959473
eeg 738.596191406 825.780151367 829.070068359 759.980895996
eeg 738.596191406 822.49017334 832.360046387 753.401000977
eeg 743.53112793 824.135131836 825.780151367 748.466064453
eeg 748.466064453 824.135131836 822.49017334 745.176086426
eeg 753.401000977 820.845214844 829.070068359 755.045959473
eeg 766.560852051 822.49017334 829.070068359 758.3359375
eeg 764.91583252 822.49017334 825.780151367 763.270874023
eeg 759.980895996 817.555236816 827.425109863 761.625915527
eeg 768.205810547 817.555236816 829.070068359 764.91583252
eeg 764.91583252 812.620300293 829.070068359 779.720703125
eeg 768.205810547 809.330322266 835.650024414 781.365661621
eeg 774.785766602 806.040344238 832.360046387 778.075683594
eeg 779.720703125 810.975280762 827.425109863 773.14074707
eeg 779.720703125 814.265258789 830.715087891 781.365661621
a 0.261240333319 0.128871545196 0.197032928467 0.302520424128
b 0.228084087372 0.0521832704544 0.0960039645433 0.180974274874
d 0.337937712669 0.665895879269 0.442024767399 0.341107726097
g 0.054149966687 0.0242249090225 0.0704896748066 0.0591714009643
t 0.118587896228 0.128824397922 0.194448679686 0.116226166487
h 1.0 1.0 1.0 1.0
c 0.600806474686
Aa 0.395486146212 0.34468382597 0.50087416172 0.916490793228
Ab 0.336540907621 -0.0479419343174 0.188624486327 0.693352937698
Ad 0.507282555103 1.05793309212 0.851781904697 0.968627631664
Ag -0.287955909967 -0.381211072206 0.0544608198106 0.207847937942
At 0.0524862632155 0.344524919987 0.495140314102 0.501039981842
as 0.56097561121 0.736842095852 0.981481492519 0.89473682642
bs 0.566666662693 0.111111111939 0.405405402184 0.978260874748
ds 0.194174751639 0.756756782532 0.890625 1.0
gs 0.0 0.173913046718 0.690476179123 0.516129016876
ts 0.0704225376248 0.461538463831 0.803571403027 1.0
eeg 786.300598145 810.975280762 834.005004883 786.300598145
eeg 787.945556641 809.330322266 835.650024414 796.170471191
eeg 789.590576172 809.330322266 832.360046387 791.235534668
eeg 791.235534668 807.68536377 827.425109863 791.235534668
eeg 799.460449219 807.68536377 830.715087891 802.750427246
eeg 801.105407715 807.68536377 830.715087891 806.040344238
eeg 810.975280762 807.68536377 830.715087891 804.395385742
eeg 817.555236816 802.750427246 837.29498291 807.68536377
eeg 815.91027832 802.750427246 834.005004883 814.265258789
eeg 827.425109863 807.68536377 832.360046387 822.49017334
eeg 832.360046387 802.750427246 838.940002441 840.584960938
eeg 830.715087891 804.395385742 835.650024414 852.09979248
eeg 843.874938965 806.040344238 830.715087891 837.29498291
eeg 840.584960938 801.105407715 825.780151367 847.164855957
eeg 852.09979248 799.460449219 815.91027832 853.744812012
eeg 848.809875488 791.235534668 817.555236816 860.324707031
eeg 852.09979248 784.655639648 824.135131836 858.679748535
eeg 857.034729004 779.720703125 822.49017334 888.289367676
eeg 850.454833984 784.655639648 817.555236816 860.324707031
eeg 858.679748535 789.590576172 824.135131836 871.839599609
eeg 858.679748535 786.300598145 827.425109863 893.224304199
eeg 861.969726562 789.590576172 829.070068359 873.484558105
a 0.261240333319 0.11912444979 0.194202139974 0.302520424128
b 0.228084087372 0.05097861588 0.0958344116807 0.180974274874
d 0.337937712669 0.686291098595 0.442403286695 0.341107726097
g 0.054149966687 0.02210630849 0.0730837807059 0.0591714009643
t 0.118587896228 0.12149952352 0.194476380944 0.116226166487
h 1.0 1.0 1.0 1.0
c 0.588416159153
Aa 0.395486146212 0.329813450575 0.464809089899 0.916490793228
Ab 0.336540907621 -0.0387994274497 0.158076524734 0.693352937698
Ad 0.507282555103 1.09032094479 0.822373390198 0.968627631664
Ag -0.287955909967 -0.401671230793 0.0403760783374 0.207847937942
At 0.0524862632155 0.338387101889 0.465421915054 0.501039981842
as 0.56097561121 0.710526287556 0.907407402992 0.89473682642
bs 0.566666662693 0.166666671634 0.324324309826 0.978260874748
ds 0.194174751639 0.810810804367 0.841269850731 1.0
gs 0.0 0.0869565233588 0.666666686535 0.516129016876
ts 0.0704225376248 0.461538463831 0.75 1.0
eeg 881.709472656 789.590576172 830.715087891 881.709472656
eeg 878.419494629 789.590576172 825.780151367 881.709472656
eeg 880.064453125 794.525512695 822.49017334 878.419494629
eeg 886.64440918 796.170471191 820.845214844 891.579345703
eeg 888.289367676 799.460449219 822.49017334 889.934387207
eeg 889.934387207 801.105407715 829.070068359 881.709472656
eeg 883.354431152 796.170471191 830.715087891 876.774536133
eeg 883.354431152 794.525512695 827.425109863 878.419494629
eeg 886.64440918 789.590576172 824.135131836 896.514282227
eeg 880.064453125 791.235534668 829.070068359 889.934387207
eeg 881.709472656 794.525512695 830.715087891 880.064453125
eeg 873.484558105 792.880554199 825.780151367 861.969726562
eeg 868.549621582 791.235534668 822.49017334 878.419494629
eeg 876.774536133 791.235534668 825.780151367 888.289367676
eeg 875.129516602 789.590576172 829.070068359 891.579345703
eeg 873.484558105 794.525512695 829.070068359 884.999450684
eeg 876.774536133 796.170471191 824.135131836 884.999450684
eeg 875.129516602 797.815490723 819.200195312 883.354431152
eeg 876.774536133 801.105407715 825.780151367 878.419494629
eeg 876.774536133 796.170471191 832.360046387 884.999450684
eeg 875.129516602 801.105407715 832.360046387 873.484558105
eeg 871.839599609 802.750427246 834.005004883 878.419494629
a 0.261240333319 0.114446125925 0.172405764461 0.302520424128
b 0.228084087372 0.0496057011187 0.097567923367 0.180974274874
d 0.337937712669 0.700651288033 0.458912193775 0.341107726097
g 0.054149966687 0.0202029533684 0.075283229351 0.0591714009643
t 0.118587896228 0.115093939006 0.195830896497 0.116226166487
h 1.0 1.0 1.0 1.0
c 0.57602584362
Aa 0.395486146212 0.327744454145 0.377040117979 0.916490793228
Ab 0.336540907621 -0.0353250466287 0.129795387387 0.693352937698
Ad 0.507282555103 1.11464524269 0.802217960358 0.968627631664
Ag -0.287955909967 -0.425441771746 0.0171865765005 0.207847937942
At 0.0524862632155 0.330195814371 0.432369560003 0.501039981842
as 0.56097561121 0.710526287556 0.740740716457 0.89473682642
bs 0.566666662693 0.166666671634 0.243243247271 0.978260874748
ds 0.194174751639 0.837837815285 0.806451618671 1.0
gs 0.0 0.0 0.619047641754 0.516129016876
ts 0.0704225376248 0.446153849363 0.696428596973 1.0
eeg 868.549621582 802.750427246 829.070068359 891.579345703
eeg 878.419494629 804.395385742 822.49017334 886.64440918
eeg 881.709472656 802.750427246 827.425109863 883.354431152
eeg 886.64440918 801.105407715 824.135131836 875.129516602
eeg 873.484558105 804.395385742 824.135131836 875.129516602
eeg 850.454833984 802.750427246 824.135131836 865.259643555
eeg 855.389770508 802.750427246 825.780151367 861.969726562
eeg 853.744812012 807.68536377 832.360046387 865.259643555
eeg 850.454833984 812.620300293 832.360046387 852.09979248
eeg 858.679748535 815.91027832 829.070068359 861.969726562
eeg 855.389770508 815.91027832 829.070068359 860.324707031
eeg 855.389770508 809.330322266 834.005004883 863.614685059
eeg 850.454833984 801.105407715 838.940002441 863.614685059
eeg 838.940002441 802.750427246 842.229919434 847.164855957
eeg 837.29498291 807.68536377 840.584960938 853.744812012
eeg 840.584960938 810.975280762 837.29498291 861.969726562
eeg 847.164855957 812.620300293 840.584960938 871.839599609
eeg 845.519897461 814.265258789 843.874938965 860.324707031
eeg 842.229919434 815.91027832 842.229919434 860.324707031
eeg 848.809875488 819.200195312 843.874938965 858.679748535
eeg 850.454833984 825.780151367 838.940002441 860.324707031
eeg 843.874938965 820.845214844 838.940002441 873.484558105
a 0.261240333319 0.110639557242 0.142863765359 0.302520424128
b 0.228084087372 0.0475313439965 0.100423783064 0.180974274874
d 0.337937712669 0.714012920856 0.485015779734 0.341107726097
g 0.054149966687 0.0184919442981 0.0756619796157 0.0591714009643
t 0.118587896228 0.109324246645 0.19603471458 0.116226166487
h 1.0 1.0 1.0 1.0
c 0.563635528088
Aa 0.395486146212 0.327744454145 0.262219667435 0.916490793228
Ab 0.336540907621 -0.0391858741641 0.109134159982 0.693352937698
Ad 0.507282555103 1.13754010201 0.7930534482 0.968627631664
Ag -0.287955909967 -0.449183404446 -0.0138247106224 0.207847937942
At 0.0524862632155 0.322550535202 0.399630576372 0.501039981842
as 0.56097561121 0.710526287556 0.537037014961 0.89473682642
bs 0.566666662693 0.166666671634 0.189189195633 0.978260874748
ds 0.194174751639 0.864864885807 0.790322601795 1.0
gs 0.0 0.0 0.523809552193 0.516129016876
ts 0.0704225376248 0.430769234896 0.642857134342 1.0
eeg 848.809875488 819.200195312 838.940002441 870.194580078
eeg 842.229919434 819.200195312 835.650024414 868.549621582
eeg 838.940002441 817.555236816 838.940002441 861.969726562
eeg 837.29498291 814.265258789 840.584960938 855.389770508
eeg 835.650024414 815.91027832 834.005004883 850.454833984
eeg 837.29498291 819.200195312 832.360046387 860.324707031
eeg 840.584960938 817.555236816 829.070068359 861.969726562
eeg 840.584960938 814.265258789 835.650024414 873.484558105
eeg 837.29498291 810.975280762 838.940002441 865.259643555
eeg 842.229919434 807.68536377 837.29498291 860.324707031
eeg 843.874938965 809.330322266 835.650024414 866.904663086
eeg 845.519897461 812.620300293 837.29498291 871.839599609
eeg 845.519897461 812.620300293 842.229919434 858.679748535
eeg 842.229919434 814.265258789 840.584960938 868.549621582
eeg 850.454833984 815.91027832 842.229919434 868.549621582
eeg 852.09979248 815.91027832 843.874938965 865.259643555
eeg 853.744812012 817.555236816 843.874938965 866.904663086
eeg 852.09979248 815.91027832 845.519897461 866.904663086
eeg 840.584960938 814.265258789 845.519897461 865.259643555
eeg 843.874938965 812.620300293 842.229919434 868.549621582
eeg 842.229919434 810.975280762 840.584960938 868.549621582
eeg 840.584960938 807.68536377 842.229919434 853.744812012
a 0.261240333319 0.108145833015 0.115587249398 0.302520424128
b 0.228084087372 0.0445288866758 0.104211136699 0.180974274874
d 0.337937712669 0.727629840374 0.510038852692 0.341107726097
g 0.054149966687 0.0169883463532 0.0742705613375 0.0591714009643
t 0.118587896228 0.102707117796 0.195892184973 0.116226166487
h 1.0 1.0 1.0 1.0
c 0.551245212555
Aa 0.395486146212 0.338228076696 0.144844397902 0.916490793228
Ab 0.336540907621 -0.0471398867667 0.0998485833406 0.693352937698
Ad 0.507282555103 1.16612875462 0.789537727833 0.968627631664
Ag -0.287955909967 -0.465630620718 -0.0472488366067 0.207847937942
At 0.0524862632155 0.315818816423 0.373951554298 0.501039981842
as 0.56097561121 0.736842095852 0.314814805984 0.89473682642
bs 0.566666662693 0.111111111939 0.162162154913 0.978260874748
ds 0.194174751639 0.905405402184 0.790322601795 1.0
gs 0.0 0.0 0.43902438879 0.516129016876
ts 0.0704225376248 0.415384620428 0.589285731316 1.0
eeg 843.874938965 804.395385742 842.229919434 855.389770508
eeg 843.874938965 806.040344238 847.164855957 857.034729004
eeg 852.09979248 807.68536377 848.809875488 860.324707031
eeg 838.940002441 806.040344238 843.874938965 853.744812012
eeg 834.005004883 807.68536377 843.874938965 842.229919434
eeg 830.715087891 806.040344238 840.584960938 842.229919434
eeg 832.360046387 807.68536377 838.940002441 853.744812012
eeg 843.874938965 807.68536377 840.584960938 855.389770508
eeg 842.229919434 810.975280762 845.519897461 871.839599609
eeg 838.940002441 806.040344238 842.229919434 855.389770508
eeg 837.29498291 806.040344238 838.940002441 857.034729004
eeg 837.29498291 807.68536377 843.874938965 855.389770508
eeg 842.229919434 804.395385742 847.164855957 852.09979248
eeg 834.005004883 806.040344238 842.229919434 855.389770508
eeg 838.940002441 809.330322266 837.29498291 853.744812012
eeg 838.940002441 810.975280762 838.940002441 866.904663086
eeg 843.874938965 810.975280762 842.229919434 861.969726562
eeg 845.519897461 810.975280762 842.229919434 857.034729004
eeg 838.940002441 809.330322266 837.29498291 843.874938965
eeg 840.584960938 810.975280762 838.940002441 860.324707031
eeg 840.584960938 810.975280762 843.874938965 863.614685059
eeg 840.584960938 809.330322266 847.164855957 852.09979248
a 0.261240333319 0.102327644825 0.100576989353 0.302520424128
b 0.228084087372 0.0415158867836 0.108270436525 0.180974274874
d 0.337937712669 0.745244085789 0.524195253849 0.341107726097
g 0.054149966687 0.016039993614 0.072165697813 0.0591714009643
t 0.118587896228 0.0948723703623 0.194791644812 0.116226166487
h 1.0 1.0 1.0 1.0
c 0.538854837418
Aa 0.395486146212 0.337901830673 0.0688473209739 0.916490793228
Ab 0.336540907621 -0.0538768135011 0.100858561695 0.693352937698
Ad 0.507282555103 1.20020747185 0.78584176302 0.968627631664
Ag -0.287955909967 -0.466886967421 -0.0753205046058 0.207847937942
At 0.0524862632155 0.30504861474 0.355919003487 0.501039981842
as 0.56097561121 0.736842095852 0.185185179114 0.89473682642
bs 0.566666662693 0.0555555559695 0.162162154913 0.978260874748
ds 0.194174751639 0.958904087543 0.774193525314 1.0
gs 0.0 0.0 0.365853667259 0.516129016876
ts 0.0704225376248 0.40000000596 0.553571403027 1.0
eeg 845.519897461 817.555236816 847.164855957 860.324707031
eeg 842.229919434 812.620300293 842.229919434 837.29498291
eeg 840.584960938 814.265258789 840.584960938 843.874938965
eeg 837.29498291 814.265258789 842.229919434 842.229919434
eeg 838.940002441 810.975280762 842.229919434 845.519897461
eeg 830.715087891 810.975280762 842.229919434 845.519897461
eeg 832.360046387 810.975280762 845.519897461 842.229919434
eeg 832.360046387 809.330322266 843.874938965 850.454833984
eeg 838.940002441 807.68536377 832.360046387 842.229919434
eeg 837.29498291 806.040344238 834.005004883 850.454833984
eeg 835.650024414 806.040344238 840.584960938 852.09979248
eeg 829.070068359 802.750427246 840.584960938 835.650024414
eeg 822.49017334 799.460449219 837.29498291 835.650024414
eeg 827.425109863 806.040344238 837.29498291 845.519897461
eeg 832.360046387 802.750427246 837.29498291 850.454833984
eeg 824.135131836 802.750427246 837.29498291 848.809875488
eeg 824.135131836 809.330322266 837.29498291 840.584960938
eeg 824.135131836 807.68536377 835.650024414 840.584960938
eeg 824.135131836 806.040344238 838.940002441 840.584960938
eeg 838.940002441 802.750427246 842.229919434 830.715087891
eeg 840.584960938 809.330322266 842.229919434 847.164855957
eeg 829.070068359 807.68536377 842.229919434 848.809875488
a 0.261240333319 0.096244007349 0.114697262645 0.302520424128
b 0.228084087372 0.0394693799317 0.109562173486 0.180974274874
d 0.337937712669 0.763515472412 0.516402602196 0.341107726097
g 0.054149966687 0.0157577097416 0.0694488883018 0.0591714009643
t 0.118587896228 0.0850134044886 0.189889058471 0.116226166487
h 1.0 1.0 1.0 1.0
c 0.526464521885
Aa 0.395486146212 0.334956407547 0.124968387187 0.916490793228
Ab 0.336540907621 -0.0521569699049 0.105075977743 0.693352937698
Ad 0.507282555103 1.23440063 0.778403759003 0.968627631664
Ag -0.287955909967 -0.450924187899 -0.0929193645716 0.207847937942
At 0.0524862632155 0.281070142984 0.34391528368 0.501039981842
as 0.56097561121 0.710526287556 0.277777791023 0.89473682642
bs 0.566666662693 0.111111111939 0.162162154913 0.978260874748
ds 0.194174751639 1.0 0.774193525314 1.0
gs 0.0 0.0 0.341463416815 0.516129016876
ts 0.0704225376248 0.369230777025 0.54545456171 1.0
eeg 834.005004883 806.040344238 843.874938965 852.09979248
eeg 825.780151367 806.040344238 840.584960938 845.519897461
eeg 830.715087891 801.105407715 847.164855957 835.650024414
eeg 840.584960938 799.460449219 845.519897461 842.229919434
eeg 830.715087891 804.395385742 843.874938965 837.29498291
eeg 824.135131836 802.750427246 847.164855957 838.940002441
eeg 827.425109863 802.750427246 843.874938965 822.49017334
eeg 825.780151367 807.68536377 842.229919434 827.425109863
eeg 819.200195312 804.395385742 842.229919434 838.940002441
eeg 825.780151367 801.105407715 842.229919434 843.874938965
eeg 829.070068359 801.105407715 842.229919434 842.229919434
eeg 830.715087891 804.395385742 845.519897461 837.29498291
eeg 837.29498291 806.040344238 843.874938965 843.874938965
eeg 834.005004883 806.040344238 842.229919434 843.874938965
eeg 837.29498291 807.68536377 835.650024414 848.809875488
eeg 832.360046387 806.040344238 837.29498291 858.679748535
eeg 840.584960938 809.330322266 840.584960938 848.809875488
eeg 847.164855957 809.330322266 838.940002441 842.229919434
eeg 832.360046387 807.68536377 842.229919434 832.360046387
eeg 835.650024414 806.040344238 840.584960938 829.070068359
eeg 825.780151367 810.975280762 838.940002441 834.005004883
eeg 824.135131836 809.330322266 838.940002441 843.874938965
a 0.261240333319 0.092733040452 0.125966578722 0.302520424128
b 0.228084087372 0.0390381067991 0.109956584871 0.180974274874
d 0.337937712669 0.778083980083 0.508664309978 0.341107726097
g 0.054149966687 0.0161062087864 0.0687713027 0.0591714009643
t 0.118587896228 0.0740386545658 0.186641231179 0.116226166487
h 1.0 1.0 1.0 1.0
c 0.514074206352
Aa 0.395486146212 0.336502343416 0.161261856556 0.916490793228
Ab 0.336540907621 -0.0392434187233 0.102227762341 0.693352937698
Ad 0.507282555103 1.2602943182 0.767437815666 0.968627631664
Ag -0.287955909967 -0.42373880744 -0.101586222649 0.207847937942
At 0.0524862632155 0.238726347685 0.332014113665 0.501039981842
as 0.56097561121 0.710526287556 0.358490556479 0.89473682642
bs 0.566666662693 0.166666671634 0.138888895512 0.978260874748
ds 0.194174751639 1.0 0.741935491562 1.0
gs 0.0 0.0 0.31707316637 0.516129016876
ts 0.0704225376248 0.307692319155 0.527272701263 1.0
eeg 838.940002441 814.265258789 837.29498291 847.164855957
eeg 843.874938965 812.620300293 838.940002441 838.940002441
eeg 827.425109863 809.330322266 840.584960938 843.874938965
eeg 840.584960938 812.620300293 840.584960938 838.940002441
eeg 837.29498291 814.265258789 835.650024414 838.940002441
eeg 835.650024414 812.620300293 835.650024414 840.584960938
eeg 832.360046387 810.975280762 837.29498291 825.780151367
eeg 834.005004883 809.330322266 838.940002441 829.070068359
eeg 845.519897461 809.330322266 838.940002441 830.715087891
eeg 835.650024414 810.975280762 840.584960938 842.229919434
eeg 840.584960938 810.975280762 837.29498291 840.584960938
eeg 853.744812012 812.620300293 835.650024414 847.164855957
eeg 845.519897461 810.975280762 830.715087891 840.584960938
eeg 850.454833984 812.620300293 834.005004883 837.29498291
eeg 843.874938965 810.975280762 840.584960938 829.070068359
eeg 838.940002441 806.040344238 843.874938965 829.070068359
eeg 845.519897461 809.330322266 840.584960938 829.070068359
eeg 861.969726562 812.620300293 829.070068359 838.940002441
eeg 871.839599609 812.620300293 829.070068359 852.09979248
eeg 842.229919434 806.040344238 838.940002441 832.360046387
eeg 853.744812012 802.750427246 847.164855957 835.650024414
eeg 843.874938965 804.395385742 853.744812012 835.650024414
a 0.261240333319 0.0881743431091 0.136107593775 0.302520424128
b 0.228084087372 0.040431715548 0.10737593472 0.180974274874
d 0.337937712669 0.791326522827 0.503367304802 0.341107726097
g 0.054149966687 0.0169217735529 0.069067440927 0.0591714009643
t 0.118587896228 0.0631456151605 0.184081733227 0.116226166487
h 1.0 1.0 1.0 1.0
c 0.50168389082
Aa 0.395486146212 0.320337086916 0.186927974224 0.916490793228
Ab 0.336540907621 -0.0182829704136 0.0839525535703 0.693352937698
Ad 0.507282555103 1.27335059643 0.754930615425 0.968627631664
Ag -0.287955909967 -0.396559268236 -0.107681043446 0.207847937942
At 0.0524862632155 0.175338044763 0.318056285381 0.501039981842
as 0.56097561121 0.684210538864 0.396226406097 0.89473682642
bs 0.566666662693 0.277777791023 0.0833333358169 0.978260874748
ds 0.194174751639 1.0 0.725806474686 1.0
gs 0.0 0.125 0.292682915926 0.516129016876
ts 0.0704225376248 0.20000000298 0.509090900421 1.0
eeg 830.715087891 802.750427246 852.09979248 822.49017334
eeg 847.164855957 804.395385742 853.744812012 840.584960938
eeg 842.229919434 799.460449219 861.969726562 834.005004883
eeg 848.809875488 794.525512695 865.259643555 845.519897461
eeg 855.389770508 794.525512695 865.259643555 853.744812012
eeg 875.129516602 794.525512695 860.324707031 842.229919434
eeg 866.904663086 792.880554199 861.969726562 843.874938965
eeg 850.454833984 797.815490723 861.969726562 842.229919434
eeg 853.744812012 799.460449219 861.969726562 855.389770508
eeg 860.324707031 801.105407715 861.969726562 850.454833984
eeg 860.324707031 806.040344238 861.969726562 855.389770508
eeg 868.549621582 809.330322266 860.324707031 857.034729004
eeg 865.259643555 809.330322266 857.034729004 855.389770508
eeg 861.969726562 807.68536377 857.034729004 843.874938965
eeg 863.614685059 809.330322266 848.809875488 827.425109863
eeg 868.549621582 812.620300293 848.809875488 838.940002441
eeg 863.614685059 810.975280762 852.09979248 838.940002441
eeg 866.904663086 807.68536377 848.809875488 847.164855957
eeg 871.839599609 812.620300293 848.809875488 852.09979248
eeg 863.614685059 820.845214844 845.519897461 842.229919434
eeg 866.904663086 817.555236816 840.584960938 845.519897461
eeg 868.549621582 815.91027832 848.809875488 853.744812012
a 0.261240333319 0.0887466594577 0.153114363551 0.302520424128
b 0.228084087372 0.0427115857601 0.100457064807 0.180974274874
d 0.337937712669 0.797113478184 0.496444642544 0.341107726097
g 0.054149966687 0.0177607387304 0.0688093975186 0.0591714009643
t 0.118587896228 0.0536675155163 0.181174531579 0.116226166487
h 1.0 1.0 1.0 1.0
c 0.489293575287
Aa 0.395486146212 0.320337086916 0.230737507343 0.916490793228
Ab 0.336540907621 0.00273073185235 0.0477020479739 0.693352937698
Ad 0.507282555103 1.27370524406 0.741592407227 0.968627631664
Ag -0.287955909967 -0.378353923559 -0.116630665958 0.207847937942
At 0.0524862632155 0.10189653188 0.303818702698 0.501039981842
as 0.56097561121 0.684210538864 0.490566045046 0.89473682642
bs 0.566666662693 0.388888895512 0.0 0.978260874748
ds 0.194174751639 1.0 0.709677398205 1.0
gs 0.0 0.208333328366 0.27500000596 0.516129016876
ts 0.0704225376248 0.0634920671582 0.472727268934 1.0
eeg 870.194580078 810.975280762 848.809875488 847.164855957
eeg 866.904663086 810.975280762 853.744812012 857.034729004
eeg 863.614685059 817.555236816 850.454833984 850.454833984
eeg 858.679748535 819.200195312 840.584960938 847.164855957
eeg 868.549621582 817.555236816 838.940002441 855.389770508
eeg 861.969726562 815.91027832 835.650024414 850.454833984
eeg 865.259643555 815.91027832 837.29498291 861.969726562
eeg 865.259643555 815.91027832 842.229919434 860.324707031
eeg 861.969726562 817.555236816 842.229919434 853.744812012
eeg 863.614685059 819.200195312 840.584960938 853.744812012
eeg 860.324707031 819.200195312 842.229919434 852.09979248
eeg 870.194580078 820.845214844 842.229919434 860.324707031
eeg 861.969726562 819.200195312 838.940002441 863.614685059
eeg 857.034729004 820.845214844 842.229919434 857.034729004
eeg 866.904663086 815.91027832 843.874938965 850.454833984
eeg 855.389770508 810.975280762 843.874938965 842.229919434
eeg 863.614685059 815.91027832 847.164855957 850.454833984
eeg 875.129516602 815.91027832 840.584960938 857.034729004
eeg 868.549621582 809.330322266 840.584960938 858.679748535
eeg 870.194580078 809.330322266 843.874938965 858.679748535
eeg 880.064453125 809.330322266 840.584960938 858.679748535
eeg 868.549621582 810.975280762 838.940002441 845.519897461
a 0.261240333319 0.0908846929669 0.171320721507 0.302520424128
b 0.228084087372 0.0451848395169 0.0917073637247 0.180974274874
d 0.337937712669 0.797984242439 0.486634552479 0.341107726097
g 0.054149966687 0.0184393320233 0.0685142725706 0.0591714009643
t 0.118587896228 0.0475069247186 0.18182310462 0.116226166487
h 1.0 1.0 1.0 1.0
c 0.476903259754
Aa 0.395486146212 0.320337086916 0.271084725857 0.916490793228
Ab 0.336540907621 0.0168390758336 -0.000320933351759 0.693352937698
Ad 0.507282555103 1.26384067535 0.724477767944 0.968627631664
Ag -0.287955909967 -0.372408479452 -0.126944109797 0.207847937942
At 0.0524862632155 0.0386032424867 0.296923905611 0.501039981842
as 0.56097561121 0.684210538864 0.566037714481 0.89473682642
bs 0.566666662693 0.444444447756 0.0 0.978260874748
ds 0.194174751639 1.0 0.677419364452 1.0
gs 0.0 0.25 0.25 0.516129016876
ts 0.0704225376248 0.0 0.454545468092 1.0
eeg 871.839599609 810.975280762 838.940002441 847.164855957
eeg 880.064453125 812.620300293 835.650024414 838.940002441
eeg 865.259643555 812.620300293 842.229919434 861.969726562
eeg 863.614685059 815.91027832 837.29498291 870.194580078
eeg 881.709472656 817.555236816 842.229919434 868.549621582
eeg 866.904663086 815.91027832 848.809875488 863.614685059
eeg 870.194580078 810.975280762 845.519897461 861.969726562
eeg 871.839599609 812.620300293 845.519897461 860.324707031
eeg 863.614685059 809.330322266 843.874938965 870.194580078
eeg 863.614685059 806.040344238 842.229919434 868.549621582
eeg 868.549621582 807.68536377 840.584960938 857.034729004
eeg 866.904663086 807.68536377 843.874938965 861.969726562
eeg 858.679748535 806.040344238 843.874938965 863.614685059
eeg 865.259643555 802.750427246 845.519897461 858.679748535
eeg 873.484558105 802.750427246 845.519897461 843.874938965
eeg 853.744812012 807.68536377 847.164855957 845.519897461
eeg 860.324707031 804.395385742 840.584960938 843.874938965
eeg 858.679748535 809.330322266 838.940002441 850.454833984
eeg 855.389770508 812.620300293 838.940002441 861.969726562
eeg 861.969726562 814.265258789 837.29498291 853.744812012
eeg 860.324707031 814.265258789 837.29498291 860.324707031
eeg 863.614685059 812.620300293 837.29498291 853.744812012
a 0.261240333319 0.0943069458008 0.187650710344 0.302520424128
b 0.228084087372 0.0472521446645 0.0841751024127 0.180974274874
d 0.337937712669 0.793268978596 0.468638598919 0.341107726097
g 0.054149966687 0.0189546979964 0.0688919574022 0.0591714009643
t 0.118587896228 0.046217251569 0.190643653274 0.116226166487
h 1.0 1.0 1.0 1.0
c 0.464512944221
Aa 0.395486146212 0.320337086916 0.302511751652 0.916490793228
Ab 0.336540907621 0.0202149003744 -0.0456548109651 0.693352937698
Ad 0.507282555103 1.24521386623 0.699999570847 0.968627631664
Ag -0.287955909967 -0.376489758492 -0.132669955492 0.207847937942
At 0.0524862632155 0.0105975037441 0.309383869171 0.501039981842
as 0.56097561121 0.684210538864 0.622641503811 0.89473682642
bs 0.566666662693 0.5 0.0 0.978260874748
ds 0.194174751639 1.0 0.645161271095 1.0
gs 0.0 0.208333328366 0.230769231915 0.516129016876
ts 0.0704225376248 0.0 0.490909099579 1.0
eeg 870.194580078 812.620300293 838.940002441 858.679748535
eeg 860.324707031 812.620300293 838.940002441 863.614685059
eeg 863.614685059 812.620300293 842.229919434 857.034729004
eeg 847.164855957 812.620300293 842.229919434 853.744812012
eeg 848.809875488 810.975280762 837.29498291 842.229919434
eeg 857.034729004 814.265258789 835.650024414 857.034729004
eeg 850.454833984 814.265258789 840.584960938 847.164855957
eeg 850.454833984 812.620300293 838.940002441 843.874938965
eeg 845.519897461 812.620300293 838.940002441 857.034729004
eeg 861.969726562 812.620300293 838.940002441 845.519897461
eeg 852.09979248 815.91027832 834.005004883 850.454833984
eeg 850.454833984 819.200195312 830.715087891 848.809875488
eeg 850.454833984 817.555236816 834.005004883 843.874938965
eeg 853.744812012 815.91027832 829.070068359 848.809875488
eeg 857.034729004 820.845214844 832.360046387 853.744812012
eeg 857.034729004 820.845214844 835.650024414 853.744812012
eeg 850.454833984 817.555236816 829.070068359 845.519897461
eeg 845.519897461 819.200195312 830.715087891 842.229919434
eeg 848.809875488 814.265258789 835.650024414 843.874938965
eeg 855.389770508 812.620300293 834.005004883 837.29498291
eeg 855.389770508 814.265258789 834.005004883 838.940002441
eeg 850.454833984 814.265258789 827.425109863 848.809875488
a 0.261240333319 0.0989278480411 0.200272113085 0.302520424128
b 0.228084087372 0.0487709529698 0.0793318524957 0.180974274874
d 0.337937712669 0.781938970089 0.442067742348 0.341107726097
g 0.054149966687 0.0194807033986 0.0698450058699 0.0591714009643
t 0.118587896228 0.0508815348148 0.208483293653 0.116226166487
h 1.0 1.0 1.0 1.0
c 0.452122598886
Aa 0.395486146212 0.320337086916 0.328478604555 0.916490793228
Ab 0.336540907621 0.0131797557697 -0.0736942961812 0.693352937698
Ad 0.507282555103 1.21819138527 0.672346949577 0.968627631664
Ag -0.287955909967 -0.38537684083 -0.129006549716 0.207847937942
At 0.0524862632155 0.0315787009895 0.345929384232 0.501039981842
as 0.56097561121 0.684210538864 0.67924529314 0.89473682642
bs 0.566666662693 0.444444447756 0.0 0.978260874748
ds 0.194174751639 0.959459483624 0.596774220467 1.0
gs 0.0 0.166666671634 0.230769231915 0.516129016876
ts 0.0704225376248 0.0 0.54545456171 1.0
eeg 855.389770508 817.555236816 825.780151367 850.454833984
eeg 847.164855957 822.49017334 834.005004883 840.584960938
eeg 843.874938965 827.425109863 840.584960938 837.29498291
eeg 850.454833984 825.780151367 842.229919434 857.034729004
eeg 845.519897461 822.49017334 837.29498291 843.874938965
eeg 853.744812012 825.780151367 834.005004883 848.809875488
eeg 858.679748535 824.135131836 835.650024414 852.09979248
eeg 857.034729004 822.49017334 837.29498291 845.519897461
eeg 853.744812012 825.780151367 838.940002441 855.389770508
eeg 850.454833984 822.49017334 838.940002441 848.809875488
eeg 845.519897461 822.49017334 837.29498291 837.29498291
eeg 847.164855957 822.49017334 830.715087891 830.715087891
eeg 853.744812012 825.780151367 829.070068359 840.584960938
eeg 852.09979248 822.49017334 834.005004883 843.874938965
eeg 858.679748535 815.91027832 830.715087891 843.874938965
eeg 834.005004883 819.200195312 827.425109863 847.164855957
eeg 848.809875488 822.49017334 835.650024414 845.519897461
eeg 838.940002441 820.845214844 834.005004883 843.874938965
eeg 842.229919434 819.200195312 840.584960938 838.940002441
eeg 845.519897461 815.91027832 842.229919434 847.164855957
eeg 842.229919434 820.845214844 835.650024414 827.425109863
eeg 850.454833984 822.49017334 838.940002441 838.940002441
a 0.261240333319 0.104875385761 0.20685967803 0.302520424128
b 0.228084087372 0.0501717850566 0.0768756046891 0.180974274874
d 0.337937712669 0.763616323471 0.414880037308 0.341107726097
g 0.054149966687 0.0202705468982 0.0705972015858 0.0591714009643
t 0.118587896228 0.0610659681261 0.230787485838 0.116226166487
h 1.0 1.0 1.0 1.0
c 0.439732283354
Aa 0.395486146212 0.320337086916 0.349144220352 0.916490793228
Ab 0.336540907621 0.00012305562268 -0.0807430893183 0.693352937698
Ad 0.507282555103 1.18253874779 0.651390910149 0.968627631664
Ag -0.287955909967 -0.393471032381 -0.117744155228 0.207847937942
At 0.0524862632155 0.0854627490044 0.396680623293 0.501039981842
as 0.56097561121 0.684210538864 0.716981112957 0.89473682642
bs 0.566666662693 0.388888895512 0.0 0.978260874748
ds 0.194174751639 0.918918907642 0.56451612711 1.0
gs 0.0 0.125 0.256410270929 0.516129016876
ts 0.0704225376248 0.0757575780153 0.636363625526 1.0
eeg 838.940002441 824.135131836 840.584960938 830.715087891
eeg 837.29498291 822.49017334 842.229919434 829.070068359
eeg 847.164855957 824.135131836 837.29498291 852.09979248
eeg 840.584960938 827.425109863 838.940002441 850.454833984
eeg 852.09979248 829.070068359 838.940002441 863.614685059
eeg 843.874938965 829.070068359 834.005004883 842.229919434
eeg 843.874938965 829.070068359 835.650024414 847.164855957
eeg 843.874938965 829.070068359 832.360046387 847.164855957
eeg 832.360046387 820.845214844 830.715087891 840.584960938
eeg 829.070068359 817.555236816 834.005004883 853.744812012
eeg 832.360046387 819.200195312 830.715087891 820.845214844
eeg 838.940002441 810.975280762 829.070068359 820.845214844
eeg 848.809875488 815.91027832 827.425109863 832.360046387
eeg 838.940002441 817.555236816 829.070068359 835.650024414
eeg 850.454833984 820.845214844 837.29498291 847.164855957
eeg 835.650024414 819.200195312 835.650024414 842.229919434
eeg 845.519897461 817.555236816 830.715087891 840.584960938
eeg 838.940002441 814.265258789 830.715087891 843.874938965
eeg 861.969726562 812.620300293 830.715087891 848.809875488
eeg 868.549621582 814.265258789 829.070068359 840.584960938
eeg 857.034729004 814.265258789 832.360046387 830.715087891
eeg 870.194580078 812.620300293 830.715087891 829.070068359
a 0.261240333319 0.110106982291 0.207667544484 0.302520424128
b 0.228084087372 0.0521361529827 0.0755638107657 0.180974274874
d 0.337937712669 0.740990638733 0.395405441523 0.341107726097
g 0.054149966687 0.0214840378612 0.0704694613814 0.0591714009643
t 0.118587896228 0.0752821788192 0.250893741846 0.116226166487
h 1.0 1.0 1.0 1.0
c 0.427341967821
Aa 0.395486146212 0.312467545271 0.363874286413 0.916490793228
Ab 0.336540907621 -0.0122083155438 -0.0751805007458 0.693352937698
Ad 0.507282555103 1.14046537876 0.643548250198 0.968627631664
Ag -0.287955909967 -0.397231400013 -0.105493396521 0.207847937942
At 0.0524862632155 0.147344872355 0.44599545002 0.501039981842
as 0.56097561121 0.657894730568 0.73584908247 0.89473682642
bs 0.566666662693 0.333333343267 0.0 0.978260874748
ds 0.194174751639 0.864864885807 0.540983617306 1.0
gs 0.0 0.125 0.282051295042 0.516129016876
ts 0.0704225376248 0.181818187237 0.727272748947 1.0
eeg 853.744812012 812.620300293 830.715087891 832.360046387
eeg 848.809875488 810.975280762 834.005004883 840.584960938
eeg 850.454833984 806.040344238 832.360046387 842.229919434
eeg 871.839599609 817.555236816 827.425109863 835.650024414
eeg 870.194580078 810.975280762 827.425109863 834.005004883
eeg 863.614685059 809.330322266 830.715087891 834.005004883
eeg 855.389770508 807.68536377 835.650024414 847.164855957
eeg 852.09979248 809.330322266 835.650024414 838.940002441
eeg 880.064453125 812.620300293 834.005004883 827.425109863
eeg 893.224304199 814.265258789 830.715087891 842.229919434
eeg 873.484558105 814.265258789 824.135131836 838.940002441
eeg 857.034729004 810.975280762 829.070068359 843.874938965
eeg 871.839599609 814.265258789 829.070068359 840.584960938
eeg 893.224304199 812.620300293 830.715087891 834.005004883
eeg 865.259643555 814.265258789 838.940002441 847.164855957
eeg 865.259643555 812.620300293 840.584960938 842.229919434
eeg 878.419494629 814.265258789 845.519897461 843.874938965
eeg 875.129516602 817.555236816 842.229919434 835.650024414
eeg 891.579345703 810.975280762 838.940002441 829.070068359
eeg 873.484558105 809.330322266 835.650024414 825.780151367
eeg 865.259643555 804.395385742 837.29498291 820.845214844
eeg 896.514282227 814.265258789 834.005004883 815.91027832
a 0.0655883923173 0.107571922243 0.199944168329 0.132189929485
b 0.108268231153 0.0555106140673 0.0750549137592 0.224821269512
d 0.725936591625 0.722988784313 0.387989640236 0.453839272261
g 0.0572417713702 0.0231171641499 0.0701249316335 0.149773344398
t 0.0429649874568 0.0908115208149 0.266886353493 0.0393761843443
h 1.0 1.0 1.0 1.0
c 0.442675590515
Aa 0.26224821806 0.271048873663 0.357746899128 0.429147183895
Ab 0.479922264814 -0.0162740200758 -0.067782714963 0.659786164761
Ad 1.30631995201 1.09848153591 0.645658254623 0.964850842953
Ag 0.203134313226 -0.39671549201 -0.097289390862 0.48338329792
At 0.0785359218717 0.197490900755 0.483164489269 -0.0968175753951
as 0.243902444839 0.567567586899 0.73584908247 0.263157904148
bs 1.0 0.277777791023 0.0 0.913043498993
ds 0.970873773098 0.810810804367 0.540983617306 1.0
gs 0.836363613605 0.125 0.307692319155 1.0
ts 0.112676054239 0.257575750351 0.800000011921 0.0
eeg 881.709472656 814.265258789 837.29498291 829.070068359
eeg 889.934387207 812.620300293 834.005004883 838.940002441
eeg 870.194580078 810.975280762 832.360046387 830.715087891
eeg 871.839599609 812.620300293 832.360046387 810.975280762
eeg 857.034729004 810.975280762 830.715087891 815.91027832
eeg 893.224304199 812.620300293 825.780151367 822.49017334
eeg 868.549621582 809.330322266 835.650024414 840.584960938
eeg 865.259643555 810.975280762 838.940002441 838.940002441
eeg 886.64440918 817.555236816 835.650024414 835.650024414
eeg 860.324707031 814.265258789 838.940002441 830.715087891
eeg 883.354431152 810.975280762 837.29498291 832.360046387
eeg 876.774536133 810.975280762 838.940002441 827.425109863
eeg 866.904663086 815.91027832 840.584960938 829.070068359
eeg 866.904663086 810.975280762 838.940002441 840.584960938
eeg 873.484558105 812.620300293 834.005004883 835.650024414
eeg 868.549621582 812.620300293 834.005004883 820.845214844
eeg 873.484558105 810.975280762 835.650024414 835.650024414
eeg 878.419494629 817.555236816 834.005004883 845.519897461
eeg 876.774536133 817.555236816 835.650024414 847.164855957
eeg 871.839599609 819.200195312 834.005004883 855.389770508
eeg 873.484558105 827.425109863 834.005004883 837.29498291
eeg 888.289367676 825.780151367 832.360046387 829.070068359
a 0.0660009682178 0.113834187388 0.195010334253 0.138056308031
b 0.103326663375 0.0593108795583 0.0745864659548 0.223499655724
d 0.726058065891 0.700349867344 0.385041832924 0.452043414116
g 0.0565077736974 0.0243937205523 0.0697568506002 0.15064497292
t 0.0481065064669 0.102111339569 0.275604516268 0.0357556603849
h 1.0 1.0 1.0 1.0
c 0.457829296589
Aa 0.26224821806 0.274724394083 0.352938532829 0.447342604399
Ab 0.456910282373 -0.00841393694282 -0.0644590556622 0.656563222408
Ad 1.30366921425 1.06376671791 0.64838886261 0.962466478348
Ag 0.194806084037 -0.394270241261 -0.0935321897268 0.485240966082
At 0.124901719391 0.227525651455 0.503167271614 -0.139368832111
as 0.22499999404 0.555555582047 0.711538434029 0.276315778494
bs 0.966666638851 0.333333343267 0.0 0.891304373741
ds 0.990000009537 0.756756782532 0.550000011921 1.0
gs 0.814814805984 0.125 0.307692319155 1.0
ts 0.169014081359 0.303030312061 0.836363613605 0.0
eeg 884.999450684 820.845214844 830.715087891 845.519897461
eeg 880.064453125 827.425109863 830.715087891 840.584960938
eeg 870.194580078 819.200195312 827.425109863 834.005004883
eeg 881.709472656 824.135131836 829.070068359 837.29498291
eeg 901.44921875 824.135131836 832.360046387 858.679748535
eeg 876.774536133 819.200195312 837.29498291 845.519897461
eeg 880.064453125 817.555236816 834.005004883 852.09979248
eeg 875.129516602 817.555236816 837.29498291 845.519897461
eeg 884.999450684 819.200195312 837.29498291 838.940002441
eeg 881.709472656 824.135131836 835.650024414 832.360046387
eeg 870.194580078 824.135131836 838.940002441 830.715087891
eeg 889.934387207 822.49017334 838.940002441 860.324707031
eeg 878.419494629 820.845214844 837.29498291 840.584960938
eeg 889.934387207 819.200195312 838.940002441 847.164855957
eeg 893.224304199 817.555236816 842.229919434 855.389770508
eeg 888.289367676 817.555236816 840.584960938 830.715087891
eeg 875.129516602 812.620300293 840.584960938 834.005004883
eeg 875.129516602 812.620300293 837.29498291 840.584960938
eeg 866.904663086 814.265258789 835.650024414 832.360046387
eeg 873.484558105 810.975280762 837.29498291 848.809875488
eeg 881.709472656 812.620300293 837.29498291 858.679748535
eeg 875.129516602 815.91027832 837.29498291 853.744812012
a 0.0657348409295 0.117863237858 0.202808573842 0.143488675356
b 0.0964464321733 0.0638770088553 0.0740687176585 0.228217363358
d 0.723069787025 0.684056460857 0.377552360296 0.442275196314
g 0.0585709251463 0.025355162099 0.0697194486856 0.152426064014
t 0.0561780184507 0.108848117292 0.275850892067 0.0335927195847
h 1.0 1.0 1.0 1.0
c 0.47342646122
Aa 0.26224821806 0.274724394083 0.372959673405 0.457462102175
Ab 0.428738802671 0.00869060121477 -0.0644918382168 0.658993124962
Ad 1.30363285542 1.03843796253 0.642850518227 0.946337044239
Ag 0.212134689093 -0.392587572336 -0.0907726958394 0.483703702688
At 0.194019019604 0.240166947246 0.506547749043 -0.173110365868
as 0.22499999404 0.555555582047 0.764705896378 0.30666667223
bs 0.899999976158 0.444444447756 0.0 0.911111116409
ds 0.990000009537 0.729729712009 0.533333361149 1.0
gs 0.867924511433 0.166666671634 0.333333343267 1.0
ts 0.267605632544 0.307692319155 0.836363613605 0.0
eeg 855.389770508 810.975280762 835.650024414 843.874938965
eeg 873.484558105 817.555236816 830.715087891 834.005004883
eeg 880.064453125 822.49017334 840.584960938 840.584960938
eeg 866.904663086 824.135131836 843.874938965 837.29498291
eeg 873.484558105 825.780151367 842.229919434 850.454833984
eeg 871.839599609 820.845214844 847.164855957 863.614685059
eeg 875.129516602 824.135131836 842.229919434 850.454833984
eeg 860.324707031 822.49017334 843.874938965 857.034729004
eeg 858.679748535 819.200195312 843.874938965 845.519897461
eeg 843.874938965 817.555236816 837.29498291 838.940002441
eeg 845.519897461 812.620300293 840.584960938 852.09979248
eeg 894.86932373 819.200195312 837.29498291 852.09979248
eeg 861.969726562 815.91027832 838.940002441 855.389770508
eeg 875.129516602 812.620300293 835.650024414 847.164855957
eeg 858.679748535 819.200195312 830.715087891 832.360046387
eeg 843.874938965 817.555236816 832.360046387 832.360046387
eeg 857.034729004 820.845214844 829.070068359 850.454833984
eeg 850.454833984 824.135131836 820.845214844 848.809875488
eeg 842.229919434 819.200195312 817.555236816 847.164855957
eeg 850.454833984 819.200195312 819.200195312 834.005004883
eeg 834.005004883 817.555236816 820.845214844 825.780151367
eeg 858.679748535 809.330322266 820.845214844 835.650024414
a 0.0640637055039 0.121696203947 0.226348504424 0.146391406655
b 0.0888715907931 0.0688212960958 0.0736648365855 0.237020477653
d 0.719982862473 0.670312404633 0.361690014601 0.427053302526
g 0.0626702159643 0.0261151138693 0.070106819272 0.155742928386
t 0.0644116252661 0.113054953516 0.268189817667 0.0337918996811
h 1.0 1.0 1.0 1.0
c 0.48965382576
Aa 0.26224821806 0.274724394083 0.422632962465 0.457462102175
Ab 0.404399126768 0.0271702408791 -0.0648844316602 0.666732370853
Ad 1.31295835972 1.01572465897 0.626191854477 0.922428607941
Ag 0.252697378397 -0.393660694361 -0.0863844156265 0.48435485363
At 0.264600425959 0.242736965418 0.496297627687 -0.179240897298
as 0.22499999404 0.555555582047 0.86274510622 0.30666667223
bs 0.800000011921 0.555555582047 0.0 0.911111116409
ds 1.0 0.689189195633 0.5 0.967213094234
gs 0.94339621067 0.125 0.342105269432 1.0
ts 0.371428579092 0.307692319155 0.818181812763 0.0
eeg 850.454833984 812.620300293 822.49017334 840.584960938
eeg 842.229919434 814.265258789 822.49017334 840.584960938
eeg 832.360046387 814.265258789 822.49017334 842.229919434
eeg 847.164855957 814.265258789 820.845214844 840.584960938
eeg 848.809875488 807.68536377 819.200195312 847.164855957
eeg 852.09979248 807.68536377 817.555236816 835.650024414
eeg 840.584960938 802.750427246 819.200195312 842.229919434
eeg 837.29498291 806.040344238 820.845214844 834.005004883
eeg 845.519897461 807.68536377 817.555236816 829.070068359
eeg 850.454833984 806.040344238 815.91027832 838.940002441
eeg 822.49017334 804.395385742 814.265258789 822.49017334
eeg 829.070068359 801.105407715 819.200195312 824.135131836
eeg 845.519897461 804.395385742 820.845214844 834.005004883
eeg 842.229919434 804.395385742 822.49017334 840.584960938
eeg 830.715087891 802.750427246 829.070068359 848.809875488
eeg 822.49017334 801.105407715 825.780151367 832.360046387
eeg 832.360046387 804.395385742 822.49017334 824.135131836
eeg 848.809875488 809.330322266 825.780151367 835.650024414
eeg 837.29498291 807.68536377 832.360046387 835.650024414
eeg 825.780151367 807.68536377 835.650024414 845.519897461
eeg 824.135131836 801.105407715 838.940002441 847.164855957
eeg 863.614685059 812.620300293 830.715087891 834.005004883
a 0.0610464811325 0.128011211753 0.246780887246 0.148225754499
b 0.0817009061575 0.0746940076351 0.0748678296804 0.24507804215
d 0.71775841713 0.651190400124 0.344972282648 0.409567952156
g 0.0670270249248 0.0271196216345 0.0719259530306 0.160453915596
t 0.0724671632051 0.118984736502 0.261453032494 0.0366743467748
h 1.0 1.0 1.0 1.0
c 0.506353855133
Aa 0.26224821806 0.274724394083 0.453217089176 0.457462102175
Ab 0.388814419508 0.0407621748745 -0.0647992044687 0.675842821598
Ad 1.33256590366 0.98118442297 0.59868979454 0.898864388466
Ag 0.302837491035 -0.399239987135 -0.0822087824345 0.491888731718
At 0.336728811264 0.242967665195 0.478299289942 -0.149099200964
as 0.22499999404 0.555555582047 0.921568632126 0.30666667223
bs 0.766666650772 0.611111104488 0.0 0.933333337307
ds 1.0 0.648648619652 0.457627117634 0.934426248074
gs 1.0 0.125 0.368421047926 1.0
ts 0.471428573132 0.307692319155 0.800000011921 0.0
eeg 865.259643555 807.68536377 827.425109863 822.49017334
eeg 858.679748535 806.040344238 829.070068359 825.780151367
eeg 845.519897461 807.68536377 825.780151367 819.200195312
eeg 855.389770508 810.975280762 825.780151367 835.650024414
eeg 848.809875488 814.265258789 829.070068359 850.454833984
eeg 843.874938965 812.620300293 835.650024414 842.229919434
eeg 835.650024414 807.68536377 840.584960938 843.874938965
eeg 843.874938965 812.620300293 830.715087891 847.164855957
eeg 855.389770508 809.330322266 829.070068359 855.389770508
eeg 847.164855957 809.330322266 838.940002441 860.324707031
eeg 848.809875488 815.91027832 835.650024414 865.259643555
eeg 866.904663086 814.265258789 835.650024414 870.194580078
eeg 857.034729004 819.200195312 832.360046387 847.164855957
eeg 848.809875488 820.845214844 834.005004883 847.164855957
eeg 845.519897461 812.620300293 842.229919434 840.584960938
eeg 837.29498291 810.975280762 840.584960938 858.679748535
eeg 843.874938965 817.555236816 835.650024414 858.679748535
eeg 845.519897461 812.620300293 838.940002441 857.034729004
eeg 842.229919434 817.555236816 838.940002441 852.09979248
eeg 830.715087891 815.91027832 835.650024414 850.454833984
eeg 843.874938965 820.845214844 838.940002441 855.389770508
eeg 845.519897461 824.135131836 835.650024414 843.874938965
a 0.0575635805726 0.139174461365 0.264483720064 0.14846380055
b 0.076184488833 0.0823168084025 0.076881557703 0.249178856611
d 0.717232942581 0.618844389915 0.325795829296 0.393643379211
g 0.0699802488089 0.0286550410092 0.074030995369 0.166954010725
t 0.0790387243032 0.131009325385 0.258807897568 0.0417599417269
h 1.0 1.0 1.0 1.0
c 0.523053824902
Aa 0.26224821806 0.274724394083 0.47055092454 0.457462102175
Ab 0.383966982365 0.0466533713043 -0.066025853157 0.682352721691
Ad 1.3577606678 0.922746300697 0.561097502708 0.880944490433
Ag 0.347075909376 -0.411634087563 -0.0824344456196 0.508438408375
At 0.399940311909 0.248467072845 0.461129516363 -0.0933985710144
as 0.230769231915 0.555555582047 0.960784316063 0.30666667223
bs 0.733333349228 0.611111104488 0.0 0.955555558205
ds 1.0 0.567567586899 0.389830499887 0.901639342308
gs 1.0 0.0833333358169 0.351351350546 1.0
ts 0.571428596973 0.323076933622 0.763636350632 0.0
eeg 845.519897461 820.845214844 840.584960938 852.09979248
eeg 850.454833984 820.845214844 843.874938965 863.614685059
eeg 840.584960938 825.780151367 842.229919434 853.744812012
eeg 843.874938965 827.425109863 842.229919434 835.650024414
eeg 835.650024414 837.29498291 840.584960938 847.164855957
eeg 850.454833984 827.425109863 842.229919434 842.229919434
eeg 832.360046387 824.135131836 845.519897461 840.584960938
eeg 847.164855957 830.715087891 850.454833984 853.744812012
eeg 847.164855957 834.005004883 848.809875488 842.229919434
eeg 834.005004883 830.715087891 845.519897461 850.454833984
eeg 850.454833984 837.29498291 842.229919434 855.389770508
eeg 853.744812012 830.715087891 847.164855957 842.229919434
eeg 855.389770508 832.360046387 840.584960938 843.874938965
eeg 847.164855957 837.29498291 840.584960938 843.874938965
eeg 845.519897461 832.360046387 843.874938965 850.454833984
eeg 835.650024414 832.360046387 842.229919434 852.09979248
eeg 838.940002441 830.715087891 843.874938965 855.389770508
eeg 853.744812012 827.425109863 843.874938965 865.259643555
eeg 840.584960938 829.070068359 838.940002441 855.389770508
eeg 838.940002441 827.425109863 840.584960938 847.164855957
eeg 837.29498291 829.070068359 838.940002441 845.519897461
eeg 827.425109863 824.135131836 842.229919434 857.034729004
a 0.0543572232127 0.152772948146 0.276269048452 0.147467538714
b 0.073040612042 0.0925024077296 0.0785954967141 0.24886764586
d 0.717925786972 0.571274220943 0.306882172823 0.380897372961
g 0.0712117776275 0.0308544300497 0.0752029791474 0.175226613879
t 0.0834645926952 0.152595981956 0.263050317764 0.0475408397615
h 1.0 1.0 1.0 1.0
c 0.539753854275
Aa 0.26224821806 0.26270237565 0.475439041853 0.457462102175
Ab 0.390555381775 0.0448089651763 -0.0704955309629 0.684734106064
Ad 1.3830704689 0.835500597954 0.521078467369 0.869573652744
Ag 0.379542768002 -0.432026535273 -0.0896581485868 0.532365739346
At 0.448493212461 0.262199044228 0.454145669937 -0.034167483449
as 0.230769231915 0.527777791023 0.960784316063 0.30666667223
bs 0.766666650772 0.611111104488 0.0 0.955555558205
ds 1.0 0.445945948362 0.322033911943 0.885245919228
gs 1.0 0.0 0.324324309826 1.0
ts 0.642857134342 0.33846154809 0.745454549789 0.0181818176061
eeg 860.324707031 820.845214844 843.874938965 853.744812012
eeg 855.389770508 824.135131836 837.29498291 840.584960938
eeg 855.389770508 824.135131836 837.29498291 843.874938965
eeg 860.324707031 820.845214844 837.29498291 834.005004883
eeg 848.809875488 822.49017334 837.29498291 848.809875488
eeg 853.744812012 817.555236816 838.940002441 853.744812012
eeg 848.809875488 814.265258789 838.940002441 853.744812012
eeg 843.874938965 817.555236816 842.229919434 863.614685059
eeg 843.874938965 812.620300293 847.164855957 850.454833984
eeg 848.809875488 810.975280762 845.519897461 865.259643555
eeg 850.454833984 806.040344238 842.229919434 853.744812012
eeg 847.164855957 801.105407715 842.229919434 842.229919434
eeg 842.229919434 804.395385742 838.940002441 835.650024414
eeg 866.904663086 807.68536377 832.360046387 834.005004883
eeg 847.164855957 807.68536377 837.29498291 845.519897461
eeg 843.874938965 812.620300293 832.360046387 843.874938965
eeg 863.614685059 814.265258789 834.005004883 852.09979248
eeg 843.874938965 809.330322266 838.940002441 847.164855957
eeg 842.229919434 804.395385742 830.715087891 829.070068359
eeg 832.360046387 804.395385742 834.005004883 838.940002441
eeg 834.005004883 804.395385742 838.940002441 827.425109863
eeg 824.135131836 806.040344238 832.360046387 835.650024414
a 0.0527519397438 0.16507409513 0.280209213495 0.145850002766
b 0.0726210474968 0.104074947536 0.0789276212454 0.245734632015
d 0.718598663807 0.51491445303 0.295284807682 0.370370835066
g 0.0710489526391 0.0332221277058 0.0741000846028 0.18478564918
t 0.0849794000387 0.182714402676 0.271478295326 0.0532588735223
h 1.0 1.0 1.0 1.0
c 0.556453824043
Aa 0.269808679819 0.23809671402 0.475439041853 0.457462102175
Ab 0.40863275528 0.0377639979124 -0.0748143419623 0.684022009373
Ad 1.40405666828 0.732152819633 0.498197704554 0.862192392349
Ag 0.399127960205 -0.458154797554 -0.102224685252 0.56022387743
At 0.476883947849 0.282190561295 0.461691737175 0.0199476014823
as 0.256410270929 0.472222208977 0.960784316063 0.30666667223
bs 0.827586233616 0.611111104488 0.0 0.955555558205
ds 1.0 0.310810804367 0.293103456497 0.868852436543
gs 1.0 0.0 0.297297298908 1.0
ts 0.671428561211 0.369230777025 0.763636350632 0.127272725105
eeg 834.005004883 804.395385742 830.715087891 840.584960938
eeg 850.454833984 797.815490723 830.715087891 837.29498291
eeg 852.09979248 802.750427246 830.715087891 848.809875488
eeg 853.744812012 802.750427246 832.360046387 850.454833984
eeg 845.519897461 797.815490723 830.715087891 857.034729004
eeg 834.005004883 797.815490723 827.425109863 853.744812012
eeg 829.070068359 804.395385742 824.135131836 838.940002441
eeg 843.874938965 807.68536377 829.070068359 843.874938965
eeg 847.164855957 806.040344238 832.360046387 847.164855957
eeg 838.940002441 802.750427246 830.715087891 847.164855957
eeg 842.229919434 804.395385742 834.005004883 845.519897461
eeg 845.519897461 807.68536377 837.29498291 837.29498291
eeg 834.005004883 809.330322266 834.005004883 840.584960938
eeg 848.809875488 804.395385742 830.715087891 838.940002441
eeg 848.809875488 804.395385742 827.425109863 848.809875488
eeg 850.454833984 810.975280762 827.425109863 855.389770508
eeg 848.809875488 809.330322266 830.715087891 853.744812012
eeg 840.584960938 807.68536377 835.650024414 852.09979248
eeg 830.715087891 807.68536377 830.715087891 837.29498291
eeg 835.650024414 804.395385742 832.360046387 835.650024414
eeg 837.29498291 810.975280762 834.005004883 837.29498291
eeg 840.584960938 804.395385742 838.940002441 852.09979248
a 0.0523770079017 0.159240618348 0.274976223707 0.144013434649
b 0.0750518515706 0.114024169743 0.0777577981353 0.241590216756
d 0.716115295887 0.477096021175 0.29892706871 0.360761374235
g 0.0705949738622 0.035153478384 0.070409566164 0.194354429841
t 0.0858608558774 0.214485704899 0.277929335833 0.0592805407941
h 1.0 1.0 1.0 1.0
c 0.573153853416
Aa 0.279740095139 0.173094451427 0.475439041853 0.457462102175
Ab 0.435960799456 0.0280375219882 -0.0731121450663 0.682138442993
Ad 1.41558229923 0.649646401405 0.511709094048 0.85627913475
Ag 0.409373193979 -0.482991099358 -0.116224467754 0.587653517723
At 0.494394600391 0.302438944578 0.480078279972 0.07197124511
as 0.282051295042 0.277777791023 0.960784316063 0.30666667223
bs 0.896551728249 0.529411792755 0.0 0.955555558205
ds 1.0 0.202702701092 0.310344815254 0.852459013462
gs 1.0 0.0 0.243243247271 1.0
ts 0.699999988079 0.40000000596 0.800000011921 0.218181818724
eeg 829.070068359 796.170471191 838.940002441 866.904663086
eeg 838.940002441 809.330322266 832.360046387 848.809875488
eeg 847.164855957 809.330322266 830.715087891 852.09979248
eeg 847.164855957 810.975280762 832.360046387 852.09979248
eeg 840.584960938 812.620300293 835.650024414 840.584960938
eeg 842.229919434 810.975280762 837.29498291 847.164855957
eeg 842.229919434 809.330322266 838.940002441 837.29498291
eeg 837.29498291 815.91027832 832.360046387 837.29498291
eeg 840.584960938 810.975280762 835.650024414 843.874938965
eeg 847.164855957 810.975280762 834.005004883 848.809875488
eeg 845.519897461 815.91027832 830.715087891 843.874938965
eeg 845.519897461 812.620300293 835.650024414 838.940002441
eeg 837.29498291 810.975280762 837.29498291 852.09979248
eeg 848.809875488 814.265258789 835.650024414 842.229919434
eeg 847.164855957 810.975280762 830.715087891 843.874938965
eeg 852.09979248 809.330322266 829.070068359 853.744812012
eeg 847.164855957 814.265258789 832.360046387 850.454833984
eeg 838.940002441 804.395385742 837.29498291 848.809875488
eeg 855.389770508 812.620300293 838.940002441 838.940002441
eeg 843.874938965 810.975280762 840.584960938 845.519897461
eeg 848.809875488 810.975280762 838.940002441 853.744812012
eeg 853.744812012 817.555236816 834.005004883 860.324707031
a 0.0540303699672 0.148523181677 0.259654402733 0.142108604312
b 0.0799357295036 0.114989131689 0.076452434063 0.238033741713
d 0.708336353302 0.47249314189 0.320448279381 0.351950198412
g 0.070721834898 0.0349913872778 0.0654087811708 0.202134877443
t 0.0869756862521 0.229003176093 0.278036087751 0.0657725781202
h 1.0 1.0 1.0 1.0
c 0.589853823185
Aa 0.297162562609 0.129339888692 0.469663858414 0.457462102175
Ab 0.467265576124 0.0182024482638 -0.0613405182958 0.681480228901
Ad 1.41476416588 0.631941139698 0.561026096344 0.851322948933
Ag 0.414078146219 -0.49849319458 -0.12909579277 0.610482990742
At 0.503922462463 0.317387133837 0.499369323254 0.12288659811
as 0.289473682642 0.166666671634 0.980000019073 0.30666667223
bs 1.0 0.470588237047 0.021276595071 0.955555558205
ds 1.0 0.175675675273 0.396551728249 0.852459013462
gs 1.0 0.0 0.216216221452 1.0
ts 0.710144937038 0.430769234896 0.836363613605 0.309090912342
eeg 835.650024414 817.555236816 835.650024414 853.744812012
eeg 835.650024414 820.845214844 832.360046387 830.715087891
eeg 855.389770508 819.200195312 832.360046387 835.650024414
eeg 840.584960938 819.200195312 834.005004883 827.425109863
eeg 848.809875488 820.845214844 835.650024414 843.874938965
eeg 835.650024414 817.555236816 835.650024414 840.584960938
eeg 827.425109863 814.265258789 834.005004883 830.715087891
eeg 848.809875488 819.200195312 832.360046387 820.845214844
eeg 843.874938965 815.91027832 832.360046387 820.845214844
eeg 827.425109863 812.620300293 838.940002441 834.005004883
eeg 820.845214844 819.200195312 832.360046387 830.715087891
eeg 845.519897461 824.135131836 834.005004883 845.519897461
eeg 837.29498291 834.005004883 832.360046387 840.584960938
eeg 838.940002441 835.650024414 832.360046387 847.164855957
eeg 834.005004883 832.360046387 837.29498291 852.09979248
eeg 822.49017334 829.070068359 832.360046387 837.29498291
eeg 829.070068359 829.070068359 835.650024414 837.29498291
eeg 838.940002441 834.005004883 838.940002441 830.715087891
eeg 853.744812012 827.425109863 840.584960938 834.005004883
eeg 848.809875488 830.715087891 842.229919434 847.164855957
eeg 847.164855957 837.29498291 838.940002441 840.584960938
eeg 834.005004883 837.29498291 840.584960938 843.874938965
a 0.0568179935217 0.138175666332 0.243666037917 0.14050078392
b 0.0866750478745 0.106796570122 0.0757659375668 0.2360316962
d 0.695511162281 0.501998186111 0.350370317698 0.344027936459
g 0.0721302181482 0.0328234918416 0.0601002834737 0.207351967692
t 0.0888655632734 0.220206066966 0.270097404718 0.0720876082778
h 1.0 1.0 1.0 1.0
c 0.606553852558
Aa 0.313794463873 0.123528055847 0.465631246567 0.457462102175
Ab 0.497202634811 0.0116538172588 -0.04168978706 0.682753622532
Ad 1.40161263943 0.683798670769 0.623363554478 0.846377074718
Ag 0.417425811291 -0.500718712807 -0.142287254333 0.626491487026
At 0.508042037487 0.325925797224 0.510356664658 0.167643979192
as 0.342105269432 0.138888895512 0.979166686535 0.30666667223
bs 1.0 0.411764711142 0.0638297870755 0.955555558205
ds 1.0 0.232876718044 0.5 0.836065590382
gs 1.0 0.0 0.189189195633 1.0
ts 0.724637687206 0.430769234896 0.854545474052 0.40000000596
eeg 832.360046387 834.005004883 838.940002441 834.005004883
eeg 830.715087891 829.070068359 835.650024414 842.229919434
