848.809875488 835.650024414 822.49017334 853.744812012
848.809875488 835.650024414 815.91027832 848.809875488
847.164855957 835.650024414 822.49017334 857.034729004
852.09979248 835.650024414 820.845214844 857.034729004
848.809875488 832.360046387 824.135131836 840.584960938
850.454833984 832.360046387 825.780151367 847.164855957
852.09979248 832.360046387 820.845214844 848.809875488
857.034729004 834.005004883 822.49017334 858.679748535
860.324707031 834.005004883 824.135131836 860.324707031
853.744812012 830.715087891 825.780151367 853.744812012
853.744812012 837.29498291 825.780151367 860.324707031
855.389770508 837.29498291 829.070068359 855.389770508
857.034729004 835.650024414 822.49017334 860.324707031
857.034729004 835.650024414 817.555236816 850.454833984
858.679748535 835.650024414 825.780151367 855.389770508
852.09979248 837.29498291 820.845214844 843.874938965
853.744812012 835.650024414 819.200195312 848.809875488
857.034729004 837.29498291 824.135131836 848.809875488
858.679748535 835.650024414 825.780151367 850.454833984
855.389770508 835.650024414 830.715087891 861.969726562
850.454833984 835.650024414 830.715087891 860.324707031
848.809875488 834.005004883 824.135131836 855.389770508
855.389770508 837.29498291 827.425109863 861.969726562
857.034729004 838.940002441 825.780151367 858.679748535
852.09979248 835.650024414 820.845214844 861.969726562
847.164855957 830.715087891 829.070068359 857.034729004
845.519897461 832.360046387 820.845214844 858.679748535
842.229919434 827.425109863 822.49017334 855.389770508
848.809875488 830.715087891 820.845214844 852.09979248
847.164855957 830.715087891 819.200195312 847.164855957
840.584960938 830.715087891 825.780151367 853.744812012
843.874938965 834.005004883 824.135131836 861.969726562
845.519897461 832.360046387 820.845214844 852.09979248
840.584960938 827.425109863 817.555236816 855.389770508
848.809875488 829.070068359 819.200195312 852.09979248
843.874938965 825.780151367 822.49017334 855.389770508
843.874938965 827.425109863 819.200195312 857.034729004
847.164855957 825.780151367 825.780151367 861.969726562
845.519897461 824.135131836 824.135131836 863.614685059
843.874938965 827.425109863 825.780151367 857.034729004
848.809875488 830.715087891 820.845214844 857.034729004
847.164855957 829.070068359 820.845214844 855.389770508
840.584960938 824.135131836 820.845214844 850.454833984
842.229919434 824.135131836 824.135131836 852.09979248
847.164855957 829.070068359 822.49017334 855.389770508
842.229919434 827.425109863 820.845214844 845.519897461
843.874938965 827.425109863 820.845214844 848.809875488
843.874938965 832.360046387 825.780151367 852.09979248
842.229919434 829.070068359 820.845214844 853.744812012
842.229919434 829.070068359 819.200195312 852.09979248
850.454833984 829.070068359 817.555236816 852.09979248
842.229919434 827.425109863 824.135131836 852.09979248
845.519897461 830.715087891 822.49017334 845.519897461
843.874938965 832.360046387 824.135131836 845.519897461
840.584960938 830.715087891 820.845214844 852.09979248
845.519897461 829.070068359 822.49017334 850.454833984
848.809875488 832.360046387 825.780151367 857.034729004
852.09979248 837.29498291 824.135131836 855.389770508
850.454833984 830.715087891 820.845214844 852.09979248
852.09979248 832.360046387 819.200195312 850.454833984
847.164855957 834.005004883 819.200195312 852.09979248
848.809875488 830.715087891 825.780151367 850.454833984
845.519897461 830.715087891 822.49017334 852.09979248
840.584960938 827.425109863 820.845214844 837.29498291
847.164855957 827.425109863 825.780151367 852.09979248
842.229919434 829.070068359 824.135131836 853.744812012
848.809875488 830.715087891 824.135131836 855.389770508
843.874938965 827.425109863 824.135131836 848.809875488
843.874938965 827.425109863 820.845214844 842.229919434
840.584960938 829.070068359 819.200195312 848.809875488
837.29498291 830.715087891 817.555236816 845.519897461
837.29498291 829.070068359 822.49017334 842.229919434
838.940002441 830.715087891 819.200195312 838.940002441
847.164855957 837.29498291 829.070068359 842.229919434
838.940002441 832.360046387 827.425109863 840.584960938
847.164855957 834.005004883 822.49017334 845.519897461
843.874938965 829.070068359 825.780151367 845.519897461
843.874938965 827.425109863 822.49017334 850.454833984
847.164855957 829.070068359 824.135131836 855.389770508
845.519897461 832.360046387 825.780151367 853.744812012
840.584960938 825.780151367 829.070068359 845.519897461
842.229919434 829.070068359 830.715087891 840.584960938
845.519897461 829.070068359 825.780151367 848.809875488
847.164855957 824.135131836 827.425109863 853.744812012
840.584960938 829.070068359 824.135131836 850.454833984
845.519897461 829.070068359 824.135131836 852.09979248
842.229919434 829.070068359 829.070068359 855.389770508
845.519897461 829.070068359 825.780151367 853.744812012
852.09979248 827.425109863 829.070068359 861.969726562
847.164855957 830.715087891 827.425109863 860.324707031
845.519897461 827.425109863 827.425109863 853.744812012
838.940002441 827.425109863 822.49017334 852.09979248
842.229919434 827.425109863 819.200195312 848.809875488
842.229919434 825.780151367 820.845214844 852.09979248
842.229919434 827.425109863 829.070068359 852.09979248
843.874938965 830.715087891 822.49017334 853.744812012
842.229919434 830.715087891 815.91027832 850.454833984
843.874938965 832.360046387 815.91027832 857.034729004
837.29498291 829.070068359 815.91027832 853.744812012
837.29498291 827.425109863 822.49017334 848.809875488
832.360046387 827.425109863 825.780151367 848.809875488
838.940002441 827.425109863 817.555236816 845.519897461
845.519897461 834.005004883 819.200195312 858.679748535
848.809875488 832.360046387 824.135131836 863.614685059
847.164855957 832.360046387 819.200195312 863.614685059
848.809875488 832.360046387 824.135131836 861.969726562
842.229919434 829.070068359 819.200195312 852.09979248
840.584960938 830.715087891 819.200195312 857.034729004
840.584960938 829.070068359 827.425109863 857.034729004
838.940002441 830.715087891 824.135131836 853.744812012
847.164855957 830.715087891 829.070068359 858.679748535
847.164855957 830.715087891 827.425109863 860.324707031
847.164855957 830.715087891 819.200195312 852.09979248
842.229919434 827.425109863 824.135131836 868.549621582
845.519897461 832.360046387 825.780151367 876.774536133
832.360046387 830.715087891 825.780151367 832.360046387
838.940002441 834.005004883 829.070068359 848.809875488
840.584960938 832.360046387 827.425109863 845.519897461
842.229919434 835.650024414 832.360046387 857.034729004
838.940002441 834.005004883 827.425109863 860.324707031
837.29498291 835.650024414 824.135131836 847.164855957
835.650024414 835.650024414 832.360046387 848.809875488
838.940002441 832.360046387 829.070068359 848.809875488
850.454833984 835.650024414 827.425109863 858.679748535
843.874938965 835.650024414 825.780151367 847.164855957
842.229919434 830.715087891 827.425109863 845.519897461
838.940002441 834.005004883 829.070068359 860.324707031
837.29498291 832.360046387 822.49017334 850.454833984
842.229919434 832.360046387 820.845214844 850.454833984
842.229919434 834.005004883 824.135131836 850.454833984
840.584960938 830.715087891 829.070068359 847.164855957
847.164855957 832.360046387 830.715087891 861.969726562
843.874938965 830.715087891 822.49017334 852.09979248
842.229919434 829.070068359 822.49017334 852.09979248
843.874938965 827.425109863 825.780151367 855.389770508
848.809875488 829.070068359 827.425109863 848.809875488
850.454833984 835.650024414 829.070068359 852.09979248
861.969726562 837.29498291 822.49017334 850.454833984
861.969726562 838.940002441 829.070068359 843.874938965
858.679748535 834.005004883 824.135131836 837.29498291
860.324707031 827.425109863 819.200195312 840.584960938
853.744812012 829.070068359 825.780151367 852.09979248
853.744812012 830.715087891 824.135131836 857.034729004
852.09979248 832.360046387 825.780151367 857.034729004
853.744812012 834.005004883 820.845214844 860.324707031
850.454833984 832.360046387 824.135131836 857.034729004
850.454833984 835.650024414 824.135131836 858.679748535
847.164855957 835.650024414 825.780151367 857.034729004
847.164855957 832.360046387 824.135131836 857.034729004
848.809875488 830.715087891 822.49017334 855.389770508
850.454833984 832.360046387 827.425109863 860.324707031
852.09979248 834.005004883 824.135131836 866.904663086
847.164855957 832.360046387 820.845214844 857.034729004
852.09979248 834.005004883 822.49017334 860.324707031
852.09979248 834.005004883 820.845214844 861.969726562
850.454833984 835.650024414 822.49017334 861.969726562
850.454833984 835.650024414 827.425109863 855.389770508
847.164855957 835.650024414 817.555236816 853.744812012
848.809875488 834.005004883 822.49017334 865.259643555
855.389770508 840.584960938 829.070068359 863.614685059
847.164855957 838.940002441 822.49017334 840.584960938
850.454833984 837.29498291 825.780151367 847.164855957
850.454833984 838.940002441 825.780151367 842.229919434
853.744812012 837.29498291 824.135131836 860.324707031
853.744812012 838.940002441 827.425109863 860.324707031
847.164855957 837.29498291 824.135131836 857.034729004
852.09979248 838.940002441 820.845214844 861.969726562
845.519897461 838.940002441 819.200195312 848.809875488
853.744812012 837.29498291 815.91027832 857.034729004
850.454833984 835.650024414 819.200195312 847.164855957
842.229919434 829.070068359 819.200195312 852.09979248
858.679748535 825.780151367 822.49017334 868.549621582
863.614685059 834.005004883 820.845214844 870.194580078
847.164855957 848.809875488 810.975280762 837.29498291
838.940002441 840.584960938 814.265258789 845.519897461
837.29498291 848.809875488 809.330322266 840.584960938
825.780151367 850.454833984 809.330322266 817.555236816
838.940002441 852.09979248 801.105407715 829.070068359
830.715087891 860.324707031 802.750427246 817.555236816
825.780151367 863.614685059 796.170471191 817.555236816
820.845214844 861.969726562 797.815490723 815.91027832
825.780151367 866.904663086 797.815490723 810.975280762
819.200195312 870.194580078 789.590576172 801.105407715
822.49017334 870.194580078 791.235534668 807.68536377
824.135131836 873.484558105 789.590576172 791.235534668
822.49017334 876.774536133 783.010620117 796.170471191
824.135131836 880.064453125 783.010620117 796.170471191
825.780151367 871.839599609 786.300598145 792.880554199
827.425109863 865.259643555 789.590576172 815.91027832
829.070068359 865.259643555 791.235534668 809.330322266
837.29498291 863.614685059 794.525512695 815.91027832
840.584960938 861.969726562 797.815490723 827.425109863
847.164855957 863.614685059 799.460449219 825.780151367
848.809875488 865.259643555 799.460449219 827.425109863
850.454833984 861.969726562 804.395385742 837.29498291
848.809875488 860.324707031 801.105407715 829.070068359
853.744812012 858.679748535 802.750427246 835.650024414
848.809875488 852.09979248 807.68536377 848.809875488
843.874938965 848.809875488 807.68536377 838.940002441
847.164855957 852.09979248 812.620300293 845.519897461
847.164855957 852.09979248 810.975280762 845.519897461
853.744812012 850.454833984 806.040344238 847.164855957
860.324707031 850.454833984 809.330322266 848.809875488
857.034729004 848.809875488 812.620300293 845.519897461
857.034729004 847.164855957 814.265258789 843.874938965
857.034729004 845.519897461 812.620300293 843.874938965
855.389770508 843.874938965 817.555236816 843.874938965
855.389770508 840.584960938 809.330322266 853.744812012
852.09979248 838.940002441 809.330322266 843.874938965
852.09979248 838.940002441 814.265258789 848.809875488
853.744812012 837.29498291 810.975280762 857.034729004
853.744812012 837.29498291 814.265258789 852.09979248
852.09979248 838.940002441 814.265258789 843.874938965
853.744812012 843.874938965 817.555236816 852.09979248
847.164855957 845.519897461 819.200195312 850.454833984
842.229919434 838.940002441 817.555236816 845.519897461
848.809875488 835.650024414 815.91027832 840.584960938
845.519897461 834.005004883 812.620300293 842.229919434
850.454833984 835.650024414 817.555236816 835.650024414
852.09979248 835.650024414 819.200195312 852.09979248
845.519897461 835.650024414 820.845214844 843.874938965
848.809875488 834.005004883 820.845214844 845.519897461
850.454833984 834.005004883 819.200195312 850.454833984
840.584960938 834.005004883 815.91027832 842.229919434
842.229919434 829.070068359 809.330322266 842.229919434
847.164855957 829.070068359 809.330322266 832.360046387
842.229919434 829.070068359 814.265258789 838.940002441
857.034729004 830.715087891 817.555236816 861.969726562
850.454833984 835.650024414 814.265258789 847.164855957
837.29498291 830.715087891 820.845214844 832.360046387
840.584960938 827.425109863 817.555236816 832.360046387
838.940002441 827.425109863 815.91027832 830.715087891
842.229919434 824.135131836 817.555236816 853.744812012
845.519897461 827.425109863 810.975280762 853.744812012
835.650024414 827.425109863 820.845214844 842.229919434
837.29498291 825.780151367 824.135131836 845.519897461
840.584960938 830.715087891 820.845214844 847.164855957
843.874938965 832.360046387 827.425109863 848.809875488
852.09979248 834.005004883 817.555236816 861.969726562
847.164855957 830.715087891 820.845214844 850.454833984
853.744812012 827.425109863 820.845214844 865.259643555
852.09979248 827.425109863 817.555236816 853.744812012
857.034729004 830.715087891 822.49017334 860.324707031
852.09979248 834.005004883 819.200195312 857.034729004
852.09979248 832.360046387 822.49017334 845.519897461
855.389770508 834.005004883 825.780151367 848.809875488
853.744812012 832.360046387 822.49017334 845.519897461
853.744812012 835.650024414 824.135131836 858.679748535
852.09979248 838.940002441 822.49017334 857.034729004
855.389770508 837.29498291 819.200195312 863.614685059
848.809875488 838.940002441 817.555236816 857.034729004
845.519897461 835.650024414 820.845214844 855.389770508
852.09979248 838.940002441 824.135131836 863.614685059
840.584960938 838.940002441 827.425109863 850.454833984
843.874938965 835.650024414 822.49017334 853.744812012
848.809875488 837.29498291 822.49017334 861.969726562
843.874938965 838.940002441 822.49017334 855.389770508
850.454833984 837.29498291 815.91027832 863.614685059
850.454833984 837.29498291 814.265258789 857.034729004
853.744812012 835.650024414 807.68536377 858.679748535
850.454833984 830.715087891 810.975280762 860.324707031
850.454833984 834.005004883 810.975280762 855.389770508
858.679748535 837.29498291 812.620300293 865.259643555
842.229919434 832.360046387 809.330322266 845.519897461
847.164855957 832.360046387 807.68536377 840.584960938
855.389770508 837.29498291 812.620300293 853.744812012
850.454833984 837.29498291 812.620300293 852.09979248
858.679748535 837.29498291 815.91027832 861.969726562
858.679748535 835.650024414 819.200195312 861.969726562
853.744812012 837.29498291 812.620300293 866.904663086
860.324707031 835.650024414 817.555236816 860.324707031
858.679748535 834.005004883 815.91027832 870.194580078
853.744812012 834.005004883 817.555236816 863.614685059
853.744812012 832.360046387 819.200195312 855.389770508
853.744812012 830.715087891 814.265258789 865.259643555
858.679748535 834.005004883 817.555236816 858.679748535
855.389770508 832.360046387 817.555236816 863.614685059
852.09979248 837.29498291 824.135131836 863.614685059
853.744812012 838.940002441 822.49017334 865.259643555
843.874938965 834.005004883 807.68536377 852.09979248
845.519897461 834.005004883 810.975280762 853.744812012
842.229919434 829.070068359 812.620300293 842.229919434
848.809875488 832.360046387 812.620300293 845.519897461
852.09979248 832.360046387 819.200195312 857.034729004
848.809875488 825.780151367 815.91027832 853.744812012
847.164855957 824.135131836 817.555236816 860.324707031
855.389770508 824.135131836 817.555236816 865.259643555
857.034729004 822.49017334 819.200195312 860.324707031
829.070068359 825.780151367 817.555236816 834.005004883
822.49017334 819.200195312 817.555236816 829.070068359
809.330322266 824.135131836 817.555236816 819.200195312
799.460449219 822.49017334 819.200195312 817.555236816
809.330322266 822.49017334 819.200195312 810.975280762
796.170471191 829.070068359 820.845214844 809.330322266
794.525512695 822.49017334 825.780151367 809.330322266
796.170471191 822.49017334 822.49017334 815.91027832
801.105407715 827.425109863 820.845214844 820.845214844
810.975280762 824.135131836 825.780151367 820.845214844
822.49017334 827.425109863 819.200195312 827.425109863
825.780151367 825.780151367 822.49017334 825.780151367
829.070068359 824.135131836 825.780151367 830.715087891
830.715087891 829.070068359 817.555236816 822.49017334
838.940002441 827.425109863 825.780151367 825.780151367
838.940002441 829.070068359 824.135131836 847.164855957
830.715087891 825.780151367 820.845214844 843.874938965
829.070068359 825.780151367 824.135131836 842.229919434
830.715087891 825.780151367 827.425109863 840.584960938
835.650024414 824.135131836 822.49017334 837.29498291
832.360046387 827.425109863 825.780151367 840.584960938
830.715087891 827.425109863 825.780151367 847.164855957
834.005004883 827.425109863 822.49017334 842.229919434
837.29498291 830.715087891 827.425109863 842.229919434
837.29498291 830.715087891 824.135131836 855.389770508
835.650024414 829.070068359 827.425109863 850.454833984
837.29498291 829.070068359 825.780151367 847.164855957
838.940002441 829.070068359 824.135131836 838.940002441
837.29498291 830.715087891 830.715087891 845.519897461
838.940002441 829.070068359 819.200195312 847.164855957
840.584960938 829.070068359 820.845214844 842.229919434
837.29498291 827.425109863 822.49017334 850.454833984
847.164855957 830.715087891 819.200195312 847.164855957
842.229919434 834.005004883 817.555236816 843.874938965
837.29498291 829.070068359 820.845214844 850.454833984
838.940002441 829.070068359 824.135131836 847.164855957
835.650024414 827.425109863 824.135131836 848.809875488
835.650024414 825.780151367 827.425109863 848.809875488
838.940002441 830.715087891 820.845214844 850.454833984
843.874938965 830.715087891 822.49017334 847.164855957
843.874938965 834.005004883 820.845214844 848.809875488
852.09979248 834.005004883 820.845214844 860.324707031
850.454833984 835.650024414 824.135131836 855.389770508
853.744812012 834.005004883 824.135131836 857.034729004
855.389770508 832.360046387 825.780151367 852.09979248
850.454833984 834.005004883 820.845214844 850.454833984
857.034729004 835.650024414 817.555236816 861.969726562
850.454833984 832.360046387 819.200195312 847.164855957
855.389770508 835.650024414 817.555236816 852.09979248
852.09979248 834.005004883 820.845214844 852.09979248
853.744812012 834.005004883 822.49017334 845.519897461
857.034729004 838.940002441 822.49017334 858.679748535
855.389770508 837.29498291 829.070068359 858.679748535
860.324707031 834.005004883 822.49017334 860.324707031
843.874938965 832.360046387 817.555236816 845.519897461
838.940002441 834.005004883 817.555236816 850.454833984
845.519897461 832.360046387 819.200195312 842.229919434
847.164855957 835.650024414 817.555236816 850.454833984
850.454833984 830.715087891 817.555236816 852.09979248
850.454833984 827.425109863 820.845214844 850.454833984
848.809875488 829.070068359 817.555236816 858.679748535
850.454833984 830.715087891 815.91027832 852.09979248
848.809875488 827.425109863 814.265258789 860.324707031
850.454833984 829.070068359 819.200195312 857.034729004
847.164855957 832.360046387 825.780151367 853.744812012
847.164855957 829.070068359 825.780151367 866.904663086
848.809875488 829.070068359 824.135131836 860.324707031
845.519897461 824.135131836 820.845214844 858.679748535
848.809875488 824.135131836 824.135131836 855.389770508
847.164855957 825.780151367 819.200195312 852.09979248
843.874938965 827.425109863 820.845214844 855.389770508
847.164855957 824.135131836 817.555236816 850.454833984
845.519897461 820.845214844 820.845214844 857.034729004
840.584960938 824.135131836 824.135131836 848.809875488
842.229919434 824.135131836 815.91027832 852.09979248
838.940002441 824.135131836 824.135131836 855.389770508
838.940002441 824.135131836 822.49017334 857.034729004
838.940002441 824.135131836 822.49017334 853.744812012
843.874938965 825.780151367 825.780151367 857.034729004
848.809875488 827.425109863 819.200195312 853.744812012
847.164855957 824.135131836 825.780151367 848.809875488
842.229919434 822.49017334 820.845214844 852.09979248
838.940002441 824.135131836 820.845214844 845.519897461
843.874938965 824.135131836 824.135131836 850.454833984
840.584960938 827.425109863 825.780151367 858.679748535
842.229919434 825.780151367 829.070068359 857.034729004
832.360046387 820.845214844 822.49017334 848.809875488
834.005004883 822.49017334 825.780151367 835.650024414
835.650024414 825.780151367 824.135131836 838.940002441
835.650024414 827.425109863 825.780151367 845.519897461
834.005004883 827.425109863 829.070068359 847.164855957
837.29498291 824.135131836 820.845214844 848.809875488
837.29498291 824.135131836 822.49017334 852.09979248
837.29498291 825.780151367 827.425109863 847.164855957
830.715087891 824.135131836 824.135131836 838.940002441
834.005004883 824.135131836 825.780151367 847.164855957
835.650024414 824.135131836 825.780151367 837.29498291
834.005004883 820.845214844 825.780151367 845.519897461
832.360046387 819.200195312 824.135131836 848.809875488
830.715087891 820.845214844 819.200195312 845.519897461
832.360046387 819.200195312 819.200195312 848.809875488
830.715087891 817.555236816 829.070068359 848.809875488
834.005004883 822.49017334 825.780151367 855.389770508
825.780151367 817.555236816 827.425109863 843.874938965
830.715087891 815.91027832 827.425109863 838.940002441
834.005004883 819.200195312 825.780151367 848.809875488
834.005004883 817.555236816 830.715087891 842.229919434
835.650024414 820.845214844 825.780151367 850.454833984
832.360046387 822.49017334 825.780151367 843.874938965
834.005004883 820.845214844 825.780151367 850.454833984
834.005004883 817.555236816 835.650024414 850.454833984
834.005004883 820.845214844 837.29498291 850.454833984
835.650024414 824.135131836 830.715087891 850.454833984
840.584960938 820.845214844 827.425109863 848.809875488
840.584960938 824.135131836 829.070068359 866.904663086
847.164855957 822.49017334 827.425109863 852.09979248
838.940002441 827.425109863 830.715087891 834.005004883
837.29498291 822.49017334 829.070068359 838.940002441
843.874938965 827.425109863 825.780151367 838.940002441
840.584960938 829.070068359 832.360046387 850.454833984
845.519897461 830.715087891 827.425109863 853.744812012
843.874938965 827.425109863 822.49017334 848.809875488
842.229919434 830.715087891 822.49017334 840.584960938
842.229919434 829.070068359 819.200195312 850.454833984
840.584960938 829.070068359 825.780151367 845.519897461
847.164855957 834.005004883 829.070068359 850.454833984
847.164855957 830.715087891 827.425109863 850.454833984
843.874938965 829.070068359 822.49017334 847.164855957
845.519897461 829.070068359 824.135131836 847.164855957
842.229919434 832.360046387 815.91027832 847.164855957
847.164855957 829.070068359 820.845214844 850.454833984
