-10 -10 -10 -10 -10 -10
-10 -10 -10 -10 -10 -10
-10 -10 -10 -10 -10 -10
0 0 0 0 0 0
0 0 0 0 0 0
0 0 0 0 0 0
0 0 0 0 0 0
0 0 0 0 0 0
0 0 0 0 0 0
-10 -10 -10 -10 -10 -10
-10 -10 -10 -10 -10 -10
-10 -10 -10 -10 -10 -10
-2 0 0 -6 -5 -6
0 0 0 0 0 0
0 0 0 0 0 0
-10 -10 -10 -10 -10 -10
-10 -10 -10 -10 -10 -10
-10 -10 -10 -10 -10 -10
-10 -10 -10 -10 -10 -10
-10 -10 -10 -10 -10 -10
-10 -10 -10 -10 -10 -10
-2 0 -7 0 0 0
0 0 0 0 0 0
0 0 0 0 0 0
-10 -10 -10 -10 -10 -10
-10 -10 -10 -10 -10 -10
-10 -10 -10 -10 -10 -10
-10 -10 -10 -10 -10 -10
-10 -10 -10 -10 -10 -10
-10 -10 -10 -10 -10 -10
0 0 0 0 0 0
0 0 0 0 0 0
0 0 0 0 0 0
0 0 0 0 0 0
0 0 0 0 0 0
0 0 0 0 0 0
-10 -10 -10 -10 -10 -10
-10 -10 -10 -10 -10 -10
-10 -10 -10 -10 -10 -10
0 0 0 0 0 0
-10 -10 -10 -10 -10 -10
-10 -10 -10 -10 -10 -10
0 0 0 0 0 0
-10 -10 -10 -10 -10 -10
-10 -10 -10 -10 -10 -10
-10 -10 -10 -10 -10 -10
-10 -10 -10 -10 -10 -10
-10 -10 -10 -10 -10 -10
0 0 0 0 0 0
-10 -10 -10 -10 -10 -10
-10 -10 -10 -10 -10 -10
0 0 0 0 0 0
-10 -10 -10 -10 -10 -10
-10 -10 -10 -10 -10 -10
-10 -10 -10 -10 -10 -10
-10 -10 -10 -10 -10 -10
-10 -10 -10 -10 -10 -10
0 0 0 0 0 0
0 0 0 0 0 0
0 0 0 0 0 0
0 0 0 0 0 0
0 0 0 0 0 0
0 0 0 0 0 0
-10 -10 -10 -10 -10 -10
-10 -10 -10 -10 -10 -10
-10 -10 -10 -10 -10 -10
0 0 0 0 0 0
-10 -10 -10 -10 -10 -10
-10 -10 -10 -10 -10 -10
-10 -10 -10 -10 -10 -10
0 0 0 0 0 0
-10 -10 -10 -10 -10 -10
-10 -10 -10 -10 -10 -10
-10 -10 -10 -10 -10 -10
-10 -10 -10 -10 -10 -10
0 0 0 0 0 0
-10 -10 -10 -10 -10 -10
-10 -10 -10 -10 -10 -10
-10 -10 -10 -10 -10 -10
0 0 0 0 0 0
-10 -10 -10 -10 -10 -10
-10 -10 -10 -10 -10 -10
-10 -10 -10 -10 -10 -10
-10 -10 -10 -10 -10 -10
0 0 0 0 0 0
0 0 0 0 0 0
0 0 0 0 0 0
0 0 0 0 0 0
0 0 0 0 0 0
0 0 0 0 0 0
-10 -10 -10 -10 -10 -10
-10 -10 -10 -10 -10 -10
-10 -10 -10 -10 -10 -10
0 0 0 0 0 0
-10 -10 -10 -10 -10 -10
-10 -10 -10 -10 -10 -10
-10 -10 -10 -10 -10 -10
-10 -10 -10 -10 -10 -10
0 0 0 0 0 0
-10 -10 -10 -10 -10 -10
-10 -10 -10 -10 -10 -10
-10 -10 -10 -10 -10 -10
0 0 0 0 0 0
-10 -10 -10 -10 -10 -10
-10 -10 -10 -10 -10 -10
-10 -10 -10 -10 -10 -10
-10 -10 -10 -10 -10 -10
0 0 0 0 0 0
-10 -10 -10 -10 -10 -10
