a 0.181855067611 0.247996822 0.119740597904 0.202023297548
b 0.150116622448 0.059342071414 0.0256621968001 0.134188398719
d 0.365969270468 0.505620419979 0.749539911747 0.383605271578
g 0.137704879045 0.0233029667288 0.00957518722862 0.0756562277675
t 0.16435419023 0.163737699389 0.0954821258783 0.204526811838
h 1.0 1.0 1.0 1.0
c 0.635391592979 0 0 0
Aa 1.08007180691 0.312218219042 0.0344382375479 0.629352331161
Ab 0.996775150299 -0.308865189552 -0.634509384632 0.451665848494
Ad 1.38379096985 0.621596753597 0.830991566181 0.907835423946
Ag 0.95929569006 -0.714816689491 -1.06265592575 0.202795565128
At 1.03612709045 0.131920799613 -0.0638811290264 0.634701132774
as 0.651515126228 0.47619047761 0.532110095024 0.0666666701436
bs 0.370967745781 0.131147533655 0.126984134316 0.0
ds 0.526315808296 0.288461536169 0.198630139232 0.141666665673
gs 0.59036141634 0.0 0.0535714291036 0.104651160538
ts 0.723684191704 0.38793104887 0.229508191347 0.184210523963
a 0.179880201817 0.207739710808 0.126989409328 0.174520134926
b 0.143103808165 0.0479792207479 0.0299614854157 0.124437585473
d 0.368999540806 0.567703425884 0.720607221127 0.435204684734
g 0.136509940028 0.0174048375338 0.0100825186819 0.0640259161592
t 0.171506509185 0.159172832966 0.11235935241 0.201811671257
h 1.0 1.0 1.0 1.0
c 0.624416470528 0 0 0
Aa 1.08007180691 0.393914997578 0.0919466614723 0.632540106773
Ab 0.980739533901 -0.242551311851 -0.535257458687 0.485646128654
Ad 1.39211416245 0.830516993999 0.845877766609 1.02938807011
Ag 0.960252642632 -0.682934522629 -1.00825178623 0.197050362825
At 1.05936896801 0.278264433146 0.0387884005904 0.695640861988
as 0.651515126228 0.552380979061 0.587155938148 0.0666666701436
bs 0.344262301922 0.24590164423 0.285714298487 0.049180328846
ds 0.530973434448 0.423076927662 0.205479457974 0.25
gs 0.592592597008 0.0576923079789 0.142857149243 0.0930232554674
ts 0.773333311081 0.517241358757 0.319672137499 0.253333330154
a 0.180277481675 0.166114762425 0.121497653425 0.154871180654
b 0.140328854322 0.042571965605 0.0331365577877 0.118110321462
d 0.362436056137 0.623116850853 0.706385612488 0.47557914257
g 0.135732024908 0.0139733413234 0.010320648551 0.0549125373363
t 0.181225582957 0.154223069549 0.128659531474 0.196526810527
h 1.0 1.0 1.0 1.0
c 0.613241195679 0 0 0
Aa 1.08007180691 0.423710733652 0.107045561075 0.632540106773
Ab 0.971277296543 -0.167573809624 -0.457214921713 0.51485735178
Ad 1.3833616972 0.997871994972 0.871519505978 1.11979234219
Ag 0.956812620163 -0.651397228241 -0.963815331459 0.182241037488
At 1.08234977722 0.391451835632 0.131919637322 0.735991299152
as 0.651515126228 0.58095240593 0.58095240593 0.0666666701436
bs 0.327868849039 0.360655725002 0.419354826212 0.098360657692
ds 0.522123873234 0.525641024113 0.226027399302 0.322033911943
gs 0.580246925354 0.115384615958 0.232142850757 0.0813953503966
ts 0.800000011921 0.61206895113 0.393442630768 0.297297298908
a 0.182274758816 0.133623301983 0.110588259995 0.145267173648
b 0.141077816486 0.0410722978413 0.0345058962703 0.116144523025
d 0.349043399096 0.663613319397 0.704379618168 0.49754729867
g 0.134474352002 0.0119537264109 0.0100376540795 0.0487504713237
t 0.193129658699 0.149737343192 0.14048859477 0.192290529609
h 1.0 1.0 1.0 1.0
c 0.601827919483 0 0 0
Aa 1.08007180691 0.423710733652 0.108062133193 0.632540106773
Ab 0.968803942204 -0.0886224359274 -0.397753566504 0.535371363163
Ad 1.36222469807 1.11974358559 0.912159860134 1.16720700264
Ag 0.947984695435 -0.624668121338 -0.934014678001 0.158351451159
At 1.10519421101 0.473158687353 0.211994171143 0.754330515862
as 0.651515126228 0.58095240593 0.596153855324 0.0666666701436
bs 0.327868849039 0.49180328846 0.516129016876 0.116666667163
ds 0.508928596973 0.608974337578 0.25342464447 0.353448271751
gs 0.574999988079 0.153846159577 0.267857134342 0.0581395365298
ts 0.826666653156 0.681034505367 0.459016382694 0.324324309826
a 0.185087144375 0.115163460374 0.10033082962 0.141705781221
b 0.143266513944 0.0418565534055 0.0341411866248 0.116489812732
d 0.334631741047 0.68560731411 0.71231675148 0.508582293987
g 0.132256790996 0.0107487738132 0.00925481691957 0.0444572903216
t 0.20475782454 0.146623909473 0.143956422806 0.188764855266
h 1.0 1.0 1.0 1.0
c 0.589771091938 0 0 0
Aa 1.08007180691 0.423952907324 0.114475391805 0.632540106773
Ab 0.968840181828 -0.0155983474106 -0.35368040204 0.547440469265
Ad 1.33726263046 1.19871366024 0.965714156628 1.18751370907
Ag 0.934113502502 -0.606002867222 -0.920591175556 0.129095524549
At 1.12393605709 0.52884298563 0.271272033453 0.757073640823
as 0.651515126228 0.586538434029 0.592233002186 0.0666666701436
bs 0.327868849039 0.606557369232 0.573770463467 0.118644066155
ds 0.482142865658 0.660256385803 0.287671238184 0.370689660311
gs 0.544303774834 0.192307695746 0.303571432829 0.0117647061124
ts 0.853333353996 0.732758641243 0.504132211208 0.324324309826
a 0.18855676055 0.106088928878 0.0900228098035 0.139708817005
b 0.145748823881 0.0436254814267 0.0328283756971 0.11643049866
d 0.326003044844 0.694719851017 0.726941645145 0.518857777119
g 0.129365801811 0.0100500844419 0.00831917021424 0.0410122871399
t 0.210325583816 0.145515665412 0.14188799262 0.183990582824
h 1.0 1.0 1.0 1.0
c 0.577404618263 0 0 0
Aa 1.08007180691 0.426600217819 0.116064846516 0.632540106773
Ab 0.968234717846 0.0406703725457 -0.322038292885 0.553383052349
Ad 1.31785130501 1.24273991585 1.02321183681 1.20236468315
Ag 0.916449129581 -0.596900165081 -0.918207705021 0.100230269134
At 1.12752175331 0.563839912415 0.313657909632 0.752111852169
as 0.651515126228 0.586538434029 0.592233002186 0.0666666701436
bs 0.316666662693 0.704918026924 0.639344274998 0.135593220592
ds 0.464285701513 0.685897409916 0.331034481525 0.38793104887
gs 0.518987357616 0.211538463831 0.290909081697 0.0
ts 0.851351380348 0.758620679379 0.537190079689 0.324324309826
a 0.193231552839 0.101726271212 0.081403337419 0.135978937149
b 0.147658646107 0.0453468263149 0.0311783216894 0.114499926567
d 0.325630158186 0.696824729443 0.742978513241 0.532021582127
g 0.126723974943 0.00966158136725 0.00750637566671 0.0381326675415
t 0.206755653024 0.14644061029 0.136933460832 0.179366871715
h 1.0 1.0 1.0 1.0
c 0.564772546291 0 0 0
Aa 1.08007180691 0.426600217819 0.116064846516 0.629674732685
Ab 0.963252604008 0.0757139995694 -0.300724595785 0.555008351803
Ad 1.30671834946 1.26229059696 1.07639884949 1.22213232517
Ag 0.896852552891 -0.595784664154 -0.919147074223 0.0775002986193
At 1.10945117474 0.584828674793 0.341932266951 0.749945342541
as 0.661538481712 0.586538434029 0.592233002186 0.0666666701436
bs 0.300000011921 0.75 0.672131121159 0.135593220592
ds 0.455357134342 0.703225791454 0.365517228842 0.405172407627
gs 0.487179487944 0.215686276555 0.296296298504 0.0
ts 0.837837815285 0.77586209774 0.558333337307 0.324324309826
a 0.195953860879 0.100174292922 0.0748846456409 0.120885439217
b 0.152058959007 0.0462560243905 0.029603401199 0.112196184695
d 0.329019010067 0.695960104465 0.756747722626 0.552053391933
g 0.127228662372 0.00943246018142 0.00694582099095 0.0361596047878
t 0.195739522576 0.14817713201 0.131818443537 0.178705379367
h 1.0 1.0 1.0 1.0
c 0.551868021488 0 0 0
Aa 1.06383430958 0.426600217819 0.116064846516 0.586976647377
Ab 0.953692495823 0.0910122692585 -0.286986291409 0.554580748081
Ad 1.28890144825 1.26842832565 1.12062323093 1.24658370018
Ag 0.876265406609 -0.599531054497 -0.916604340076 0.0628262832761
At 1.06335902214 0.59662514925 0.361648261547 0.756740272045
as 0.630769252777 0.586538434029 0.592233002186 0.0111111113802
bs 0.283333331347 0.783333361149 0.688524603844 0.135593220592
ds 0.446428567171 0.709677398205 0.40000000596 0.417391300201
gs 0.454545468092 0.215686276555 0.296296298504 0.0
ts 0.791666686535 0.791304349899 0.579831957817 0.324324309826
a 0.187717527151 0.0998193696141 0.0702756494284 0.0994606167078
b 0.164604827762 0.0462785065174 0.0284034814686 0.109801575541
d 0.324009418488 0.695175051689 0.766648828983 0.574671208858
g 0.134782388806 0.0092745963484 0.00664229271933 0.0348859988153
t 0.188885837793 0.149452477694 0.128029733896 0.18118058145
h 1.0 1.0 1.0 1.0
c 0.538746595383 0 0 0
Aa 1.00157630444 0.426600217819 0.116064846516 0.511214435101
Ab 0.944514095783 0.0927647203207 -0.277368426323 0.554171860218
Ad 1.23862922192 1.26947951317 1.15385651588 1.27298271656
Ag 0.857704699039 -0.605319559574 -0.908421993256 0.056214492768
At 1.00427091122 0.601888477802 0.376570850611 0.771674990654
as 0.538461565971 0.586538434029 0.592233002186 0.0
bs 0.266666680574 0.783333361149 0.704918026924 0.135593220592
ds 0.401785701513 0.7077922225 0.420689642429 0.44736841321
gs 0.428571432829 0.196078434587 0.314814805984 0.0
ts 0.708333313465 0.800000011921 0.588235318661 0.351351350546
a 0.172589480877 0.0999016165733 0.0723324343562 0.0943841487169
b 0.187974765897 0.0458575338125 0.0292009804398 0.108703292906
d 0.301317125559 0.694893240929 0.763016879559 0.584758281708
g 0.150096639991 0.00913708657026 0.0066670817323 0.0329785645008
t 0.188021987677 0.150210544467 0.128782644868 0.179175689816
h 1.0 1.0 1.0 1.0
c 0.525452494621 0 0 0
Aa 0.904861748219 0.426600217819 0.148758143187 0.507435381413
Ab 0.941947042942 0.0884383842349 -0.245177507401 0.568778991699
Ad 1.14687132835 1.26894581318 1.17195916176 1.29951274395
Ag 0.844218432903 -0.61216455698 -0.886639177799 0.0507680252194
At 0.942056119442 0.603728115559 0.399282366037 0.785815358162
as 0.384615391493 0.586538434029 0.623762369156 0.0
bs 0.266666680574 0.783333361149 0.75 0.169491529465
ds 0.3125 0.7077922225 0.434482753277 0.473684221506
gs 0.407894730568 0.196078434587 0.351851850748 0.0
ts 0.619718313217 0.800000011921 0.61016947031 0.364864856005
a 0.146943494678 0.100164175034 0.0694206655025 0.0901138707995
b 0.220904141665 0.0455099530518 0.0296747069806 0.107903003693
d 0.25718331337 0.694760680199 0.763369262218 0.593689620495
g 0.171503767371 0.00898448750377 0.00665251072496 0.0312363896519
t 0.203465268016 0.150580704212 0.130882874131 0.177057102323
h 1.0 1.0 1.0 1.0
c 0.5120485425 0 0 0
Aa 0.768853187561 0.426600217819 0.148758143187 0.507435381413
Ab 0.945906698704 0.0839941799641 -0.220344185829 0.585677266121
Ad 1.01194560528 1.2677230835 1.19000399113 1.32620322704
Ag 0.835976481438 -0.620618879795 -0.869745016098 0.0473045520484
At 0.910193145275 0.603657126427 0.424152225256 0.800757110119
as 0.184615388513 0.586538434029 0.623762369156 0.0
bs 0.266666680574 0.766666650772 0.800000011921 0.186440676451
ds 0.189189195633 0.705882370472 0.448275864124 0.491228073835
gs 0.394736856222 0.176470592618 0.388888895512 0.0
ts 0.57746475935 0.800000011921 0.627118647099 0.391891896725
a 0.146943494678 0.101415075362 0.0663166791201 0.0859632492065
b 0.220904141665 0.0454071052372 0.0300824679434 0.107316099107
d 0.25718331337 0.694332182407 0.764349222183 0.6021515131
g 0.171503767371 0.00877928454429 0.00657782144845 0.0296511799097
t 0.203465268016 0.15006634593 0.132673829794 0.174917936325
h 1.0 1.0 1.0 1.0
c 0.49864462018 0 0 0
Aa 0.768853187561 0.431086629629 0.148758143187 0.507435381413
Ab 0.945906698704 0.0821079090238 -0.194551169872 0.60378742218
Ad 1.01194560528 1.26655137539 1.21042716503 1.35282838345
Ag 0.835976481438 -0.631556749344 -0.854782581329 0.0451645106077
At 0.910193145275 0.601267397404 0.449920624495 0.815956890583
as 0.184615388513 0.601941764355 0.623762369156 0.0
bs 0.266666680574 0.766666650772 0.833333313465 0.220338985324
ds 0.189189195633 0.705882370472 0.462068974972 0.517543852329
gs 0.394736856222 0.156862750649 0.396226406097 0.0
ts 0.57746475935 0.807017564774 0.652542352676 0.405405402184
a 0.146943494678 0.10236299783 0.0631832778454 0.0821319371462
b 0.220904141665 0.0455384366214 0.0301936771721 0.106821984053
d 0.25718331337 0.695684671402 0.766274273396 0.610392332077
g 0.171503767371 0.00854549463838 0.00641823932528 0.0282923262566
t 0.203465268016 0.147868409753 0.133930563927 0.172361418605
h 1.0 1.0 1.0 1.0
c 0.485240668058 0 0 0
Aa 0.768853187561 0.433288067579 0.148758143187 0.505976319313
Ab 0.945906698704 0.0815231874585 -0.171927973628 0.620124876499
Ad 1.01194560528 1.26555752754 1.23254024982 1.37707328796
Ag 0.835976481438 -0.645117759705 -0.844428122044 0.0431328974664
At 0.910193145275 0.593020498753 0.475035697222 0.827904343605
as 0.184615388513 0.601941764355 0.629999995232 0.0
bs 0.266666680574 0.779660999775 0.883333325386 0.254237294197
ds 0.189189195633 0.705882370472 0.475862056017 0.535087704659
gs 0.394736856222 0.117647059262 0.415094345808 0.0
ts 0.57746475935 0.798245608807 0.675213694572 0.432432442904
a 0.146943494678 0.104150027037 0.0593121498823 0.076818048954
b 0.220904141665 0.0456613376737 0.0297535993159 0.107093922794
d 0.25718331337 0.699194729328 0.770671010017 0.620333969593
g 0.171503767371 0.00835223216563 0.0061669643037 0.0273531526327
t 0.203465268016 0.142641663551 0.13409627974 0.168400898576
h 1.0 1.0 1.0 1.0
c 0.471836715937 0 0 0
Aa 0.768853187561 0.437411725521 0.141830533743 0.48666626215
Ab 0.945906698704 0.0793009698391 -0.157773628831 0.630967795849
Ad 1.01194560528 1.26435053349 1.25555586815 1.39382851124
Ag 0.835976481438 -0.658445060253 -0.841241657734 0.0382103696465
At 0.910193145275 0.573998749256 0.496103614569 0.827547371387
as 0.184615388513 0.601941764355 0.62626260519 0.0
bs 0.266666680574 0.779660999775 0.899999976158 0.271186441183
ds 0.189189195633 0.705882370472 0.48251748085 0.552631556988
gs 0.394736856222 0.0980392172933 0.433962255716 0.0
ts 0.57746475935 0.778761088848 0.692307710648 0.418918907642
a 0.146943494678 0.105289563537 0.0530582629144 0.0717774629593
b 0.220904141665 0.045788154006 0.0285698696971 0.109219312668
d 0.25718331337 0.706561326981 0.779766380787 0.627671480179
g 0.171503767371 0.0083036031574 0.00582765880972 0.0271494053304
t 0.203465268016 0.134057357907 0.132777839899 0.164182320237
h 1.0 1.0 1.0 1.0
c 0.458432763815 0 0 0
Aa 0.768853187561 0.432981789112 0.1118510589 0.450227171183
Ab 0.945906698704 0.0713495984674 -0.156993716955 0.632538497448
Ad 1.01194560528 1.2597463131 1.27906250954 1.39197146893
Ag 0.835976481438 -0.670136988163 -0.847407877445 0.0279993899167
At 0.910193145275 0.537887096405 0.51022362709 0.809565484524
as 0.184615388513 0.613861382008 0.595959603786 0.0
bs 0.266666680574 0.762711882591 0.898305058479 0.271186441183
ds 0.189189195633 0.701986730099 0.503496527672 0.552631556988
gs 0.394736856222 0.0784313753247 0.415094345808 0.0
ts 0.57746475935 0.752212405205 0.709401726723 0.405405402184
a 0.146943494678 0.103036537766 0.0494762845337 0.0596266686916
b 0.220904141665 0.0464444831014 0.0265295393765 0.116267383099
d 0.25718331337 0.718099176884 0.790212869644 0.632648169994
g 0.171503767371 0.00860008411109 0.00535190384835 0.0286398977041
t 0.203465268016 0.123819723725 0.128429383039 0.162817880511
h 1.0 1.0 1.0 1.0
c 0.445028811693 0 0 0
Aa 0.768853187561 0.400841027498 0.0997908189893 0.333539396524
Ab 0.945906698704 0.0547839142382 -0.170876547694 0.623556733131
Ad 1.01194560528 1.2440341711 1.30313789845 1.35926103592
Ag 0.835976481438 -0.677647531033 -0.866097986698 0.0150702856481
At 0.910193145275 0.480639606714 0.514058172703 0.769800901413
as 0.184615388513 0.579999983311 0.58585858345 0.0
bs 0.266666680574 0.728813588619 0.896551728249 0.254237294197
ds 0.189189195633 0.686666667461 0.51748251915 0.526315808296
gs 0.394736856222 0.0588235296309 0.365384608507 0.0
ts 0.57746475935 0.699115037918 0.709401726723 0.351351350546
a 0.146943494678 0.105864241719 0.0457998290658 0.0482815280557
b 0.220904141665 0.0473597086966 0.0240534674376 0.128572866321
d 0.25718331337 0.724661111832 0.804220378399 0.625349760056
g 0.171503767371 0.00927991885692 0.00478164711967 0.0322449095547
t 0.203465268016 0.112835019827 0.121144704521 0.165550947189
h 1.0 1.0 1.0 1.0
c 0.431624859571 0 0 0
Aa 0.768853187561 0.375212848186 0.0829774215817 0.179282769561
Ab 0.945906698704 0.0258725695312 -0.196708723903 0.604651093483
Ad 1.01194560528 1.21059846878 1.32748866081 1.29162478447
Ag 0.835976481438 -0.681992292404 -0.898308932781 0.0039629410021
At 0.910193145275 0.402907460928 0.505418002605 0.714433431625
as 0.184615388513 0.550000011921 0.561224460602 0.0
bs 0.266666680574 0.677966117859 0.844827592373 0.220338985324
ds 0.189189195633 0.666666686535 0.535211265087 0.469026535749
gs 0.394736856222 0.0599999986589 0.307692319155 0.0
ts 0.57746475935 0.628318607807 0.700854718685 0.270270258188
a 0.146943494678 0.115766957402 0.0397361814976 0.0414466783404
b 0.220904141665 0.0478773452342 0.0216171126813 0.141321092844
d 0.25718331337 0.723066627979 0.822470247746 0.605793535709
g 0.171503767371 0.0103714084253 0.00420260149986 0.0377953574061
t 0.203465268016 0.102917656302 0.111973844469 0.173643365502
h 1.0 1.0 1.0 4.0
c 0.418220937252 0 0 0
Aa 0.768853187561 0.363225489855 0.0338895842433 0.0423484109342
Ab 0.945906698704 -0.0202290825546 -0.230498865247 0.575065672398
Ad 1.01194560528 1.15881919861 1.34982359409 1.20718324184
Ag 0.835976481438 -0.684521377087 -0.941778361797 0.00229711807333
At 0.910193145275 0.312130749226 0.483820050955 0.664516866207
as 0.184615388513 0.540000021458 0.510204076767 0.0
bs 0.266666680574 0.61016947031 0.793103456497 0.169491529465
ds 0.189189195633 0.633333325386 0.556338012218 0.389380544424
gs 0.394736856222 0.0399999991059 0.230769231915 0.0
ts 0.57746475935 0.548672556877 0.681034505367 0.202702701092
a 0.146943494678 0.122845098376 0.0323505923152 0.0365711450577
b 0.220904141665 0.0461405031383 0.0195445809513 0.142523258924
d 0.25718331337 0.720357656479 0.842967689037 0.594581604004
g 0.171503767371 0.0116839753464 0.00373635673895 0.0427402555943
t 0.203465268016 0.0989727601409 0.101400770247 0.183583766222
h 1.0 1.0 1.0 4.0
c 0.40481698513 0 0 0
Aa 0.768853187561 0.339101225138 -0.049583863467 -0.0556880161166
Ab 0.945906698704 -0.0861742794514 -0.268439769745 0.535059154034
Ad 1.01194560528 1.10729157925 1.36634480953 1.15538489819
Ag 0.835976481438 -0.682666003704 -0.98701775074 0.0120105594397
At 0.910193145275 0.245259061456 0.446575134993 0.64500772953
as 0.184615388513 0.515151500702 0.404255330563 0.0
bs 0.266666680574 0.491525411606 0.72413790226 0.101694911718
ds 0.189189195633 0.593333303928 0.563380300999 0.345132738352
gs 0.394736856222 0.0416666679084 0.134615391493 0.0
ts 0.57746475935 0.486725658178 0.646551728249 0.164383560419
a 0.146943494678 0.119081564248 0.0251959860325 0.0304669495672
b 0.220904141665 0.039381608367 0.0180849693716 0.126702874899
d 0.25718331337 0.729888617992 0.860942661762 0.60714495182
g 0.171503767371 0.0123752132058 0.0035375347361 0.0443741455674
t 0.203465268016 0.0992729961872 0.092238843441 0.191311106086
h 1.0 1.0 1.0 1.0
c 0.391413033009 0 0 0
Aa 0.768853187561 0.311246842146 -0.161836907268 -0.134813442826
Ab 0.945906698704 -0.169304221869 -0.305850535631 0.484144061804
Ad 1.01194560528 1.09865891933 1.3718059063 1.16464996338
Ag 0.835976481438 -0.672044992447 -1.01446759701 0.0284875966609
At 0.910193145275 0.232233434916 0.401745557785 0.663097798824
as 0.184615388513 0.484848499298 0.287234038115 0.0
bs 0.266666680574 0.355932205915 0.642857134342 0.0169491525739
ds 0.189189195633 0.593333303928 0.568345308304 0.353982299566
gs 0.394736856222 0.0625 0.0769230797887 0.0
ts 0.57746475935 0.473214298487 0.61206895113 0.191780820489
a 0.146943494678 0.0986096933484 0.0199972093105 0.0304669495672
b 0.220904141665 0.0295284781605 0.0175049230456 0.126702874899
d 0.25718331337 0.760338127613 0.873236715794 0.60714495182
g 0.171503767371 0.0120054595172 0.00369369215332 0.0443741455674
t 0.203465268016 0.0995182469487 0.0855674594641 0.191311106086
h 1.0 1.0 1.0 1.0
c 0.378009080887 0 0 0
Aa 0.768853187561 0.268165320158 -0.277895897627 -0.134813442826
Ab 0.945906698704 -0.255513221025 -0.33570510149 0.484144061804
Ad 1.01194560528 1.15525245667 1.36226665974 1.16464996338
Ag 0.835976481438 -0.646375536919 -1.01140463352 0.0284875966609
At 0.910193145275 0.272148400545 0.353443324566 0.663097798824
as 0.184615388513 0.444444447756 0.159574463964 0.0
bs 0.266666680574 0.203389823437 0.589285731316 0.0169491525739
ds 0.189189195633 0.630872488022 0.561151087284 0.353982299566
gs 0.394736856222 0.104166664183 0.0980392172933 0.0
ts 0.57746475935 0.508928596973 0.568965494633 0.191780820489
a 0.146943494678 0.0839574560523 0.0199972093105 0.0304669495672
b 0.220904141665 0.0210587065667 0.0175049230456 0.126702874899
d 0.25718331337 0.789191424847 0.873236715794 0.60714495182
g 0.171503767371 0.0110396556556 0.00369369215332 0.0443741455674
t 0.203465268016 0.094752766192 0.0855674594641 0.191311106086
h 1.0 1.0 1.0 1.0
c 0.364605128765 0 0 0
Aa 0.768853187561 0.275873750448 -0.277895897627 -0.134813442826
Ab 0.945906698704 -0.324753820896 -0.33570510149 0.484144061804
Ad 1.01194560528 1.24899685383 1.36226665974 1.16464996338
Ag 0.835976481438 -0.605229973793 -1.01140463352 0.0284875966609
At 0.910193145275 0.328406393528 0.353443324566 0.663097798824
as 0.184615388513 0.438775509596 0.159574463964 0.0
bs 0.266666680574 0.0689655169845 0.589285731316 0.0169491525739
ds 0.189189195633 0.697986602783 0.561151087284 0.353982299566
gs 0.394736856222 0.1875 0.0980392172933 0.0
ts 0.57746475935 0.567567586899 0.568965494633 0.191780820489
a 0.146943494678 0.0704421401024 0.0199972093105 0.0304669495672
b 0.220904141665 0.0162118077278 0.0175049230456 0.126702874899
d 0.25718331337 0.814923584461 0.873236715794 0.60714495182
g 0.171503767371 0.0103972190991 0.00369369215332 0.0443741455674
t 0.203465268016 0.088025264442 0.0855674594641 0.191311106086
h 1.0 1.0 1.0 1.0
c 0.351201176643 0 0 0
Aa 0.768853187561 0.275873750448 -0.277895897627 -0.134813442826
Ab 0.945906698704 -0.362127363682 -0.33570510149 0.484144061804
Ad 1.01194560528 1.33915805817 1.36226665974 1.16464996338
Ag 0.835976481438 -0.555041611195 -1.01140463352 0.0284875966609
At 0.910193145275 0.372648537159 0.353443324566 0.663097798824
as 0.184615388513 0.438775509596 0.159574463964 0.0
bs 0.266666680574 0.0172413792461 0.589285731316 0.0169491525739
ds 0.189189195633 0.758389234543 0.561151087284 0.353982299566
gs 0.394736856222 0.27659574151 0.0980392172933 0.0
ts 0.57746475935 0.603603601456 0.568965494633 0.191780820489
a 0.146943494678 0.0616225004196 0.0199972093105 0.0304669495672
b 0.220904141665 0.0138875022531 0.0175049230456 0.126702874899
d 0.25718331337 0.832484304905 0.873236715794 0.60714495182
g 0.171503767371 0.01016682107 0.00369369215332 0.0443741455674
t 0.203465268016 0.0818388462067 0.0855674594641 0.191311106086
h 1.0 1.0 1.0 1.0
c 0.337797254324 0 0 0
Aa 0.768853187561 0.275873750448 -0.277895897627 -0.134813442826
Ab 0.945906698704 -0.37124145031 -0.33570510149 0.484144061804
Ad 1.01194560528 1.4065104723 1.36226665974 1.16464996338
Ag 0.835976481438 -0.506680428982 -1.01140463352 0.0284875966609
At 0.910193145275 0.399093925953 0.353443324566 0.663097798824
as 0.184615388513 0.438775509596 0.159574463964 0.0
bs 0.266666680574 0.0 0.589285731316 0.0169491525739
ds 0.189189195633 0.80405408144 0.561151087284 0.353982299566
gs 0.394736856222 0.382978737354 0.0980392172933 0.0
ts 0.57746475935 0.630630612373 0.568965494633 0.191780820489
a 0.146943494678 0.0562697835267 0.0199972093105 0.0304669495672
b 0.220904141665 0.0129073085263 0.0175049230456 0.126702874899
d 0.25718331337 0.843081951141 0.873236715794 0.60714495182
g 0.171503767371 0.0101858908311 0.00369369215332 0.0443741455674
t 0.203465268016 0.0775550380349 0.0855674594641 0.191311106086
h 1.0 1.0 1.0 1.0
c 0.324393302202 0 0 0
Aa 0.768853187561 0.275873750448 -0.277895897627 -0.134813442826
Ab 0.945906698704 -0.363565802574 -0.33570510149 0.484144061804
Ad 1.01194560528 1.4514683485 1.36226665974 1.16464996338
Ag 0.835976481438 -0.466402500868 -1.01140463352 0.0284875966609
At 0.910193145275 0.415208548307 0.353443324566 0.663097798824
as 0.184615388513 0.438775509596 0.159574463964 0.0
bs 0.266666680574 0.0 0.589285731316 0.0169491525739
ds 0.189189195633 0.837837815285 0.561151087284 0.353982299566
gs 0.394736856222 0.478260874748 0.0980392172933 0.0
ts 0.57746475935 0.639639616013 0.568965494633 0.191780820489
a 0.146943494678 0.0527140758932 0.0199972093105 0.0304669495672
b 0.220904141665 0.012572885491 0.0175049230456 0.126702874899
d 0.25718331337 0.848638772964 0.873236715794 0.60714495182
g 0.171503767371 0.0102741699666 0.00369369215332 0.0443741455674
t 0.203465268016 0.0758001208305 0.0855674594641 0.191311106086
h 1.0 1.0 1.0 1.0
c 0.31098935008 0 0 0
Aa 0.768853187561 0.275873750448 -0.277895897627 -0.134813442826
Ab 0.945906698704 -0.346617907286 -0.33570510149 0.484144061804
Ad 1.01194560528 1.48267006874 1.36226665974 1.16464996338
Ag 0.835976481438 -0.43430608511 -1.01140463352 0.0284875966609
At 0.910193145275 0.433617055416 0.353443324566 0.663097798824
as 0.184615388513 0.438775509596 0.159574463964 0.0
bs 0.266666680574 0.0350877195597 0.589285731316 0.0169491525739
ds 0.189189195633 0.858108103275 0.561151087284 0.353982299566
gs 0.394736856222 0.543478250504 0.0980392172933 0.0
ts 0.57746475935 0.654545426369 0.568965494633 0.191780820489
a 0.146943494678 0.0516257062554 0.0199972093105 0.0304669495672
b 0.220904141665 0.0124559402466 0.0175049230456 0.126702874899
d 0.25718331337 0.849708497524 0.873236715794 0.60714495182
g 0.171503767371 0.0103061944246 0.00369369215332 0.0443741455674
t 0.203465268016 0.0759036839008 0.0855674594641 0.191311106086
h 1.0 1.0 1.0 1.0
c 0.297585397959 0 0 0
Aa 0.768853187561 0.291963279247 -0.277895897627 -0.134813442826
Ab 0.945906698704 -0.325526207685 -0.33570510149 0.484144061804
Ad 1.01194560528 1.50836718082 1.36226665974 1.16464996338
Ag 0.835976481438 -0.407804399729 -1.01140463352 0.0284875966609
At 0.910193145275 0.459360122681 0.353443324566 0.663097798824
as 0.184615388513 0.453608244658 0.159574463964 0.0
bs 0.266666680574 0.0701754391193 0.589285731316 0.0169491525739
ds 0.189189195633 0.877551019192 0.561151087284 0.353982299566
gs 0.394736856222 0.608695626259 0.0980392172933 0.0
ts 0.57746475935 0.681818187237 0.568965494633 0.191780820489
a 0.146943494678 0.0527779236436 0.0199972093105 0.0304669495672
b 0.220904141665 0.0122697474435 0.0175049230456 0.126702874899
d 0.25718331337 0.848481178284 0.873236715794 0.60714495182
g 0.171503767371 0.0102558881044 0.00369369215332 0.0443741455674
t 0.203465268016 0.0762152522802 0.0855674594641 0.191311106086
h 1.0 1.0 1.0 1.0
c 0.284181445837 0 0 0
Aa 0.768853187561 0.32659214735 -0.277895897627 -0.134813442826
Ab 0.945906698704 -0.307024538517 -0.33570510149 0.484144061804
Ad 1.01194560528 1.53278207779 1.36226665974 1.16464996338
Ag 0.835976481438 -0.38488689065 -1.01140463352 0.0284875966609
At 0.910193145275 0.48618170619 0.353443324566 0.663097798824
as 0.184615388513 0.484536081553 0.159574463964 0.0
bs 0.266666680574 0.105263158679 0.589285731316 0.0169491525739
ds 0.189189195633 0.897260248661 0.561151087284 0.353982299566
gs 0.394736856222 0.652173936367 0.0980392172933 0.0
ts 0.57746475935 0.699999988079 0.568965494633 0.191780820489
a 0.146943494678 0.0508360154927 0.0199972093105 0.0304669495672
b 0.220904141665 0.0120349572971 0.0175049230456 0.126702874899
d 0.25718331337 0.850567162037 0.873236715794 0.60714495182
g 0.171503767371 0.0101662185043 0.00369369215332 0.0443741455674
t 0.203465268016 0.0763956457376 0.0855674594641 0.191311106086
h 1.0 1.0 1.0 1.0
c 0.270777493715 0 0 0
Aa 0.768853187561 0.330710440874 -0.277895897627 -0.134813442826
Ab 0.945906698704 -0.295016497374 -0.33570510149 0.484144061804
Ad 1.01194560528 1.55424761772 1.36226665974 1.16464996338
Ag 0.835976481438 -0.368301600218 -1.01140463352 0.0284875966609
At 0.910193145275 0.507607579231 0.353443324566 0.663097798824
as 0.184615388513 0.489583343267 0.159574463964 0.0
bs 0.266666680574 0.122807018459 0.589285731316 0.0169491525739
ds 0.189189195633 0.910958886147 0.561151087284 0.353982299566
gs 0.394736856222 0.71111112833 0.0980392172933 0.0
ts 0.57746475935 0.727272748947 0.568965494633 0.191780820489
a 0.146943494678 0.0491660907865 0.0199972093105 0.0304669495672
b 0.220904141665 0.0117987403646 0.0175049230456 0.126702874899
d 0.25718331337 0.852909505367 0.873236715794 0.60714495182
g 0.171503767371 0.0100419102237 0.00369369215332 0.0443741455674
t 0.203465268016 0.076083727181 0.0855674594641 0.191311106086
h 1.0 1.0 1.0 1.0
c 0.257373571396 0 0 0
Aa 0.768853187561 0.330710440874 -0.277895897627 -0.134813442826
Ab 0.945906698704 -0.289119631052 -0.33570510149 0.484144061804
Ad 1.01194560528 1.56994771957 1.36226665974 1.16464996338
Ag 0.835976481438 -0.359138906002 -1.01140463352 0.0284875966609
At 0.910193145275 0.520336508751 0.353443324566 0.663097798824
as 0.184615388513 0.494736850262 0.159574463964 0.0
bs 0.266666680574 0.140350878239 0.589285731316 0.0169491525739
ds 0.189189195633 0.931034505367 0.561151087284 0.353982299566
gs 0.394736856222 0.733333349228 0.0980392172933 0.0
ts 0.57746475935 0.743119239807 0.568965494633 0.191780820489
a 0.146943494678 0.0482650399208 0.0199972093105 0.0304669495672
b 0.220904141665 0.0117260059342 0.0175049230456 0.126702874899
d 0.25718331337 0.853605926037 0.873236715794 0.60714495182
g 0.171503767371 0.00988752488047 0.00369369215332 0.0443741455674
t 0.203465268016 0.0765155181289 0.0855674594641 0.191311106086
h 1.0 1.0 1.0 1.0
c 0.243969604373 0 0 0
Aa 0.768853187561 0.330710440874 -0.277895897627 -0.134813442826
Ab 0.945906698704 -0.283772110939 -0.33570510149 0.484144061804
Ad 1.01194560528 1.57833516598 1.36226665974 1.16464996338
Ag 0.835976481438 -0.357834666967 -1.01140463352 0.0284875966609
At 0.910193145275 0.530827283859 0.353443324566 0.663097798824
as 0.184615388513 0.483870953321 0.159574463964 0.0
bs 0.266666680574 0.140350878239 0.589285731316 0.0169491525739
ds 0.189189195633 0.931034505367 0.561151087284 0.353982299566
gs 0.394736856222 0.75 0.0980392172933 0.0
ts 0.57746475935 0.752293586731 0.568965494633 0.191780820489
a 0.146943494678 0.0477811507881 0.0199972093105 0.0304669495672
b 0.220904141665 0.0120543716475 0.0175049230456 0.126702874899
d 0.25718331337 0.84958845377 0.873236715794 0.60714495182
g 0.171503767371 0.00975280534476 0.00369369215332 0.0443741455674
t 0.203465268016 0.0808232203126 0.0855674594641 0.191311106086
h 1.0 1.0 1.0 1.0
c 0.230565667152 0 0 0
Aa 0.768853187561 0.330710440874 -0.277895897627 -0.134813442826
Ab 0.945906698704 -0.267401605844 -0.33570510149 0.484144061804
Ad 1.01194560528 1.58066248894 1.36226665974 1.16464996338
Ag 0.835976481438 -0.359416604042 -1.01140463352 0.0284875966609
At 0.910193145275 0.558990001678 0.353443324566 0.663097798824
as 0.184615388513 0.483870953321 0.159574463964 0.0
bs 0.266666680574 0.175438597798 0.589285731316 0.0169491525739
ds 0.189189195633 0.937931060791 0.561151087284 0.353982299566
gs 0.394736856222 0.75 0.0980392172933 0.0
ts 0.57746475935 0.777777791023 0.568965494633 0.191780820489
a 0.146943494678 0.0478576496243 0.0199972093105 0.0304669495672
b 0.220904141665 0.0127959735692 0.0175049230456 0.126702874899
d 0.25718331337 0.837245881557 0.873236715794 0.60714495182
g 0.171503767371 0.0096830688417 0.00369369215332 0.0443741455674
t 0.203465268016 0.0924174040556 0.0855674594641 0.191311106086
h 1.0 1.0 1.0 1.0
c 0.217161715031 0 0 0
Aa 0.768853187561 0.337434053421 -0.277895897627 -0.134813442826
Ab 0.945906698704 -0.235443964601 -0.33570510149 0.484144061804
Ad 1.01194560528 1.58033573627 1.36226665974 1.16464996338
Ag 0.835976481438 -0.356504291296 -1.01140463352 0.0284875966609
At 0.910193145275 0.623236477375 0.353443324566 0.663097798824
as 0.184615388513 0.5 0.159574463964 0.0
bs 0.266666680574 0.232142850757 0.589285731316 0.0169491525739
ds 0.189189195633 0.9375 0.561151087284 0.353982299566
gs 0.394736856222 0.75 0.0980392172933 0.0
ts 0.57746475935 0.831775724888 0.568965494633 0.191780820489
a 0.146943494678 0.0670567378402 0.0199972093105 0.0304669495672
b 0.220904141665 0.0135672744364 0.0175049230456 0.126702874899
d 0.25718331337 0.801243901253 0.873236715794 0.60714495182
g 0.171503767371 0.00955929700285 0.00369369215332 0.0443741455674
t 0.203465268016 0.108572781086 0.0855674594641 0.191311106086
h 1.0 1.0 1.0 1.0
c 0.203757762909 0 0 0
Aa 0.768853187561 0.500437736511 -0.277895897627 -0.134813442826
Ab 0.945906698704 -0.193512052298 -0.33570510149 0.484144061804
Ad 1.01194560528 1.57776010036 1.36226665974 1.16464996338
Ag 0.835976481438 -0.345578700304 -1.01140463352 0.0284875966609
At 0.910193145275 0.709716260433 0.353443324566 0.663097798824
as 0.184615388513 0.681318700314 0.159574463964 0.0
bs 0.266666680574 0.303571432829 0.589285731316 0.0169491525739
ds 0.189189195633 0.930069923401 0.561151087284 0.353982299566
gs 0.394736856222 0.772727251053 0.0980392172933 0.0
ts 0.57746475935 0.915887832642 0.568965494633 0.191780820489
a 0.146943494678 0.0857947394252 0.0199972093105 0.0304669495672
b 0.220904141665 0.0145619316027 0.0175049230456 0.126702874899
d 0.25718331337 0.761436343193 0.873236715794 0.60714495182
g 0.171503767371 0.00968311168253 0.00369369215332 0.0443741455674
t 0.203465268016 0.128523886204 0.0855674594641 0.191311106086
h 1.0 1.0 1.0 1.0
c 0.190353825688 0 0 0
Aa 0.768853187561 0.618683576584 -0.277895897627 -0.134813442826
Ab 0.945906698704 -0.151558101177 -0.33570510149 0.484144061804
Ad 1.01194560528 1.56685650349 1.36226665974 1.16464996338
Ag 0.835976481438 -0.32876214385 -1.01140463352 0.0284875966609
At 0.910193145275 0.794206798077 0.353443324566 0.663097798824
as 0.184615388513 0.813186824322 0.159574463964 0.0
bs 0.266666680574 0.392857134342 0.589285731316 0.0169491525739
ds 0.189189195633 0.929577469826 0.561151087284 0.353982299566
gs 0.394736856222 0.813953459263 0.0980392172933 0.0
ts 0.57746475935 0.990654230118 0.568965494633 0.191780820489
a 0.146943494678 0.0949989035726 0.0199972093105 0.0304669495672
b 0.220904141665 0.0159569866955 0.0175049230456 0.126702874899
d 0.25718331337 0.727281033993 0.873236715794 0.60714495182
g 0.171503767371 0.010107264854 0.00369369215332 0.0443741455674
t 0.203465268016 0.151655808091 0.0855674594641 0.191311106086
h 1.0 1.0 1.0 1.0
c 0.176949873567 0 0 0
Aa 0.768853187561 0.658066093922 -0.277895897627 -0.134813442826
Ab 0.945906698704 -0.116701625288 -0.33570510149 0.484144061804
Ad 1.01194560528 1.54204976559 1.36226665974 1.16464996338
Ag 0.835976481438 -0.315018862486 -1.01140463352 0.0284875966609
At 0.910193145275 0.861206531525 0.353443324566 0.663097798824
as 0.184615388513 0.857142865658 0.159574463964 0.0
bs 0.266666680574 0.446428567171 0.589285731316 0.0169491525739
ds 0.189189195633 0.91549295187 0.561151087284 0.353982299566
gs 0.394736856222 0.837209284306 0.0980392172933 0.0
ts 0.57746475935 1.0 0.568965494633 0.191780820489
a 0.146943494678 0.1040128842 0.0199972093105 0.0304669495672
b 0.220904141665 0.0178222265095 0.0175049230456 0.126702874899
d 0.25718331337 0.690813779831 0.873236715794 0.60714495182
g 0.171503767371 0.0106231020764 0.00369369215332 0.0443741455674
t 0.203465268016 0.176727995276 0.0855674594641 0.191311106086
h 1.0 1.0 1.0 1.0
c 0.163545921445 0 0 0
Aa 0.768853187561 0.679451107979 -0.277895897627 -0.134813442826
Ab 0.945906698704 -0.086674079299 -0.33570510149 0.484144061804
Ad 1.01194560528 1.50172495842 1.36226665974 1.16464996338
Ag 0.835976481438 -0.311384648085 -1.01140463352 0.0284875966609
At 0.910193145275 0.909669339657 0.353443324566 0.663097798824
as 0.184615388513 0.888888895512 0.159574463964 0.0
bs 0.266666680574 0.5 0.589285731316 0.0169491525739
ds 0.189189195633 0.887323915958 0.561151087284 0.353982299566
gs 0.394736856222 0.880952358246 0.0980392172933 0.0
ts 0.57746475935 1.0 0.568965494633 0.191780820489
a 0.146943494678 0.112867973745 0.0199972093105 0.0304669495672
b 0.220904141665 0.020017625764 0.0175049230456 0.126702874899
d 0.25718331337 0.651445388794 0.873236715794 0.60714495182
g 0.171503767371 0.0108054699376 0.00369369215332 0.0443741455674
t 0.203465268016 0.204863533378 0.0855674594641 0.191311106086
h 1.0 1.0 1.0 1.0
c 0.150141984224 0 0 0
Aa 0.768853187561 0.698044061661 -0.277895897627 -0.134813442826
Ab 0.945906698704 -0.0531141124666 -0.33570510149 0.484144061804
Ad 1.01194560528 1.45935130119 1.36226665974 1.16464996338
Ag 0.835976481438 -0.320882976055 -1.01140463352 0.0284875966609
At 0.910193145275 0.956937968731 0.353443324566 0.663097798824
as 0.184615388513 0.910112380981 0.159574463964 0.0
bs 0.266666680574 0.553571403027 0.589285731316 0.0169491525739
ds 0.189189195633 0.859154939651 0.561151087284 0.353982299566
gs 0.394736856222 0.857142865658 0.0980392172933 0.0
ts 0.57746475935 1.0 0.568965494633 0.191780820489
a 0.146943494678 0.120380677283 0.0328952223063 0.0304669495672
b 0.220904141665 0.0218635834754 0.00700448360294 0.126702874899
d 0.25718331337 0.617881417274 0.907653093338 0.60714495182
g 0.171503767371 0.0101303467527 0.00183077109978 0.0443741455674
t 0.203465268016 0.229743987322 0.0506164506078 0.191311106086
h 4.0 1.0 1.0 1.0
c 0.136738032103 0 0 0
Aa 0.768853187561 0.736247122288 0.674822211266 -0.134813442826
Ab 0.945906698704 -0.00458829523996 0.00306553253904 0.484144061804
Ad 1.01194560528 1.44659543037 2.11560916901 1.16464996338
Ag 0.835976481438 -0.338685333729 -0.579676568508 0.0284875966609
At 0.910193145275 1.01693451405 0.861981093884 0.663097798824
as 0.184615388513 0.943820238113 1.0 0.0
bs 0.266666680574 0.642857134342 1.0 0.0169491525739
ds 0.189189195633 0.845070421696 1.0 0.353982299566
gs 0.394736856222 0.809523820877 0.941176474094 0.0
ts 0.57746475935 1.0 1.0 0.191780820489
a 0.146943494678 0.123976908624 0.0356374830008 0.0304669495672
b 0.220904141665 0.0223790183663 0.0068195941858 0.126702874899
d 0.25718331337 0.603593230247 0.904904901981 0.60714495182
g 0.171503767371 0.0086708208546 0.00184303265996 0.0443741455674
t 0.203465268016 0.241380006075 0.0507949665189 0.191311106086
h 1.0 1.0 1.0 1.0
c 0.123334087431 0 0 0
Aa 0.768853187561 0.797768294811 0.674822211266 -0.134813442826
Ab 0.945906698704 0.0542685091496 -0.0433262735605 0.484144061804
Ad 1.01194560528 1.4851719141 2.07951807976 1.16464996338
Ag 0.835976481438 -0.357512265444 -0.611551761627 0.0284875966609
At 0.910193145275 1.08712875843 0.828735888004 0.663097798824
as 0.184615388513 1.0 1.0 0.0
bs 0.266666680574 0.75 1.0 0.0169491525739
ds 0.189189195633 0.879432618618 1.0 0.353982299566
gs 0.394736856222 0.761904776096 0.882352948189 0.0
ts 0.57746475935 1.0 0.974358975887 0.191780820489
a 0.146943494678 0.120166935027 0.0392717011273 0.0304669495672
b 0.220904141665 0.0219058766961 0.00676229409873 0.126702874899
d 0.25718331337 0.610750496387 0.899780213833 0.60714495182
g 0.171503767371 0.00713964970782 0.0018524217885 0.0443741455674
t 0.203465268016 0.240037053823 0.0523333698511 0.191311106086
h 1.0 1.0 1.0 1.0
c 0.10993013531 0 0 0
Aa 0.768853187561 0.85076457262 0.683920204639 -0.134813442826
Ab 0.945906698704 0.111540220678 -0.0800654813647 0.484144061804
Ad 1.01194560528 1.5568434 2.04397678375 1.16464996338
Ag 0.835976481438 -0.375343501568 -0.64241963625 0.0284875966609
At 0.910193145275 1.15125787258 0.808619201183 0.663097798824
as 0.184615388513 1.0 1.0 0.0
bs 0.266666680574 0.857142865658 1.0 0.0169491525739
ds 0.189189195633 0.929078042507 1.0 0.353982299566
gs 0.394736856222 0.714285731316 0.823529422283 0.0
ts 0.57746475935 1.0 0.965517222881 0.191780820489
a 0.146943494678 0.112515851855 0.0423674359918 0.0304669495672
b 0.220904141665 0.0210729185492 0.0066693755798 0.126702874899
d 0.25718331337 0.627641677856 0.894478857517 0.60714495182
g 0.171503767371 0.00598859228194 0.00183542177547 0.0443741455674
t 0.203465268016 0.232780963182 0.054648924619 0.191311106086
h 1.0 1.0 1.0 1.0
c 0.0965261906385 0 0 0
Aa 0.768853187561 0.8820951581 0.69269579649 -0.134813442826
Ab 0.945906698704 0.154606178403 -0.110251218081 0.484144061804
Ad 1.01194560528 1.62859320641 2.01723361015 1.16464996338
Ag 0.835976481438 -0.391793787479 -0.670600533485 0.0284875966609
At 0.910193145275 1.19782888889 0.80324524641 0.663097798824
as 0.184615388513 1.0 1.0 0.0
bs 0.266666680574 0.928571403027 0.948275864124 0.0169491525739
ds 0.189189195633 1.0 1.0 0.353982299566
gs 0.394736856222 0.690476179123 0.764705896378 0.0
ts 0.57746475935 1.0 0.956896543503 0.191780820489
a 0.146943494678 0.104279197752 0.0441510602832 0.0304669495672
b 0.220904141665 0.0204098653048 0.0065894741565 0.126702874899
d 0.25718331337 0.642891049385 0.888664126396 0.60714495182
g 0.171503767371 0.00527256075293 0.00179931696039 0.0443741455674
t 0.203465268016 0.227147296071 0.0587959997356 0.191311106086
h 1.0 1.0 1.0 1.0
c 0.0831222459674 0 0 0
Aa 0.768853187561 0.890105247498 0.697748243809 -0.134813442826
Ab 0.945906698704 0.181747719646 -0.12834212184 0.484144061804
Ad 1.01194560528 1.68004500866 2.00154471397 1.16464996338
Ag 0.835976481438 -0.406070828438 -0.692085206509 0.0284875966609
At 0.910193145275 1.22821509838 0.82215487957 0.663097798824
as 0.184615388513 1.0 1.0 0.0
bs 0.266666680574 1.0 0.929824590683 0.0169491525739
ds 0.189189195633 1.0 0.992957770824 0.353982299566
gs 0.394736856222 0.642857134342 0.72549021244 0.0
ts 0.57746475935 1.0 0.97413790226 0.191780820489
a 0.146943494678 0.0983986705542 0.0453378334641 0.0304669495672
b 0.220904141665 0.0199712179601 0.00657501770183 0.126702874899
d 0.25718331337 0.650802493095 0.881776273251 0.60714495182
g 0.171503767371 0.00488895177841 0.00176565442234 0.0443741455674
t 0.203465268016 0.225938692689 0.0645452067256 0.191311106086
h 1.0 1.0 1.0 1.0
c 0.0697182938457 0 0 0
Aa 0.768853187561 0.890105247498 0.706252574921 -0.134813442826
Ab 0.945906698704 0.197520568967 -0.132311269641 0.484144061804
Ad 1.01194560528 1.71056520939 1.99515020847 1.16464996338
Ag 0.835976481438 -0.413668245077 -0.703302502632 0.0284875966609
At 0.910193145275 1.25110661983 0.859655797482 0.663097798824
as 0.184615388513 1.0 1.0 0.0
bs 0.266666680574 1.0 0.929824590683 0.0169491525739
ds 0.189189195633 1.0 0.985915482044 0.353982299566
gs 0.394736856222 0.619047641754 0.705882370472 0.0
ts 0.57746475935 1.0 1.0 0.191780820489
