799.460449219 1283.0847168 1213.9954834 924.478942871
829.070068359 1288.01965332 1207.41552734 868.549621582
809.330322266 1292.95458984 1204.12561035 888.289367676
736.951171875 1286.37463379 1199.19067383 853.744812012
707.341552734 1296.24450684 1194.2557373 840.584960938
748.466064453 1311.04931641 1187.67578125 847.164855957
738.596191406 1311.04931641 1187.67578125 799.460449219
723.791320801 1301.17944336 1190.96582031 834.005004883
730.371276855 1304.46936035 1186.03088379 855.389770508
712.276489258 1302.82446289 1194.2557373 875.129516602
751.75604248 1297.88952637 1199.19067383 916.25402832
784.655639648 1297.88952637 1204.12561035 914.609069824
697.471679688 1289.66455078 1205.77062988 926.123962402
616.867614746 1289.66455078 1205.77062988 922.833984375
654.702148438 1297.88952637 1200.83569336 921.188964844
690.891723633 1296.24450684 1204.12561035 939.283752441
669.507019043 1294.5994873 1210.70556641 939.283752441
644.832275391 1301.17944336 1212.35046387 963.958496094
606.997741699 1299.53442383 1217.28540039 978.763305664
631.672424316 1299.53442383 1222.22033691 991.923156738
641.542358398 1292.95458984 1223.86535645 967.248413086
671.151977539 1296.24450684 1223.86535645 993.568115234
618.512634277 1296.24450684 1218.93041992 985.343200684
579.033081055 1289.66455078 1222.22033691 962.313476562
587.257995605 1288.01965332 1227.15539551 978.763305664
588.902954102 1286.37463379 1233.73522949 991.923156738
593.837890625 1288.01965332 1230.4453125 1003.43798828
598.772827148 1288.01965332 1232.09033203 985.343200684
546.133483887 1283.0847168 1233.73522949 963.958496094
544.488464355 1283.0847168 1235.38024902 931.058898926
567.518188477 1278.14978027 1243.60510254 911.319091797
544.488464355 1274.85974121 1243.60510254 783.010620117
528.038696289 1278.14978027 1243.60510254 646.477294922
544.488464355 1279.79467773 1245.25012207 641.542358398
518.168823242 1281.43969727 1246.8951416 700.76159668
552.713378906 1276.50476074 1246.8951416 735.306213379
518.168823242 1273.21484375 1250.18505859 758.3359375
463.884460449 1274.85974121 1248.54003906 769.850830078
503.363983154 1279.79467773 1243.60510254 784.655639648
505.008972168 1278.14978027 1241.96020508 814.265258789
473.754333496 1269.92480469 1248.54003906 829.070068359
473.754333496 1264.98986816 1245.25012207 807.68536377
449.079620361 1266.6348877 1241.96020508 824.135131836
465.529449463 1271.56982422 1238.67016602 807.68536377
505.008972168 1266.6348877 1243.60510254 829.070068359
500.074035645 1261.69995117 1240.31518555 861.969726562
495.139068604 1269.92480469 1235.38024902 865.259643555
472.109344482 1266.6348877 1230.4453125 868.549621582
454.014587402 1269.92480469 1223.86535645 799.460449219
434.274810791 1264.98986816 1233.73522949 812.620300293
411.24508667 1260.05493164 1240.31518555 873.484558105
500.074035645 1268.27978516 1230.4453125 858.679748535
483.624206543 1269.92480469 1228.80029297 863.614685059
449.079620361 1274.85974121 1222.22033691 827.425109863
407.95513916 1264.98986816 1228.80029297 861.969726562
370.120574951 1256.76501465 1230.4453125 848.809875488
406.310150146 1258.40991211 1220.57543945 840.584960938
444.144683838 1258.40991211 1222.22033691 875.129516602
404.665161133 1258.40991211 1218.93041992 840.584960938
386.570373535 1255.11999512 1220.57543945 857.034729004
379.990447998 1256.76501465 1217.28540039 852.09979248
381.635437012 1253.47497559 1215.64050293 838.940002441
412.890075684 1237.02526855 1220.57543945 792.880554199
424.404937744 1240.31518555 1212.35046387 738.596191406
411.24508667 1235.38024902 1209.06054688 732.016235352
465.529449463 1235.38024902 1207.41552734 727.081298828
500.074035645 1250.18505859 1197.5456543 735.306213379
485.269195557 1235.38024902 1202.48059082 722.146362305
468.819396973 1237.02526855 1195.90075684 695.826660156
452.369598389 1241.96020508 1190.96582031 684.311828613
445.789672852 1235.38024902 1190.96582031 692.536743164
432.629821777 1233.73522949 1192.61071777 708.98651123
477.044311523 1225.51037598 1187.67578125 735.306213379
549.423461914 1227.15539551 1182.74084473 755.045959473
526.393737793 1223.86535645 1187.67578125 771.495788574
528.038696289 1223.86535645 1184.38586426 792.880554199
483.624206543 1223.86535645 1179.45092773 717.211425781
546.133483887 1213.9954834 1187.67578125 725.436340332
529.683654785 1209.06054688 1187.67578125 733.661254883
537.908569336 1212.35046387 1184.38586426 730.371276855
529.683654785 1213.9954834 1179.45092773 786.300598145
516.523803711 1207.41552734 1179.45092773 787.945556641
557.64831543 1209.06054688 1179.45092773 779.720703125
572.453186035 1200.83569336 1182.74084473 774.785766602
501.718994141 1197.5456543 1179.45092773 769.850830078
509.943908691 1202.48059082 1171.22595215 750.111022949
531.328674316 1190.96582031 1177.8059082 774.785766602
539.553527832 1190.96582031 1171.22595215 799.460449219
516.523803711 1199.19067383 1167.93603516 764.91583252
472.109344482 1189.32080078 1166.29101562 776.430725098
495.139068604 1186.03088379 1161.3560791 778.075683594
495.139068604 1184.38586426 1159.71118164 756.690979004
500.074035645 1177.8059082 1166.29101562 810.975280762
505.008972168 1182.74084473 1161.3560791 786.300598145
495.139068604 1182.74084473 1161.3560791 766.560852051
440.854736328 1172.87097168 1164.64611816 791.235534668
434.274810791 1171.22595215 1159.71118164 787.945556641
480.334259033 1167.93603516 1156.42114258 786.300598145
477.044311523 1163.00109863 1156.42114258 796.170471191
514.878845215 1159.71118164 1149.84130859 773.14074707
478.68927002 1156.42114258 1149.84130859 764.91583252
445.789672852 1154.77624512 1151.48620605 763.270874023
470.464385986 1151.48620605 1156.42114258 799.460449219
498.429046631 1149.84130859 1148.19628906 783.010620117
496.784057617 1146.55126953 1144.90637207 781.365661621
463.884460449 1138.32641602 1144.90637207 771.495788574
444.144683838 1138.32641602 1143.26135254 748.466064453
424.404937744 1138.32641602 1143.26135254 819.200195312
493.494110107 1130.10144043 1146.55126953 802.750427246
463.884460449 1130.10144043 1144.90637207 776.430725098
445.789672852 1125.16650391 1144.90637207 728.726318359
407.95513916 1121.87658691 1151.48620605 735.306213379
430.984863281 1118.58666992 1151.48620605 776.430725098
485.269195557 1116.94165039 1149.84130859 771.495788574
447.434661865 1107.07177734 1153.13122559 779.720703125
444.144683838 1102.13684082 1154.77624512 774.785766602
427.694885254 1115.29663086 1143.26135254 794.525512695
465.529449463 1105.42675781 1146.55126953 842.229919434
483.624206543 1100.49182129 1151.48620605 834.005004883
463.884460449 1102.13684082 1146.55126953 835.650024414
426.04989624 1097.2019043 1151.48620605 842.229919434
406.310150146 1097.2019043 1154.77624512 850.454833984
414.53503418 1095.55688477 1151.48620605 824.135131836
449.079620361 1085.68701172 1164.64611816 876.774536133
439.209747314 1085.68701172 1163.00109863 870.194580078
449.079620361 1088.97692871 1172.87097168 843.874938965
452.369598389 1084.04199219 1184.38586426 853.744812012
416.180023193 1075.81713867 1189.32080078 848.809875488
435.919799805 1067.59228516 1194.2557373 871.839599609
472.109344482 1067.59228516 1186.03088379 843.874938965
424.404937744 1069.23718262 1181.0958252 848.809875488
381.635437012 1065.94726562 1181.0958252 835.650024414
389.860351562 1061.0123291 1182.74084473 802.750427246
424.404937744 1056.07739258 1177.8059082 835.650024414
440.854736328 1057.72241211 1163.00109863 787.945556641
449.079620361 1065.94726562 1153.13122559 750.111022949
432.629821777 1065.94726562 1149.84130859 741.886108398
401.375213623 1059.36730957 1144.90637207 684.311828613
411.24508667 1054.43237305 1151.48620605 728.726318359
409.600097656 1052.78747559 1141.61633301 740.241149902
427.694885254 1054.43237305 1133.39147949 695.826660156
467.174407959 1056.07739258 1128.45654297 700.76159668
458.949523926 1051.14245605 1120.23156738 689.246765137
440.854736328 1044.5625 1116.94165039 697.471679688
424.404937744 1051.14245605 1108.71679688 743.53112793
432.629821777 1046.20751953 1108.71679688 710.631530762
455.659545898 1041.27258301 1100.49182129 712.276489258
483.624206543 1046.20751953 1088.97692871 715.566467285
480.334259033 1046.20751953 1084.04199219 710.631530762
468.819396973 1041.27258301 1080.7520752 697.471679688
477.044311523 1047.85253906 1065.94726562 715.566467285
429.339874268 1041.27258301 1062.65734863 715.566467285
455.659545898 1033.04760742 1065.94726562 746.821105957
529.683654785 1041.27258301 1056.07739258 745.176086426
488.559173584 1036.33764648 1056.07739258 740.241149902
481.979248047 1037.98254395 1046.20751953 750.111022949
483.624206543 1039.62756348 1042.91748047 776.430725098
481.979248047 1034.69262695 1041.27258301 771.495788574
552.713378906 1041.27258301 1033.04760742 733.661254883
514.878845215 1037.98254395 1029.75769043 746.821105957
437.564758301 1031.40270996 1023.17779541 761.625915527
506.653930664 1034.69262695 1024.82275391 796.170471191
541.198547363 1026.46777344 1026.46777344 794.525512695
532.973632812 1028.1126709 1023.17779541 773.14074707
554.358398438 1033.04760742 1011.66290283 763.270874023
478.68927002 1031.40270996 1010.01794434 759.980895996
449.079620361 1026.46777344 1011.66290283 792.880554199
523.103759766 1024.82275391 1003.43798828 771.495788574
554.358398438 1024.82275391 1001.79302979 786.300598145
521.458740234 1023.17779541 998.503051758 783.010620117
532.973632812 1021.53277588 991.923156738 746.821105957
495.139068604 1024.82275391 988.633178711 687.601806641
511.588897705 1018.24285889 988.633178711 710.631530762
531.328674316 1016.59783936 985.343200684 781.365661621
481.979248047 1018.24285889 982.053283691 725.436340332
465.529449463 1014.95288086 975.473327637 712.276489258
480.334259033 1016.59783936 970.538391113 702.406616211
528.038696289 1010.01794434 972.183410645 720.501403809
552.713378906 1014.95288086 963.958496094 759.980895996
529.683654785 1013.30786133 962.313476562 735.306213379
475.39932251 1006.72796631 959.02355957 764.91583252
491.849121094 1014.95288086 945.863708496 746.821105957
509.943908691 1013.30786133 945.863708496 766.560852051
496.784057617 1013.30786133 944.218688965 806.040344238
511.588897705 1006.72796631 939.283752441 781.365661621
495.139068604 1006.72796631 931.058898926 786.300598145
467.174407959 1003.43798828 932.703857422 810.975280762
468.819396973 998.503051758 929.413879395 768.205810547
426.04989624 1003.43798828 927.768920898 771.495788574
416.180023193 991.923156738 927.768920898 819.200195312
455.659545898 996.858093262 919.544006348 799.460449219
475.39932251 998.503051758 917.899047852 860.324707031
458.949523926 985.343200684 919.544006348 904.739196777
475.39932251 990.278137207 922.833984375 873.484558105
434.274810791 990.278137207 921.188964844 888.289367676
421.114959717 995.213134766 912.964111328 871.839599609
455.659545898 995.213134766 911.319091797 866.904663086
427.694885254 990.278137207 909.674133301 888.289367676
409.600097656 982.053283691 916.25402832 880.064453125
399.730224609 975.473327637 921.188964844 870.194580078
370.120574951 982.053283691 909.674133301 858.679748535
417.825012207 977.118347168 909.674133301 880.064453125
440.854736328 980.40826416 908.029174805 883.354431152
399.730224609 978.763305664 911.319091797 858.679748535
352.025787354 972.183410645 916.25402832 858.679748535
388.215362549 972.183410645 914.609069824 853.744812012
426.04989624 972.183410645 911.319091797 873.484558105
396.4402771 970.538391113 912.964111328 881.709472656
368.475585938 962.313476562 912.964111328 876.774536133
314.191253662 972.183410645 908.029174805 835.650024414
348.735839844 965.60345459 911.319091797 857.034729004
399.730224609 960.668518066 909.674133301 873.484558105
360.250701904 957.378540039 906.384155273 878.419494629
320.771179199 952.443603516 904.739196777 866.904663086
379.990447998 959.02355957 898.159240723 852.09979248
376.700500488 952.443603516 903.094238281 873.484558105
327.351074219 947.508666992 906.384155273 886.64440918
302.676391602 945.863708496 899.804260254 876.774536133
294.451477051 944.218688965 898.159240723 853.744812012
356.960723877 944.218688965 896.514282227 857.034729004
363.540649414 944.218688965 896.514282227 881.709472656
310.901275635 940.928771973 896.514282227 866.904663086
307.611328125 944.218688965 894.86932373 855.389770508
273.066741943 935.993835449 896.514282227 866.904663086
370.120574951 934.348815918 894.86932373 880.064453125
368.475585938 935.993835449 893.224304199 911.319091797
333.930999756 934.348815918 891.579345703 876.774536133
309.256317139 939.283752441 884.999450684 838.940002441
348.735839844 932.703857422 886.64440918 868.549621582
338.865936279 931.058898926 886.64440918 888.289367676
328.996063232 927.768920898 886.64440918 899.804260254
319.126190186 927.768920898 884.999450684 865.259643555
268.13180542 922.833984375 883.354431152 863.614685059
324.061126709 917.899047852 883.354431152 888.289367676
338.865936279 929.413879395 875.129516602 894.86932373
310.901275635 922.833984375 875.129516602 861.969726562
289.516540527 916.25402832 871.839599609 863.614685059
342.155914307 919.544006348 873.484558105 884.999450684
348.735839844 916.25402832 871.839599609 878.419494629
301.031402588 917.899047852 865.259643555 884.999450684
338.865936279 917.899047852 861.969726562 896.514282227
381.635437012 911.319091797 861.969726562 916.25402832
366.830627441 909.674133301 860.324707031 937.638793945
363.540649414 914.609069824 853.744812012 912.964111328
370.120574951 908.029174805 855.389770508 921.188964844
388.215362549 908.029174805 852.09979248 916.25402832
430.984863281 904.739196777 853.744812012 932.703857422
437.564758301 904.739196777 852.09979248 917.899047852
361.8956604 903.094238281 847.164855957 904.739196777
347.09085083 898.159240723 842.229919434 921.188964844
327.351074219 893.224304199 842.229919434 922.833984375
368.475585938 893.224304199 838.940002441 911.319091797
417.825012207 896.514282227 832.360046387 914.609069824
407.95513916 893.224304199 829.070068359 924.478942871
452.369598389 894.86932373 822.49017334 894.86932373
388.215362549 893.224304199 827.425109863 921.188964844
379.990447998 884.999450684 829.070068359 919.544006348
417.825012207 888.289367676 822.49017334 888.289367676
419.470001221 883.354431152 824.135131836 908.029174805
416.180023193 878.419494629 824.135131836 911.319091797
393.150299072 881.709472656 820.845214844 898.159240723
396.4402771 875.129516602 825.780151367 921.188964844
470.464385986 881.709472656 819.200195312 903.094238281
462.239471436 880.064453125 817.555236816 909.674133301
491.849121094 873.484558105 819.200195312 908.029174805
468.819396973 873.484558105 815.91027832 912.964111328
419.470001221 871.839599609 815.91027832 903.094238281
419.470001221 878.419494629 815.91027832 896.514282227
447.434661865 875.129516602 815.91027832 896.514282227
432.629821777 866.904663086 802.750427246 898.159240723
426.04989624 863.614685059 801.105407715 848.809875488
480.334259033 860.324707031 802.750427246 858.679748535
449.079620361 858.679748535 799.460449219 876.774536133
419.470001221 857.034729004 809.330322266 871.839599609
388.215362549 845.519897461 815.91027832 954.088623047
328.996063232 857.034729004 801.105407715 957.378540039
383.280426025 868.549621582 796.170471191 1029.75769043
368.475585938 863.614685059 789.590576172 1088.97692871
370.120574951 876.774536133 776.430725098 1077.4621582
289.516540527 873.484558105 778.075683594 1087.33203125
251.681991577 876.774536133 769.850830078 1047.85253906
347.09085083 889.934387207 761.625915527 1041.27258301
348.735839844 881.709472656 759.980895996 1036.33764648
356.960723877 883.354431152 755.045959473 1059.36730957
350.38079834 891.579345703 745.176086426 1077.4621582
358.605712891 891.579345703 736.951171875 1028.1126709
383.280426025 888.289367676 738.596191406 1047.85253906
404.665161133 886.64440918 758.3359375 1080.7520752
403.020172119 881.709472656 763.270874023 1072.52722168
434.274810791 863.614685059 768.205810547 1087.33203125
493.494110107 863.614685059 766.560852051 1120.23156738
508.298919678 850.454833984 768.205810547 1100.49182129
500.074035645 842.229919434 771.495788574 1110.36169434
505.008972168 842.229919434 768.205810547 1135.03637695
513.233886719 829.070068359 774.785766602 1100.49182129
483.624206543 829.070068359 769.850830078 1107.07177734
539.553527832 824.135131836 769.850830078 1105.42675781
620.157592773 827.425109863 769.850830078 1141.61633301
610.287719727 822.49017334 766.560852051 1139.97143555
615.22265625 817.555236816 761.625915527 1133.39147949
574.098144531 822.49017334 759.980895996 1158.06616211
541.198547363 815.91027832 761.625915527 1143.26135254
649.767211914 812.620300293 758.3359375 1139.97143555
636.607421875 807.68536377 763.270874023 1123.52160645
613.577697754 802.750427246 761.625915527 1100.49182129
681.021850586 799.460449219 758.3359375 1100.49182129
667.861999512 806.040344238 755.045959473 1102.13684082
685.956787109 806.040344238 758.3359375 1130.10144043
676.086914062 804.395385742 759.980895996 1143.26135254
676.086914062 801.105407715 758.3359375 1133.39147949
661.282104492 806.040344238 758.3359375 1108.71679688
620.157592773 799.460449219 759.980895996 1079.10705566
646.477294922 794.525512695 758.3359375 1075.81713867
699.116638184 794.525512695 763.270874023 1105.42675781
700.76159668 789.590576172 763.270874023 1118.58666992
689.246765137 794.525512695 756.690979004 1085.68701172
664.57208252 794.525512695 755.045959473 1087.33203125
667.861999512 791.235534668 750.111022949 1054.43237305
710.631530762 787.945556641 756.690979004 1054.43237305
720.501403809 789.590576172 761.625915527 1080.7520752
662.927062988 791.235534668 753.401000977 1056.07739258
644.832275391 784.655639648 755.045959473 1059.36730957
730.371276855 786.300598145 748.466064453 1059.36730957
727.081298828 787.945556641 748.466064453 1056.07739258
713.921447754 784.655639648 755.045959473 1064.30224609
694.18170166 787.945556641 751.75604248 1054.43237305
657.992126465 786.300598145 750.111022949 1018.24285889
653.057189941 781.365661621 751.75604248 1029.75769043
681.021850586 783.010620117 748.466064453 1054.43237305
713.921447754 786.300598145 741.886108398 1026.46777344
689.246765137 783.010620117 743.53112793 1021.53277588
682.666870117 776.430725098 746.821105957 1000.14807129
679.37689209 778.075683594 745.176086426 1016.59783936
695.826660156 786.300598145 740.241149902 1011.66290283
730.371276855 784.655639648 741.886108398 1001.79302979
725.436340332 781.365661621 738.596191406 990.278137207
685.956787109 773.14074707 745.176086426 1003.43798828
689.246765137 769.850830078 741.886108398 1019.88781738
697.471679688 776.430725098 735.306213379 973.828369141
700.76159668 773.14074707 738.596191406 990.278137207
685.956787109 771.495788574 740.241149902 970.538391113
681.021850586 769.850830078 743.53112793 972.183410645
700.76159668 771.495788574 733.661254883 967.248413086
738.596191406 783.010620117 733.661254883 968.893432617
732.016235352 776.430725098 738.596191406 988.633178711
699.116638184 774.785766602 740.241149902 1003.43798828
763.270874023 781.365661621 738.596191406 970.538391113
738.596191406 781.365661621 735.306213379 939.283752441
708.98651123 778.075683594 735.306213379 957.378540039
704.051574707 773.14074707 740.241149902 978.763305664
672.796936035 776.430725098 738.596191406 962.313476562
697.471679688 773.14074707 736.951171875 949.153686523
718.856384277 774.785766602 740.241149902 940.928771973
735.306213379 776.430725098 736.951171875 940.928771973
735.306213379 774.785766602 738.596191406 967.248413086
738.596191406 776.430725098 736.951171875 962.313476562
738.596191406 774.785766602 736.951171875 947.508666992
728.726318359 771.495788574 740.241149902 950.79864502
715.566467285 771.495788574 740.241149902 927.768920898
690.891723633 771.495788574 740.241149902 939.283752441
740.241149902 776.430725098 735.306213379 921.188964844
743.53112793 771.495788574 735.306213379 908.029174805
728.726318359 768.205810547 740.241149902 957.378540039
797.815490723 776.430725098 740.241149902 940.928771973
745.176086426 773.14074707 735.306213379 934.348815918
727.081298828 773.14074707 735.306213379 929.413879395
755.045959473 773.14074707 733.661254883 924.478942871
751.75604248 776.430725098 733.661254883 899.804260254
750.111022949 771.495788574 740.241149902 911.319091797
750.111022949 769.850830078 736.951171875 921.188964844
727.081298828 768.205810547 735.306213379 893.224304199
707.341552734 758.3359375 736.951171875 917.899047852
774.785766602 755.045959473 732.016235352 924.478942871
870.194580078 741.886108398 728.726318359 935.993835449
809.330322266 741.886108398 718.856384277 980.40826416
789.590576172 764.91583252 715.566467285 921.188964844
796.170471191 764.91583252 740.241149902 927.768920898
797.815490723 763.270874023 717.211425781 939.283752441
880.064453125 750.111022949 707.341552734 921.188964844
842.229919434 829.070068359 708.98651123 919.544006348
863.614685059 899.804260254 732.016235352 778.075683594
832.360046387 893.224304199 733.661254883 483.624206543
832.360046387 894.86932373 740.241149902 278.001678467
855.389770508 924.478942871 778.075683594 202.332580566
756.690979004 1033.04760742 727.081298828 103.633758545
763.270874023 1054.43237305 764.91583252 129.953445435
745.176086426 1062.65734863 758.3359375 93.7638778687
797.815490723 1037.98254395 755.045959473 67.444190979
797.815490723 1128.45654297 768.205810547 93.7638778687
797.815490723 1177.8059082 822.49017334 120.083564758
745.176086426 1264.98986816 850.454833984 146.403244019
745.176086426 1327.49914551 774.785766602 172.722930908
850.454833984 1472.25744629 763.270874023 278.001678467
903.094238281 1668.01000977 674.441955566 356.960723877
1008.3729248 1656.49523926 702.406616211 330.641052246
955.733581543 1668.01000977 781.365661621 251.681991577
955.733581543 1644.98034668 755.045959473 251.681991577
1008.3729248 1644.98034668 728.726318359 225.362304688
1113.6517334 1664.72009277 722.146362305 304.321350098
1113.6517334 1654.85021973 736.951171875 356.960723877
1166.29101562 1646.62536621 753.401000977 356.960723877
1271.56982422 1651.56030273 799.460449219 409.600097656
1376.84851074 1659.78515625 835.650024414 488.559173584
1549.5715332 1651.56030273 914.609069824 620.157592773
1682.81494141 1649.9152832 927.768920898 672.796936035
1649.9152832 1654.85021973 909.674133301 830.715087891
1663.07507324 1656.49523926 901.44921875 935.993835449
1664.72009277 1651.56030273 875.129516602 988.633178711
1646.62536621 1651.56030273 866.904663086 1093.9119873
1653.2052002 1654.85021973 914.609069824 1093.9119873
1654.85021973 1654.85021973 926.123962402 1199.19067383
1651.56030273 1651.56030273 906.384155273 1251.83007812
1644.98034668 1653.2052002 908.029174805 1251.83007812
1649.9152832 1654.85021973 829.070068359 1278.14978027
1651.56030273 1653.2052002 801.105407715 1278.14978027
1648.27026367 1653.2052002 809.330322266 1304.46936035
1646.62536621 1654.85021973 835.650024414 1357.10876465
1649.9152832 1654.85021973 847.164855957 1383.4284668
1649.9152832 1653.2052002 906.384155273 1357.10876465
1651.56030273 1653.2052002 952.443603516 1437.71276855
1651.56030273 1600.56591797 980.40826416 1528.18676758
1653.2052002 1547.92651367 1037.98254395 1533.1217041
1651.56030273 1495.28710938 1080.7520752 1495.28710938
1651.56030273 1442.64770508 1098.84692383 1460.74255371
1653.2052002 1390.00842285 1069.23718262 1437.71276855
1653.2052002 1337.36901855 1054.43237305 1483.7722168
1651.56030273 1232.09033203 1024.82275391 1490.35217285
1651.56030273 1126.81152344 1003.43798828 1521.60681152
1651.56030273 1021.53277588 983.698242188 1552.8614502
1651.56030273 916.25402832 965.60345459 1526.54174805
1651.56030273 863.614685059 972.183410645 1597.27587891
1651.56030273 810.975280762 963.958496094 1526.54174805
1651.56030273 758.3359375 963.958496094 1505.15698242
1651.56030273 705.696594238 967.248413086 1592.34094238
1651.56030273 653.057189941 959.02355957 1600.56591797
1651.56030273 600.41784668 954.088623047 1613.72570801
1651.56030273 521.458740234 954.088623047 1579.18115234
1651.56030273 442.499725342 934.348815918 1536.41162109
1651.56030273 363.540649414 917.899047852 1534.76660156
1651.56030273 284.581604004 914.609069824 1551.21643066
1651.56030273 231.942230225 903.094238281 1575.89111328
1651.56030273 179.302856445 893.224304199 1572.60119629
1651.56030273 126.663482666 870.194580078 1541.34655762
1651.56030273 74.0241165161 861.969726562 1536.41162109
1651.56030273 47.7044296265 843.874938965 1523.25183105
1651.56030273 21.3847446442 825.780151367 1536.41162109
1651.56030273 21.3847446442 809.330322266 1473.90234375
1651.56030273 21.3847446442 787.945556641 1424.55297852
1651.56030273 21.3847446442 768.205810547 1436.06787109
1651.56030273 21.3847446442 748.466064453 1431.13293457
1651.56030273 21.3847446442 732.016235352 1434.42285156
1651.56030273 21.3847446442 707.341552734 1434.42285156
1651.56030273 23.0297241211 677.731872559 1332.43408203
1651.56030273 21.3847446442 664.57208252 1299.53442383
1651.56030273 23.0297241211 653.057189941 1365.33374023
1651.56030273 27.9646663666 638.252380371 1325.85412598
1651.56030273 27.9646663666 628.382507324 1283.0847168
1651.56030273 26.3196849823 626.737487793 1256.76501465
1651.56030273 26.3196849823 630.02746582 1279.79467773
1651.56030273 27.9646663666 623.447570801 1250.18505859
1651.56030273 27.9646663666 616.867614746 1213.9954834
1651.56030273 26.3196849823 611.932678223 1246.8951416
1651.56030273 27.9646663666 608.642700195 1151.48620605
1651.56030273 27.9646663666 605.352783203 1075.81713867
1651.56030273 26.3196849823 597.127868652 1095.55688477
1651.56030273 26.3196849823 588.902954102 990.278137207
1651.56030273 27.9646663666 588.902954102 970.538391113
1651.56030273 27.9646663666 588.902954102 924.478942871
1651.56030273 26.3196849823 595.482910156 898.159240723
1651.56030273 27.9646663666 598.772827148 921.188964844
1651.56030273 27.9646663666 603.707763672 899.804260254
1651.56030273 27.9646663666 602.062805176 860.324707031
1651.56030273 26.3196849823 598.772827148 843.874938965
1651.56030273 27.9646663666 611.932678223 822.49017334
1651.56030273 27.9646663666 618.512634277 843.874938965
1651.56030273 27.9646663666 623.447570801 870.194580078
1648.27026367 27.9646663666 621.80255127 886.64440918
1640.04541016 27.9646663666 615.22265625 817.555236816
1631.82055664 27.9646663666 623.447570801 858.679748535
1648.27026367 27.9646663666 628.382507324 810.975280762
1608.79077148 27.9646663666 620.157592773 796.170471191
1603.85583496 27.9646663666 621.80255127 861.969726562
1615.37072754 27.9646663666 621.80255127 817.555236816
1590.69604492 27.9646663666 621.80255127 801.105407715
1605.50085449 27.9646663666 633.317443848 810.975280762
1577.53613281 27.9646663666 638.252380371 815.91027832
1508.44702148 27.9646663666 639.897338867 815.91027832
1529.83166504 27.9646663666 643.187316895 835.650024414
1570.95617676 27.9646663666 648.122253418 825.780151367
1552.8614502 27.9646663666 651.412231445 837.29498291
1603.85583496 27.9646663666 654.702148438 763.270874023
1633.4654541 27.9646663666 662.927062988 799.460449219
1638.40039062 27.9646663666 666.217041016 764.91583252
1666.3651123 27.9646663666 669.507019043 801.105407715
1644.98034668 27.9646663666 669.507019043 850.454833984
1593.98596191 27.9646663666 671.151977539 771.495788574
1617.015625 27.9646663666 679.37689209 814.265258789
1659.78515625 27.9646663666 674.441955566 837.29498291
1633.4654541 27.9646663666 671.151977539 794.525512695
1610.43579102 27.9646663666 674.441955566 794.525512695
1613.72570801 27.9646663666 679.37689209 829.070068359
1636.75549316 27.9646663666 692.536743164 797.815490723
1617.015625 27.9646663666 697.471679688 827.425109863
1646.62536621 29.6096458435 694.18170166 820.845214844
1584.11608887 39.4795265198 697.471679688 807.68536377
1590.69604492 57.5743103027 704.051574707 815.91027832
1625.24060059 60.8642730713 705.696594238 801.105407715
1635.11047363 77.3140792847 700.76159668 838.940002441
1579.18115234 88.8289413452 702.406616211 815.91027832
1523.25183105 90.4739151001 699.116638184 807.68536377
1503.51208496 110.213684082 699.116638184 774.785766602
1480.4822998 111.858665466 702.406616211 809.330322266
1557.79638672 121.728546143 704.051574707 838.940002441
1552.8614502 138.178344727 699.116638184 834.005004883
1574.24621582 152.983169556 697.471679688 847.164855957
1549.5715332 157.918106079 710.631530762 810.975280762
1531.47668457 164.498031616 712.276489258 812.620300293
1470.61242676 174.367919922 712.276489258 786.300598145
1459.09753418 190.817718506 705.696594238 776.430725098
1431.13293457 208.912506104 697.471679688 764.91583252
1465.67749023 210.557479858 715.566467285 806.040344238
1483.7722168 208.912506104 715.566467285 810.975280762
1496.93212891 222.072341919 717.211425781 736.951171875
1480.4822998 233.587203979 715.566467285 708.98651123
1445.93774414 240.167129517 715.566467285 763.270874023
1437.71276855 238.522155762 720.501403809 810.975280762
1450.87268066 243.457092285 717.211425781 789.590576172
1487.06225586 258.261901855 712.276489258 763.270874023
1473.90234375 268.13180542 712.276489258 732.016235352
1432.77783203 268.13180542 720.501403809 766.560852051
1459.09753418 276.356689453 720.501403809 799.460449219
1483.7722168 282.93661499 727.081298828 809.330322266
1465.67749023 297.741455078 728.726318359 786.300598145
1432.77783203 304.321350098 725.436340332 783.010620117
1421.26306152 309.256317139 728.726318359 773.14074707
1431.13293457 320.771179199 732.016235352 804.395385742
1439.35778809 330.641052246 735.306213379 807.68536377
1399.8782959 345.445861816 733.661254883 769.850830078
1376.84851074 353.670776367 735.306213379 784.655639648
1399.8782959 361.8956604 736.951171875 755.045959473
1424.55297852 368.475585938 738.596191406 791.235534668
1376.84851074 371.765563965 735.306213379 814.265258789
1358.75378418 373.410552979 730.371276855 779.720703125
1452.5177002 391.505310059 732.016235352 789.590576172
1449.22766113 404.665161133 735.306213379 827.425109863
1477.19238281 404.665161133 727.081298828 806.040344238
1408.10314941 409.600097656 720.501403809 799.460449219
1320.91918945 401.375213623 722.146362305 825.780151367
1311.04931641 403.020172119 715.566467285 842.229919434
1396.58825684 421.114959717 718.856384277 825.780151367
1416.328125 432.629821777 720.501403809 891.579345703
1393.29833984 437.564758301 722.146362305 855.389770508
1421.26306152 449.079620361 722.146362305 888.289367676
1404.81323242 452.369598389 712.276489258 876.774536133
1370.26867676 458.949523926 702.406616211 868.549621582
1375.20361328 454.014587402 700.76159668 871.839599609
1352.17382812 445.789672852 704.051574707 840.584960938
1319.27429199 435.919799805 695.826660156 830.715087891
1332.43408203 430.984863281 692.536743164 787.945556641
1294.5994873 430.984863281 690.891723633 783.010620117
1255.11999512 432.629821777 690.891723633 810.975280762
1233.73522949 439.209747314 687.601806641 766.560852051
1251.83007812 445.789672852 685.956787109 766.560852051
1258.40991211 444.144683838 690.891723633 774.785766602
1248.54003906 447.434661865 694.18170166 802.750427246
1281.43969727 452.369598389 690.891723633 802.750427246
1299.53442383 454.014587402 687.601806641 791.235534668
1286.37463379 465.529449463 685.956787109 774.785766602
1256.76501465 472.109344482 685.956787109 755.045959473
1233.73522949 473.754333496 689.246765137 758.3359375
1276.50476074 478.68927002 694.18170166 797.815490723
1302.82446289 486.91418457 692.536743164 796.170471191
1332.43408203 488.559173584 695.826660156 819.200195312
1314.3392334 495.139068604 699.116638184 812.620300293
1266.6348877 498.429046631 694.18170166 753.401000977
1276.50476074 498.429046631 699.116638184 814.265258789
1319.27429199 501.718994141 705.696594238 806.040344238
1299.53442383 506.653930664 708.98651123 809.330322266
1278.14978027 514.878845215 710.631530762 845.519897461
1263.34484863 514.878845215 704.051574707 778.075683594
1320.91918945 521.458740234 699.116638184 807.68536377
1294.5994873 523.103759766 707.341552734 817.555236816
1281.43969727 526.393737793 715.566467285 814.265258789
1279.79467773 532.973632812 717.211425781 843.874938965
1266.6348877 537.908569336 715.566467285 796.170471191
1307.75939941 542.843505859 717.211425781 781.365661621
1320.91918945 544.488464355 713.921447754 794.525512695
1291.30957031 551.06842041 715.566467285 812.620300293
1250.18505859 546.133483887 718.856384277 806.040344238
1260.05493164 547.778442383 717.211425781 802.750427246
1317.62927246 564.228271484 715.566467285 783.010620117
1302.82446289 567.518188477 713.921447754 774.785766602
1329.14416504 570.808166504 713.921447754 783.010620117
1299.53442383 564.228271484 720.501403809 792.880554199
1251.83007812 569.163208008 725.436340332 802.750427246
1269.92480469 575.743103027 723.791320801 810.975280762
1264.98986816 582.323059082 715.566467285 774.785766602
1273.21484375 583.968017578 720.501403809 781.365661621
1330.7890625 585.612976074 718.856384277 787.945556641
1269.92480469 585.612976074 722.146362305 786.300598145
1250.18505859 587.257995605 720.501403809 827.425109863
1288.01965332 593.837890625 717.211425781 763.270874023
1309.40429688 590.547912598 718.856384277 787.945556641
1322.56420898 590.547912598 717.211425781 802.750427246
1307.75939941 593.837890625 718.856384277 781.365661621
1256.76501465 597.127868652 725.436340332 801.105407715
1248.54003906 595.482910156 725.436340332 802.750427246
1309.40429688 598.772827148 728.726318359 802.750427246
1237.02526855 603.707763672 722.146362305 773.14074707
1237.02526855 603.707763672 718.856384277 797.815490723
1289.66455078 605.352783203 718.856384277 792.880554199
1278.14978027 603.707763672 722.146362305 786.300598145
1292.95458984 603.707763672 723.791320801 797.815490723
1260.05493164 611.932678223 717.211425781 764.91583252
1223.86535645 611.932678223 718.856384277 768.205810547
1233.73522949 615.22265625 718.856384277 797.815490723
1269.92480469 610.287719727 718.856384277 796.170471191
1246.8951416 610.287719727 722.146362305 773.14074707
1256.76501465 615.22265625 720.501403809 755.045959473
1217.28540039 623.447570801 718.856384277 802.750427246
1197.5456543 623.447570801 717.211425781 792.880554199
1217.28540039 630.02746582 718.856384277 771.495788574
1223.86535645 631.672424316 722.146362305 778.075683594
1223.86535645 621.80255127 725.436340332 774.785766602
1235.38024902 625.092529297 723.791320801 771.495788574
1232.09033203 633.317443848 715.566467285 792.880554199
1250.18505859 634.962402344 717.211425781 822.49017334
1263.34484863 628.382507324 723.791320801 787.945556641
1266.6348877 625.092529297 722.146362305 789.590576172
1279.79467773 621.80255127 732.016235352 792.880554199
1284.72961426 620.157592773 727.081298828 758.3359375
1248.54003906 626.737487793 718.856384277 763.270874023
1264.98986816 630.02746582 720.501403809 797.815490723
1268.27978516 630.02746582 720.501403809 786.300598145
1194.2557373 631.672424316 725.436340332 799.460449219
1177.8059082 623.447570801 727.081298828 779.720703125
1271.56982422 621.80255127 728.726318359 736.951171875
1302.82446289 626.737487793 725.436340332 774.785766602
1288.01965332 620.157592773 723.791320801 806.040344238
1261.69995117 625.092529297 727.081298828 791.235534668
1225.51037598 620.157592773 723.791320801 843.874938965
1245.25012207 618.512634277 725.436340332 787.945556641
1268.27978516 621.80255127 723.791320801 753.401000977
1225.51037598 621.80255127 723.791320801 779.720703125
1225.51037598 613.577697754 722.146362305 791.235534668
1256.76501465 608.642700195 730.371276855 781.365661621
1268.27978516 606.997741699 736.951171875 814.265258789
1245.25012207 605.352783203 730.371276855 774.785766602
1215.64050293 605.352783203 727.081298828 773.14074707
1255.11999512 613.577697754 725.436340332 807.68536377
1251.83007812 608.642700195 732.016235352 801.105407715
1223.86535645 610.287719727 730.371276855 771.495788574
1227.15539551 606.997741699 735.306213379 763.270874023
1217.28540039 606.997741699 736.951171875 758.3359375
1253.47497559 610.287719727 730.371276855 758.3359375
1256.76501465 610.287719727 738.596191406 753.401000977
1232.09033203 608.642700195 738.596191406 758.3359375
1269.92480469 610.287719727 733.661254883 768.205810547
1243.60510254 606.997741699 738.596191406 751.75604248
1233.73522949 602.062805176 735.306213379 771.495788574
1235.38024902 605.352783203 735.306213379 736.951171875
1232.09033203 605.352783203 735.306213379 781.365661621
1200.83569336 610.287719727 730.371276855 748.466064453
1238.67016602 606.997741699 736.951171875 761.625915527
1215.64050293 605.352783203 736.951171875 746.821105957
1223.86535645 603.707763672 738.596191406 740.241149902
1233.73522949 600.41784668 745.176086426 786.300598145
1227.15539551 603.707763672 736.951171875 784.655639648
1228.80029297 602.062805176 738.596191406 748.466064453
1213.9954834 602.062805176 738.596191406 730.371276855
1246.8951416 608.642700195 738.596191406 778.075683594
1240.31518555 613.577697754 738.596191406 791.235534668
1222.22033691 611.932678223 735.306213379 792.880554199
1228.80029297 620.157592773 732.016235352 776.430725098
1227.15539551 608.642700195 741.886108398 730.371276855
1169.58105469 605.352783203 748.466064453 727.081298828
1195.90075684 602.062805176 756.690979004 764.91583252
1202.48059082 602.062805176 756.690979004 773.14074707
1199.19067383 605.352783203 751.75604248 753.401000977
1248.54003906 605.352783203 755.045959473 774.785766602
1256.76501465 606.997741699 751.75604248 741.886108398
1194.2557373 613.577697754 750.111022949 725.436340332
1190.96582031 616.867614746 748.466064453 738.596191406
1187.67578125 616.867614746 750.111022949 766.560852051
1228.80029297 616.867614746 748.466064453 776.430725098
1251.83007812 620.157592773 746.821105957 750.111022949
1218.93041992 620.157592773 750.111022949 763.270874023
1195.90075684 616.867614746 750.111022949 776.430725098
1130.10144043 623.447570801 750.111022949 717.211425781
1189.32080078 620.157592773 745.176086426 684.311828613
1232.09033203 623.447570801 746.821105957 725.436340332
1210.70556641 626.737487793 751.75604248 745.176086426
1210.70556641 621.80255127 753.401000977 769.850830078
1186.03088379 626.737487793 751.75604248 735.306213379
1210.70556641 633.317443848 748.466064453 736.951171875
1197.5456543 633.317443848 748.466064453 727.081298828
1151.48620605 636.607421875 750.111022949 787.945556641
1159.71118164 641.542358398 745.176086426 781.365661621
1194.2557373 634.962402344 746.821105957 789.590576172
1202.48059082 643.187316895 741.886108398 769.850830078
1209.06054688 646.477294922 745.176086426 802.750427246
1182.74084473 643.187316895 748.466064453 819.200195312
1148.19628906 643.187316895 748.466064453 755.045959473
1184.38586426 643.187316895 750.111022949 799.460449219
1167.93603516 649.767211914 750.111022949 794.525512695
1116.94165039 654.702148438 745.176086426 725.436340332
1200.83569336 651.412231445 745.176086426 779.720703125
1220.57543945 654.702148438 746.821105957 755.045959473
1176.16088867 656.347167969 745.176086426 751.75604248
1125.16650391 654.702148438 748.466064453 763.270874023
1082.39709473 656.347167969 750.111022949 753.401000977
1098.84692383 656.347167969 750.111022949 755.045959473
1116.94165039 659.637145996 743.53112793 778.075683594
1123.52160645 664.57208252 748.466064453 784.655639648
1107.07177734 667.861999512 746.821105957 738.596191406
1079.10705566 669.507019043 750.111022949 727.081298828
1161.3560791 667.861999512 751.75604248 779.720703125
1172.87097168 676.086914062 743.53112793 801.105407715
1136.68139648 677.731872559 743.53112793 858.679748535
1202.48059082 674.441955566 745.176086426 840.584960938
1190.96582031 676.086914062 740.241149902 787.945556641
1169.58105469 674.441955566 741.886108398 812.620300293
1190.96582031 674.441955566 746.821105957 834.005004883
1174.51599121 674.441955566 748.466064453 822.49017334
1164.64611816 676.086914062 748.466064453 858.679748535
1184.38586426 676.086914062 745.176086426 824.135131836
1172.87097168 679.37689209 740.241149902 781.365661621
1144.90637207 684.311828613 738.596191406 819.200195312
1159.71118164 684.311828613 741.886108398 822.49017334
1164.64611816 681.021850586 740.241149902 825.780151367
1179.45092773 685.956787109 741.886108398 838.940002441
1166.29101562 679.37689209 745.176086426 827.425109863
1194.2557373 681.021850586 741.886108398 774.785766602
1177.8059082 682.666870117 743.53112793 824.135131836
1172.87097168 684.311828613 741.886108398 832.360046387
1159.71118164 692.536743164 741.886108398 814.265258789
1115.29663086 694.18170166 735.306213379 806.040344238
1121.87658691 690.891723633 736.951171875 786.300598145
1187.67578125 685.956787109 743.53112793 809.330322266
1179.45092773 685.956787109 738.596191406 820.845214844
1184.38586426 684.311828613 740.241149902 843.874938965
1135.03637695 692.536743164 735.306213379 809.330322266
1130.10144043 687.601806641 735.306213379 725.436340332
1149.84130859 687.601806641 738.596191406 766.560852051
1163.00109863 692.536743164 738.596191406 764.91583252
1158.06616211 689.246765137 740.241149902 792.880554199
1189.32080078 695.826660156 735.306213379 792.880554199
1133.39147949 690.891723633 736.951171875 794.525512695
1100.49182129 694.18170166 732.016235352 781.365661621
1090.62194824 695.826660156 736.951171875 796.170471191
1121.87658691 690.891723633 736.951171875 822.49017334
1189.32080078 692.536743164 736.951171875 792.880554199
1159.71118164 694.18170166 740.241149902 792.880554199
1118.58666992 697.471679688 736.951171875 784.655639648
1110.36169434 697.471679688 735.306213379 769.850830078
1146.55126953 692.536743164 740.241149902 771.495788574
1154.77624512 697.471679688 733.661254883 781.365661621
1102.13684082 697.471679688 736.951171875 791.235534668
1105.42675781 697.471679688 741.886108398 797.815490723
1156.42114258 695.826660156 738.596191406 787.945556641
1166.29101562 690.891723633 741.886108398 789.590576172
1148.19628906 695.826660156 740.241149902 807.68536377
1138.32641602 704.051574707 736.951171875 786.300598145
1116.94165039 702.406616211 740.241149902 789.590576172
1138.32641602 700.76159668 740.241149902 809.330322266
1159.71118164 702.406616211 740.241149902 764.91583252
1133.39147949 699.116638184 741.886108398 807.68536377
1131.74645996 700.76159668 740.241149902 764.91583252
1112.00671387 704.051574707 741.886108398 776.430725098
1084.04199219 704.051574707 740.241149902 786.300598145
1095.55688477 700.76159668 736.951171875 786.300598145
1136.68139648 704.051574707 733.661254883 764.91583252
1141.61633301 705.696594238 735.306213379 759.980895996
1130.10144043 704.051574707 741.886108398 789.590576172
1085.68701172 704.051574707 738.596191406 784.655639648
1090.62194824 705.696594238 735.306213379 776.430725098
1116.94165039 707.341552734 730.371276855 769.850830078
1153.13122559 708.98651123 732.016235352 774.785766602
1135.03637695 713.921447754 732.016235352 763.270874023
1092.26696777 715.566467285 730.371276855 751.75604248
1087.33203125 705.696594238 736.951171875 758.3359375
1120.23156738 710.631530762 733.661254883 781.365661621
1138.32641602 715.566467285 735.306213379 804.395385742
1115.29663086 713.921447754 732.016235352 806.040344238
1135.03637695 720.501403809 727.081298828 773.14074707
1100.49182129 718.856384277 727.081298828 753.401000977
1070.88220215 718.856384277 727.081298828 736.951171875
1098.84692383 717.211425781 730.371276855 720.501403809
1115.29663086 715.566467285 733.661254883 769.850830078
1112.00671387 713.921447754 732.016235352 781.365661621
1135.03637695 718.856384277 732.016235352 792.880554199
1103.78186035 727.081298828 727.081298828 778.075683594
1070.88220215 727.081298828 730.371276855 748.466064453
1143.26135254 725.436340332 730.371276855 755.045959473
1095.55688477 725.436340332 725.436340332 773.14074707
1108.71679688 727.081298828 723.791320801 784.655639648
1148.19628906 722.146362305 732.016235352 801.105407715
1123.52160645 727.081298828 732.016235352 778.075683594
1138.32641602 727.081298828 730.371276855 736.951171875
1059.36730957 725.436340332 727.081298828 730.371276855
1084.04199219 725.436340332 725.436340332 768.205810547
1115.29663086 723.791320801 728.726318359 806.040344238
1123.52160645 725.436340332 732.016235352 806.040344238
1088.97692871 728.726318359 725.436340332 764.91583252
1084.04199219 727.081298828 725.436340332 756.690979004
1077.4621582 727.081298828 732.016235352 781.365661621
1090.62194824 733.661254883 728.726318359 766.560852051
1090.62194824 735.306213379 727.081298828 745.176086426
1100.49182129 732.016235352 727.081298828 751.75604248
1093.9119873 723.791320801 735.306213379 779.720703125
1108.71679688 720.501403809 740.241149902 796.170471191
1103.78186035 728.726318359 736.951171875 776.430725098
1085.68701172 732.016235352 732.016235352 730.371276855
1090.62194824 732.016235352 730.371276855 769.850830078
1105.42675781 730.371276855 733.661254883 783.010620117
1069.23718262 727.081298828 738.596191406 763.270874023
1051.14245605 722.146362305 736.951171875 773.14074707
1070.88220215 728.726318359 738.596191406 764.91583252
1062.65734863 725.436340332 736.951171875 738.596191406
1105.42675781 725.436340332 740.241149902 756.690979004
1115.29663086 730.371276855 741.886108398 799.460449219
1080.7520752 730.371276855 735.306213379 748.466064453
1070.88220215 728.726318359 736.951171875 774.785766602
1097.2019043 728.726318359 738.596191406 797.815490723
1098.84692383 732.016235352 738.596191406 761.625915527
1079.10705566 733.661254883 738.596191406 750.111022949
1064.30224609 736.951171875 736.951171875 766.560852051
1041.27258301 733.661254883 738.596191406 730.371276855
1098.84692383 730.371276855 736.951171875 750.111022949
1088.97692871 720.501403809 743.53112793 786.300598145
1092.26696777 728.726318359 738.596191406 768.205810547
1051.14245605 728.726318359 738.596191406 776.430725098
1011.66290283 730.371276855 735.306213379 743.53112793
1084.04199219 733.661254883 733.661254883 735.306213379
1077.4621582 725.436340332 736.951171875 759.980895996
1108.71679688 733.661254883 735.306213379 740.241149902
1093.9119873 732.016235352 736.951171875 743.53112793
1061.0123291 735.306213379 735.306213379 774.785766602
1054.43237305 733.661254883 736.951171875 759.980895996
1019.88781738 730.371276855 733.661254883 740.241149902
1044.5625 733.661254883 730.371276855 746.821105957
1054.43237305 733.661254883 733.661254883 736.951171875
1070.88220215 730.371276855 740.241149902 743.53112793
1036.33764648 732.016235352 736.951171875 733.661254883
1067.59228516 736.951171875 735.306213379 802.750427246
1084.04199219 738.596191406 733.661254883 728.726318359
1098.84692383 733.661254883 733.661254883 751.75604248
1079.10705566 733.661254883 738.596191406 783.010620117
1031.40270996 736.951171875 738.596191406 732.016235352
985.343200684 736.951171875 735.306213379 740.241149902
1062.65734863 733.661254883 738.596191406 741.886108398
1110.36169434 732.016235352 738.596191406 755.045959473
1033.04760742 741.886108398 730.371276855 750.111022949
1105.42675781 748.466064453 723.791320801 759.980895996
1080.7520752 748.466064453 722.146362305 761.625915527
1064.30224609 748.466064453 722.146362305 751.75604248
1056.07739258 741.886108398 722.146362305 735.306213379
1010.01794434 738.596191406 725.436340332 743.53112793
990.278137207 743.53112793 725.436340332 750.111022949
972.183410645 741.886108398 727.081298828 743.53112793
954.088623047 743.53112793 723.791320801 745.176086426
952.443603516 743.53112793 723.791320801 718.856384277
1006.72796631 738.596191406 725.436340332 690.891723633
1047.85253906 736.951171875 727.081298828 776.430725098
1041.27258301 740.241149902 728.726318359 759.980895996
1054.43237305 741.886108398 725.436340332 748.466064453
1051.14245605 741.886108398 725.436340332 755.045959473
1075.81713867 738.596191406 730.371276855 705.696594238
1059.36730957 740.241149902 727.081298828 743.53112793
1036.33764648 741.886108398 728.726318359 755.045959473
1056.07739258 740.241149902 730.371276855 756.690979004
1087.33203125 743.53112793 725.436340332 745.176086426
1088.97692871 745.176086426 725.436340332 743.53112793
1044.5625 745.176086426 725.436340332 723.791320801
1057.72241211 741.886108398 728.726318359 720.501403809
1072.52722168 735.306213379 735.306213379 771.495788574
1075.81713867 735.306213379 735.306213379 764.91583252
1084.04199219 738.596191406 727.081298828 750.111022949
1049.49743652 746.821105957 725.436340332 763.270874023
1042.91748047 741.886108398 730.371276855 758.3359375
1085.68701172 738.596191406 730.371276855 743.53112793
1088.97692871 735.306213379 735.306213379 774.785766602
1067.59228516 741.886108398 733.661254883 753.401000977
1024.82275391 743.53112793 728.726318359 722.146362305
1031.40270996 743.53112793 728.726318359 753.401000977
1098.84692383 741.886108398 732.016235352 758.3359375
1102.13684082 743.53112793 728.726318359 771.495788574
1103.78186035 743.53112793 736.951171875 778.075683594
1057.72241211 745.176086426 732.016235352 740.241149902
1023.17779541 743.53112793 728.726318359 741.886108398
1051.14245605 743.53112793 727.081298828 766.560852051
1065.94726562 743.53112793 728.726318359 759.980895996
1056.07739258 743.53112793 730.371276855 746.821105957
1072.52722168 741.886108398 728.726318359 755.045959473
1088.97692871 745.176086426 727.081298828 773.14074707
1074.17211914 748.466064453 725.436340332 786.300598145
1041.27258301 750.111022949 725.436340332 761.625915527
1024.82275391 746.821105957 728.726318359 730.371276855
1064.30224609 745.176086426 728.726318359 748.466064453
1054.43237305 743.53112793 722.146362305 746.821105957
1023.17779541 743.53112793 727.081298828 759.980895996
1024.82275391 745.176086426 730.371276855 756.690979004
1041.27258301 745.176086426 730.371276855 764.91583252
1019.88781738 741.886108398 735.306213379 756.690979004
1074.17211914 743.53112793 735.306213379 745.176086426
1051.14245605 745.176086426 732.016235352 776.430725098
1047.85253906 748.466064453 733.661254883 748.466064453
1021.53277588 748.466064453 735.306213379 725.436340332
986.988220215 745.176086426 738.596191406 771.495788574
1003.43798828 746.821105957 741.886108398 774.785766602
1074.17211914 748.466064453 741.886108398 776.430725098
1093.9119873 748.466064453 740.241149902 750.111022949
1075.81713867 750.111022949 738.596191406 761.625915527
1042.91748047 748.466064453 743.53112793 766.560852051
1031.40270996 751.75604248 745.176086426 797.815490723
1016.59783936 750.111022949 746.821105957 781.365661621
998.503051758 750.111022949 743.53112793 730.371276855
1029.75769043 750.111022949 745.176086426 745.176086426
1036.33764648 745.176086426 745.176086426 774.785766602
1046.20751953 748.466064453 745.176086426 779.720703125
1044.5625 748.466064453 750.111022949 753.401000977
1010.01794434 745.176086426 753.401000977 764.91583252
1041.27258301 750.111022949 751.75604248 761.625915527
1054.43237305 751.75604248 751.75604248 755.045959473
995.213134766 750.111022949 751.75604248 766.560852051
985.343200684 756.690979004 746.821105957 740.241149902
1016.59783936 758.3359375 745.176086426 741.886108398
1059.36730957 756.690979004 750.111022949 759.980895996
1054.43237305 756.690979004 746.821105957 763.270874023
1034.69262695 756.690979004 750.111022949 763.270874023
1039.62756348 758.3359375 750.111022949 761.625915527
996.858093262 763.270874023 746.821105957 735.306213379
985.343200684 764.91583252 750.111022949 741.886108398
1052.78747559 755.045959473 755.045959473 766.560852051
1026.46777344 753.401000977 751.75604248 764.91583252
1072.52722168 759.980895996 753.401000977 759.980895996
1044.5625 761.625915527 755.045959473 723.791320801
1005.08300781 763.270874023 750.111022949 735.306213379
1000.14807129 764.91583252 753.401000977 759.980895996
1016.59783936 763.270874023 753.401000977 771.495788574
1005.08300781 766.560852051 755.045959473 789.590576172
996.858093262 761.625915527 759.980895996 727.081298828
1024.82275391 761.625915527 759.980895996 745.176086426
1014.95288086 761.625915527 756.690979004 755.045959473
998.503051758 766.560852051 753.401000977 736.951171875
977.118347168 764.91583252 758.3359375 769.850830078
968.893432617 758.3359375 759.980895996 769.850830078
993.568115234 759.980895996 758.3359375 756.690979004
986.988220215 764.91583252 758.3359375 759.980895996
1001.79302979 771.495788574 751.75604248 733.661254883
1021.53277588 771.495788574 756.690979004 738.596191406
1005.08300781 763.270874023 763.270874023 759.980895996
1034.69262695 761.625915527 763.270874023 753.401000977
973.828369141 761.625915527 766.560852051 778.075683594
985.343200684 758.3359375 764.91583252 722.146362305
1044.5625 766.560852051 766.560852051 745.176086426
996.858093262 764.91583252 766.560852051 753.401000977
980.40826416 761.625915527 763.270874023 753.401000977
991.923156738 763.270874023 764.91583252 759.980895996
1039.62756348 759.980895996 766.560852051 787.945556641
1036.33764648 766.560852051 766.560852051 751.75604248
1031.40270996 769.850830078 764.91583252 732.016235352
998.503051758 766.560852051 766.560852051 764.91583252
977.118347168 766.560852051 761.625915527 745.176086426
978.763305664 764.91583252 764.91583252 743.53112793
932.703857422 766.560852051 766.560852051 766.560852051
909.674133301 769.850830078 766.560852051 740.241149902
983.698242188 768.205810547 764.91583252 753.401000977
1005.08300781 769.850830078 764.91583252 758.3359375
988.633178711 766.560852051 766.560852051 753.401000977
963.958496094 768.205810547 763.270874023 755.045959473
927.768920898 768.205810547 768.205810547 727.081298828
988.633178711 766.560852051 768.205810547 740.241149902
1001.79302979 769.850830078 764.91583252 768.205810547
986.988220215 769.850830078 766.560852051 791.235534668
924.478942871 768.205810547 769.850830078 771.495788574
868.549621582 773.14074707 771.495788574 751.75604248
901.44921875 769.850830078 766.560852051 753.401000977
983.698242188 763.270874023 771.495788574 745.176086426
1006.72796631 769.850830078 768.205810547 746.821105957
982.053283691 773.14074707 763.270874023 741.886108398
955.733581543 774.785766602 769.850830078 778.075683594
962.313476562 766.560852051 769.850830078 779.720703125
991.923156738 764.91583252 771.495788574 794.525512695
985.343200684 769.850830078 771.495788574 763.270874023
942.573730469 771.495788574 776.430725098 743.53112793
937.638793945 778.075683594 774.785766602 759.980895996
972.183410645 774.785766602 773.14074707 751.75604248
1006.72796631 773.14074707 774.785766602 748.466064453
988.633178711 773.14074707 771.495788574 771.495788574
1037.98254395 773.14074707 774.785766602 781.365661621
991.923156738 771.495788574 774.785766602 745.176086426
949.153686523 773.14074707 771.495788574 764.91583252
954.088623047 778.075683594 769.850830078 733.661254883
955.733581543 766.560852051 774.785766602 776.430725098
1014.95288086 766.560852051 778.075683594 786.300598145
1018.24285889 769.850830078 778.075683594 735.306213379
985.343200684 769.850830078 779.720703125 768.205810547
978.763305664 773.14074707 771.495788574 779.720703125
980.40826416 771.495788574 784.655639648 766.560852051
980.40826416 771.495788574 783.010620117 786.300598145
939.283752441 778.075683594 778.075683594 787.945556641
967.248413086 776.430725098 776.430725098 745.176086426
1026.46777344 778.075683594 773.14074707 755.045959473
968.893432617 779.720703125 776.430725098 738.596191406
991.923156738 779.720703125 779.720703125 743.53112793
1001.79302979 776.430725098 784.655639648 774.785766602
983.698242188 774.785766602 781.365661621 771.495788574
1010.01794434 773.14074707 779.720703125 779.720703125
995.213134766 778.075683594 779.720703125 746.821105957
931.058898926 783.010620117 778.075683594 764.91583252
955.733581543 779.720703125 779.720703125 766.560852051
1019.88781738 781.365661621 783.010620117 761.625915527
1018.24285889 783.010620117 783.010620117 761.625915527
1018.24285889 784.655639648 779.720703125 740.241149902
993.568115234 781.365661621 778.075683594 750.111022949
968.893432617 784.655639648 776.430725098 764.91583252
921.188964844 786.300598145 778.075683594 769.850830078
1005.08300781 779.720703125 778.075683594 753.401000977
1029.75769043 781.365661621 779.720703125 756.690979004
1008.3729248 781.365661621 784.655639648 748.466064453
1023.17779541 784.655639648 783.010620117 750.111022949
973.828369141 787.945556641 781.365661621 746.821105957
942.573730469 784.655639648 779.720703125 736.951171875
972.183410645 784.655639648 779.720703125 769.850830078
991.923156738 784.655639648 781.365661621 741.886108398
968.893432617 787.945556641 776.430725098 730.371276855
967.248413086 783.010620117 781.365661621 774.785766602
983.698242188 778.075683594 786.300598145 743.53112793
977.118347168 784.655639648 783.010620117 740.241149902
980.40826416 787.945556641 784.655639648 756.690979004
990.278137207 789.590576172 778.075683594 736.951171875
942.573730469 786.300598145 779.720703125 773.14074707
978.763305664 784.655639648 784.655639648 787.945556641
949.153686523 781.365661621 784.655639648 764.91583252
954.088623047 786.300598145 786.300598145 722.146362305
949.153686523 789.590576172 784.655639648 751.75604248
968.893432617 784.655639648 783.010620117 783.010620117
1016.59783936 792.880554199 784.655639648 771.495788574
982.053283691 791.235534668 784.655639648 784.655639648
978.763305664 787.945556641 789.590576172 761.625915527
1006.72796631 791.235534668 789.590576172 738.596191406
975.473327637 787.945556641 787.945556641 766.560852051
983.698242188 787.945556641 786.300598145 771.495788574
963.958496094 794.525512695 784.655639648 791.235534668
945.863708496 789.590576172 789.590576172 781.365661621
955.733581543 791.235534668 786.300598145 745.176086426
975.473327637 789.590576172 787.945556641 761.625915527
947.508666992 789.590576172 786.300598145 778.075683594
927.768920898 791.235534668 786.300598145 791.235534668
1000.14807129 792.880554199 789.590576172 791.235534668
996.858093262 792.880554199 789.590576172 759.980895996
957.378540039 792.880554199 787.945556641 773.14074707
959.02355957 791.235534668 792.880554199 774.785766602
932.703857422 791.235534668 791.235534668 802.750427246
947.508666992 789.590576172 796.170471191 807.68536377
972.183410645 787.945556641 796.170471191 806.040344238
995.213134766 792.880554199 794.525512695 814.265258789
965.60345459 797.815490723 794.525512695 814.265258789
954.088623047 799.460449219 789.590576172 809.330322266
988.633178711 794.525512695 794.525512695 847.164855957
986.988220215 789.590576172 797.815490723 830.715087891
950.79864502 786.300598145 801.105407715 820.845214844
949.153686523 791.235534668 799.460449219 827.425109863
927.768920898 792.880554199 794.525512695 834.005004883
980.40826416 792.880554199 794.525512695 870.194580078
1005.08300781 794.525512695 791.235534668 858.679748535
978.763305664 792.880554199 796.170471191 825.780151367
944.218688965 792.880554199 792.880554199 824.135131836
931.058898926 791.235534668 789.590576172 824.135131836
939.283752441 792.880554199 792.880554199 845.519897461
962.313476562 794.525512695 789.590576172 875.129516602
939.283752441 794.525512695 787.945556641 842.229919434
942.573730469 796.170471191 791.235534668 845.519897461
990.278137207 794.525512695 791.235534668 822.49017334
931.058898926 796.170471191 792.880554199 848.809875488
945.863708496 796.170471191 792.880554199 876.774536133
954.088623047 792.880554199 792.880554199 865.259643555
942.573730469 797.815490723 791.235534668 868.549621582
950.79864502 801.105407715 787.945556641 880.064453125
922.833984375 801.105407715 787.945556641 873.484558105
947.508666992 802.750427246 786.300598145 889.934387207
978.763305664 797.815490723 787.945556641 880.064453125
955.733581543 794.525512695 787.945556641 881.709472656
950.79864502 799.460449219 786.300598145 894.86932373
921.188964844 799.460449219 786.300598145 881.709472656
912.964111328 799.460449219 784.655639648 891.579345703
934.348815918 801.105407715 784.655639648 911.319091797
972.183410645 796.170471191 787.945556641 931.058898926
922.833984375 799.460449219 784.655639648 909.674133301
919.544006348 797.815490723 786.300598145 914.609069824
940.928771973 797.815490723 784.655639648 891.579345703
949.153686523 799.460449219 783.010620117 881.709472656
972.183410645 799.460449219 784.655639648 921.188964844
978.763305664 799.460449219 783.010620117 917.899047852
926.123962402 799.460449219 786.300598145 922.833984375
931.058898926 804.395385742 784.655639648 894.86932373
942.573730469 801.105407715 786.300598145 894.86932373
952.443603516 801.105407715 786.300598145 909.674133301
935.993835449 804.395385742 781.365661621 917.899047852
955.733581543 802.750427246 783.010620117 944.218688965
935.993835449 802.750427246 784.655639648 931.058898926
889.934387207 802.750427246 786.300598145 917.899047852
926.123962402 801.105407715 784.655639648 903.094238281
972.183410645 802.750427246 787.945556641 934.348815918
944.218688965 806.040344238 784.655639648 912.964111328
973.828369141 804.395385742 784.655639648 916.25402832
922.833984375 804.395385742 786.300598145 914.609069824
911.319091797 807.68536377 786.300598145 898.159240723
955.733581543 804.395385742 787.945556641 937.638793945
973.828369141 804.395385742 786.300598145 950.79864502
957.378540039 807.68536377 781.365661621 904.739196777
949.153686523 809.330322266 779.720703125 912.964111328
919.544006348 807.68536377 783.010620117 934.348815918
898.159240723 806.040344238 787.945556641 939.283752441
939.283752441 802.750427246 786.300598145 927.768920898
944.218688965 801.105407715 786.300598145 939.283752441
947.508666992 802.750427246 787.945556641 904.739196777
912.964111328 801.105407715 786.300598145 921.188964844
912.964111328 801.105407715 784.655639648 942.573730469
908.029174805 802.750427246 784.655639648 932.703857422
944.218688965 801.105407715 781.365661621 922.833984375
934.348815918 802.750427246 783.010620117 942.573730469
927.768920898 802.750427246 786.300598145 901.44921875
916.25402832 807.68536377 778.075683594 863.614685059
911.319091797 806.040344238 781.365661621 937.638793945
935.993835449 804.395385742 783.010620117 931.058898926
949.153686523 804.395385742 784.655639648 919.544006348
967.248413086 809.330322266 784.655639648 927.768920898
949.153686523 809.330322266 781.365661621 896.514282227
940.928771973 810.975280762 783.010620117 929.413879395
917.899047852 810.975280762 784.655639648 932.703857422
889.934387207 809.330322266 781.365661621 898.159240723
889.934387207 812.620300293 783.010620117 929.413879395
927.768920898 810.975280762 781.365661621 908.029174805
945.863708496 810.975280762 779.720703125 937.638793945
957.378540039 812.620300293 781.365661621 912.964111328
878.419494629 809.330322266 778.075683594 866.904663086
886.64440918 806.040344238 778.075683594 908.029174805
970.538391113 804.395385742 779.720703125 903.094238281
945.863708496 810.975280762 779.720703125 889.934387207
926.123962402 810.975280762 778.075683594 894.86932373
893.224304199 806.040344238 781.365661621 878.419494629
927.768920898 807.68536377 783.010620117 919.544006348
954.088623047 804.395385742 779.720703125 878.419494629
934.348815918 804.395385742 779.720703125 857.034729004
898.159240723 806.040344238 778.075683594 855.389770508
873.484558105 806.040344238 778.075683594 848.809875488
899.804260254 804.395385742 781.365661621 896.514282227
927.768920898 802.750427246 783.010620117 876.774536133
927.768920898 806.040344238 781.365661621 832.360046387
891.579345703 806.040344238 783.010620117 838.940002441
927.768920898 809.330322266 778.075683594 838.940002441
952.443603516 812.620300293 781.365661621 843.874938965
921.188964844 804.395385742 783.010620117 847.164855957
929.413879395 804.395385742 781.365661621 850.454833984
899.804260254 802.750427246 783.010620117 843.874938965
891.579345703 804.395385742 781.365661621 883.354431152
906.384155273 804.395385742 781.365661621 883.354431152
927.768920898 807.68536377 783.010620117 824.135131836
932.703857422 809.330322266 778.075683594 830.715087891
916.25402832 809.330322266 779.720703125 820.845214844
919.544006348 807.68536377 781.365661621 812.620300293
927.768920898 807.68536377 783.010620117 860.324707031
888.289367676 809.330322266 784.655639648 884.999450684
888.289367676 810.975280762 781.365661621 860.324707031
926.123962402 807.68536377 784.655639648 853.744812012
908.029174805 809.330322266 784.655639648 810.975280762
909.674133301 810.975280762 786.300598145 822.49017334
914.609069824 810.975280762 783.010620117 834.005004883
940.928771973 810.975280762 783.010620117 860.324707031
893.224304199 812.620300293 783.010620117 832.360046387
908.029174805 814.265258789 781.365661621 802.750427246
911.319091797 810.975280762 783.010620117 852.09979248
888.289367676 809.330322266 784.655639648 868.549621582
945.863708496 810.975280762 783.010620117 848.809875488
911.319091797 809.330322266 784.655639648 827.425109863
886.64440918 809.330322266 784.655639648 838.940002441
852.09979248 810.975280762 784.655639648 822.49017334
919.544006348 804.395385742 791.235534668 847.164855957
919.544006348 806.040344238 789.590576172 807.68536377
901.44921875 807.68536377 787.945556641 807.68536377
914.609069824 807.68536377 787.945556641 832.360046387
899.804260254 812.620300293 784.655639648 829.070068359
898.159240723 807.68536377 791.235534668 858.679748535
870.194580078 806.040344238 787.945556641 834.005004883
883.354431152 810.975280762 786.300598145 806.040344238
886.64440918 809.330322266 789.590576172 814.265258789
934.348815918 814.265258789 786.300598145 843.874938965
932.703857422 812.620300293 787.945556641 829.070068359
893.224304199 810.975280762 791.235534668 843.874938965
878.419494629 809.330322266 792.880554199 820.845214844
884.999450684 809.330322266 791.235534668 815.91027832
870.194580078 812.620300293 791.235534668 820.845214844
825.780151367 814.265258789 789.590576172 797.815490723
840.584960938 819.200195312 786.300598145 806.040344238
916.25402832 815.91027832 791.235534668 801.105407715
931.058898926 810.975280762 792.880554199 825.780151367
922.833984375 814.265258789 791.235534668 840.584960938
911.319091797 817.555236816 791.235534668 824.135131836
880.064453125 819.200195312 787.945556641 820.845214844
878.419494629 819.200195312 792.880554199 815.91027832
845.519897461 814.265258789 791.235534668 812.620300293
868.549621582 814.265258789 789.590576172 817.555236816
912.964111328 815.91027832 796.170471191 819.200195312
894.86932373 812.620300293 791.235534668 814.265258789
926.123962402 815.91027832 794.525512695 830.715087891
893.224304199 812.620300293 791.235534668 822.49017334
888.289367676 814.265258789 787.945556641 827.425109863
916.25402832 817.555236816 791.235534668 827.425109863
903.094238281 814.265258789 792.880554199 817.555236816
876.774536133 812.620300293 796.170471191 819.200195312
870.194580078 815.91027832 792.880554199 802.750427246
880.064453125 815.91027832 789.590576172 781.365661621
903.094238281 812.620300293 789.590576172 796.170471191
876.774536133 812.620300293 789.590576172 847.164855957
884.999450684 815.91027832 791.235534668 825.780151367
884.999450684 817.555236816 789.590576172 819.200195312
865.259643555 819.200195312 787.945556641 801.105407715
911.319091797 815.91027832 791.235534668 794.525512695
914.609069824 817.555236816 784.655639648 820.845214844
894.86932373 817.555236816 789.590576172 810.975280762
884.999450684 815.91027832 791.235534668 809.330322266
888.289367676 815.91027832 792.880554199 814.265258789
881.709472656 819.200195312 794.525512695 815.91027832
884.999450684 820.845214844 789.590576172 827.425109863
881.709472656 819.200195312 791.235534668 824.135131836
889.934387207 814.265258789 796.170471191 810.975280762
888.289367676 814.265258789 796.170471191 791.235534668
870.194580078 814.265258789 792.880554199 796.170471191
904.739196777 815.91027832 787.945556641 817.555236816
875.129516602 817.555236816 789.590576172 827.425109863
875.129516602 815.91027832 794.525512695 827.425109863
889.934387207 820.845214844 791.235534668 814.265258789
889.934387207 817.555236816 791.235534668 768.205810547
891.579345703 812.620300293 791.235534668 824.135131836
921.188964844 819.200195312 791.235534668 838.940002441
878.419494629 820.845214844 791.235534668 827.425109863
845.519897461 824.135131836 787.945556641 822.49017334
884.999450684 819.200195312 794.525512695 807.68536377
929.413879395 817.555236816 792.880554199 797.815490723
912.964111328 822.49017334 789.590576172 809.330322266
927.768920898 820.845214844 791.235534668 787.945556641
889.934387207 824.135131836 789.590576172 791.235534668
870.194580078 824.135131836 789.590576172 781.365661621
868.549621582 824.135131836 794.525512695 799.460449219
914.609069824 822.49017334 789.590576172 776.430725098
919.544006348 820.845214844 787.945556641 789.590576172
927.768920898 825.780151367 789.590576172 797.815490723
912.964111328 825.780151367 792.880554199 801.105407715
901.44921875 827.425109863 791.235534668 791.235534668
898.159240723 829.070068359 789.590576172 786.300598145
898.159240723 830.715087891 786.300598145 817.555236816
891.579345703 829.070068359 783.010620117 884.999450684
901.44921875 834.005004883 783.010620117 914.609069824
908.029174805 829.070068359 791.235534668 942.573730469
903.094238281 822.49017334 791.235534668 955.733581543
863.614685059 829.070068359 791.235534668 940.928771973
861.969726562 829.070068359 787.945556641 944.218688965
861.969726562 829.070068359 784.655639648 935.993835449
820.845214844 829.070068359 789.590576172 906.384155273
850.454833984 829.070068359 791.235534668 950.79864502
830.715087891 825.780151367 789.590576172 934.348815918
865.259643555 827.425109863 789.590576172 919.544006348
883.354431152 829.070068359 789.590576172 975.473327637
832.360046387 825.780151367 794.525512695 937.638793945
837.29498291 825.780151367 792.880554199 911.319091797
886.64440918 827.425109863 791.235534668 912.964111328
898.159240723 825.780151367 789.590576172 924.478942871
912.964111328 815.91027832 792.880554199 942.573730469
921.188964844 814.265258789 797.815490723 960.668518066
934.348815918 829.070068359 792.880554199 940.928771973
906.384155273 842.229919434 783.010620117 908.029174805
909.674133301 847.164855957 779.720703125 909.674133301
898.159240723 850.454833984 778.075683594 908.029174805
886.64440918 852.09979248 773.14074707 889.934387207
878.419494629 855.389770508 771.495788574 880.064453125
838.940002441 865.259643555 761.625915527 850.454833984
883.354431152 870.194580078 755.045959473 852.09979248
908.029174805 870.194580078 755.045959473 842.229919434
916.25402832 878.419494629 748.466064453 855.389770508
914.609069824 883.354431152 748.466064453 857.034729004
880.064453125 883.354431152 745.176086426 845.519897461
889.934387207 888.289367676 741.886108398 835.650024414
870.194580078 891.579345703 741.886108398 834.005004883
845.519897461 888.289367676 740.241149902 817.555236816
880.064453125 881.709472656 743.53112793 837.29498291
888.289367676 878.419494629 746.821105957 838.940002441
914.609069824 875.129516602 750.111022949 834.005004883
906.384155273 873.484558105 750.111022949 853.744812012
901.44921875 873.484558105 750.111022949 850.454833984
870.194580078 868.549621582 753.401000977 845.519897461
899.804260254 865.259643555 758.3359375 847.164855957
911.319091797 866.904663086 758.3359375 860.324707031
889.934387207 863.614685059 759.980895996 847.164855957
919.544006348 861.969726562 759.980895996 852.09979248
860.324707031 857.034729004 764.91583252 852.09979248
845.519897461 852.09979248 764.91583252 820.845214844
917.899047852 855.389770508 761.625915527 848.809875488
921.188964844 857.034729004 763.270874023 838.940002441
914.609069824 855.389770508 761.625915527 850.454833984
912.964111328 857.034729004 764.91583252 868.549621582
876.774536133 852.09979248 764.91583252 843.874938965
903.094238281 850.454833984 764.91583252 857.034729004
889.934387207 850.454833984 766.560852051 838.940002441
861.969726562 848.809875488 769.850830078 845.519897461
891.579345703 850.454833984 764.91583252 829.070068359
889.934387207 847.164855957 766.560852051 840.584960938
891.579345703 847.164855957 764.91583252 845.519897461
889.934387207 850.454833984 766.560852051 834.005004883
858.679748535 843.874938965 768.205810547 830.715087891
832.360046387 838.940002441 756.690979004 825.780151367
840.584960938 840.584960938 763.270874023 832.360046387
857.034729004 848.809875488 764.91583252 809.330322266
866.904663086 848.809875488 766.560852051 825.780151367
861.969726562 845.519897461 766.560852051 801.105407715
827.425109863 855.389770508 758.3359375 753.401000977
789.590576172 850.454833984 761.625915527 745.176086426
792.880554199 863.614685059 756.690979004 720.501403809
774.785766602 868.549621582 756.690979004 738.596191406
761.625915527 870.194580078 756.690979004 736.951171875
779.720703125 876.774536133 745.176086426 723.791320801
773.14074707 881.709472656 745.176086426 705.696594238
776.430725098 884.999450684 740.241149902 695.826660156
759.980895996 883.354431152 736.951171875 689.246765137
750.111022949 886.64440918 738.596191406 694.18170166
763.270874023 893.224304199 738.596191406 690.891723633
781.365661621 891.579345703 738.596191406 690.891723633
786.300598145 889.934387207 736.951171875 728.726318359
761.625915527 893.224304199 736.951171875 717.211425781
768.205810547 894.86932373 736.951171875 708.98651123
801.105407715 891.579345703 740.241149902 736.951171875
809.330322266 894.86932373 741.886108398 730.371276855
820.845214844 888.289367676 753.401000977 748.466064453
853.744812012 876.774536133 759.980895996 740.241149902
842.229919434 875.129516602 759.980895996 776.430725098
810.975280762 871.839599609 768.205810547 791.235534668
829.070068359 860.324707031 771.495788574 764.91583252
789.590576172 853.744812012 778.075683594 812.620300293
819.200195312 838.940002441 787.945556641 806.040344238
829.070068359 838.940002441 791.235534668 809.330322266
842.229919434 834.005004883 796.170471191 829.070068359
914.609069824 830.715087891 797.815490723 837.29498291
889.934387207 827.425109863 801.105407715 853.744812012
891.579345703 819.200195312 809.330322266 860.324707031
870.194580078 819.200195312 810.975280762 880.064453125
838.940002441 817.555236816 814.265258789 861.969726562
889.934387207 812.620300293 822.49017334 855.389770508
901.44921875 807.68536377 827.425109863 903.094238281
878.419494629 804.395385742 830.715087891 884.999450684
888.289367676 801.105407715 832.360046387 881.709472656
888.289367676 801.105407715 832.360046387 888.289367676
878.419494629 797.815490723 835.650024414 906.384155273
860.324707031 797.815490723 837.29498291 871.839599609
848.809875488 796.170471191 842.229919434 875.129516602
842.229919434 796.170471191 845.519897461 898.159240723
850.454833984 796.170471191 845.519897461 865.259643555
866.904663086 792.880554199 850.454833984 873.484558105
871.839599609 794.525512695 853.744812012 903.094238281
873.484558105 792.880554199 853.744812012 906.384155273
829.070068359 794.525512695 853.744812012 881.709472656
860.324707031 794.525512695 858.679748535 866.904663086
896.514282227 796.170471191 860.324707031 884.999450684
871.839599609 797.815490723 861.969726562 866.904663086
878.419494629 792.880554199 868.549621582 894.86932373
857.034729004 794.525512695 865.259643555 901.44921875
850.454833984 792.880554199 868.549621582 931.058898926
896.514282227 794.525512695 871.839599609 985.343200684
898.159240723 789.590576172 871.839599609 965.60345459
894.86932373 789.590576172 870.194580078 993.568115234
903.094238281 791.235534668 871.839599609 1005.08300781
876.774536133 791.235534668 868.549621582 988.633178711
852.09979248 796.170471191 870.194580078 1001.79302979
837.29498291 794.525512695 871.839599609 986.988220215
825.780151367 796.170471191 871.839599609 975.473327637
857.034729004 789.590576172 876.774536133 1006.72796631
873.484558105 792.880554199 876.774536133 983.698242188
880.064453125 789.590576172 878.419494629 993.568115234
903.094238281 791.235534668 880.064453125 983.698242188
871.839599609 794.525512695 878.419494629 1008.3729248
850.454833984 794.525512695 873.484558105 991.923156738
852.09979248 797.815490723 875.129516602 942.573730469
866.904663086 801.105407715 875.129516602 947.508666992
894.86932373 796.170471191 876.774536133 970.538391113
906.384155273 797.815490723 880.064453125 1001.79302979
903.094238281 796.170471191 876.774536133 973.828369141
888.289367676 797.815490723 873.484558105 1000.14807129
876.774536133 799.460449219 875.129516602 942.573730469
881.709472656 801.105407715 875.129516602 947.508666992
871.839599609 802.750427246 875.129516602 980.40826416
894.86932373 802.750427246 873.484558105 949.153686523
908.029174805 802.750427246 873.484558105 955.733581543
884.999450684 812.620300293 865.259643555 942.573730469
863.614685059 809.330322266 865.259643555 927.768920898
898.159240723 810.975280762 866.904663086 959.02355957
860.324707031 812.620300293 861.969726562 967.248413086
866.904663086 809.330322266 865.259643555 986.988220215
927.768920898 817.555236816 861.969726562 975.473327637
899.804260254 815.91027832 861.969726562 950.79864502
903.094238281 817.555236816 860.324707031 960.668518066
876.774536133 817.555236816 860.324707031 960.668518066
824.135131836 819.200195312 860.324707031 983.698242188
866.904663086 820.845214844 858.679748535 962.313476562
865.259643555 819.200195312 860.324707031 947.508666992
845.519897461 820.845214844 855.389770508 954.088623047
888.289367676 819.200195312 857.034729004 952.443603516
924.478942871 822.49017334 858.679748535 996.858093262
914.609069824 822.49017334 858.679748535 950.79864502
891.579345703 825.780151367 855.389770508 944.218688965
852.09979248 827.425109863 852.09979248 954.088623047
845.519897461 829.070068359 853.744812012 926.123962402
880.064453125 824.135131836 857.034729004 952.443603516
896.514282227 825.780151367 852.09979248 944.218688965
842.229919434 827.425109863 853.744812012 949.153686523
827.425109863 827.425109863 852.09979248 955.733581543
812.620300293 829.070068359 852.09979248 955.733581543
797.815490723 829.070068359 853.744812012 929.413879395
809.330322266 834.005004883 848.809875488 886.64440918
776.430725098 832.360046387 847.164855957 901.44921875
810.975280762 834.005004883 848.809875488 893.224304199
871.839599609 835.650024414 845.519897461 916.25402832
850.454833984 832.360046387 848.809875488 935.993835449
822.49017334 835.650024414 848.809875488 922.833984375
801.105407715 837.29498291 847.164855957 924.478942871
809.330322266 835.650024414 848.809875488 916.25402832
824.135131836 837.29498291 847.164855957 893.224304199
834.005004883 834.005004883 848.809875488 908.029174805
822.49017334 829.070068359 848.809875488 899.804260254
820.845214844 829.070068359 850.454833984 888.289367676
843.874938965 832.360046387 842.229919434 884.999450684
830.715087891 837.29498291 842.229919434 889.934387207
774.785766602 830.715087891 850.454833984 891.579345703
786.300598145 820.845214844 853.744812012 875.129516602
842.229919434 815.91027832 857.034729004 883.354431152
814.265258789 815.91027832 860.324707031 889.934387207
815.91027832 819.200195312 855.389770508 873.484558105
802.750427246 822.49017334 857.034729004 909.674133301
819.200195312 825.780151367 855.389770508 876.774536133
825.780151367 830.715087891 847.164855957 871.839599609
814.265258789 830.715087891 845.519897461 893.224304199
806.040344238 830.715087891 847.164855957 878.419494629
824.135131836 825.780151367 852.09979248 860.324707031
842.229919434 824.135131836 852.09979248 878.419494629
827.425109863 829.070068359 850.454833984 878.419494629
830.715087891 824.135131836 850.454833984 855.389770508
837.29498291 825.780151367 848.809875488 863.614685059
834.005004883 824.135131836 852.09979248 878.419494629
847.164855957 824.135131836 852.09979248 865.259643555
806.040344238 829.070068359 850.454833984 857.034729004
797.815490723 829.070068359 848.809875488 871.839599609
850.454833984 829.070068359 847.164855957 842.229919434
835.650024414 829.070068359 843.874938965 870.194580078
847.164855957 829.070068359 847.164855957 878.419494629
827.425109863 829.070068359 847.164855957 870.194580078
789.590576172 830.715087891 845.519897461 868.549621582
835.650024414 830.715087891 845.519897461 860.324707031
865.259643555 832.360046387 842.229919434 845.519897461
861.969726562 834.005004883 842.229919434 850.454833984
875.129516602 829.070068359 843.874938965 883.354431152
847.164855957 829.070068359 845.519897461 903.094238281
853.744812012 830.715087891 845.519897461 894.86932373
853.744812012 837.29498291 845.519897461 866.904663086
820.845214844 837.29498291 842.229919434 842.229919434
829.070068359 832.360046387 843.874938965 868.549621582
863.614685059 832.360046387 843.874938965 863.614685059
873.484558105 834.005004883 840.584960938 858.679748535
853.744812012 834.005004883 842.229919434 817.555236816
832.360046387 827.425109863 837.29498291 840.584960938
824.135131836 822.49017334 842.229919434 886.64440918
840.584960938 834.005004883 840.584960938 868.549621582
896.514282227 840.584960938 835.650024414 875.129516602
832.360046387 843.874938965 830.715087891 838.940002441
840.584960938 855.389770508 824.135131836 824.135131836
825.780151367 850.454833984 824.135131836 861.969726562
779.720703125 860.324707031 819.200195312 847.164855957
745.176086426 871.839599609 812.620300293 827.425109863
681.021850586 870.194580078 810.975280762 829.070068359
723.791320801 863.614685059 814.265258789 830.715087891
708.98651123 861.969726562 817.555236816 830.715087891
682.666870117 855.389770508 822.49017334 820.845214844
657.992126465 853.744812012 820.845214844 832.360046387
633.317443848 855.389770508 817.555236816 843.874938965
648.122253418 853.744812012 820.845214844 852.09979248
646.477294922 848.809875488 824.135131836 855.389770508
661.282104492 848.809875488 824.135131836 850.454833984
681.021850586 848.809875488 825.780151367 853.744812012
679.37689209 847.164855957 824.135131836 860.324707031
702.406616211 848.809875488 822.49017334 884.999450684
654.702148438 848.809875488 824.135131836 927.768920898
644.832275391 843.874938965 827.425109863 914.609069824
685.956787109 842.229919434 827.425109863 931.058898926
681.021850586 840.584960938 825.780151367 909.674133301
694.18170166 843.874938965 820.845214844 904.739196777
694.18170166 842.229919434 825.780151367 924.478942871
681.021850586 842.229919434 824.135131836 912.964111328
669.507019043 840.584960938 822.49017334 904.739196777
651.412231445 842.229919434 819.200195312 906.384155273
639.897338867 847.164855957 815.91027832 880.064453125
644.832275391 843.874938965 817.555236816 894.86932373
664.57208252 845.519897461 819.200195312 898.159240723
625.092529297 845.519897461 819.200195312 876.774536133
611.932678223 843.874938965 817.555236816 881.709472656
651.412231445 843.874938965 817.555236816 878.419494629
676.086914062 840.584960938 817.555236816 899.804260254
685.956787109 845.519897461 812.620300293 888.289367676
697.471679688 847.164855957 814.265258789 922.833984375
661.282104492 842.229919434 814.265258789 932.703857422
689.246765137 845.519897461 810.975280762 912.964111328
672.796936035 838.940002441 814.265258789 917.899047852
667.861999512 842.229919434 809.330322266 901.44921875
699.116638184 842.229919434 810.975280762 894.86932373
713.921447754 835.650024414 814.265258789 927.768920898
700.76159668 835.650024414 810.975280762 926.123962402
713.921447754 840.584960938 810.975280762 924.478942871
664.57208252 845.519897461 802.750427246 898.159240723
689.246765137 842.229919434 806.040344238 911.319091797
768.205810547 840.584960938 809.330322266 903.094238281
763.270874023 847.164855957 807.68536377 868.549621582
766.560852051 845.519897461 804.395385742 888.289367676
732.016235352 845.519897461 804.395385742 911.319091797
692.536743164 842.229919434 809.330322266 917.899047852
712.276489258 842.229919434 809.330322266 894.86932373
740.241149902 842.229919434 809.330322266 903.094238281
755.045959473 843.874938965 806.040344238 894.86932373
753.401000977 847.164855957 807.68536377 899.804260254
730.371276855 845.519897461 812.620300293 909.674133301
740.241149902 845.519897461 812.620300293 893.224304199
769.850830078 848.809875488 809.330322266 886.64440918
758.3359375 850.454833984 807.68536377 858.679748535
717.211425781 845.519897461 810.975280762 889.934387207
743.53112793 842.229919434 814.265258789 880.064453125
713.921447754 840.584960938 812.620300293 883.354431152
