eeg 855.389770508 875.129516602 745.176086426 807.68536377
eeg 857.034729004 875.129516602 730.371276855 819.200195312
eeg 840.584960938 901.44921875 759.980895996 810.975280762
eeg 834.005004883 980.40826416 824.135131836 809.330322266
eeg 847.164855957 980.40826416 824.135131836 810.975280762
eeg 870.194580078 901.44921875 768.205810547 817.555236816
eeg 878.419494629 901.44921875 794.525512695 829.070068359
eeg 875.129516602 901.44921875 797.815490723 825.780151367
eeg 866.904663086 901.44921875 801.105407715 827.425109863
eeg 860.324707031 954.088623047 842.229919434 838.940002441
eeg 866.904663086 901.44921875 797.815490723 834.005004883
eeg 866.904663086 901.44921875 820.845214844 832.360046387
eeg 878.419494629 875.129516602 791.235534668 837.29498291
eeg 870.194580078 822.49017334 773.14074707 838.940002441
eeg 870.194580078 875.129516602 815.91027832 837.29498291
eeg 866.904663086 822.49017334 761.625915527 843.874938965
eeg 866.904663086 921.188964844 852.09979248 838.940002441
eeg 866.904663086 891.579345703 801.105407715 840.584960938
eeg 857.034729004 810.975280762 766.560852051 855.389770508
eeg 858.679748535 875.129516602 819.200195312 858.679748535
a 0.0734877437353 0.0978300496936 0.0408803410828 0.0435668192804
b 0.165730893612 0.29846778512 0.433314293623 0.0702480450273
d 0.422476172447 0.127386957407 0.11098498106 0.588578820229
g 0.102492704988 0.392732411623 0.360391736031 0.0438931919634
t 0.235812500119 0.0835827887058 0.0544286519289 0.253713101149
h 1.0 2.0 1.0 1.0
c 0.174122437835
Aa 0.140640541911 0.948270499706 0.447722941637 0.419294714928
Ab 0.493829101324 1.43269574642 1.47301137447 0.626773059368
Ad 0.900227844715 1.06292319298 0.88147264719 1.54994344711
Ag 0.285118579865 1.55189502239 1.39298319817 0.422536015511
At 0.646992444992 0.879915058613 0.572035968304 1.18448174
as 0.0 0.431818187237 0.0 0.304347813129
bs 0.0750000029802 0.881355941296 0.965517222881 0.347826093435
ds 0.25 0.49074074626 0.385135143995 1.0
gs 0.0 0.89473682642 0.292682915926 0.565217375755
ts 0.262626260519 0.620689630508 0.442105263472 1.0
eeg 866.904663086 906.384155273 834.005004883 853.744812012
eeg 875.129516602 871.839599609 807.68536377 852.09979248
eeg 861.969726562 871.839599609 802.750427246 840.584960938
eeg 861.969726562 810.975280762 759.980895996 848.809875488
eeg 847.164855957 781.365661621 750.111022949 860.324707031
eeg 847.164855957 871.839599609 820.845214844 843.874938965
eeg 843.874938965 873.484558105 815.91027832 848.809875488
eeg 843.874938965 917.899047852 845.519897461 843.874938965
eeg 848.809875488 875.129516602 799.460449219 843.874938965
eeg 842.229919434 820.845214844 779.720703125 847.164855957
eeg 845.519897461 875.129516602 817.555236816 837.29498291
eeg 848.809875488 889.934387207 824.135131836 832.360046387
eeg 848.809875488 906.384155273 840.584960938 845.519897461
eeg 843.874938965 909.674133301 837.29498291 835.650024414
eeg 842.229919434 827.425109863 774.785766602 847.164855957
eeg 843.874938965 834.005004883 804.395385742 843.874938965
eeg 853.744812012 880.064453125 822.49017334 838.940002441
eeg 847.164855957 820.845214844 791.235534668 845.519897461
eeg 837.29498291 820.845214844 791.235534668 852.09979248
eeg 837.29498291 830.715087891 812.620300293 843.874938965
eeg 840.584960938 929.413879395 865.259643555 847.164855957
eeg 842.229919434 893.224304199 825.780151367 850.454833984
a 0.0734877437353 0.0978300496936 0.0450484529138 0.290593951941
b 0.165730893612 0.29846778512 0.413295149803 0.176274612546
d 0.422476172447 0.127386957407 0.142665341496 0.276378452778
g 0.102492704988 0.392732411623 0.343944072723 0.0511418841779
t 0.235812500119 0.0835827887058 0.0550469793379 0.205611079931
h 1.0 4.0 1.0 1.0
c 0.157422438264
Aa 0.140640541911 0.948270499706 0.486009895802 0.903410077095
Ab 0.493829101324 1.43269574642 1.44859039783 0.686313271523
Ad 0.900227844715 1.06292319298 0.98664855957 0.881627678871
Ag 0.285118579865 1.55189502239 1.36881780624 0.148900195956
At 0.646992444992 0.879915058613 0.573063492775 0.753170013428
as 0.0 0.431818187237 0.0 0.826086938381
bs 0.0750000029802 0.881355941296 0.896551728249 0.478260874748
ds 0.25 0.49074074626 0.455782324076 0.459677428007
gs 0.0 0.89473682642 0.243902444839 0.0
ts 0.262626260519 0.620689630508 0.442105263472 0.659793794155
eeg 853.744812012 880.064453125 819.200195312 842.229919434
eeg 848.809875488 801.105407715 764.91583252 853.744812012
eeg 843.874938965 814.265258789 796.170471191 850.454833984
eeg 845.519897461 893.224304199 855.389770508 848.809875488
eeg 853.744812012 896.514282227 843.874938965 838.940002441
eeg 853.744812012 837.29498291 797.815490723 848.809875488
eeg 848.809875488 761.625915527 753.401000977 852.09979248
eeg 848.809875488 764.91583252 773.14074707 848.809875488
eeg 834.005004883 801.105407715 796.170471191 853.744812012
eeg 834.005004883 837.29498291 824.135131836 847.164855957
eeg 857.034729004 919.544006348 880.064453125 848.809875488
eeg 847.164855957 932.703857422 863.614685059 845.519897461
eeg 860.324707031 886.64440918 835.650024414 855.389770508
eeg 845.519897461 870.194580078 824.135131836 842.229919434
eeg 845.519897461 817.555236816 792.880554199 845.519897461
eeg 847.164855957 824.135131836 810.975280762 861.969726562
eeg 838.940002441 932.703857422 881.709472656 848.809875488
eeg 847.164855957 896.514282227 838.940002441 852.09979248
eeg 860.324707031 873.484558105 830.715087891 847.164855957
eeg 857.034729004 834.005004883 802.750427246 853.744812012
eeg 847.164855957 787.945556641 789.590576172 861.969726562
eeg 837.29498291 837.29498291 832.360046387 868.549621582
a 0.0734877437353 0.0978300496936 0.0502760373056 0.298002392054
b 0.165730893612 0.29846778512 0.388015061617 0.17027105391
d 0.422476172447 0.127386957407 0.171303346753 0.259840071201
g 0.102492704988 0.392732411623 0.334201425314 0.0478803738952
t 0.235812500119 0.0835827887058 0.056204136461 0.22400611639
h 1.0 4.0 1.0 1.0
c 0.141255408525
Aa 0.140640541911 0.948270499706 0.543771445751 0.973244011402
Ab 0.493829101324 1.43269574642 1.43125903606 0.730165064335
Ad 0.900227844715 1.06292319298 1.07617628574 0.913730382919
Ag 0.285118579865 1.55189502239 1.36641871929 0.179181799293
At 0.646992444992 0.879915058613 0.592178702354 0.849284172058
as 0.0 0.431818187237 0.0 0.912087917328
bs 0.0750000029802 0.881355941296 0.827586233616 0.586956501007
ds 0.25 0.49074074626 0.51700681448 0.483870953321
gs 0.0 0.89473682642 0.219512194395 0.0638297870755
ts 0.262626260519 0.620689630508 0.457446813583 0.762886583805
eeg 845.519897461 896.514282227 852.09979248 878.419494629
eeg 860.324707031 896.514282227 815.91027832 871.839599609
eeg 842.229919434 870.194580078 796.170471191 847.164855957
eeg 860.324707031 896.514282227 832.360046387 866.904663086
eeg 866.904663086 896.514282227 832.360046387 868.549621582
eeg 876.774536133 870.194580078 807.68536377 875.129516602
eeg 884.999450684 870.194580078 801.105407715 878.419494629
eeg 881.709472656 817.555236816 759.980895996 878.419494629
eeg 876.774536133 843.874938965 809.330322266 880.064453125
eeg 891.579345703 896.514282227 838.940002441 875.129516602
eeg 863.614685059 870.194580078 809.330322266 870.194580078
eeg 861.969726562 896.514282227 842.229919434 858.679748535
eeg 861.969726562 870.194580078 807.68536377 858.679748535
eeg 865.259643555 922.833984375 861.969726562 858.679748535
eeg 884.999450684 870.194580078 796.170471191 866.904663086
eeg 871.839599609 843.874938965 792.880554199 861.969726562
eeg 865.259643555 870.194580078 825.780151367 865.259643555
eeg 870.194580078 791.235534668 769.850830078 870.194580078
eeg 863.614685059 922.833984375 878.419494629 852.09979248
eeg 871.839599609 863.614685059 802.750427246 855.389770508
eeg 883.354431152 850.454833984 819.200195312 863.614685059
eeg 863.614685059 830.715087891 801.105407715 875.129516602
a 0.128370180726 0.0978300496936 0.0583460517228 0.281720787287
b 0.0573401898146 0.29846778512 0.360887676477 0.166524484754
d 0.554929852486 0.127386957407 0.192531660199 0.258664697409
g 0.0259130336344 0.392732411623 0.331550747156 0.0451176054776
t 0.233446717262 0.0835827887058 0.0566838756204 0.247972428799
h 1.0 4.0 1.0 1.0
c 0.141255408525
Aa 1.18714058399 0.948270499706 0.634467124939 0.996303200722
Ab 0.83713555336 1.43269574642 1.42582774162 0.767962396145
Ad 1.82291448116 1.06292319298 1.15295779705 0.959221422672
Ag 0.492194652557 1.55189502239 1.38900566101 0.200830325484
At 1.44686412811 0.879915058613 0.621915221214 0.94088768959
as 0.892857134342 0.431818187237 0.183673471212 0.934065937996
bs 0.925000011921 0.881355941296 0.793103456497 0.673913061619
ds 1.0 0.49074074626 0.579310357571 0.524193525314
gs 0.72413790226 0.89473682642 0.292682915926 0.106382980943
ts 1.0 0.620689630508 0.489361703396 0.85567009449
eeg 866.904663086 771.495788574 768.205810547 883.354431152
eeg 868.549621582 863.614685059 835.650024414 873.484558105
eeg 858.679748535 863.614685059 806.040344238 866.904663086
eeg 866.904663086 876.774536133 838.940002441 868.549621582
eeg 861.969726562 916.25402832 855.389770508 863.614685059
eeg 863.614685059 824.135131836 791.235534668 871.839599609
eeg 852.09979248 830.715087891 815.91027832 863.614685059
eeg 857.034729004 883.354431152 842.229919434 855.389770508
eeg 857.034729004 843.874938965 809.330322266 863.614685059
eeg 855.389770508 837.29498291 809.330322266 857.034729004
eeg 868.549621582 830.715087891 797.815490723 858.679748535
eeg 866.904663086 868.549621582 824.135131836 852.09979248
eeg 850.454833984 880.064453125 835.650024414 850.454833984
eeg 850.454833984 911.319091797 858.679748535 857.034729004
eeg 850.454833984 796.170471191 764.91583252 863.614685059
eeg 852.09979248 750.111022949 761.625915527 866.904663086
eeg 845.519897461 842.229919434 825.780151367 863.614685059
eeg 848.809875488 853.744812012 824.135131836 852.09979248
eeg 842.229919434 863.614685059 820.845214844 852.09979248
eeg 845.519897461 858.679748535 832.360046387 855.389770508
eeg 840.584960938 866.904663086 830.715087891 853.744812012
eeg 834.005004883 843.874938965 822.49017334 855.389770508
a 0.136617437005 0.0978300496936 0.071921557188 0.261041849852
b 0.0596295297146 0.29846778512 0.334137767553 0.161098867655
d 0.550315856934 0.127386957407 0.202729135752 0.264422506094
g 0.0303019471467 0.392732411623 0.33603733778 0.0424359515309
t 0.223135247827 0.0835827887058 0.0551742203534 0.271000802517
h 1.0 4.0 1.0 1.0
c 0.141255408525
Aa 1.18714058399 0.948270499706 0.763479113579 1.00451636314
Ab 0.827095806599 1.43269574642 1.43054556847 0.794898629189
Ad 1.79224646091 1.06292319298 1.2135361433 1.01010465622
Ag 0.53310495615 1.55189502239 1.43300747871 0.215540125966
At 1.40020263195 0.879915058613 0.648356199265 1.02077674866
as 0.892857134342 0.431818187237 0.448979586363 0.94505494833
bs 0.899999976158 0.881355941296 0.827586233616 0.717391312122
ds 1.0 0.49074074626 0.620689630508 0.56451612711
gs 0.86206895113 0.89473682642 0.390243887901 0.130434781313
ts 1.0 0.620689630508 0.521276593208 0.93814432621
eeg 847.164855957 931.058898926 870.194580078 843.874938965
eeg 861.969726562 829.070068359 789.590576172 858.679748535
eeg 871.839599609 850.454833984 827.425109863 865.259643555
eeg 847.164855957 855.389770508 837.29498291 861.969726562
eeg 843.874938965 884.999450684 860.324707031 861.969726562
eeg 827.425109863 810.975280762 819.200195312 858.679748535
eeg 809.330322266 796.170471191 832.360046387 857.034729004
eeg 810.975280762 824.135131836 871.839599609 861.969726562
eeg 796.170471191 779.720703125 848.809875488 857.034729004
eeg 769.850830078 771.495788574 852.09979248 829.070068359
eeg 783.010620117 750.111022949 837.29498291 840.584960938
eeg 773.14074707 676.086914062 802.750427246 843.874938965
eeg 774.785766602 779.720703125 878.419494629 840.584960938
eeg 792.880554199 865.259643555 919.544006348 850.454833984
eeg 791.235534668 791.235534668 852.09979248 847.164855957
eeg 807.68536377 779.720703125 845.519897461 868.549621582
eeg 806.040344238 733.661254883 809.330322266 880.064453125
eeg 787.945556641 741.886108398 825.780151367 865.259643555
eeg 804.395385742 845.519897461 891.579345703 866.904663086
eeg 804.395385742 812.620300293 855.389770508 865.259643555
eeg 809.330322266 786.300598145 835.650024414 868.549621582
eeg 810.975280762 838.940002441 845.519897461 858.679748535
a 0.14791983366 0.0978300496936 0.0836808308959 0.244502156973
b 0.0632869377732 0.29846778512 0.312209159136 0.154022634029
d 0.537696242332 0.127386957407 0.203521534801 0.272499114275
g 0.0351516008377 0.392732411623 0.34831365943 0.040493439883
t 0.215945377946 0.0835827887058 0.0522748157382 0.288482666016
h 1.0 4.0 1.0 1.0
c 0.141255408525
Aa 1.18714058399 0.948270499706 0.867514550686 1.00833165646
Ab 0.81842815876 1.43269574642 1.43933427334 0.807633459568
Ad 1.74765110016 1.06292319298 1.25349891186 1.05541408062
Ag 0.563059210777 1.55189502239 1.48685908318 0.227433606982
At 1.35145807266 0.879915058613 0.663181126118 1.08016860485
as 0.890909075737 0.431818187237 0.653061211109 0.956043958664
bs 0.899999976158 0.881355941296 0.86206895113 0.739130437374
ds 0.991150438786 0.49074074626 0.648275852203 0.596774220467
gs 0.965517222881 0.89473682642 0.512195110321 0.173913046718
ts 0.950980365276 0.620689630508 0.531914889812 1.0
eeg 815.91027832 891.579345703 875.129516602 842.229919434
eeg 825.780151367 891.579345703 842.229919434 840.584960938
eeg 819.200195312 891.579345703 873.484558105 843.874938965
eeg 830.715087891 838.940002441 822.49017334 861.969726562
eeg 827.425109863 838.940002441 852.09979248 855.389770508
eeg 824.135131836 944.218688965 949.153686523 847.164855957
eeg 830.715087891 838.940002441 866.904663086 853.744812012
eeg 834.005004883 944.218688965 975.473327637 857.034729004
eeg 840.584960938 944.218688965 932.703857422 878.419494629
eeg 825.780151367 944.218688965 947.508666992 852.09979248
eeg 832.360046387 944.218688965 929.413879395 848.809875488
eeg 830.715087891 891.579345703 903.094238281 847.164855957
eeg 832.360046387 944.218688965 945.863708496 847.164855957
eeg 832.360046387 891.579345703 903.094238281 865.259643555
eeg 824.135131836 944.218688965 978.763305664 852.09979248
eeg 830.715087891 876.774536133 927.768920898 852.09979248
eeg 837.29498291 838.940002441 916.25402832 860.324707031
eeg 830.715087891 840.584960938 912.964111328 858.679748535
eeg 829.070068359 875.129516602 937.638793945 852.09979248
eeg 829.070068359 881.709472656 914.609069824 852.09979248
eeg 843.874938965 875.129516602 919.544006348 857.034729004
eeg 852.09979248 878.419494629 922.833984375 866.904663086
a 0.158708259463 0.0978300496936 0.0953252390027 0.234218031168
b 0.0672673508525 0.29846778512 0.295968621969 0.147258728743
d 0.524733901024 0.127386957407 0.194685533643 0.281901806593
g 0.0392546094954 0.392732411623 0.364164710045 0.0399231538177
t 0.21003587544 0.0835827887058 0.0498558916152 0.296698272228
h 1.0 2.0 1.0 1.0
c 0.141255408525
Aa 1.18714058399 0.948270499706 0.955052137375 1.00907993317
Ab 0.814345359802 1.43269574642 1.44708991051 0.807540655136
Ad 1.70648014545 1.06292319298 1.26517796516 1.08955740929
Ag 0.580431699753 1.55189502239 1.53714215755 0.240684390068
At 1.30883455276 0.879915058613 0.673560738564 1.11177456379
as 0.888888895512 0.431818187237 0.836734712124 0.956043958664
bs 0.875 0.881355941296 0.86206895113 0.739130437374
ds 0.964285731316 0.49074074626 0.655172407627 0.629032254219
gs 1.0 0.89473682642 0.634146332741 0.195652171969
ts 0.911764681339 0.620689630508 0.542553186417 1.0
eeg 838.940002441 792.880554199 871.839599609 860.324707031
eeg 827.425109863 893.224304199 950.79864502 855.389770508
eeg 830.715087891 873.484558105 916.25402832 858.679748535
eeg 825.780151367 881.709472656 934.348815918 855.389770508
eeg 848.809875488 921.188964844 945.863708496 857.034729004
eeg 852.09979248 837.29498291 888.289367676 861.969726562
eeg 843.874938965 825.780151367 876.774536133 860.324707031
eeg 845.519897461 774.785766602 845.519897461 860.324707031
eeg 845.519897461 784.655639648 870.194580078 863.614685059
eeg 840.584960938 843.874938965 906.384155273 858.679748535
eeg 840.584960938 896.514282227 932.703857422 861.969726562
eeg 855.389770508 817.555236816 870.194580078 863.614685059
eeg 843.874938965 791.235534668 860.324707031 853.744812012
eeg 829.070068359 738.596191406 817.555236816 852.09979248
eeg 835.650024414 738.596191406 810.975280762 857.034729004
eeg 845.519897461 712.276489258 776.430725098 860.324707031
eeg 850.454833984 843.874938965 861.969726562 855.389770508
eeg 850.454833984 817.555236816 804.395385742 857.034729004
eeg 852.09979248 791.235534668 779.720703125 860.324707031
eeg 850.454833984 764.91583252 743.53112793 858.679748535
eeg 848.809875488 738.596191406 715.566467285 863.614685059
eeg 842.229919434 791.235534668 764.91583252 852.09979248
a 0.164909884334 0.0978300496936 0.0953252390027 0.233201339841
b 0.0705232322216 0.29846778512 0.295968621969 0.142293155193
d 0.520978033543 0.127386957407 0.194685533643 0.289739191532
g 0.0414403937757 0.392732411623 0.364164710045 0.0405906662345
t 0.202148482203 0.0835827887058 0.0498558916152 0.29417565465
h 1.0 4.0 1.0 1.0
c 0.151420623064
Aa 1.18714058399 0.948270499706 0.955052137375 1.01475310326
Ab 0.818226099014 1.43269574642 1.44708991051 0.800206124783
Ad 1.68671321869 1.06292319298 1.26517796516 1.10902941227
Ag 0.587317764759 1.55189502239 1.53714215755 0.255448281765
At 1.27556431293 0.879915058613 0.673560738564 1.11562883854
as 0.888888895512 0.431818187237 0.836734712124 0.956043958664
bs 0.899999976158 0.881355941296 0.86206895113 0.739130437374
ds 0.946428596973 0.49074074626 0.652777791023 0.645161271095
gs 1.0 0.89473682642 0.634146332741 0.217391297221
ts 0.872548997402 0.620689630508 0.542553186417 1.0
eeg 848.809875488 817.555236816 771.495788574 852.09979248
eeg 858.679748535 764.91583252 730.371276855 868.549621582
eeg 853.744812012 764.91583252 738.596191406 871.839599609
eeg 857.034729004 764.91583252 741.886108398 857.034729004
eeg 842.229919434 843.874938965 786.300598145 863.614685059
eeg 855.389770508 789.590576172 736.951171875 858.679748535
eeg 858.679748535 769.850830078 725.436340332 848.809875488
eeg 845.519897461 820.845214844 755.045959473 855.389770508
eeg 855.389770508 830.715087891 756.690979004 852.09979248
eeg 847.164855957 820.845214844 746.821105957 850.454833984
eeg 848.809875488 810.975280762 738.596191406 858.679748535
eeg 853.744812012 756.690979004 712.276489258 861.969726562
eeg 852.09979248 860.324707031 792.880554199 852.09979248
eeg 852.09979248 886.64440918 789.590576172 852.09979248
eeg 858.679748535 857.034729004 764.91583252 855.389770508
eeg 868.549621582 827.425109863 735.306213379 850.454833984
eeg 855.389770508 781.365661621 717.211425781 858.679748535
eeg 857.034729004 809.330322266 746.821105957 850.454833984
eeg 850.454833984 860.324707031 779.720703125 850.454833984
eeg 860.324707031 861.969726562 771.495788574 852.09979248
eeg 868.549621582 824.135131836 748.466064453 852.09979248
eeg 848.809875488 824.135131836 759.980895996 855.389770508
a 0.16426217556 0.0978300496936 0.0953252390027 0.235462322831
b 0.0721706524491 0.29846778512 0.295968621969 0.141347154975
d 0.529363870621 0.127386957407 0.194685533643 0.295308023691
g 0.0412989370525 0.392732411623 0.364164710045 0.0421969667077
t 0.192904368043 0.0835827887058 0.0498558916152 0.285685539246
h 1.0 4.0 1.0 1.0
c 0.161948889494
Aa 1.18714058399 0.948270499706 0.955052137375 1.01502072811
Ab 0.829963624477 1.43269574642 1.44708991051 0.793386399746
Ad 1.69535732269 1.06292319298 1.26517796516 1.11337459087
Ag 0.587541818619 1.55189502239 1.53714215755 0.26838055253
At 1.256945014 0.879915058613 0.673560738564 1.09898757935
as 0.888888895512 0.431818187237 0.854166686535 0.956043958664
bs 0.925000011921 0.881355941296 0.86206895113 0.717391312122
ds 0.955357134342 0.49074074626 0.652777791023 0.645161271095
gs 1.0 0.89473682642 0.634146332741 0.260869562626
ts 0.852941155434 0.620689630508 0.542553186417 0.990000009537
eeg 850.454833984 876.774536133 796.170471191 853.744812012
eeg 848.809875488 835.650024414 764.91583252 852.09979248
eeg 860.324707031 860.324707031 784.655639648 855.389770508
eeg 871.839599609 807.68536377 736.951171875 852.09979248
eeg 866.904663086 774.785766602 736.951171875 857.034729004
eeg 860.324707031 875.129516602 817.555236816 842.229919434
eeg 858.679748535 840.584960938 776.430725098 850.454833984
eeg 848.809875488 865.259643555 810.975280762 843.874938965
eeg 863.614685059 883.354431152 802.750427246 850.454833984
eeg 857.034729004 812.620300293 758.3359375 855.389770508
eeg 855.389770508 834.005004883 784.655639648 850.454833984
eeg 852.09979248 868.549621582 804.395385742 852.09979248
eeg 852.09979248 827.425109863 778.075683594 868.549621582
eeg 865.259643555 838.940002441 784.655639648 853.744812012
eeg 857.034729004 847.164855957 797.815490723 860.324707031
eeg 858.679748535 865.259643555 809.330322266 852.09979248
eeg 853.744812012 842.229919434 797.815490723 842.229919434
eeg 852.09979248 858.679748535 802.750427246 858.679748535
eeg 857.034729004 783.010620117 756.690979004 855.389770508
eeg 853.744812012 820.845214844 804.395385742 866.904663086
eeg 852.09979248 894.86932373 837.29498291 873.484558105
eeg 842.229919434 834.005004883 806.040344238 863.614685059
a 0.163213610649 0.0978300496936 0.0953252390027 0.240896657109
b 0.0720689743757 0.29846778512 0.295968621969 0.144211351871
d 0.541652083397 0.127386957407 0.194685533643 0.296588689089
g 0.0394951552153 0.392732411623 0.364164710045 0.0439503230155
t 0.183570191264 0.0835827887058 0.0498558916152 0.274352997541
h 1.0 4.0 1.0 1.0
c 0.172340005636
Aa 1.20130860806 0.948270499706 0.955052137375 1.01502072811
Ab 0.846300542355 1.43269574642 1.44708991051 0.79218941927
Ad 1.72227263451 1.06292319298 1.26517796516 1.10534453392
Ag 0.58509606123 1.55189502239 1.53714215755 0.276152014732
At 1.25235438347 0.879915058613 0.673560738564 1.07149958611
as 0.907407402992 0.431818187237 0.854166686535 0.956043958664
bs 0.949999988079 0.881355941296 0.86206895113 0.717391312122
ds 0.982142865658 0.49074074626 0.652777791023 0.637096762657
gs 1.0 0.89473682642 0.634146332741 0.244444444776
ts 0.852941155434 0.620689630508 0.537634432316 0.959999978542
eeg 853.744812012 924.478942871 873.484558105 858.679748535
eeg 868.549621582 850.454833984 810.975280762 880.064453125
eeg 845.519897461 840.584960938 834.005004883 865.259643555
eeg 832.360046387 857.034729004 838.940002441 853.744812012
eeg 838.940002441 876.774536133 843.874938965 850.454833984
eeg 848.809875488 863.614685059 824.135131836 824.135131836
eeg 850.454833984 873.484558105 822.49017334 825.780151367
eeg 837.29498291 914.609069824 850.454833984 825.780151367
eeg 845.519897461 861.969726562 834.005004883 824.135131836
eeg 838.940002441 888.289367676 894.86932373 825.780151367
eeg 853.744812012 888.289367676 863.614685059 835.650024414
eeg 857.034729004 783.010620117 814.265258789 838.940002441
eeg 848.809875488 861.969726562 891.579345703 837.29498291
eeg 852.09979248 861.969726562 881.709472656 832.360046387
eeg 858.679748535 809.330322266 861.969726562 842.229919434
eeg 860.324707031 809.330322266 868.549621582 853.744812012
eeg 847.164855957 861.969726562 904.739196777 840.584960938
eeg 840.584960938 835.650024414 861.969726562 843.874938965
eeg 842.229919434 914.609069824 922.833984375 842.229919434
eeg 842.229919434 861.969726562 847.164855957 843.874938965
eeg 838.940002441 809.330322266 830.715087891 855.389770508
eeg 843.874938965 835.650024414 840.584960938 860.324707031
a 0.159830152988 0.0978300496936 0.0953252390027 0.248341813684
b 0.071229711175 0.29846778512 0.295968621969 0.149531722069
d 0.553531765938 0.127386957407 0.194685533643 0.293102681637
g 0.0376452580094 0.392732411623 0.364164710045 0.0452900007367
t 0.177763134241 0.0835827887058 0.0498558916152 0.263733804226
h 1.0 4.0 1.0 1.0
c 0.182731106877
Aa 1.21068549156 0.948270499706 0.955052137375 1.01535117626
Ab 0.85968798399 1.43269574642 1.44708991051 0.795034706593
Ad 1.7501693964 1.06292319298 1.26517796516 1.08732116222
Ag 0.582737088203 1.55189502239 1.53714215755 0.276303708553
At 1.25686848164 0.879915058613 0.673560738564 1.04146718979
as 0.916666686535 0.431818187237 0.854166686535 0.956043958664
bs 1.0 0.881355941296 0.86206895113 0.733333349228
ds 1.0 0.49074074626 0.650349676609 0.620967745781
gs 1.0 0.89473682642 0.634146332741 0.244444444776
ts 0.852941155434 0.620689630508 0.537634432316 0.930000007153
eeg 830.715087891 861.969726562 858.679748535 861.969726562
eeg 838.940002441 835.650024414 829.070068359 860.324707031
eeg 837.29498291 809.330322266 815.91027832 860.324707031
eeg 832.360046387 783.010620117 829.070068359 855.389770508
eeg 843.874938965 783.010620117 815.91027832 865.259643555
eeg 843.874938965 783.010620117 815.91027832 866.904663086
eeg 847.164855957 783.010620117 819.200195312 855.389770508
eeg 848.809875488 704.051574707 759.980895996 865.259643555
eeg 847.164855957 756.690979004 822.49017334 848.809875488
eeg 842.229919434 835.650024414 858.679748535 857.034729004
eeg 838.940002441 730.371276855 750.111022949 861.969726562
eeg 842.229919434 677.731872559 723.791320801 853.744812012
eeg 848.809875488 783.010620117 799.460449219 857.034729004
eeg 848.809875488 756.690979004 753.401000977 855.389770508
eeg 848.809875488 861.969726562 848.809875488 875.129516602
eeg 860.324707031 861.969726562 809.330322266 884.999450684
eeg 868.549621582 809.330322266 773.14074707 875.129516602
eeg 861.969726562 809.330322266 776.430725098 870.194580078
eeg 860.324707031 861.969726562 809.330322266 853.744812012
eeg 847.164855957 861.969726562 797.815490723 853.744812012
eeg 843.874938965 809.330322266 778.075683594 873.484558105
eeg 861.969726562 835.650024414 796.170471191 858.679748535
a 0.156259641051 0.0978300496936 0.0940268784761 0.259384274483
b 0.070315271616 0.29846778512 0.286107122898 0.154631718993
d 0.561921000481 0.127386957407 0.207700520754 0.285862773657
g 0.0366249717772 0.392732411623 0.362524062395 0.0458839200437
t 0.174879148602 0.0835827887058 0.0496414080262 0.254237294197
h 1.0 2.0 1.0 1.0
c 0.19312222302
Aa 1.21068549156 0.948270499706 0.955052137375 1.02158308029
Ab 0.863888382912 1.43269574642 1.43832886219 0.796938061714
Ad 1.76651394367 1.06292319298 1.29923772812 1.06379711628
Ag 0.580616056919 1.55189502239 1.54113698006 0.269299983978
At 1.25957679749 0.879915058613 0.677644252777 1.0128787756
as 0.916666686535 0.431818187237 0.854166686535 0.967032968998
bs 1.0 0.881355941296 0.827586233616 0.733333349228
ds 1.0 0.49074074626 0.678321659565 0.604838728905
gs 1.0 0.89473682642 0.658536612988 0.244444444776
ts 0.861386120319 0.620689630508 0.537634432316 0.899999976158
eeg 865.259643555 783.010620117 758.3359375 850.454833984
eeg 876.774536133 861.969726562 825.780151367 853.744812012
eeg 870.194580078 835.650024414 778.075683594 863.614685059
eeg 873.484558105 861.969726562 817.555236816 876.774536133
eeg 883.354431152 888.289367676 815.91027832 870.194580078
eeg 837.29498291 835.650024414 794.525512695 850.454833984
eeg 827.425109863 914.609069824 838.940002441 848.809875488
eeg 802.750427246 835.650024414 748.466064453 810.975280762
eeg 806.040344238 835.650024414 755.045959473 792.880554199
eeg 801.105407715 888.289367676 773.14074707 791.235534668
eeg 791.235534668 861.969726562 751.75604248 766.560852051
eeg 781.365661621 967.248413086 817.555236816 748.466064453
eeg 791.235534668 903.094238281 750.111022949 755.045959473
eeg 799.460449219 903.094238281 771.495788574 727.081298828
eeg 786.300598145 929.413879395 801.105407715 733.661254883
eeg 787.945556641 929.413879395 792.880554199 733.661254883
eeg 784.655639648 929.413879395 781.365661621 715.566467285
eeg 761.625915527 955.733581543 806.040344238 715.566467285
eeg 783.010620117 903.094238281 758.3359375 718.856384277
eeg 791.235534668 929.413879395 817.555236816 741.886108398
eeg 810.975280762 1008.3729248 853.744812012 745.176086426
eeg 835.650024414 955.733581543 810.975280762 755.045959473
a 0.156531304121 0.0978300496936 0.0923925340176 0.268102288246
b 0.0694319605827 0.29846778512 0.274107426405 0.158404380083
d 0.564166724682 0.127386957407 0.222434088588 0.277914702892
g 0.0364439934492 0.392732411623 0.361406296492 0.0460599474609
t 0.173426002264 0.0835827887058 0.0496596768498 0.249518677592
h 1.0 2.0 1.0 1.0
c 0.203327775002
Aa 1.21068549156 0.948270499706 0.955052137375 1.02473211288
Ab 0.857643783092 1.43269574642 1.42733609676 0.7961987257
Ad 1.76749181747 1.06292319298 1.33661663532 1.04034304619
Ag 0.577710330486 1.55189502239 1.54741096497 0.259754985571
At 1.2551984787 0.879915058613 0.685419201851 0.993534624577
as 0.915887832642 0.431818187237 0.854166686535 0.967032968998
bs 0.975000023842 0.881355941296 0.793103456497 0.733333349228
ds 1.0 0.49074074626 0.699300706387 0.588709652424
gs 1.0 0.89473682642 0.658536612988 0.222222223878
ts 0.860000014305 0.620689630508 0.548387110233 0.879999995232
eeg 819.200195312 1034.69262695 891.579345703 756.690979004
eeg 827.425109863 955.733581543 810.975280762 771.495788574
eeg 819.200195312 929.413879395 827.425109863 776.430725098
eeg 822.49017334 955.733581543 889.934387207 779.720703125
eeg 817.555236816 955.733581543 876.774536133 778.075683594
eeg 814.265258789 955.733581543 884.999450684 786.300598145
eeg 824.135131836 1008.3729248 919.544006348 797.815490723
eeg 832.360046387 873.484558105 815.91027832 809.330322266
eeg 829.070068359 889.934387207 860.324707031 802.750427246
eeg 832.360046387 912.964111328 848.809875488 802.750427246
eeg 827.425109863 843.874938965 804.395385742 815.91027832
eeg 832.360046387 830.715087891 797.815490723 825.780151367
eeg 835.650024414 824.135131836 794.525512695 837.29498291
eeg 819.200195312 876.774536133 825.780151367 829.070068359
eeg 834.005004883 876.774536133 812.620300293 829.070068359
eeg 837.29498291 919.544006348 843.874938965 842.229919434
eeg 853.744812012 870.194580078 791.235534668 855.389770508
eeg 845.519897461 834.005004883 774.785766602 853.744812012
eeg 832.360046387 896.514282227 810.975280762 842.229919434
eeg 838.940002441 883.354431152 792.880554199 845.519897461
eeg 845.519897461 840.584960938 763.270874023 845.519897461
eeg 850.454833984 830.715087891 764.91583252 845.519897461
a 0.15996594727 0.0978300496936 0.0898425504565 0.260958522558
b 0.0689512044191 0.29846778512 0.260936439037 0.15889416635
d 0.561426997185 0.127386957407 0.23604208231 0.277731448412
g 0.0367858894169 0.392732411623 0.363338679075 0.0460039265454
t 0.172869965434 0.0835827887058 0.0498402491212 0.256411939859
h 1.0 4.0 1.0 1.0
c 0.213440552354
Aa 1.21068549156 0.948270499706 0.955052137375 1.02473211288
Ab 0.84519982338 1.43269574642 1.4181047678 0.809268534184
Ad 1.75595128536 1.06292319298 1.37455952168 1.05178570747
Ag 0.572339236736 1.55189502239 1.56188178062 0.270955502987
At 1.24437749386 0.879915058613 0.699150264263 1.01709890366
as 0.915887832642 0.431818187237 0.854166686535 0.967032968998
bs 0.949999988079 0.881355941296 0.758620679379 0.777777791023
ds 0.991150438786 0.49074074626 0.727272748947 0.596774220467
gs 0.966666638851 0.89473682642 0.707317054272 0.244444444776
ts 0.850000023842 0.620689630508 0.569892466068 0.899999976158
eeg 852.09979248 886.64440918 801.105407715 843.874938965
