a 0.316302835941 0.133150354028 0.129564061761 0.378384649754
b 0.167532876134 0.0603410117328 0.0500889830291 0.190968051553
d 0.148456707597 0.479266136885 0.531887352467 0.114384479821
g 0.132119700313 0.0292381681502 0.0249774027616 0.181053012609
t 0.235587865114 0.298004329205 0.26348221302 0.135209813714
h 1.0 1.0 1.0 1.0
c 1.0 0 0 0
Aa 0.841137588024 0.352745056152 0.379597514868 0.771544456482
Ab 0.565134525299 0.00901532452554 -0.0331448242068 0.474571615458
Ad 0.512634336948 0.908979475498 0.992932617664 0.251978009939
Ag 0.462002068758 -0.305647104979 -0.335339784622 0.451416671276
At 0.713187396526 0.702625334263 0.687864243984 0.324619144201
as 0.714285731316 0.419999986887 0.612244904041 0.721311450005
bs 0.434782594442 0.4375 0.519999980927 0.216216221452
ds 0.2265625 0.484848499298 0.52586209774 0.0972222238779
gs 0.814814805984 0.296296298504 0.666666686535 0.84375
ts 0.478260874748 0.629629611969 0.613861382008 0.146067410707
a 0.310067385435 0.118843257427 0.126185238361 0.378979176283
b 0.166420534253 0.0589601844549 0.0481359660625 0.187556862831
d 0.154401943088 0.487393140793 0.539312183857 0.117491818964
g 0.132294997573 0.0271089244634 0.0224638544023 0.171542495489
t 0.236815154552 0.307694494724 0.263902783394 0.144429653883
h 1.0 1.0 1.0 1.0
c 1.0 0 0 0
Aa 0.83153116703 0.329695433378 0.39378157258 0.78952729702
Ab 0.561282038689 0.0252797286958 -0.0247572753578 0.484044909477
Ad 0.528727889061 0.942600309849 1.02461326122 0.280919581652
Ag 0.461618512869 -0.312166810036 -0.355742692947 0.445283710957
At 0.714484572411 0.742840647697 0.714216947556 0.370568335056
as 0.708333313465 0.379999995232 0.632653057575 0.762711882591
bs 0.434782594442 0.46875 0.560000002384 0.243243247271
ds 0.2421875 0.520408153534 0.547826111317 0.118055552244
gs 0.814814805984 0.296296298504 0.606060624123 0.8125
ts 0.478260874748 0.675000011921 0.629999995232 0.202247187495
a 0.292889595032 0.110362626612 0.122016713023 0.375555217266
b 0.168400406837 0.0554063357413 0.0440529212356 0.182450190187
d 0.166666969657 0.499250710011 0.550481200218 0.126219436526
g 0.131017968059 0.0238152705133 0.0191310495138 0.160565003753
t 0.241025060415 0.311165034771 0.264318138361 0.15521016717
h 1.0 1.0 1.0 1.0
c 1.0 0 0 0
Aa 0.805205821991 0.349401891232 0.429175108671 0.808420956135
Ab 0.564845025539 0.0501393266022 -0.0132694840431 0.49489146471
Ad 0.56035143137 1.00489854813 1.08349823952 0.334873408079
Ag 0.455832719803 -0.316564589739 -0.375505417585 0.439398020506
At 0.720564067364 0.799570679665 0.764882743359 0.424667328596
as 0.645833313465 0.419999986887 0.714285731316 0.824561417103
bs 0.434782594442 0.5625 0.600000023842 0.270270258188
ds 0.265625 0.58163267374 0.592920362949 0.152777776122
gs 0.777777791023 0.25925925374 0.54545456171 0.8125
ts 0.492753624916 0.759493649006 0.680000007153 0.258426964283
a 0.267275035381 0.100434593856 0.112749576569 0.363276153803
b 0.17245388031 0.0514387637377 0.0397443734109 0.179053813219
d 0.184236705303 0.515648305416 0.566260576248 0.140257284045
g 0.128329113126 0.0208391156048 0.0160720273852 0.152222290635
t 0.24770526588 0.311639219522 0.265173435211 0.165190473199
h 1.0 1.0 1.0 1.0
c 1.0 0 0 0
Aa 0.763423919678 0.366089642048 0.450698971748 0.81467539072
Ab 0.573138475418 0.0754968449473 -0.00214026705362 0.507422089577
Ad 0.601841688156 1.07655990124 1.15160036087 0.401363939047
Ag 0.44479072094 -0.316914379597 -0.395345240831 0.436916768551
At 0.7304007411 0.857858419418 0.822114050388 0.472423523664
as 0.5625 0.439999997616 0.755102038383 0.821428596973
bs 0.478260874748 0.625 0.680000007153 0.297297298908
ds 0.296875 0.653061211109 0.651785731316 0.201388895512
gs 0.740740716457 0.25925925374 0.484848499298 0.78125
ts 0.5 0.846153855324 0.73469388485 0.318181812763
a 0.241632774472 0.0902102813125 0.101641684771 0.349890768528
b 0.176817268133 0.0484497211874 0.0365186445415 0.176794677973
d 0.201726511121 0.53264528513 0.582297205925 0.155053243041
g 0.124884977937 0.0188246518373 0.0137726645917 0.147615045309
t 0.254938453436 0.309870064259 0.265769809484 0.17064628005
h 1.0 1.0 1.0 1.0
c 1.0 0 0 0
Aa 0.717678308487 0.366089642048 0.450698971748 0.81467539072
Ab 0.58204716444 0.0961249098182 0.0061417859979 0.518212080002
Ad 0.639285445213 1.13727176189 1.20877182484 0.461223781109
Ag 0.431032657623 -0.314439415932 -0.417354881763 0.439873546362
At 0.740957796574 0.902013242245 0.868132770061 0.502839744091
as 0.458333343267 0.439999997616 0.755102038383 0.821428596973
bs 0.521739125252 0.6875 0.680000007153 0.351351350546
ds 0.328125 0.71134018898 0.705357134342 0.237762242556
gs 0.692307710648 0.25925925374 0.424242436886 0.8125
ts 0.514705896378 0.897435903549 0.783505141735 0.344827592373
a 0.232405826449 0.0846405997872 0.0955081135035 0.341342955828
b 0.178142696619 0.0467325747013 0.0345389135182 0.174770191312
d 0.210229858756 0.543722569942 0.592441320419 0.166966766119
g 0.120595745742 0.0177478063852 0.0122170867398 0.146158456802
t 0.258625864983 0.307156473398 0.265294551849 0.170761600137
h 1.0 1.0 1.0 1.0
c 1.0 0 0 0
Aa 0.702712595463 0.366089642048 0.450698971748 0.81467539072
Ab 0.587233603001 0.108130633831 0.00896739866585 0.52395182848
Ad 0.659160017967 1.17388832569 1.24330401421 0.504114508629
Ag 0.417797595263 -0.312344402075 -0.442373633385 0.446308404207
At 0.749137580395 0.925870597363 0.894387066364 0.513874650002
as 0.4375 0.428571432829 0.755102038383 0.821428596973
bs 0.521739125252 0.75 0.72000002861 0.351351350546
ds 0.338582664728 0.75257730484 0.732142865658 0.267605632544
gs 0.653846144676 0.296296298504 0.363636374474 0.8125
ts 0.529411792755 0.923076927662 0.804123699665 0.356321841478
a 0.223359465599 0.083375044167 0.0941560566425 0.338246703148
b 0.180058181286 0.0462807863951 0.0336551517248 0.172352686524
d 0.21433006227 0.54775506258 0.596280872822 0.175287008286
g 0.119295217097 0.017478344962 0.0113756991923 0.146506339312
t 0.262957066298 0.305110782385 0.264532208443 0.167607247829
h 1.0 1.0 1.0 1.0
c 1.0 0 0 0
Aa 0.679978191853 0.366089642048 0.451112002134 0.81467539072
Ab 0.586386620998 0.110454283655 0.00431526824832 0.521859884262
Ad 0.662056863308 1.1836400032 1.25271463394 0.529191553593
Ag 0.407596826553 -0.312446147203 -0.466758191586 0.451298236847
At 0.750858664513 0.929511129856 0.899742305279 0.509734630585
as 0.395833343267 0.4375 0.755102038383 0.821428596973
bs 0.521739125252 0.75 0.680000007153 0.361111104488
ds 0.338582664728 0.762886583805 0.741071403027 0.288732379675
gs 0.615384638309 0.296296298504 0.272727280855 0.84375
ts 0.529411792755 0.935897409916 0.822916686535 0.356321841478
a 0.23655128479 0.0869673192501 0.0970712676644 0.338625431061
b 0.176361352205 0.0467147268355 0.0335105657578 0.168597176671
d 0.20997710526 0.544526457787 0.595376312733 0.183308899403
g 0.116865776479 0.0178365204483 0.0111661087722 0.146284505725
t 0.260244488716 0.303954958916 0.26287573576 0.163183972239
h 1.0 1.0 1.0 1.0
c 1.0 0 0 0
Aa 0.707499325275 0.373208791018 0.453307121992 0.81467539072
Ab 0.57997739315 0.103306509554 -0.00860181823373 0.511806130409
Ad 0.655745923519 1.16987168789 1.24100804329 0.54813939333
Ag 0.401261329651 -0.314837157726 -0.485881716013 0.450154185295
At 0.74895554781 0.916661918163 0.885966956615 0.497633337975
as 0.4375 0.458333343267 0.770833313465 0.818181812763
bs 0.521739125252 0.71875 0.639999985695 0.333333343267
ds 0.330708652735 0.75257730484 0.732142865658 0.302816897631
gs 0.576923072338 0.25925925374 0.212121218443 0.838709652424
ts 0.529411792755 0.910256385803 0.802083313465 0.344827592373
a 0.270193845034 0.0851821377873 0.103912457824 0.339187055826
b 0.166344732046 0.0482683628798 0.0338285155594 0.162515565753
d 0.203413546085 0.542531967163 0.591721653938 0.196547761559
g 0.111119329929 0.0189666096121 0.0115356585011 0.143382847309
t 0.248928546906 0.305050909519 0.259001731873 0.158366769552
h 1.0 1.0 1.0 1.0
c 1.0 0 0 0
Aa 0.78446751833 0.335652679205 0.458538919687 0.81467539072
Ab 0.573801100254 0.0889667198062 -0.0288457497954 0.495131105185
Ad 0.661171913147 1.13972949982 1.21398878098 0.577704250813
Ag 0.398581683636 -0.31670615077 -0.496086299419 0.440733343363
At 0.748866796494 0.889676511288 0.855174005032 0.4839001894
as 0.604166686535 0.375 0.791666686535 0.818181812763
bs 0.478260874748 0.6875 0.560000002384 0.277777791023
ds 0.338582664728 0.721649467945 0.702702701092 0.323943674564
gs 0.600000023842 0.269230782986 0.181818187237 0.806451618671
ts 0.530303001404 0.884615361691 0.770833313465 0.321839094162
a 0.324219822884 0.0858580693603 0.11047232151 0.33679369092
b 0.148896574974 0.0503952875733 0.0348226688802 0.154330283403
d 0.196489796042 0.539025008678 0.589953660965 0.218131542206
g 0.0987304896116 0.0207530930638 0.0124696856365 0.136890500784
t 0.231663316488 0.303968548775 0.252281665802 0.153853997588
h 1.0 1.0 1.0 1.0
c 1.0 0 0 0
Aa 0.91665583849 0.30236017704 0.450247853994 0.81467539072
Ab 0.578700959682 0.0709690004587 -0.0511435493827 0.475762635469
Ad 0.699156224728 1.10018801689 1.17781233788 0.626029908657
Ag 0.400267541409 -0.314338117838 -0.497150123119 0.423684775829
At 0.770673513412 0.851407706738 0.808880090714 0.474420249462
as 0.875 0.3125 0.770833313465 0.818181812763
bs 0.521739125252 0.625 0.479999989271 0.222222223878
ds 0.370078742504 0.680412352085 0.663636386395 0.352112680674
gs 0.600000023842 0.269230782986 0.15625 0.741935491562
ts 0.560606062412 0.844155848026 0.723404228687 0.310344815254
a 0.372751325369 0.092644430697 0.122448906302 0.327730387449
b 0.129312559962 0.0529114380479 0.0363348573446 0.145681202412
d 0.198893323541 0.533257126808 0.58669513464 0.246796265244
g 0.082248352468 0.022847391665 0.0137194646522 0.128038525581
t 0.21679443121 0.298339635134 0.240801617503 0.151753619313
h 1.0 1.0 1.0 1.0
c 1.0 0 0 0
Aa 1.06372880936 0.299808859825 0.459595054388 0.810508668423
Ab 0.603950321674 0.0565390959382 -0.0680364072323 0.458395510912
Ad 0.790929794312 1.05992615223 1.1400526762 0.687330543995
Ag 0.407436817884 -0.30817386508 -0.491022706032 0.402332633734
At 0.828357756138 0.807700514793 0.753299534321 0.476131051779
as 1.0 0.3125 0.791666686535 0.818181812763
bs 0.608695626259 0.5625 0.40000000596 0.194444447756
ds 0.440944880247 0.645833313465 0.642201840878 0.394366204739
gs 0.639999985695 0.307692319155 0.1875 0.677419364452
ts 0.651515126228 0.779220759869 0.659574449062 0.302325576544
a 0.372860759497 0.0986869186163 0.134690701962 0.291148722172
b 0.117317631841 0.0557557195425 0.03832982108 0.141632527113
d 0.225941866636 0.531998455524 0.583590388298 0.287085831165
g 0.0693931207061 0.0247151479125 0.0150545667857 0.121451079845
t 0.21448661387 0.288843750954 0.228334546089 0.158681824803
h 1.0 1.0 1.0 1.0
c 1.0 0 0 0
Aa 1.14938867092 0.299808859825 0.473626077175 0.76143348217
Ab 0.647205233574 0.0518387183547 -0.0721747353673 0.448481589556
Ad 0.93183863163 1.03145968914 1.11039662361 0.755330383778
Ag 0.419158369303 -0.301487505436 -0.47804325819 0.381719946861
At 0.909242153168 0.76621222496 0.702860057354 0.497845739126
as 1.0 0.297872334719 0.8125 0.727272748947
bs 0.782608687878 0.5625 0.40000000596 0.166666671634
ds 0.551181077957 0.614583313465 0.611111104488 0.443661957979
gs 0.680000007153 0.346153855324 0.21875 0.612903237343
ts 0.772727251053 0.727272748947 0.606382966042 0.337209314108
a 0.338791280985 0.101678825915 0.14672383666 0.254327654839
b 0.111126899719 0.0583067424595 0.0401487089694 0.135889053345
d 0.271757304668 0.536391496658 0.580402433872 0.328184068203
g 0.0606106556952 0.0256805811077 0.0159732606262 0.113021939993
t 0.217713862658 0.277942329645 0.216751739383 0.16857726872
h 1.0 1.0 1.0 1.0
c 1.0 0 0 0
Aa 1.17907202244 0.299808859825 0.502550005913 0.719449520111
Ab 0.694958984852 0.0582971088588 -0.0602790638804 0.447240352631
Ad 1.08332109451 1.02206027508 1.09977865219 0.830173373222
Ag 0.431688785553 -0.297816812992 -0.460557043552 0.367218643427
At 0.987025916576 0.736533045769 0.672011971474 0.540854930878
as 1.0 0.282608687878 0.875 0.654545426369
bs 1.0 0.59375 0.439999997616 0.138888895512
ds 0.669291317463 0.604166686535 0.60185188055 0.5
gs 0.72000002861 0.346153855324 0.28125 0.566666662693
ts 0.878787875175 0.688311696053 0.574468076229 0.383720934391
a 0.302371233702 0.101275742054 0.146863892674 0.220918998122
b 0.106287114322 0.0599483735859 0.0415815003216 0.128543630242
d 0.31943488121 0.544954836369 0.584642708302 0.368366986513
g 0.0541617125273 0.0255532450974 0.0164380203933 0.1041482687
t 0.217745050788 0.268267810345 0.210473865271 0.178022116423
h 1.0 1.0 1.0 1.0
c 1.0 0 0 0
Aa 1.18698823452 0.299808859825 0.509718418121 0.688348889351
Ab 0.732928335667 0.0720808133483 -0.0382964424789 0.453166335821
Ad 1.21083009243 1.03066396713 1.10969400406 0.910396516323
Ag 0.440140098333 -0.29825052619 -0.441347062588 0.361767888069
At 1.04439604282 0.722871959209 0.666001617908 0.59458976984
as 1.0 0.282608687878 0.895833313465 0.600000023842
bs 1.0 0.612903237343 0.519999980927 0.166666671634
ds 0.771653532982 0.606382966042 0.611111104488 0.556338012218
gs 0.759999990463 0.346153855324 0.354838699102 0.566666662693
ts 0.969696998596 0.675324678421 0.559139788151 0.441860467196
a 0.27612221241 0.0992109104991 0.141985595226 0.197607338428
b 0.10186585784 0.0607536397874 0.0424030646682 0.120275214314
d 0.357193768024 0.555055081844 0.592776298523 0.404383510351
g 0.0497677922249 0.02501764521 0.0165520142764 0.0961819216609
t 0.215050384402 0.25996273756 0.206283032894 0.181552007794
h 1.0 1.0 1.0 1.0
c 1.0 0 0 0
Aa 1.18698823452 0.299808859825 0.509718418121 0.678384900093
Ab 0.75391548872 0.0868217498064 -0.0151285994798 0.462757945061
Ad 1.29879069328 1.04758548737 1.13036501408 0.98937523365
Ag 0.442835211754 -0.298504143953 -0.423675000668 0.365675270557
At 1.07842707634 0.718160510063 0.671937644482 0.641582846642
as 1.0 0.282608687878 0.895833313465 0.581818163395
bs 1.0 0.645161271095 0.600000023842 0.194444447756
ds 0.842519700527 0.617021262646 0.629629611969 0.612676084042
gs 0.759999990463 0.346153855324 0.387096762657 0.566666662693
ts 1.0 0.684210538864 0.571428596973 0.5
a 0.26242852211 0.101294234395 0.138878822327 0.182282745838
b 0.0979688391089 0.0612861812115 0.0432709753513 0.113268271089
d 0.379743486643 0.55855512619 0.59935182333 0.434368252754
g 0.0470602028072 0.0248578768224 0.0167189855129 0.0911100655794
t 0.212798938155 0.254006564617 0.201779395342 0.17897066474
h 1.0 1.0 1.0 1.0
c 1.0 0 0 0
Aa 1.18698823452 0.314285218716 0.509718418121 0.678384900093
Ab 0.75906509161 0.0960630550981 0.00327912624925 0.47174757719
Ad 1.34746742249 1.05576658249 1.14476430416 1.05549740791
Ag 0.440630942583 -0.295835494995 -0.409707665443 0.377205640078
At 1.09594655037 0.713545441628 0.671959280968 0.670421123505
as 1.0 0.304347813129 0.895833313465 0.615384638309
bs 1.0 0.677419364452 0.680000007153 0.222222223878
ds 0.874015748501 0.634408593178 0.638888895512 0.669064760208
gs 0.759999990463 0.346153855324 0.451612889767 0.600000023842
ts 1.0 0.671052634716 0.566666662693 0.534883737564
a 0.256743788719 0.116184286773 0.14104989171 0.172097936273
b 0.0951626673341 0.062450312078 0.0452050305903 0.108509503305
d 0.389160096645 0.546733736992 0.59866720438 0.457924365997
g 0.0457237325609 0.0255221445113 0.0173531565815 0.0897814184427
t 0.213209688663 0.249109536409 0.197724729776 0.171686768532
h 1.0 1.0 1.0 1.0
c 1.0 0 0 0
Aa 1.18698823452 0.367474377155 0.509718418121 0.678384900093
Ab 0.755954861641 0.0978616029024 0.0155324442312 0.478076994419
Ad 1.36761653423 1.04010283947 1.13753116131 1.10340297222
Ag 0.437629908323 -0.290755838156 -0.400275796652 0.395795673132
At 1.1062951088 0.698717355728 0.656406700611 0.677346050739
as 1.0 0.434782594442 0.895833313465 0.615384638309
bs 1.0 0.709677398205 0.72000002861 0.25
ds 0.889763772488 0.62365591526 0.629629611969 0.702898561954
gs 0.75 0.360000014305 0.483870953321 0.655172407627
ts 1.0 0.657894730568 0.544444441795 0.534883737564
a 0.253987699747 0.156141489744 0.149485617876 0.16727656126
b 0.0937534794211 0.0638940632343 0.048987403512 0.105011954904
d 0.390313833952 0.507928907871 0.584930002689 0.473832041025
g 0.0453616343439 0.0266083460301 0.0186700485647 0.0915565043688
t 0.21658334136 0.245427191257 0.19792689383 0.162322923541
h 1.0 1.0 1.0 1.0
c 1.0 0 0 0
Aa 1.18698823452 0.481126219034 0.509718418121 0.682777762413
Ab 0.754162847996 0.0930683910847 0.0252034682781 0.480581432581
Ad 1.37358939648 0.993410825729 1.10222291946 1.1349670887
Ag 0.438864171505 -0.287374258041 -0.393735527992 0.421031862497
At 1.11780047417 0.67753058672 0.631623864174 0.669722497463
as 1.0 0.673913061619 0.895833313465 0.615384638309
bs 1.0 0.677419364452 0.759999990463 0.25
ds 0.897637784481 0.569892466068 0.60185188055 0.724637687206
gs 0.75 0.360000014305 0.483870953321 0.758620679379
ts 1.0 0.618421077728 0.522222220898 0.534883737564
a 0.256512314081 0.206169188023 0.151828989387 0.159102499485
b 0.0935568884015 0.0653409138322 0.0554356835783 0.102141499519
d 0.383785009384 0.454179435968 0.563507199287 0.488242059946
g 0.0452514067292 0.0276343096048 0.0208333116025 0.0951848849654
t 0.220894396305 0.246676146984 0.208394825459 0.155329048634
h 1.0 1.0 1.0 1.0
c 1.0 0 0 0
Aa 1.20168673992 0.583667635918 0.474573254585 0.672822415829
Ab 0.76365429163 0.0846290811896 0.0370079390705 0.480347633362
Ad 1.37666654587 0.92667132616 1.04411804676 1.15978062153
Ag 0.448210597038 -0.289107501507 -0.388023167849 0.449713408947
At 1.13676321507 0.661571025848 0.612105488777 0.662398099899
as 1.0 0.891304373741 0.8125 0.588235318661
bs 1.0 0.645161271095 0.800000011921 0.25
ds 0.897637784481 0.494623661041 0.546296298504 0.744525551796
gs 0.791666686535 0.360000014305 0.516129016876 0.86206895113
ts 1.0 0.61333334446 0.5 0.523255825043
a 0.258959174156 0.234078034759 0.140457183123 0.144581660628
b 0.0953637510538 0.0666385740042 0.0635620951653 0.0990688875318
d 0.372734963894 0.412044465542 0.541170418262 0.505050241947
g 0.0451320745051 0.0283462908119 0.023498352617 0.0982806682587
t 0.227810055017 0.258892655373 0.23131197691 0.153018549085
h 1.0 1.0 1.0 1.0
c 1.0 0 0 0
Aa 1.22365224361 0.621710896492 0.395344048738 0.643715202808
Ab 0.789804279804 0.0760759264231 0.0509982965887 0.479539304972
Ad 1.38182103634 0.867294311523 0.98113411665 1.1869366169
Ag 0.46490624547 -0.295153558254 -0.381162494421 0.47607010603
At 1.16799390316 0.665469944477 0.611998200417 0.668346107006
as 1.0 0.978260874748 0.645833313465 0.529411792755
bs 1.0 0.612903237343 0.879999995232 0.25
ds 0.905511796474 0.430107533932 0.49074074626 0.759124100208
gs 0.833333313465 0.319999992847 0.548387110233 0.931034505367
ts 1.0 0.61333334446 0.5 0.541176497936
a 0.249426394701 0.239539131522 0.128325864673 0.133414134383
b 0.0952765271068 0.0663829296827 0.0696648955345 0.0950146391988
d 0.378149956465 0.391389191151 0.520006716251 0.519981741905
g 0.0450717546046 0.0280893407762 0.0255043394864 0.0985763594508
t 0.232075363398 0.274599432945 0.25649818778 0.153013125062
h 1.0 1.0 1.0 1.0
c 1.0 0 0 0
Aa 1.22365224361 0.628887832165 0.329249531031 0.627665400505
Ab 0.805695712566 0.0715677663684 0.0639493465424 0.48025405407
Ad 1.4043738842 0.842120170593 0.936944305897 1.21845161915
Ag 0.480614304543 -0.301947116852 -0.372450560331 0.496236294508
At 1.19233882427 0.688210964203 0.630019664764 0.687192201614
as 1.0 1.0 0.520833313465 0.509803950787
bs 1.0 0.612903237343 0.920000016689 0.25
ds 0.921259820461 0.408602148294 0.444444447756 0.794117629528
gs 0.956521749496 0.319999992847 0.580645143986 1.0
ts 1.0 0.653333306313 0.516853928566 0.552941203117
a 0.238544911146 0.237754523754 0.125091046095 0.129085093737
b 0.0953281223774 0.0645409673452 0.0716240033507 0.0914879515767
d 0.385616540909 0.385753393173 0.504465639591 0.529986739159
g 0.0446546375751 0.0270536653697 0.0260817427188 0.0966430157423
t 0.235855773091 0.284897446632 0.272737562656 0.152797222137
h 1.0 1.0 1.0 1.0
c 1.0 0 0 0
Aa 1.22365224361 0.639989256859 0.316061913967 0.636097073555
Ab 0.825303137302 0.0736959502101 0.0738942846656 0.486584872007
Ad 1.43223774433 0.850170195103 0.921667337418 1.24948596954
Ag 0.495948672295 -0.303913414478 -0.364827692509 0.51039147377
At 1.21872866154 0.718549013138 0.654580712318 0.709336400032
as 1.0 1.0 0.479166656733 0.509803950787
bs 1.0 0.612903237343 0.959999978542 0.25
ds 0.944444417953 0.419354826212 0.42990654707 0.822222232819
gs 1.0 0.280000001192 0.580645143986 1.0
ts 1.0 0.69333332777 0.539325833321 0.588235318661
