827.425109863 814.265258789 845.519897461 850.454833984
832.360046387 814.265258789 845.519897461 850.454833984
827.425109863 812.620300293 843.874938965 850.454833984
829.070068359 814.265258789 845.519897461 847.164855957
835.650024414 815.91027832 847.164855957 843.874938965
840.584960938 815.91027832 843.874938965 838.940002441
847.164855957 819.200195312 842.229919434 834.005004883
860.324707031 817.555236816 842.229919434 837.29498291
853.744812012 817.555236816 845.519897461 835.650024414
853.744812012 817.555236816 847.164855957 843.874938965
845.519897461 815.91027832 848.809875488 850.454833984
829.070068359 812.620300293 850.454833984 848.809875488
827.425109863 810.975280762 850.454833984 850.454833984
830.715087891 812.620300293 848.809875488 863.614685059
838.940002441 814.265258789 845.519897461 871.839599609
827.425109863 815.91027832 840.584960938 852.09979248
825.780151367 815.91027832 838.940002441 840.584960938
830.715087891 815.91027832 837.29498291 843.874938965
824.135131836 819.200195312 832.360046387 837.29498291
829.070068359 820.845214844 827.425109863 845.519897461
830.715087891 822.49017334 827.425109863 840.584960938
822.49017334 819.200195312 825.780151367 829.070068359
825.780151367 820.845214844 825.780151367 838.940002441
830.715087891 820.845214844 829.070068359 838.940002441
829.070068359 820.845214844 827.425109863 835.650024414
827.425109863 820.845214844 827.425109863 830.715087891
837.29498291 822.49017334 824.135131836 838.940002441
832.360046387 820.845214844 822.49017334 838.940002441
835.650024414 819.200195312 824.135131836 843.874938965
840.584960938 815.91027832 824.135131836 845.519897461
838.940002441 812.620300293 824.135131836 848.809875488
830.715087891 814.265258789 824.135131836 852.09979248
832.360046387 817.555236816 824.135131836 848.809875488
840.584960938 819.200195312 825.780151367 843.874938965
840.584960938 822.49017334 825.780151367 845.519897461
842.229919434 820.845214844 829.070068359 842.229919434
837.29498291 815.91027832 832.360046387 850.454833984
834.005004883 812.620300293 837.29498291 852.09979248
840.584960938 814.265258789 837.29498291 843.874938965
835.650024414 814.265258789 830.715087891 837.29498291
837.29498291 815.91027832 829.070068359 843.874938965
838.940002441 815.91027832 830.715087891 848.809875488
840.584960938 814.265258789 832.360046387 850.454833984
840.584960938 814.265258789 835.650024414 848.809875488
832.360046387 810.975280762 835.650024414 843.874938965
829.070068359 810.975280762 834.005004883 837.29498291
822.49017334 810.975280762 834.005004883 838.940002441
827.425109863 815.91027832 835.650024414 837.29498291
838.940002441 817.555236816 832.360046387 835.650024414
845.519897461 820.845214844 827.425109863 845.519897461
855.389770508 822.49017334 827.425109863 857.034729004
830.715087891 812.620300293 837.29498291 850.454833984
815.91027832 807.68536377 843.874938965 842.229919434
824.135131836 810.975280762 838.940002441 843.874938965
822.49017334 810.975280762 835.650024414 840.584960938
824.135131836 812.620300293 840.584960938 843.874938965
815.91027832 810.975280762 843.874938965 842.229919434
814.265258789 806.040344238 843.874938965 837.29498291
817.555236816 810.975280762 843.874938965 838.940002441
830.715087891 814.265258789 840.584960938 845.519897461
825.780151367 810.975280762 843.874938965 850.454833984
824.135131836 810.975280762 842.229919434 840.584960938
825.780151367 812.620300293 837.29498291 847.164855957
834.005004883 812.620300293 837.29498291 845.519897461
834.005004883 812.620300293 842.229919434 852.09979248
834.005004883 810.975280762 845.519897461 847.164855957
838.940002441 812.620300293 842.229919434 853.744812012
835.650024414 814.265258789 840.584960938 853.744812012
830.715087891 814.265258789 837.29498291 853.744812012
827.425109863 819.200195312 840.584960938 858.679748535
807.68536377 817.555236816 837.29498291 852.09979248
799.460449219 815.91027832 843.874938965 853.744812012
799.460449219 815.91027832 845.519897461 852.09979248
806.040344238 814.265258789 837.29498291 848.809875488
810.975280762 812.620300293 832.360046387 848.809875488
812.620300293 815.91027832 832.360046387 850.454833984
819.200195312 815.91027832 835.650024414 850.454833984
825.780151367 819.200195312 837.29498291 857.034729004
832.360046387 820.845214844 840.584960938 857.034729004
817.555236816 820.845214844 838.940002441 848.809875488
819.200195312 819.200195312 838.940002441 848.809875488
822.49017334 822.49017334 837.29498291 847.164855957
829.070068359 825.780151367 835.650024414 850.454833984
835.650024414 824.135131836 834.005004883 847.164855957
824.135131836 822.49017334 837.29498291 840.584960938
822.49017334 817.555236816 842.229919434 842.229919434
822.49017334 815.91027832 837.29498291 840.584960938
819.200195312 814.265258789 837.29498291 837.29498291
815.91027832 812.620300293 835.650024414 838.940002441
830.715087891 814.265258789 830.715087891 835.650024414
837.29498291 814.265258789 830.715087891 840.584960938
824.135131836 814.265258789 832.360046387 837.29498291
820.845214844 812.620300293 834.005004883 838.940002441
817.555236816 812.620300293 834.005004883 835.650024414
815.91027832 812.620300293 835.650024414 837.29498291
827.425109863 814.265258789 830.715087891 838.940002441
824.135131836 815.91027832 830.715087891 835.650024414
824.135131836 817.555236816 834.005004883 838.940002441
825.780151367 815.91027832 830.715087891 842.229919434
827.425109863 817.555236816 834.005004883 850.454833984
834.005004883 817.555236816 837.29498291 850.454833984
829.070068359 817.555236816 835.650024414 845.519897461
829.070068359 820.845214844 834.005004883 845.519897461
829.070068359 820.845214844 835.650024414 850.454833984
825.780151367 820.845214844 837.29498291 845.519897461
825.780151367 820.845214844 838.940002441 842.229919434
827.425109863 815.91027832 840.584960938 845.519897461
817.555236816 812.620300293 840.584960938 840.584960938
815.91027832 814.265258789 838.940002441 852.09979248
815.91027832 815.91027832 835.650024414 847.164855957
829.070068359 819.200195312 835.650024414 843.874938965
825.780151367 819.200195312 834.005004883 838.940002441
829.070068359 820.845214844 832.360046387 838.940002441
829.070068359 815.91027832 832.360046387 832.360046387
822.49017334 812.620300293 829.070068359 834.005004883
829.070068359 810.975280762 829.070068359 840.584960938
824.135131836 810.975280762 830.715087891 838.940002441
830.715087891 812.620300293 835.650024414 848.809875488
830.715087891 814.265258789 832.360046387 840.584960938
829.070068359 815.91027832 830.715087891 835.650024414
832.360046387 815.91027832 830.715087891 847.164855957
825.780151367 814.265258789 829.070068359 838.940002441
827.425109863 812.620300293 829.070068359 832.360046387
829.070068359 812.620300293 829.070068359 838.940002441
832.360046387 814.265258789 830.715087891 838.940002441
822.49017334 817.555236816 835.650024414 835.650024414
832.360046387 817.555236816 837.29498291 847.164855957
840.584960938 819.200195312 837.29498291 853.744812012
834.005004883 820.845214844 838.940002441 848.809875488
840.584960938 820.845214844 840.584960938 848.809875488
829.070068359 820.845214844 840.584960938 842.229919434
827.425109863 820.845214844 840.584960938 835.650024414
832.360046387 819.200195312 838.940002441 837.29498291
829.070068359 820.845214844 837.29498291 843.874938965
837.29498291 820.845214844 835.650024414 838.940002441
838.940002441 820.845214844 840.584960938 843.874938965
834.005004883 819.200195312 843.874938965 850.454833984
838.940002441 819.200195312 842.229919434 845.519897461
834.005004883 817.555236816 842.229919434 843.874938965
840.584960938 819.200195312 837.29498291 843.874938965
838.940002441 817.555236816 834.005004883 840.584960938
832.360046387 817.555236816 834.005004883 840.584960938
832.360046387 815.91027832 835.650024414 837.29498291
830.715087891 812.620300293 835.650024414 834.005004883
830.715087891 812.620300293 832.360046387 837.29498291
827.425109863 812.620300293 835.650024414 834.005004883
825.780151367 812.620300293 834.005004883 834.005004883
827.425109863 815.91027832 835.650024414 838.940002441
829.070068359 814.265258789 838.940002441 838.940002441
827.425109863 815.91027832 838.940002441 842.229919434
822.49017334 814.265258789 837.29498291 835.650024414
824.135131836 814.265258789 835.650024414 834.005004883
827.425109863 817.555236816 834.005004883 832.360046387
825.780151367 815.91027832 834.005004883 832.360046387
829.070068359 815.91027832 832.360046387 838.940002441
834.005004883 815.91027832 832.360046387 840.584960938
832.360046387 814.265258789 834.005004883 835.650024414
845.519897461 812.620300293 834.005004883 842.229919434
840.584960938 812.620300293 834.005004883 837.29498291
845.519897461 814.265258789 834.005004883 830.715087891
857.034729004 812.620300293 834.005004883 843.874938965
860.324707031 812.620300293 830.715087891 835.650024414
855.389770508 815.91027832 829.070068359 834.005004883
837.29498291 812.620300293 827.425109863 824.135131836
824.135131836 814.265258789 827.425109863 832.360046387
825.780151367 815.91027832 827.425109863 830.715087891
824.135131836 815.91027832 824.135131836 832.360046387
825.780151367 817.555236816 822.49017334 832.360046387
817.555236816 819.200195312 820.845214844 827.425109863
815.91027832 819.200195312 817.555236816 824.135131836
822.49017334 817.555236816 815.91027832 824.135131836
830.715087891 822.49017334 810.975280762 815.91027832
827.425109863 824.135131836 809.330322266 822.49017334
838.940002441 824.135131836 810.975280762 834.005004883
842.229919434 829.070068359 810.975280762 842.229919434
837.29498291 829.070068359 809.330322266 842.229919434
838.940002441 827.425109863 812.620300293 837.29498291
832.360046387 827.425109863 814.265258789 842.229919434
830.715087891 824.135131836 814.265258789 843.874938965
834.005004883 824.135131836 815.91027832 850.454833984
838.940002441 825.780151367 815.91027832 838.940002441
835.650024414 825.780151367 820.845214844 838.940002441
832.360046387 824.135131836 819.200195312 834.005004883
834.005004883 820.845214844 820.845214844 838.940002441
832.360046387 819.200195312 822.49017334 837.29498291
825.780151367 817.555236816 817.555236816 825.780151367
827.425109863 817.555236816 822.49017334 827.425109863
832.360046387 817.555236816 824.135131836 834.005004883
837.29498291 820.845214844 824.135131836 852.09979248
838.940002441 820.845214844 827.425109863 852.09979248
840.584960938 819.200195312 829.070068359 847.164855957
835.650024414 814.265258789 827.425109863 843.874938965
840.584960938 814.265258789 829.070068359 850.454833984
843.874938965 812.620300293 827.425109863 852.09979248
845.519897461 815.91027832 827.425109863 852.09979248
850.454833984 820.845214844 830.715087891 847.164855957
843.874938965 820.845214844 832.360046387 850.454833984
842.229919434 820.845214844 834.005004883 857.034729004
843.874938965 819.200195312 834.005004883 853.744812012
843.874938965 819.200195312 830.715087891 843.874938965
845.519897461 820.845214844 827.425109863 840.584960938
850.454833984 822.49017334 827.425109863 837.29498291
842.229919434 822.49017334 825.780151367 835.650024414
840.584960938 822.49017334 832.360046387 845.519897461
847.164855957 820.845214844 830.715087891 847.164855957
838.940002441 820.845214844 830.715087891 848.809875488
842.229919434 820.845214844 832.360046387 852.09979248
843.874938965 822.49017334 832.360046387 853.744812012
845.519897461 824.135131836 832.360046387 845.519897461
847.164855957 822.49017334 832.360046387 845.519897461
850.454833984 824.135131836 834.005004883 852.09979248
843.874938965 820.845214844 835.650024414 848.809875488
843.874938965 820.845214844 837.29498291 850.454833984
852.09979248 822.49017334 837.29498291 845.519897461
848.809875488 822.49017334 832.360046387 843.874938965
850.454833984 825.780151367 837.29498291 852.09979248
848.809875488 825.780151367 838.940002441 855.389770508
842.229919434 824.135131836 838.940002441 855.389770508
845.519897461 822.49017334 838.940002441 845.519897461
842.229919434 820.845214844 840.584960938 855.389770508
834.005004883 819.200195312 838.940002441 850.454833984
834.005004883 815.91027832 840.584960938 855.389770508
837.29498291 815.91027832 838.940002441 845.519897461
835.650024414 815.91027832 840.584960938 847.164855957
837.29498291 817.555236816 842.229919434 850.454833984
830.715087891 815.91027832 840.584960938 847.164855957
834.005004883 817.555236816 843.874938965 858.679748535
837.29498291 817.555236816 845.519897461 850.454833984
837.29498291 815.91027832 845.519897461 853.744812012
847.164855957 817.555236816 847.164855957 858.679748535
837.29498291 817.555236816 843.874938965 848.809875488
835.650024414 815.91027832 842.229919434 855.389770508
830.715087891 815.91027832 838.940002441 850.454833984
825.780151367 815.91027832 837.29498291 852.09979248
829.070068359 817.555236816 837.29498291 857.034729004
837.29498291 819.200195312 840.584960938 852.09979248
842.229919434 820.845214844 842.229919434 855.389770508
838.940002441 822.49017334 843.874938965 860.324707031
834.005004883 819.200195312 840.584960938 858.679748535
837.29498291 817.555236816 840.584960938 858.679748535
832.360046387 817.555236816 838.940002441 858.679748535
825.780151367 814.265258789 838.940002441 858.679748535
829.070068359 815.91027832 840.584960938 861.969726562
825.780151367 815.91027832 835.650024414 852.09979248
835.650024414 817.555236816 837.29498291 850.454833984
837.29498291 820.845214844 838.940002441 853.744812012
834.005004883 822.49017334 840.584960938 855.389770508
835.650024414 824.135131836 842.229919434 855.389770508
829.070068359 820.845214844 843.874938965 852.09979248
829.070068359 822.49017334 840.584960938 853.744812012
832.360046387 824.135131836 838.940002441 860.324707031
832.360046387 822.49017334 840.584960938 860.324707031
834.005004883 819.200195312 842.229919434 853.744812012
835.650024414 815.91027832 843.874938965 855.389770508
834.005004883 814.265258789 843.874938965 858.679748535
840.584960938 815.91027832 840.584960938 857.034729004
842.229919434 817.555236816 840.584960938 852.09979248
835.650024414 815.91027832 842.229919434 855.389770508
830.715087891 817.555236816 840.584960938 853.744812012
829.070068359 814.265258789 840.584960938 843.874938965
834.005004883 817.555236816 838.940002441 852.09979248
832.360046387 815.91027832 842.229919434 850.454833984
837.29498291 817.555236816 842.229919434 853.744812012
834.005004883 820.845214844 840.584960938 861.969726562
847.164855957 827.425109863 838.940002441 861.969726562
863.614685059 832.360046387 832.360046387 871.839599609
847.164855957 825.780151367 837.29498291 866.904663086
824.135131836 817.555236816 842.229919434 853.744812012
822.49017334 815.91027832 843.874938965 843.874938965
819.200195312 810.975280762 847.164855957 843.874938965
822.49017334 809.330322266 850.454833984 850.454833984
830.715087891 809.330322266 852.09979248 857.034729004
814.265258789 802.750427246 853.744812012 843.874938965
815.91027832 807.68536377 853.744812012 834.005004883
814.265258789 810.975280762 855.389770508 838.940002441
815.91027832 809.330322266 857.034729004 848.809875488
812.620300293 806.040344238 855.389770508 843.874938965
807.68536377 802.750427246 853.744812012 840.584960938
817.555236816 802.750427246 847.164855957 835.650024414
810.975280762 801.105407715 847.164855957 835.650024414
815.91027832 802.750427246 852.09979248 837.29498291
820.845214844 804.395385742 850.454833984 834.005004883
822.49017334 807.68536377 850.454833984 835.650024414
817.555236816 809.330322266 850.454833984 838.940002441
819.200195312 810.975280762 850.454833984 843.874938965
825.780151367 809.330322266 850.454833984 843.874938965
830.715087891 809.330322266 848.809875488 840.584960938
817.555236816 807.68536377 848.809875488 835.650024414
817.555236816 809.330322266 848.809875488 840.584960938
820.845214844 810.975280762 850.454833984 840.584960938
824.135131836 810.975280762 853.744812012 843.874938965
829.070068359 810.975280762 848.809875488 840.584960938
830.715087891 810.975280762 847.164855957 847.164855957
830.715087891 810.975280762 845.519897461 848.809875488
829.070068359 810.975280762 845.519897461 853.744812012
832.360046387 807.68536377 847.164855957 853.744812012
830.715087891 809.330322266 845.519897461 853.744812012
827.425109863 809.330322266 848.809875488 860.324707031
832.360046387 810.975280762 850.454833984 858.679748535
827.425109863 810.975280762 850.454833984 853.744812012
824.135131836 809.330322266 848.809875488 843.874938965
830.715087891 814.265258789 845.519897461 838.940002441
832.360046387 815.91027832 843.874938965 848.809875488
830.715087891 814.265258789 847.164855957 855.389770508
827.425109863 810.975280762 847.164855957 853.744812012
830.715087891 810.975280762 847.164855957 852.09979248
824.135131836 810.975280762 845.519897461 845.519897461
829.070068359 814.265258789 845.519897461 852.09979248
827.425109863 814.265258789 843.874938965 847.164855957
827.425109863 814.265258789 837.29498291 852.09979248
835.650024414 814.265258789 837.29498291 850.454833984
837.29498291 814.265258789 832.360046387 848.809875488
835.650024414 812.620300293 835.650024414 855.389770508
843.874938965 812.620300293 842.229919434 855.389770508
840.584960938 809.330322266 837.29498291 855.389770508
848.809875488 810.975280762 835.650024414 857.034729004
850.454833984 814.265258789 835.650024414 855.389770508
860.324707031 815.91027832 838.940002441 852.09979248
863.614685059 812.620300293 842.229919434 852.09979248
861.969726562 810.975280762 840.584960938 857.034729004
857.034729004 812.620300293 837.29498291 853.744812012
860.324707031 817.555236816 834.005004883 861.969726562
870.194580078 824.135131836 834.005004883 876.774536133
855.389770508 817.555236816 838.940002441 880.064453125
835.650024414 810.975280762 843.874938965 871.839599609
825.780151367 809.330322266 843.874938965 857.034729004
809.330322266 802.750427246 850.454833984 847.164855957
830.715087891 810.975280762 847.164855957 855.389770508
835.650024414 807.68536377 845.519897461 861.969726562
817.555236816 801.105407715 853.744812012 853.744812012
814.265258789 801.105407715 853.744812012 848.809875488
815.91027832 799.460449219 857.034729004 855.389770508
814.265258789 797.815490723 860.324707031 860.324707031
802.750427246 789.590576172 860.324707031 852.09979248
791.235534668 786.300598145 860.324707031 835.650024414
801.105407715 789.590576172 858.679748535 835.650024414
797.815490723 791.235534668 855.389770508 843.874938965
797.815490723 796.170471191 853.744812012 843.874938965
792.880554199 792.880554199 858.679748535 840.584960938
794.525512695 791.235534668 857.034729004 845.519897461
799.460449219 792.880554199 855.389770508 835.650024414
806.040344238 792.880554199 852.09979248 840.584960938
801.105407715 792.880554199 848.809875488 843.874938965
797.815490723 796.170471191 853.744812012 834.005004883
807.68536377 801.105407715 852.09979248 842.229919434
815.91027832 804.395385742 853.744812012 842.229919434
817.555236816 804.395385742 852.09979248 843.874938965
809.330322266 801.105407715 850.454833984 845.519897461
820.845214844 801.105407715 852.09979248 843.874938965
827.425109863 802.750427246 852.09979248 847.164855957
822.49017334 806.040344238 853.744812012 852.09979248
827.425109863 807.68536377 850.454833984 852.09979248
830.715087891 809.330322266 850.454833984 857.034729004
835.650024414 809.330322266 850.454833984 853.744812012
842.229919434 809.330322266 848.809875488 857.034729004
843.874938965 809.330322266 848.809875488 858.679748535
837.29498291 809.330322266 845.519897461 853.744812012
830.715087891 809.330322266 847.164855957 858.679748535
834.005004883 812.620300293 848.809875488 852.09979248
830.715087891 814.265258789 847.164855957 855.389770508
834.005004883 812.620300293 845.519897461 843.874938965
838.940002441 814.265258789 843.874938965 845.519897461
830.715087891 815.91027832 842.229919434 852.09979248
834.005004883 815.91027832 840.584960938 843.874938965
832.360046387 814.265258789 842.229919434 845.519897461
829.070068359 814.265258789 842.229919434 838.940002441
834.005004883 814.265258789 845.519897461 837.29498291
829.070068359 814.265258789 843.874938965 847.164855957
829.070068359 814.265258789 845.519897461 843.874938965
834.005004883 812.620300293 847.164855957 852.09979248
832.360046387 810.975280762 850.454833984 852.09979248
835.650024414 812.620300293 852.09979248 843.874938965
830.715087891 814.265258789 848.809875488 850.454833984
824.135131836 809.330322266 852.09979248 840.584960938
814.265258789 804.395385742 850.454833984 832.360046387
809.330322266 802.750427246 855.389770508 820.845214844
792.880554199 806.040344238 858.679748535 810.975280762
781.365661621 802.750427246 857.034729004 799.460449219
774.785766602 799.460449219 860.324707031 792.880554199
768.205810547 794.525512695 860.324707031 786.300598145
751.75604248 791.235534668 860.324707031 764.91583252
745.176086426 794.525512695 860.324707031 756.690979004
735.306213379 794.525512695 857.034729004 751.75604248
722.146362305 791.235534668 857.034729004 741.886108398
723.791320801 789.590576172 860.324707031 745.176086426
722.146362305 791.235534668 860.324707031 746.821105957
727.081298828 789.590576172 860.324707031 743.53112793
730.371276855 791.235534668 861.969726562 750.111022949
730.371276855 791.235534668 858.679748535 755.045959473
733.661254883 789.590576172 858.679748535 748.466064453
730.371276855 789.590576172 853.744812012 746.821105957
728.726318359 794.525512695 847.164855957 748.466064453
743.53112793 799.460449219 850.454833984 756.690979004
741.886108398 799.460449219 850.454833984 763.270874023
763.270874023 804.395385742 847.164855957 771.495788574
771.495788574 806.040344238 843.874938965 776.430725098
759.980895996 802.750427246 845.519897461 774.785766602
758.3359375 804.395385742 845.519897461 783.010620117
769.850830078 804.395385742 845.519897461 789.590576172
778.075683594 802.750427246 829.070068359 797.815490723
779.720703125 802.750427246 829.070068359 797.815490723
784.655639648 807.68536377 845.519897461 801.105407715
799.460449219 809.330322266 838.940002441 812.620300293
804.395385742 810.975280762 838.940002441 814.265258789
801.105407715 807.68536377 827.425109863 812.620300293
807.68536377 809.330322266 834.005004883 822.49017334
804.395385742 807.68536377 838.940002441 830.715087891
807.68536377 810.975280762 843.874938965 840.584960938
819.200195312 812.620300293 835.650024414 835.650024414
814.265258789 810.975280762 824.135131836 829.070068359
824.135131836 817.555236816 825.780151367 834.005004883
845.519897461 819.200195312 822.49017334 845.519897461
838.940002441 815.91027832 847.164855957 845.519897461
832.360046387 810.975280762 845.519897461 842.229919434
834.005004883 810.975280762 852.09979248 848.809875488
834.005004883 810.975280762 840.584960938 845.519897461
838.940002441 815.91027832 830.715087891 852.09979248
838.940002441 815.91027832 838.940002441 853.744812012
845.519897461 815.91027832 847.164855957 853.744812012
847.164855957 815.91027832 835.650024414 860.324707031
852.09979248 817.555236816 829.070068359 855.389770508
853.744812012 817.555236816 840.584960938 860.324707031
850.454833984 817.555236816 838.940002441 866.904663086
857.034729004 815.91027832 843.874938965 861.969726562
855.389770508 815.91027832 847.164855957 861.969726562
858.679748535 817.555236816 845.519897461 861.969726562
860.324707031 817.555236816 850.454833984 868.549621582
860.324707031 817.555236816 847.164855957 873.484558105
868.549621582 817.555236816 842.229919434 870.194580078
871.839599609 819.200195312 837.29498291 871.839599609
875.129516602 820.845214844 838.940002441 876.774536133
873.484558105 820.845214844 842.229919434 880.064453125
870.194580078 817.555236816 837.29498291 875.129516602
871.839599609 817.555236816 834.005004883 870.194580078
866.904663086 817.555236816 838.940002441 880.064453125
866.904663086 815.91027832 837.29498291 886.64440918
858.679748535 815.91027832 834.005004883 883.354431152
861.969726562 817.555236816 837.29498291 881.709472656
865.259643555 817.555236816 838.940002441 875.129516602
861.969726562 817.555236816 835.650024414 875.129516602
866.904663086 819.200195312 838.940002441 876.774536133
866.904663086 819.200195312 835.650024414 875.129516602
866.904663086 819.200195312 835.650024414 878.419494629
870.194580078 819.200195312 840.584960938 876.774536133
870.194580078 819.200195312 842.229919434 883.354431152
866.904663086 820.845214844 838.940002441 881.709472656
861.969726562 820.845214844 840.584960938 871.839599609
863.614685059 819.200195312 840.584960938 868.549621582
855.389770508 815.91027832 837.29498291 868.549621582
860.324707031 815.91027832 835.650024414 871.839599609
866.904663086 819.200195312 840.584960938 875.129516602
860.324707031 817.555236816 838.940002441 871.839599609
860.324707031 819.200195312 835.650024414 866.904663086
858.679748535 820.845214844 834.005004883 868.549621582
855.389770508 819.200195312 832.360046387 868.549621582
855.389770508 819.200195312 834.005004883 868.549621582
855.389770508 819.200195312 834.005004883 870.194580078
855.389770508 820.845214844 840.584960938 871.839599609
852.09979248 820.845214844 840.584960938 871.839599609
852.09979248 819.200195312 843.874938965 863.614685059
850.454833984 814.265258789 842.229919434 866.904663086
861.969726562 815.91027832 834.005004883 878.419494629
858.679748535 822.49017334 832.360046387 861.969726562
832.360046387 822.49017334 834.005004883 842.229919434
825.780151367 820.845214844 835.650024414 825.780151367
814.265258789 822.49017334 830.715087891 810.975280762
810.975280762 820.845214844 832.360046387 814.265258789
806.040344238 827.425109863 830.715087891 810.975280762
778.075683594 827.425109863 830.715087891 784.655639648
778.075683594 825.780151367 830.715087891 781.365661621
768.205810547 824.135131836 827.425109863 763.270874023
759.980895996 820.845214844 824.135131836 753.401000977
748.466064453 819.200195312 825.780151367 748.466064453
736.951171875 815.91027832 825.780151367 738.596191406
736.951171875 819.200195312 827.425109863 735.306213379
736.951171875 819.200195312 822.49017334 728.726318359
743.53112793 819.200195312 820.845214844 750.111022949
727.081298828 817.555236816 819.200195312 732.016235352
740.241149902 820.845214844 817.555236816 743.53112793
743.53112793 817.555236816 817.555236816 750.111022949
741.886108398 820.845214844 815.91027832 746.821105957
761.625915527 824.135131836 814.265258789 764.91583252
766.560852051 825.780151367 814.265258789 766.560852051
766.560852051 825.780151367 819.200195312 759.980895996
786.300598145 824.135131836 817.555236816 763.270874023
804.395385742 824.135131836 815.91027832 771.495788574
806.040344238 820.845214844 815.91027832 771.495788574
810.975280762 820.845214844 814.265258789 781.365661621
806.040344238 822.49017334 812.620300293 791.235534668
797.815490723 820.845214844 815.91027832 796.170471191
797.815490723 820.845214844 815.91027832 799.460449219
797.815490723 819.200195312 819.200195312 810.975280762
806.040344238 817.555236816 820.845214844 814.265258789
804.395385742 819.200195312 820.845214844 819.200195312
806.040344238 820.845214844 819.200195312 817.555236816
807.68536377 820.845214844 819.200195312 815.91027832
807.68536377 820.845214844 820.845214844 824.135131836
817.555236816 822.49017334 820.845214844 835.650024414
822.49017334 822.49017334 820.845214844 834.005004883
822.49017334 824.135131836 824.135131836 834.005004883
822.49017334 820.845214844 824.135131836 838.940002441
827.425109863 822.49017334 824.135131836 835.650024414
827.425109863 820.845214844 824.135131836 838.940002441
829.070068359 819.200195312 819.200195312 842.229919434
829.070068359 819.200195312 822.49017334 838.940002441
825.780151367 819.200195312 827.425109863 845.519897461
832.360046387 817.555236816 827.425109863 847.164855957
835.650024414 815.91027832 830.715087891 847.164855957
837.29498291 814.265258789 830.715087891 842.229919434
843.874938965 814.265258789 829.070068359 852.09979248
843.874938965 815.91027832 830.715087891 858.679748535
845.519897461 817.555236816 830.715087891 861.969726562
843.874938965 819.200195312 830.715087891 860.324707031
847.164855957 817.555236816 829.070068359 855.389770508
853.744812012 815.91027832 829.070068359 860.324707031
857.034729004 817.555236816 829.070068359 860.324707031
858.679748535 819.200195312 829.070068359 863.614685059
865.259643555 822.49017334 834.005004883 866.904663086
861.969726562 824.135131836 834.005004883 866.904663086
865.259643555 825.780151367 830.715087891 871.839599609
868.549621582 822.49017334 830.715087891 878.419494629
870.194580078 824.135131836 832.360046387 883.354431152
876.774536133 824.135131836 834.005004883 875.129516602
880.064453125 824.135131836 835.650024414 878.419494629
883.354431152 822.49017334 830.715087891 880.064453125
881.709472656 824.135131836 830.715087891 883.354431152
883.354431152 824.135131836 834.005004883 886.64440918
875.129516602 822.49017334 837.29498291 883.354431152
873.484558105 822.49017334 840.584960938 878.419494629
875.129516602 822.49017334 840.584960938 880.064453125
855.389770508 822.49017334 838.940002441 881.709472656
845.519897461 822.49017334 840.584960938 881.709472656
830.715087891 822.49017334 845.519897461 880.064453125
815.91027832 820.845214844 847.164855957 880.064453125
819.200195312 819.200195312 848.809875488 886.64440918
830.715087891 822.49017334 845.519897461 889.934387207
806.040344238 822.49017334 847.164855957 894.86932373
778.075683594 822.49017334 842.229919434 884.999450684
756.690979004 824.135131836 837.29498291 883.354431152
725.436340332 822.49017334 837.29498291 881.709472656
723.791320801 820.845214844 834.005004883 881.709472656
720.501403809 817.555236816 837.29498291 876.774536133
733.661254883 814.265258789 840.584960938 873.484558105
769.850830078 814.265258789 835.650024414 875.129516602
784.655639648 812.620300293 834.005004883 876.774536133
778.075683594 814.265258789 835.650024414 884.999450684
761.625915527 812.620300293 835.650024414 881.709472656
750.111022949 817.555236816 837.29498291 878.419494629
756.690979004 819.200195312 837.29498291 880.064453125
758.3359375 819.200195312 835.650024414 876.774536133
776.430725098 819.200195312 837.29498291 881.709472656
796.170471191 817.555236816 840.584960938 884.999450684
806.040344238 819.200195312 840.584960938 883.354431152
815.91027832 820.845214844 845.519897461 883.354431152
815.91027832 819.200195312 847.164855957 886.64440918
815.91027832 819.200195312 848.809875488 881.709472656
820.845214844 819.200195312 845.519897461 881.709472656
840.584960938 819.200195312 838.940002441 880.064453125
850.454833984 817.555236816 835.650024414 873.484558105
865.259643555 819.200195312 837.29498291 873.484558105
873.484558105 819.200195312 837.29498291 865.259643555
863.614685059 817.555236816 832.360046387 865.259643555
868.549621582 815.91027832 837.29498291 871.839599609
873.484558105 815.91027832 838.940002441 863.614685059
880.064453125 815.91027832 840.584960938 870.194580078
868.549621582 814.265258789 838.940002441 870.194580078
865.259643555 814.265258789 834.005004883 868.549621582
861.969726562 814.265258789 834.005004883 868.549621582
853.744812012 814.265258789 835.650024414 863.614685059
850.454833984 814.265258789 837.29498291 855.389770508
847.164855957 814.265258789 834.005004883 852.09979248
847.164855957 814.265258789 830.715087891 853.744812012
857.034729004 815.91027832 830.715087891 850.454833984
855.389770508 815.91027832 832.360046387 858.679748535
853.744812012 814.265258789 837.29498291 865.259643555
852.09979248 814.265258789 840.584960938 855.389770508
842.229919434 815.91027832 835.650024414 843.874938965
834.005004883 814.265258789 834.005004883 830.715087891
830.715087891 817.555236816 835.650024414 824.135131836
810.975280762 815.91027832 837.29498291 815.91027832
799.460449219 814.265258789 837.29498291 801.105407715
779.720703125 810.975280762 840.584960938 787.945556641
773.14074707 807.68536377 838.940002441 779.720703125
761.625915527 812.620300293 840.584960938 769.850830078
738.596191406 806.040344238 847.164855957 750.111022949
722.146362305 802.750427246 845.519897461 736.951171875
713.921447754 804.395385742 842.229919434 736.951171875
715.566467285 802.750427246 842.229919434 741.886108398
722.146362305 804.395385742 838.940002441 745.176086426
732.016235352 804.395385742 842.229919434 751.75604248
743.53112793 802.750427246 845.519897461 758.3359375
763.270874023 802.750427246 840.584960938 774.785766602
783.010620117 809.330322266 838.940002441 801.105407715
791.235534668 806.040344238 842.229919434 809.330322266
797.815490723 806.040344238 837.29498291 814.265258789
815.91027832 809.330322266 838.940002441 830.715087891
820.845214844 812.620300293 837.29498291 837.29498291
819.200195312 810.975280762 834.005004883 840.584960938
829.070068359 812.620300293 832.360046387 845.519897461
829.070068359 814.265258789 834.005004883 852.09979248
827.425109863 810.975280762 835.650024414 860.324707031
820.845214844 814.265258789 838.940002441 868.549621582
810.975280762 814.265258789 840.584960938 871.839599609
802.750427246 810.975280762 829.070068359 875.129516602
801.105407715 812.620300293 825.780151367 876.774536133
797.815490723 815.91027832 835.650024414 876.774536133
794.525512695 814.265258789 835.650024414 880.064453125
789.590576172 812.620300293 832.360046387 875.129516602
784.655639648 815.91027832 835.650024414 883.354431152
779.720703125 815.91027832 838.940002441 889.934387207
786.300598145 814.265258789 843.874938965 886.64440918
792.880554199 814.265258789 845.519897461 886.64440918
792.880554199 810.975280762 842.229919434 881.709472656
794.525512695 815.91027832 838.940002441 873.484558105
787.945556641 817.555236816 843.874938965 871.839599609
794.525512695 824.135131836 845.519897461 880.064453125
791.235534668 820.845214844 829.070068359 878.419494629
791.235534668 815.91027832 843.874938965 871.839599609
796.170471191 812.620300293 847.164855957 873.484558105
804.395385742 810.975280762 852.09979248 875.129516602
812.620300293 814.265258789 855.389770508 878.419494629
814.265258789 812.620300293 843.874938965 878.419494629
822.49017334 817.555236816 838.940002441 884.999450684
829.070068359 822.49017334 830.715087891 886.64440918
835.650024414 822.49017334 829.070068359 884.999450684
825.780151367 820.845214844 840.584960938 881.709472656
820.845214844 817.555236816 838.940002441 873.484558105
815.91027832 809.330322266 845.519897461 868.549621582
814.265258789 810.975280762 845.519897461 870.194580078
812.620300293 814.265258789 843.874938965 868.549621582
810.975280762 814.265258789 842.229919434 863.614685059
807.68536377 814.265258789 837.29498291 871.839599609
812.620300293 814.265258789 847.164855957 870.194580078
809.330322266 814.265258789 845.519897461 873.484558105
802.750427246 814.265258789 850.454833984 878.419494629
801.105407715 817.555236816 850.454833984 880.064453125
796.170471191 819.200195312 845.519897461 875.129516602
797.815490723 820.845214844 847.164855957 878.419494629
796.170471191 820.845214844 842.229919434 868.549621582
796.170471191 824.135131836 838.940002441 875.129516602
789.590576172 822.49017334 840.584960938 878.419494629
796.170471191 820.845214844 845.519897461 875.129516602
791.235534668 820.845214844 843.874938965 881.709472656
786.300598145 820.845214844 837.29498291 884.999450684
779.720703125 820.845214844 834.005004883 878.419494629
778.075683594 819.200195312 837.29498291 878.419494629
781.365661621 819.200195312 838.940002441 873.484558105
778.075683594 817.555236816 832.360046387 866.904663086
776.430725098 819.200195312 837.29498291 871.839599609
773.14074707 820.845214844 838.940002441 871.839599609
783.010620117 822.49017334 840.584960938 870.194580078
792.880554199 824.135131836 838.940002441 863.614685059
787.945556641 822.49017334 838.940002441 857.034729004
801.105407715 822.49017334 838.940002441 857.034729004
797.815490723 820.845214844 840.584960938 865.259643555
802.750427246 822.49017334 845.519897461 868.549621582
784.655639648 825.780151367 838.940002441 855.389770508
759.980895996 824.135131836 835.650024414 855.389770508
768.205810547 825.780151367 834.005004883 871.839599609
764.91583252 825.780151367 827.425109863 866.904663086
774.785766602 824.135131836 832.360046387 871.839599609
786.300598145 824.135131836 832.360046387 866.904663086
781.365661621 822.49017334 834.005004883 865.259643555
796.170471191 819.200195312 837.29498291 871.839599609
806.040344238 815.91027832 834.005004883 868.549621582
807.68536377 817.555236816 838.940002441 861.969726562
810.975280762 819.200195312 835.650024414 853.744812012
819.200195312 820.845214844 832.360046387 857.034729004
827.425109863 822.49017334 834.005004883 860.324707031
835.650024414 820.845214844 834.005004883 857.034729004
830.715087891 815.91027832 834.005004883 855.389770508
829.070068359 815.91027832 834.005004883 865.259643555
822.49017334 815.91027832 834.005004883 858.679748535
824.135131836 815.91027832 835.650024414 855.389770508
838.940002441 815.91027832 835.650024414 855.389770508
845.519897461 815.91027832 835.650024414 857.034729004
850.454833984 815.91027832 837.29498291 853.744812012
850.454833984 817.555236816 840.584960938 855.389770508
848.809875488 820.845214844 845.519897461 861.969726562
852.09979248 822.49017334 842.229919434 850.454833984
855.389770508 822.49017334 835.650024414 852.09979248
853.744812012 820.845214844 835.650024414 858.679748535
853.744812012 819.200195312 837.29498291 848.809875488
853.744812012 819.200195312 842.229919434 857.034729004
857.034729004 819.200195312 840.584960938 848.809875488
857.034729004 822.49017334 840.584960938 847.164855957
857.034729004 820.845214844 838.940002441 853.744812012
850.454833984 819.200195312 840.584960938 855.389770508
845.519897461 820.845214844 842.229919434 850.454833984
847.164855957 817.555236816 840.584960938 843.874938965
843.874938965 819.200195312 837.29498291 850.454833984
843.874938965 819.200195312 838.940002441 847.164855957
845.519897461 819.200195312 838.940002441 850.454833984
842.229919434 820.845214844 837.29498291 853.744812012
847.164855957 820.845214844 838.940002441 845.519897461
838.940002441 820.845214844 837.29498291 843.874938965
850.454833984 819.200195312 842.229919434 845.519897461
848.809875488 815.91027832 842.229919434 842.229919434
847.164855957 815.91027832 840.584960938 840.584960938
843.874938965 815.91027832 837.29498291 840.584960938
829.070068359 814.265258789 838.940002441 830.715087891
830.715087891 814.265258789 838.940002441 830.715087891
834.005004883 812.620300293 835.650024414 829.070068359
830.715087891 810.975280762 834.005004883 835.650024414
834.005004883 812.620300293 837.29498291 843.874938965
834.005004883 815.91027832 837.29498291 842.229919434
822.49017334 819.200195312 835.650024414 847.164855957
822.49017334 819.200195312 835.650024414 837.29498291
820.845214844 819.200195312 835.650024414 838.940002441
819.200195312 819.200195312 838.940002441 842.229919434
809.330322266 819.200195312 838.940002441 843.874938965
804.395385742 820.845214844 835.650024414 845.519897461
804.395385742 820.845214844 835.650024414 840.584960938
807.68536377 824.135131836 835.650024414 843.874938965
810.975280762 824.135131836 837.29498291 843.874938965
802.750427246 822.49017334 837.29498291 852.09979248
799.460449219 820.845214844 842.229919434 848.809875488
804.395385742 815.91027832 843.874938965 845.519897461
807.68536377 815.91027832 838.940002441 843.874938965
801.105407715 814.265258789 835.650024414 840.584960938
799.460449219 817.555236816 832.360046387 840.584960938
797.815490723 819.200195312 834.005004883 838.940002441
797.815490723 817.555236816 835.650024414 832.360046387
801.105407715 817.555236816 837.29498291 835.650024414
796.170471191 815.91027832 838.940002441 847.164855957
799.460449219 814.265258789 838.940002441 840.584960938
804.395385742 814.265258789 838.940002441 838.940002441
801.105407715 814.265258789 837.29498291 832.360046387
799.460449219 812.620300293 834.005004883 829.070068359
804.395385742 814.265258789 835.650024414 842.229919434
810.975280762 814.265258789 835.650024414 843.874938965
810.975280762 815.91027832 837.29498291 840.584960938
810.975280762 815.91027832 835.650024414 840.584960938
817.555236816 817.555236816 837.29498291 837.29498291
810.975280762 817.555236816 835.650024414 838.940002441
812.620300293 819.200195312 835.650024414 835.650024414
825.780151367 820.845214844 835.650024414 830.715087891
824.135131836 817.555236816 837.29498291 835.650024414
824.135131836 815.91027832 837.29498291 847.164855957
825.780151367 815.91027832 837.29498291 848.809875488
827.425109863 815.91027832 835.650024414 850.454833984
832.360046387 819.200195312 832.360046387 840.584960938
853.744812012 817.555236816 832.360046387 837.29498291
870.194580078 817.555236816 830.715087891 842.229919434
878.419494629 819.200195312 829.070068359 832.360046387
886.64440918 817.555236816 829.070068359 832.360046387
883.354431152 819.200195312 829.070068359 838.940002441
884.999450684 819.200195312 829.070068359 843.874938965
889.934387207 819.200195312 834.005004883 845.519897461
873.484558105 819.200195312 834.005004883 842.229919434
848.809875488 819.200195312 830.715087891 834.005004883
827.425109863 817.555236816 832.360046387 837.29498291
814.265258789 815.91027832 834.005004883 842.229919434
809.330322266 814.265258789 837.29498291 840.584960938
807.68536377 814.265258789 838.940002441 840.584960938
807.68536377 815.91027832 838.940002441 845.519897461
809.330322266 815.91027832 837.29498291 845.519897461
810.975280762 815.91027832 837.29498291 847.164855957
807.68536377 814.265258789 835.650024414 847.164855957
801.105407715 812.620300293 832.360046387 840.584960938
799.460449219 812.620300293 832.360046387 838.940002441
789.590576172 812.620300293 834.005004883 843.874938965
789.590576172 814.265258789 832.360046387 838.940002441
794.525512695 817.555236816 835.650024414 847.164855957
791.235534668 814.265258789 834.005004883 845.519897461
806.040344238 814.265258789 834.005004883 837.29498291
810.975280762 814.265258789 837.29498291 843.874938965
814.265258789 814.265258789 832.360046387 840.584960938
834.005004883 817.555236816 830.715087891 843.874938965
847.164855957 817.555236816 832.360046387 845.519897461
861.969726562 817.555236816 832.360046387 845.519897461
866.904663086 819.200195312 837.29498291 852.09979248
866.904663086 819.200195312 835.650024414 853.744812012
865.259643555 820.845214844 835.650024414 857.034729004
870.194580078 820.845214844 835.650024414 847.164855957
883.354431152 820.845214844 832.360046387 840.584960938
876.774536133 820.845214844 834.005004883 850.454833984
875.129516602 819.200195312 835.650024414 845.519897461
873.484558105 819.200195312 837.29498291 842.229919434
878.419494629 820.845214844 830.715087891 850.454833984
881.709472656 820.845214844 825.780151367 860.324707031
857.034729004 809.330322266 835.650024414 848.809875488
855.389770508 812.620300293 835.650024414 840.584960938
878.419494629 814.265258789 838.940002441 838.940002441
861.969726562 807.68536377 843.874938965 814.265258789
880.064453125 810.975280762 842.229919434 825.780151367
876.774536133 806.040344238 840.584960938 829.070068359
855.389770508 804.395385742 847.164855957 804.395385742
868.549621582 807.68536377 842.229919434 814.265258789
848.809875488 804.395385742 830.715087891 810.975280762
843.874938965 806.040344238 835.650024414 804.395385742
843.874938965 807.68536377 837.29498291 814.265258789
834.005004883 809.330322266 837.29498291 822.49017334
802.750427246 809.330322266 840.584960938 820.845214844
764.91583252 804.395385742 842.229919434 827.425109863
753.401000977 807.68536377 845.519897461 829.070068359
751.75604248 807.68536377 847.164855957 830.715087891
746.821105957 809.330322266 850.454833984 832.360046387
750.111022949 809.330322266 843.874938965 827.425109863
773.14074707 807.68536377 837.29498291 827.425109863
761.625915527 807.68536377 843.874938965 838.940002441
758.3359375 806.040344238 847.164855957 832.360046387
778.075683594 807.68536377 845.519897461 835.650024414
779.720703125 807.68536377 842.229919434 832.360046387
779.720703125 809.330322266 842.229919434 832.360046387
792.880554199 807.68536377 843.874938965 843.874938965
792.880554199 807.68536377 840.584960938 845.519897461
789.590576172 810.975280762 840.584960938 845.519897461
784.655639648 809.330322266 837.29498291 845.519897461
761.625915527 810.975280762 840.584960938 847.164855957
743.53112793 812.620300293 842.229919434 848.809875488
750.111022949 810.975280762 837.29498291 847.164855957
755.045959473 809.330322266 840.584960938 842.229919434
745.176086426 810.975280762 842.229919434 842.229919434
753.401000977 814.265258789 842.229919434 850.454833984
756.690979004 814.265258789 845.519897461 857.034729004
755.045959473 815.91027832 843.874938965 858.679748535
756.690979004 817.555236816 843.874938965 855.389770508
759.980895996 815.91027832 842.229919434 848.809875488
761.625915527 819.200195312 842.229919434 855.389770508
771.495788574 817.555236816 840.584960938 853.744812012
792.880554199 814.265258789 842.229919434 871.839599609
787.945556641 815.91027832 843.874938965 853.744812012
776.430725098 815.91027832 840.584960938 822.49017334
794.525512695 815.91027832 840.584960938 830.715087891
794.525512695 815.91027832 832.360046387 807.68536377
810.975280762 820.845214844 827.425109863 807.68536377
806.040344238 820.845214844 824.135131836 802.750427246
786.300598145 819.200195312 819.200195312 789.590576172
778.075683594 817.555236816 820.845214844 799.460449219
759.980895996 814.265258789 827.425109863 796.170471191
741.886108398 815.91027832 829.070068359 794.525512695
728.726318359 814.265258789 832.360046387 794.525512695
723.791320801 810.975280762 834.005004883 792.880554199
741.886108398 815.91027832 832.360046387 810.975280762
735.306213379 815.91027832 834.005004883 812.620300293
732.016235352 817.555236816 834.005004883 820.845214844
741.886108398 817.555236816 835.650024414 832.360046387
741.886108398 815.91027832 834.005004883 834.005004883
743.53112793 817.555236816 834.005004883 834.005004883
746.821105957 819.200195312 832.360046387 832.360046387
745.176086426 819.200195312 830.715087891 830.715087891
750.111022949 819.200195312 834.005004883 835.650024414
755.045959473 817.555236816 830.715087891 830.715087891
758.3359375 819.200195312 832.360046387 834.005004883
761.625915527 820.845214844 832.360046387 837.29498291
761.625915527 825.780151367 829.070068359 835.650024414
759.980895996 824.135131836 829.070068359 827.425109863
759.980895996 820.845214844 827.425109863 832.360046387
761.625915527 819.200195312 824.135131836 832.360046387
763.270874023 817.555236816 832.360046387 843.874938965
786.300598145 815.91027832 832.360046387 850.454833984
820.845214844 815.91027832 834.005004883 847.164855957
807.68536377 815.91027832 837.29498291 847.164855957
817.555236816 814.265258789 834.005004883 840.584960938
825.780151367 817.555236816 832.360046387 838.940002441
845.519897461 814.265258789 834.005004883 847.164855957
889.934387207 812.620300293 834.005004883 843.874938965
906.384155273 814.265258789 832.360046387 843.874938965
921.188964844 815.91027832 832.360046387 845.519897461
931.058898926 817.555236816 830.715087891 848.809875488
942.573730469 817.555236816 832.360046387 852.09979248
949.153686523 815.91027832 835.650024414 857.034729004
955.733581543 814.265258789 838.940002441 852.09979248
960.668518066 812.620300293 838.940002441 848.809875488
963.958496094 812.620300293 837.29498291 853.744812012
965.60345459 810.975280762 840.584960938 858.679748535
960.668518066 812.620300293 838.940002441 861.969726562
959.02355957 814.265258789 837.29498291 860.324707031
960.668518066 817.555236816 835.650024414 853.744812012
957.378540039 817.555236816 834.005004883 857.034729004
959.02355957 817.555236816 834.005004883 858.679748535
957.378540039 817.555236816 834.005004883 857.034729004
952.443603516 817.555236816 838.940002441 848.809875488
955.733581543 819.200195312 835.650024414 847.164855957
955.733581543 819.200195312 837.29498291 852.09979248
952.443603516 817.555236816 837.29498291 861.969726562
947.508666992 820.845214844 835.650024414 857.034729004
952.443603516 819.200195312 840.584960938 857.034729004
947.508666992 819.200195312 837.29498291 852.09979248
945.863708496 819.200195312 838.940002441 857.034729004
942.573730469 819.200195312 840.584960938 858.679748535
931.058898926 820.845214844 843.874938965 857.034729004
931.058898926 819.200195312 848.809875488 855.389770508
926.123962402 819.200195312 845.519897461 852.09979248
931.058898926 819.200195312 842.229919434 850.454833984
931.058898926 822.49017334 842.229919434 855.389770508
932.703857422 824.135131836 842.229919434 857.034729004
924.478942871 820.845214844 838.940002441 852.09979248
921.188964844 819.200195312 835.650024414 858.679748535
921.188964844 819.200195312 835.650024414 853.744812012
926.123962402 820.845214844 834.005004883 858.679748535
917.899047852 820.845214844 835.650024414 858.679748535
912.964111328 819.200195312 832.360046387 845.519897461
906.384155273 820.845214844 834.005004883 848.809875488
899.804260254 819.200195312 837.29498291 840.584960938
903.094238281 817.555236816 832.360046387 840.584960938
884.999450684 817.555236816 834.005004883 845.519897461
837.29498291 819.200195312 834.005004883 848.809875488
804.395385742 824.135131836 835.650024414 855.389770508
797.815490723 824.135131836 838.940002441 860.324707031
829.070068359 820.845214844 837.29498291 855.389770508
857.034729004 822.49017334 837.29498291 848.809875488
875.129516602 819.200195312 838.940002441 847.164855957
880.064453125 817.555236816 838.940002441 845.519897461
875.129516602 817.555236816 834.005004883 838.940002441
878.419494629 817.555236816 835.650024414 842.229919434
865.259643555 817.555236816 835.650024414 837.29498291
820.845214844 815.91027832 840.584960938 840.584960938
804.395385742 815.91027832 843.874938965 840.584960938
827.425109863 814.265258789 840.584960938 842.229919434
847.164855957 814.265258789 840.584960938 840.584960938
865.259643555 812.620300293 837.29498291 837.29498291
868.549621582 810.975280762 832.360046387 837.29498291
865.259643555 814.265258789 835.650024414 842.229919434
870.194580078 817.555236816 837.29498291 842.229919434
878.419494629 817.555236816 834.005004883 838.940002441
875.129516602 817.555236816 835.650024414 840.584960938
865.259643555 815.91027832 834.005004883 832.360046387
873.484558105 817.555236816 837.29498291 840.584960938
873.484558105 819.200195312 838.940002441 842.229919434
875.129516602 819.200195312 837.29498291 838.940002441
878.419494629 819.200195312 837.29498291 843.874938965
875.129516602 819.200195312 838.940002441 850.454833984
878.419494629 817.555236816 838.940002441 852.09979248
881.709472656 817.555236816 838.940002441 861.969726562
881.709472656 815.91027832 838.940002441 858.679748535
878.419494629 814.265258789 837.29498291 852.09979248
880.064453125 814.265258789 837.29498291 858.679748535
880.064453125 814.265258789 835.650024414 858.679748535
876.774536133 814.265258789 834.005004883 858.679748535
883.354431152 814.265258789 837.29498291 858.679748535
875.129516602 815.91027832 837.29498291 858.679748535
876.774536133 815.91027832 837.29498291 855.389770508
878.419494629 817.555236816 835.650024414 858.679748535
880.064453125 817.555236816 832.360046387 857.034729004
878.419494629 815.91027832 834.005004883 848.809875488
876.774536133 814.265258789 835.650024414 857.034729004
883.354431152 815.91027832 838.940002441 857.034729004
876.774536133 814.265258789 842.229919434 857.034729004
868.549621582 812.620300293 840.584960938 855.389770508
866.904663086 815.91027832 838.940002441 850.454833984
855.389770508 817.555236816 840.584960938 858.679748535
855.389770508 819.200195312 842.229919434 857.034729004
855.389770508 819.200195312 843.874938965 852.09979248
857.034729004 815.91027832 838.940002441 845.519897461
860.324707031 812.620300293 838.940002441 848.809875488
860.324707031 810.975280762 837.29498291 845.519897461
857.034729004 810.975280762 837.29498291 848.809875488
860.324707031 810.975280762 838.940002441 847.164855957
863.614685059 812.620300293 837.29498291 848.809875488
860.324707031 817.555236816 835.650024414 850.454833984
865.259643555 817.555236816 838.940002441 853.744812012
858.679748535 817.555236816 842.229919434 850.454833984
850.454833984 814.265258789 838.940002441 842.229919434
847.164855957 812.620300293 838.940002441 837.29498291
848.809875488 815.91027832 837.29498291 843.874938965
848.809875488 814.265258789 838.940002441 843.874938965
857.034729004 817.555236816 842.229919434 845.519897461
857.034729004 815.91027832 842.229919434 850.454833984
855.389770508 817.555236816 842.229919434 845.519897461
852.09979248 820.845214844 842.229919434 845.519897461
850.454833984 824.135131836 842.229919434 847.164855957
842.229919434 824.135131836 845.519897461 837.29498291
840.584960938 824.135131836 848.809875488 834.005004883
835.650024414 824.135131836 850.454833984 822.49017334
817.555236816 819.200195312 850.454833984 810.975280762
810.975280762 822.49017334 850.454833984 801.105407715
801.105407715 820.845214844 853.744812012 776.430725098
794.525512695 815.91027832 853.744812012 771.495788574
781.365661621 815.91027832 853.744812012 768.205810547
764.91583252 812.620300293 855.389770508 755.045959473
750.111022949 812.620300293 858.679748535 745.176086426
736.951171875 810.975280762 861.969726562 728.726318359
723.791320801 806.040344238 860.324707031 712.276489258
715.566467285 804.395385742 855.389770508 718.856384277
722.146362305 807.68536377 858.679748535 718.856384277
717.211425781 802.750427246 860.324707031 710.631530762
723.791320801 804.395385742 857.034729004 720.501403809
733.661254883 804.395385742 852.09979248 718.856384277
736.951171875 802.750427246 848.809875488 735.306213379
743.53112793 804.395385742 848.809875488 741.886108398
751.75604248 806.040344238 845.519897461 750.111022949
763.270874023 809.330322266 842.229919434 766.560852051
771.495788574 807.68536377 842.229919434 766.560852051
786.300598145 809.330322266 840.584960938 781.365661621
792.880554199 810.975280762 840.584960938 792.880554199
802.750427246 814.265258789 845.519897461 809.330322266
814.265258789 812.620300293 843.874938965 817.555236816
819.200195312 812.620300293 843.874938965 829.070068359
832.360046387 814.265258789 843.874938965 834.005004883
834.005004883 812.620300293 838.940002441 834.005004883
848.809875488 817.555236816 837.29498291 845.519897461
853.744812012 814.265258789 835.650024414 835.650024414
858.679748535 812.620300293 827.425109863 842.229919434
873.484558105 814.265258789 824.135131836 850.454833984
876.774536133 819.200195312 832.360046387 852.09979248
883.354431152 819.200195312 832.360046387 848.809875488
883.354431152 819.200195312 834.005004883 850.454833984
883.354431152 819.200195312 835.650024414 855.389770508
875.129516602 815.91027832 837.29498291 868.549621582
868.549621582 814.265258789 842.229919434 878.419494629
863.614685059 815.91027832 837.29498291 876.774536133
860.324707031 819.200195312 838.940002441 871.839599609
861.969726562 815.91027832 837.29498291 876.774536133
866.904663086 817.555236816 838.940002441 883.354431152
876.774536133 817.555236816 840.584960938 888.289367676
871.839599609 812.620300293 835.650024414 883.354431152
876.774536133 815.91027832 838.940002441 883.354431152
881.709472656 817.555236816 838.940002441 884.999450684
875.129516602 819.200195312 838.940002441 888.289367676
875.129516602 820.845214844 834.005004883 888.289367676
875.129516602 820.845214844 827.425109863 880.064453125
873.484558105 819.200195312 827.425109863 883.354431152
878.419494629 819.200195312 830.715087891 891.579345703
881.709472656 822.49017334 830.715087891 891.579345703
876.774536133 824.135131836 835.650024414 891.579345703
880.064453125 824.135131836 835.650024414 891.579345703
880.064453125 827.425109863 832.360046387 886.64440918
876.774536133 829.070068359 834.005004883 881.709472656
875.129516602 827.425109863 835.650024414 880.064453125
873.484558105 827.425109863 832.360046387 876.774536133
873.484558105 825.780151367 830.715087891 870.194580078
870.194580078 824.135131836 829.070068359 873.484558105
868.549621582 827.425109863 827.425109863 878.419494629
875.129516602 829.070068359 829.070068359 875.129516602
876.774536133 825.780151367 834.005004883 880.064453125
876.774536133 822.49017334 837.29498291 883.354431152
880.064453125 822.49017334 835.650024414 880.064453125
878.419494629 820.845214844 834.005004883 886.64440918
884.999450684 824.135131836 832.360046387 881.709472656
883.354431152 822.49017334 832.360046387 881.709472656
878.419494629 820.845214844 834.005004883 880.064453125
873.484558105 817.555236816 832.360046387 876.774536133
868.549621582 817.555236816 837.29498291 880.064453125
870.194580078 817.555236816 840.584960938 878.419494629
870.194580078 817.555236816 845.519897461 880.064453125
866.904663086 817.555236816 845.519897461 875.129516602
870.194580078 817.555236816 842.229919434 875.129516602
868.549621582 815.91027832 843.874938965 875.129516602
870.194580078 815.91027832 842.229919434 875.129516602
875.129516602 814.265258789 843.874938965 875.129516602
868.549621582 814.265258789 843.874938965 873.484558105
871.839599609 814.265258789 842.229919434 873.484558105
871.839599609 814.265258789 843.874938965 876.774536133
871.839599609 815.91027832 842.229919434 878.419494629
866.904663086 815.91027832 840.584960938 875.129516602
865.259643555 819.200195312 842.229919434 873.484558105
868.549621582 820.845214844 845.519897461 876.774536133
870.194580078 820.845214844 845.519897461 873.484558105
865.259643555 820.845214844 845.519897461 873.484558105
863.614685059 817.555236816 847.164855957 875.129516602
852.09979248 817.555236816 840.584960938 871.839599609
855.389770508 820.845214844 838.940002441 868.549621582
860.324707031 819.200195312 838.940002441 866.904663086
853.744812012 815.91027832 837.29498291 861.969726562
866.904663086 812.620300293 842.229919434 873.484558105
870.194580078 814.265258789 845.519897461 883.354431152
850.454833984 817.555236816 842.229919434 861.969726562
848.809875488 819.200195312 840.584960938 863.614685059
852.09979248 815.91027832 838.940002441 861.969726562
858.679748535 819.200195312 835.650024414 863.614685059
863.614685059 819.200195312 832.360046387 875.129516602
857.034729004 824.135131836 834.005004883 868.549621582
860.324707031 824.135131836 834.005004883 868.549621582
861.969726562 820.845214844 830.715087891 870.194580078
866.904663086 824.135131836 829.070068359 866.904663086
871.839599609 824.135131836 825.780151367 861.969726562
866.904663086 825.780151367 827.425109863 866.904663086
871.839599609 825.780151367 829.070068359 868.549621582
881.709472656 825.780151367 830.715087891 873.484558105
866.904663086 825.780151367 822.49017334 855.389770508
881.709472656 827.425109863 822.49017334 865.259643555
888.289367676 827.425109863 822.49017334 880.064453125
889.934387207 829.070068359 819.200195312 883.354431152
884.999450684 830.715087891 820.845214844 876.774536133
878.419494629 830.715087891 824.135131836 878.419494629
873.484558105 827.425109863 825.780151367 870.194580078
880.064453125 827.425109863 824.135131836 868.549621582
875.129516602 827.425109863 824.135131836 871.839599609
871.839599609 825.780151367 820.845214844 860.324707031
870.194580078 825.780151367 822.49017334 865.259643555
870.194580078 825.780151367 825.780151367 871.839599609
865.259643555 824.135131836 824.135131836 866.904663086
866.904663086 827.425109863 824.135131836 866.904663086
860.324707031 825.780151367 825.780151367 868.549621582
860.324707031 827.425109863 827.425109863 858.679748535
857.034729004 825.780151367 825.780151367 853.744812012
847.164855957 824.135131836 825.780151367 848.809875488
847.164855957 824.135131836 830.715087891 861.969726562
857.034729004 820.845214844 830.715087891 860.324707031
852.09979248 824.135131836 829.070068359 861.969726562
857.034729004 822.49017334 829.070068359 861.969726562
855.389770508 820.845214844 829.070068359 853.744812012
845.519897461 822.49017334 830.715087891 861.969726562
848.809875488 819.200195312 832.360046387 860.324707031
848.809875488 817.555236816 829.070068359 858.679748535
850.454833984 817.555236816 827.425109863 861.969726562
850.454833984 817.555236816 829.070068359 865.259643555
850.454833984 820.845214844 830.715087891 860.324707031
848.809875488 822.49017334 827.425109863 857.034729004
845.519897461 820.845214844 829.070068359 850.454833984
847.164855957 819.200195312 832.360046387 843.874938965
847.164855957 820.845214844 832.360046387 852.09979248
847.164855957 822.49017334 834.005004883 850.454833984
850.454833984 824.135131836 832.360046387 855.389770508
853.744812012 824.135131836 835.650024414 860.324707031
850.454833984 825.780151367 835.650024414 853.744812012
848.809875488 824.135131836 835.650024414 855.389770508
840.584960938 824.135131836 835.650024414 852.09979248
840.584960938 820.845214844 834.005004883 845.519897461
840.584960938 817.555236816 837.29498291 848.809875488
845.519897461 817.555236816 838.940002441 842.229919434
848.809875488 815.91027832 835.650024414 845.519897461
837.29498291 814.265258789 835.650024414 845.519897461
834.005004883 814.265258789 837.29498291 848.809875488
835.650024414 814.265258789 837.29498291 850.454833984
830.715087891 815.91027832 838.940002441 848.809875488
832.360046387 814.265258789 837.29498291 852.09979248
832.360046387 812.620300293 835.650024414 850.454833984
829.070068359 814.265258789 830.715087891 838.940002441
827.425109863 810.975280762 827.425109863 832.360046387
832.360046387 814.265258789 830.715087891 837.29498291
832.360046387 815.91027832 832.360046387 842.229919434
832.360046387 814.265258789 834.005004883 843.874938965
835.650024414 814.265258789 832.360046387 838.940002441
840.584960938 815.91027832 829.070068359 837.29498291
835.650024414 814.265258789 834.005004883 837.29498291
837.29498291 817.555236816 834.005004883 840.584960938
834.005004883 820.845214844 837.29498291 845.519897461
834.005004883 817.555236816 838.940002441 838.940002441
838.940002441 817.555236816 835.650024414 843.874938965
845.519897461 815.91027832 838.940002441 855.389770508
848.809875488 812.620300293 837.29498291 865.259643555
835.650024414 817.555236816 838.940002441 848.809875488
829.070068359 819.200195312 835.650024414 842.229919434
842.229919434 819.200195312 834.005004883 845.519897461
847.164855957 819.200195312 830.715087891 843.874938965
852.09979248 817.555236816 832.360046387 857.034729004
845.519897461 815.91027832 835.650024414 857.034729004
835.650024414 814.265258789 837.29498291 853.744812012
837.29498291 815.91027832 837.29498291 858.679748535
838.940002441 815.91027832 837.29498291 863.614685059
834.005004883 814.265258789 837.29498291 850.454833984
834.005004883 815.91027832 835.650024414 852.09979248
838.940002441 814.265258789 835.650024414 850.454833984
834.005004883 814.265258789 832.360046387 842.229919434
835.650024414 814.265258789 834.005004883 843.874938965
838.940002441 812.620300293 834.005004883 838.940002441
840.584960938 810.975280762 832.360046387 845.519897461
842.229919434 812.620300293 835.650024414 842.229919434
838.940002441 810.975280762 834.005004883 848.809875488
838.940002441 810.975280762 837.29498291 848.809875488
840.584960938 810.975280762 837.29498291 852.09979248
840.584960938 810.975280762 835.650024414 848.809875488
834.005004883 810.975280762 835.650024414 843.874938965
838.940002441 810.975280762 834.005004883 845.519897461
834.005004883 807.68536377 837.29498291 852.09979248
843.874938965 809.330322266 837.29498291 840.584960938
847.164855957 807.68536377 834.005004883 837.29498291
852.09979248 809.330322266 835.650024414 830.715087891
860.324707031 812.620300293 834.005004883 835.650024414
863.614685059 812.620300293 832.360046387 840.584960938
868.549621582 812.620300293 832.360046387 840.584960938
863.614685059 810.975280762 830.715087891 834.005004883
850.454833984 812.620300293 834.005004883 840.584960938
840.584960938 810.975280762 838.940002441 848.809875488
834.005004883 809.330322266 838.940002441 850.454833984
837.29498291 806.040344238 837.29498291 848.809875488
842.229919434 806.040344238 837.29498291 848.809875488
840.584960938 806.040344238 835.650024414 845.519897461
835.650024414 807.68536377 834.005004883 842.229919434
829.070068359 810.975280762 835.650024414 842.229919434
829.070068359 809.330322266 837.29498291 838.940002441
829.070068359 809.330322266 835.650024414 838.940002441
834.005004883 810.975280762 838.940002441 840.584960938
832.360046387 809.330322266 835.650024414 834.005004883
832.360046387 809.330322266 834.005004883 835.650024414
838.940002441 807.68536377 837.29498291 835.650024414
830.715087891 806.040344238 830.715087891 835.650024414
829.070068359 807.68536377 830.715087891 837.29498291
827.425109863 806.040344238 832.360046387 832.360046387
822.49017334 807.68536377 832.360046387 830.715087891
824.135131836 806.040344238 834.005004883 834.005004883
825.780151367 804.395385742 834.005004883 832.360046387
820.845214844 806.040344238 832.360046387 834.005004883
829.070068359 804.395385742 834.005004883 835.650024414
827.425109863 807.68536377 832.360046387 829.070068359
827.425109863 809.330322266 832.360046387 838.940002441
829.070068359 812.620300293 834.005004883 838.940002441
827.425109863 810.975280762 832.360046387 830.715087891
824.135131836 810.975280762 832.360046387 830.715087891
824.135131836 812.620300293 832.360046387 829.070068359
827.425109863 810.975280762 830.715087891 834.005004883
824.135131836 812.620300293 832.360046387 832.360046387
829.070068359 814.265258789 830.715087891 827.425109863
820.845214844 814.265258789 830.715087891 835.650024414
820.845214844 815.91027832 829.070068359 835.650024414
822.49017334 815.91027832 830.715087891 840.584960938
829.070068359 819.200195312 834.005004883 842.229919434
829.070068359 820.845214844 835.650024414 832.360046387
825.780151367 820.845214844 838.940002441 832.360046387
832.360046387 820.845214844 837.29498291 838.940002441
834.005004883 819.200195312 838.940002441 842.229919434
837.29498291 820.845214844 837.29498291 842.229919434
834.005004883 819.200195312 838.940002441 842.229919434
825.780151367 817.555236816 838.940002441 834.005004883
827.425109863 814.265258789 838.940002441 835.650024414
825.780151367 815.91027832 840.584960938 835.650024414
822.49017334 814.265258789 837.29498291 838.940002441
827.425109863 814.265258789 837.29498291 838.940002441
834.005004883 815.91027832 837.29498291 834.005004883
838.940002441 817.555236816 838.940002441 837.29498291
843.874938965 817.555236816 838.940002441 843.874938965
838.940002441 815.91027832 840.584960938 843.874938965
837.29498291 814.265258789 838.940002441 847.164855957
840.584960938 814.265258789 838.940002441 842.229919434
834.005004883 817.555236816 837.29498291 840.584960938
837.29498291 817.555236816 837.29498291 838.940002441
838.940002441 817.555236816 838.940002441 845.519897461
838.940002441 817.555236816 840.584960938 842.229919434
838.940002441 817.555236816 840.584960938 847.164855957
835.650024414 817.555236816 838.940002441 843.874938965
825.780151367 812.620300293 835.650024414 837.29498291
835.650024414 812.620300293 835.650024414 843.874938965
829.070068359 812.620300293 840.584960938 837.29498291
832.360046387 810.975280762 843.874938965 845.519897461
832.360046387 812.620300293 843.874938965 847.164855957
830.715087891 810.975280762 843.874938965 845.519897461
834.005004883 810.975280762 840.584960938 847.164855957
834.005004883 814.265258789 847.164855957 853.744812012
835.650024414 814.265258789 845.519897461 850.454833984
830.715087891 814.265258789 843.874938965 850.454833984
832.360046387 812.620300293 845.519897461 847.164855957
838.940002441 812.620300293 847.164855957 847.164855957
843.874938965 815.91027832 847.164855957 853.744812012
843.874938965 815.91027832 847.164855957 861.969726562
840.584960938 815.91027832 843.874938965 857.034729004
830.715087891 812.620300293 842.229919434 852.09979248
837.29498291 812.620300293 845.519897461 847.164855957
834.005004883 814.265258789 845.519897461 850.454833984
835.650024414 814.265258789 842.229919434 857.034729004
845.519897461 817.555236816 843.874938965 855.389770508
842.229919434 817.555236816 845.519897461 852.09979248
843.874938965 817.555236816 847.164855957 843.874938965
838.940002441 817.555236816 848.809875488 853.744812012
837.29498291 817.555236816 847.164855957 853.744812012
842.229919434 819.200195312 845.519897461 852.09979248
842.229919434 817.555236816 845.519897461 853.744812012
840.584960938 814.265258789 842.229919434 848.809875488
830.715087891 812.620300293 847.164855957 847.164855957
827.425109863 814.265258789 845.519897461 847.164855957
830.715087891 815.91027832 848.809875488 847.164855957
827.425109863 817.555236816 848.809875488 842.229919434
830.715087891 815.91027832 843.874938965 842.229919434
835.650024414 817.555236816 845.519897461 838.940002441
838.940002441 815.91027832 845.519897461 845.519897461
838.940002441 814.265258789 847.164855957 852.09979248
840.584960938 815.91027832 847.164855957 847.164855957
837.29498291 814.265258789 843.874938965 845.519897461
834.005004883 815.91027832 845.519897461 852.09979248
837.29498291 817.555236816 843.874938965 850.454833984
838.940002441 817.555236816 843.874938965 858.679748535
842.229919434 815.91027832 845.519897461 852.09979248
843.874938965 817.555236816 842.229919434 845.519897461
848.809875488 819.200195312 838.940002441 852.09979248
848.809875488 822.49017334 834.005004883 852.09979248
845.519897461 824.135131836 834.005004883 847.164855957
845.519897461 819.200195312 837.29498291 845.519897461
842.229919434 819.200195312 835.650024414 850.454833984
840.584960938 817.555236816 837.29498291 845.519897461
838.940002441 814.265258789 834.005004883 845.519897461
827.425109863 815.91027832 835.650024414 845.519897461
832.360046387 814.265258789 838.940002441 840.584960938
829.070068359 814.265258789 838.940002441 850.454833984
829.070068359 815.91027832 840.584960938 850.454833984
829.070068359 815.91027832 835.650024414 847.164855957
838.940002441 812.620300293 840.584960938 853.744812012
845.519897461 812.620300293 843.874938965 852.09979248
842.229919434 815.91027832 845.519897461 861.969726562
845.519897461 817.555236816 845.519897461 860.324707031
842.229919434 820.845214844 840.584960938 852.09979248
838.940002441 820.845214844 837.29498291 842.229919434
835.650024414 819.200195312 837.29498291 842.229919434
830.715087891 817.555236816 840.584960938 845.519897461
829.070068359 817.555236816 840.584960938 850.454833984
834.005004883 817.555236816 842.229919434 855.389770508
843.874938965 817.555236816 838.940002441 848.809875488
845.519897461 817.555236816 835.650024414 842.229919434
842.229919434 820.845214844 837.29498291 843.874938965
843.874938965 822.49017334 835.650024414 850.454833984
840.584960938 819.200195312 838.940002441 847.164855957
842.229919434 817.555236816 838.940002441 848.809875488
842.229919434 815.91027832 837.29498291 852.09979248
845.519897461 817.555236816 835.650024414 842.229919434
835.650024414 815.91027832 837.29498291 840.584960938
838.940002441 819.200195312 835.650024414 835.650024414
842.229919434 819.200195312 834.005004883 832.360046387
838.940002441 817.555236816 832.360046387 832.360046387
838.940002441 817.555236816 832.360046387 830.715087891
835.650024414 815.91027832 837.29498291 837.29498291
835.650024414 812.620300293 838.940002441 838.940002441
832.360046387 812.620300293 837.29498291 840.584960938
825.780151367 812.620300293 837.29498291 838.940002441
827.425109863 812.620300293 837.29498291 842.229919434
825.780151367 815.91027832 837.29498291 843.874938965
837.29498291 815.91027832 838.940002441 845.519897461
843.874938965 815.91027832 838.940002441 847.164855957
842.229919434 815.91027832 837.29498291 847.164855957
835.650024414 817.555236816 837.29498291 847.164855957
840.584960938 819.200195312 835.650024414 848.809875488
838.940002441 819.200195312 835.650024414 843.874938965
840.584960938 824.135131836 832.360046387 843.874938965
853.744812012 827.425109863 827.425109863 866.904663086
857.034729004 825.780151367 830.715087891 875.129516602
835.650024414 819.200195312 845.519897461 861.969726562
810.975280762 810.975280762 850.454833984 832.360046387
806.040344238 812.620300293 850.454833984 832.360046387
796.170471191 812.620300293 847.164855957 824.135131836
794.525512695 814.265258789 847.164855957 820.845214844
787.945556641 809.330322266 853.744812012 801.105407715
781.365661621 806.040344238 855.389770508 789.590576172
763.270874023 804.395385742 857.034729004 783.010620117
763.270874023 797.815490723 850.454833984 773.14074707
768.205810547 797.815490723 848.809875488 764.91583252
743.53112793 797.815490723 853.744812012 740.241149902
746.821105957 796.170471191 858.679748535 745.176086426
738.596191406 797.815490723 853.744812012 759.980895996
738.596191406 796.170471191 860.324707031 779.720703125
743.53112793 796.170471191 858.679748535 783.010620117
763.270874023 801.105407715 853.744812012 802.750427246
761.625915527 801.105407715 858.679748535 804.395385742
768.205810547 804.395385742 860.324707031 799.460449219
779.720703125 804.395385742 855.389770508 814.265258789
783.010620117 807.68536377 857.034729004 819.200195312
784.655639648 807.68536377 857.034729004 825.780151367
784.655639648 806.040344238 852.09979248 835.650024414
794.525512695 809.330322266 852.09979248 834.005004883
804.395385742 810.975280762 850.454833984 838.940002441
