a 0.147533044219 0.179045364261 0.202636256814 0.276333719492
b 0.041027456522 0.0492755621672 0.147105455399 0.0745445340872
d 0.475640892982 0.555178046227 0.319927036762 0.36596134305
g 0.0320263318717 0.0532575286925 0.119670897722 0.0565359815955
t 0.303772270679 0.16324351728 0.210660353303 0.226624444127
h 1.0 1.0 1.0 1.0
c 0.545003950596 0 0 0
Aa 1.13990676403 0.385153859854 0.377232402563 1.35080945492
Ab 0.584092080593 -0.175177633762 0.238144025207 0.781791388988
Ad 1.64829671383 0.876623034477 0.5755661726 1.47281074524
Ag 0.476524680853 -0.141428217292 0.148503810167 0.661700487137
At 1.45356559753 0.345026701689 0.394098073244 1.26468229294
as 0.825242698193 0.560000002384 0.550724625587 1.0
bs 0.645161271095 0.264705896378 0.714285731316 0.800000011921
ds 1.0 0.245762705803 0.278911560774 0.964285731316
gs 1.0 1.0 0.657142877579 1.0
ts 1.0 0.410714298487 0.470149248838 0.94482755661
a 0.160816073418 0.178659513593 0.18337868154 0.274144113064
b 0.039842966944 0.0451755560935 0.145276457071 0.0749264359474
d 0.461876779795 0.55609691143 0.335077404976 0.370201140642
g 0.0307218004018 0.0493373312056 0.11116258055 0.055434204638
t 0.306742370129 0.17073071003 0.225104868412 0.225294098258
h 1.0 1.0 1.0 1.0
c 0.561703979969 0 0 0
Aa 1.1925984621 0.42639490962 0.358537793159 1.35080945492
Ab 0.586620628834 -0.170727744699 0.25738415122 0.787465572357
Ad 1.65079510212 0.91951918602 0.620334088802 1.48126828671
Ag 0.473715573549 -0.132455587387 0.141147553921 0.656608343124
At 1.47304272652 0.406680375338 0.447573840618 1.26558029652
as 0.873786389828 0.61333334446 0.53623187542 1.0
bs 0.645161271095 0.29411765933 0.785714268684 0.800000011921
ds 1.0 0.288135588169 0.312925159931 0.971428573132
gs 1.0 1.0 0.62857145071 1.0
ts 1.0 0.464285701513 0.51492536068 0.94482755661
a 0.1843816787 0.180966511369 0.167340472341 0.270196288824
b 0.0387150719762 0.0406730398536 0.142588436604 0.0742099061608
d 0.439536750317 0.550253331661 0.349969297647 0.378190219402
g 0.0282956603914 0.0442360416055 0.101440288126 0.0539001338184
t 0.309070825577 0.183871045709 0.238661497831 0.22350345552
h 1.0 1.0 1.0 1.0
c 0.578403949738 0 0 0
Aa 1.27803611755 0.487459272146 0.352692961693 1.35766816139
Ab 0.600198447704 -0.160832330585 0.283176273108 0.796450674534
Ad 1.65531361103 0.97042375803 0.673121929169 1.50369906425
Ag 0.464038193226 -0.124362677336 0.135302424431 0.657578647137
At 1.50237643719 0.494374424219 0.506874322891 1.27527296543
as 0.951456308365 0.69333332777 0.521739125252 1.0
bs 0.709677398205 0.323529422283 0.857142865658 0.833333313465
ds 1.0 0.330508470535 0.349315077066 0.985714256763
gs 1.0 1.0 0.600000023842 1.0
ts 1.0 0.544642865658 0.54545456171 0.951724112034
a 0.193535625935 0.173157453537 0.149229854345 0.268099069595
b 0.0381940826774 0.0367123931646 0.13910381496 0.0711518675089
d 0.429195433855 0.548283219337 0.368677258492 0.391594022512
g 0.0259530059993 0.0393780954182 0.0921894162893 0.0518520250916
t 0.313121855259 0.202468842268 0.250799655914 0.21730299294
h 1.0 1.0 1.0 1.0
c 0.59485834837 0 0 0
Aa 1.32356619835 0.524044334888 0.34429705143 1.38026916981
Ab 0.618801355362 -0.149584174156 0.313780397177 0.804160118103
Ad 1.66946041584 1.02460813522 0.737087726593 1.54480993748
Ag 0.450992941856 -0.11914215982 0.135122403502 0.666739583015
At 1.53251862526 0.591961324215 0.569768249989 1.28903961182
as 1.0 0.746666669846 0.507246375084 1.0
bs 0.774193525314 0.352941185236 0.964285731316 0.866666674614
ds 1.0 0.376068383455 0.390410959721 1.0
gs 0.970588207245 1.0 0.600000023842 1.0
ts 1.0 0.633928596973 0.598484873772 0.965517222881
a 0.191765487194 0.158742457628 0.134051248431 0.254194676876
b 0.0383456200361 0.0331209860742 0.134249746799 0.0680372193456
d 0.432580888271 0.551746249199 0.388877689838 0.418221801519
g 0.0244763437659 0.0351991653442 0.0843506529927 0.051063708961
t 0.312831640244 0.221191138029 0.258470654488 0.208482563496
h 1.0 1.0 1.0 1.0
c 0.611067175865 0 0 0
Aa 1.33571887016 0.536355495453 0.342172861099 1.38026916981
Ab 0.636664271355 -0.144234329462 0.342815458775 0.807849287987
Ad 1.68901586533 1.07740187645 0.804715037346 1.59650933743
Ag 0.441695034504 -0.117805182934 0.140990450978 0.683215081692
At 1.54825913906 0.680430173874 0.627313196659 1.2941724062
as 1.0 0.759999990463 0.507246375084 1.0
bs 0.806451618671 0.352941185236 1.0 0.899999976158
ds 1.0 0.413793116808 0.438356161118 1.0
gs 0.941176474094 1.0 0.62857145071 1.0
ts 1.0 0.72072070837 0.636363625526 0.972222208977
a 0.192292943597 0.143406257033 0.127048030496 0.244029894471
b 0.0378215201199 0.0296454746276 0.127468913794 0.0648097172379
d 0.43919685483 0.559557080269 0.407952040434 0.446805715561
g 0.0241858270019 0.0314966849983 0.0776832103729 0.0513379946351
t 0.306502878666 0.23589451611 0.259847819805 0.193016678095
h 1.0 1.0 1.0 1.0
c 0.627030432224 0 0 0
Aa 1.33571887016 0.536355495453 0.362999171019 1.38026916981
Ab 0.629494547844 -0.148254171014 0.364435553551 0.804466307163
Ad 1.69441473484 1.12763178349 0.869640350342 1.64294493198
Ag 0.435316503048 -0.121947750449 0.149358436465 0.703265070915
At 1.53819012642 0.752505242825 0.673750281334 1.27842104435
as 1.0 0.759999990463 0.53623187542 1.0
bs 0.806451618671 0.352941185236 1.0 0.866666674614
ds 1.0 0.456896543503 0.486301362514 1.0
gs 0.911764681339 1.0 0.657142877579 1.0
ts 1.0 0.783783793449 0.679389297962 0.965277791023
a 0.195407167077 0.132556989789 0.14036475122 0.241709619761
b 0.0380686968565 0.0262921210378 0.116980344057 0.0653833672404
d 0.448892533779 0.568066716194 0.420184969902 0.458606302738
g 0.0245105661452 0.0278041958809 0.0699689015746 0.0534651987255
t 0.293121039867 0.245279997587 0.252501040697 0.180835515261
h 1.0 1.0 1.0 1.0
c 0.642993688583 0 0 0
Aa 1.33571887016 0.544848263264 0.456877112389 1.36007034779
Ab 0.625346422195 -0.157728746533 0.377731919289 0.792243719101
Ad 1.69692087173 1.17684495449 0.933059513569 1.63821649551
Ag 0.434131771326 -0.133444011211 0.154524102807 0.704847633839
At 1.51182544231 0.812107801437 0.71188223362 1.23406016827
as 1.0 0.773333311081 0.666666686535 1.0
bs 0.774193525314 0.323529422283 1.0 0.833333313465
ds 1.0 0.5 0.527397274971 1.0
gs 0.911764681339 1.0 0.676470577717 1.0
ts 1.0 0.837837815285 0.709923684597 0.930555582047
a 0.199459895492 0.12455483526 0.149599328637 0.220452189445
b 0.0390456244349 0.0235670208931 0.106478236616 0.0677666813135
d 0.459976792336 0.576807796955 0.43780246377 0.485346704721
g 0.0252860710025 0.0239758826792 0.0622354485095 0.0576995462179
t 0.276231616735 0.251094430685 0.243884518743 0.168734878302
h 1.0 1.0 1.0 1.0
c 0.659202456474 0 0 0
Aa 1.33571887016 0.561843931675 0.535309493542 1.28860795498
Ab 0.627435684204 -0.161211967468 0.387640744448 0.776309669018
Ad 1.69859921932 1.22751450539 1.00165808201 1.63134551048
Ag 0.438744664192 -0.153742074966 0.154417708516 0.706465899944
At 1.47713673115 0.866320431232 0.747564077377 1.17249834538
as 1.0 0.800000011921 0.782608687878 0.939999997616
bs 0.774193525314 0.323529422283 1.0 0.766666650772
ds 1.0 0.547826111317 0.579310357571 1.0
gs 0.941176474094 0.973684191704 0.676470577717 1.0
ts 0.9765625 0.882882893085 0.732824444771 0.888888895512
a 0.200757578015 0.120718121529 0.14623862505 0.208458676934
b 0.0401932895184 0.0218322277069 0.0978860631585 0.0685022249818
d 0.471534222364 0.583824157715 0.464107453823 0.508091449738
g 0.0258528329432 0.0202351920307 0.0553062111139 0.0606017298996
t 0.261662065983 0.253390282393 0.236461669207 0.154345944524
h 1.0 1.0 1.0 1.0
c 0.67541128397 0 0 0
Aa 1.33571887016 0.594555556774 0.574435770512 1.24486505985
Ab 0.637200534344 -0.148118853569 0.400094538927 0.761549770832
Ad 1.7065602541 1.27906513214 1.0759922266 1.63178706169
Ag 0.445555120707 -0.181109562516 0.152147591114 0.708330154419
At 1.45078778267 0.916573107243 0.783134460449 1.11434030533
as 1.0 0.839999973774 0.840579688549 0.888888895512
bs 0.806451618671 0.352941185236 1.0 0.733333349228
ds 1.0 0.600000023842 0.627586185932 1.0
gs 0.941176474094 0.921052634716 0.666666686535 1.0
ts 0.9609375 0.927927911282 0.769230782986 0.847222208977
a 0.196758925915 0.113762997091 0.133482888341 0.205941945314
b 0.0406776927412 0.0212871618569 0.0919709652662 0.0666345655918
d 0.483027338982 0.592966139317 0.493472456932 0.523561239243
g 0.0255378577858 0.0172776747495 0.0501876249909 0.0607471875846
t 0.253998190165 0.254706025124 0.23088607192 0.14311504364
h 1.0 1.0 1.0 1.0
c 0.692111313343 0 0 0
Aa 1.33571887016 0.609148800373 0.5787358284 1.24213969707
Ab 0.651140809059 -0.118734464049 0.416960954666 0.752094507217
Ad 1.72575616837 1.32617771626 1.14657306671 1.64736247063
Ag 0.448968946934 -0.209366932511 0.153906852007 0.711921095848
At 1.44661509991 0.959186971188 0.816707968712 1.08408021927
as 1.0 0.866666674614 0.855072438717 0.887755095959
bs 0.870967745781 0.441176474094 1.0 0.699999988079
ds 1.0 0.631578922272 0.675862073898 1.0
gs 1.0 0.842105269432 0.666666686535 1.0
ts 0.953125 0.972972989082 0.792307674885 0.826388895512
a 0.188847720623 0.106250055134 0.122993268073 0.197821348906
b 0.0404959358275 0.0213895626366 0.0882992446423 0.06389888376
d 0.493262499571 0.603313148022 0.516830742359 0.539226651192
g 0.0242008008063 0.0153178758919 0.0473354272544 0.059265255928
t 0.253193050623 0.253729373217 0.224541291595 0.139787822962
h 1.0 1.0 1.0 1.0
c 0.708558261395 0 0 0
Aa 1.33571887016 0.609269320965 0.5787358284 1.24213969707
Ab 0.667018651962 -0.0868579149246 0.434811472893 0.751359820366
Ad 1.75268530846 1.36348295212 1.20220279694 1.67763793468
Ag 0.443436920643 -0.231861278415 0.164040789008 0.718666732311
At 1.46305894852 0.987310886383 0.840150713921 1.09133589268
as 1.0 0.866666674614 0.855072438717 0.887755095959
bs 0.903225779533 0.529411792755 1.0 0.699999988079
ds 1.0 0.666666686535 0.722222208977 1.0
gs 0.969696998596 0.789473712444 0.696969687939 1.0
ts 0.96875 0.990909099579 0.815384626389 0.832167804241
a 0.180994391441 0.101884834468 0.117236718535 0.186199083924
b 0.0403332673013 0.0217606909573 0.0870494171977 0.0611762367189
d 0.500338554382 0.612977266312 0.530155181885 0.555031478405
g 0.0223101172596 0.0141985984519 0.0469312667847 0.0571671538055
t 0.256023705006 0.249178603292 0.218627393246 0.140426039696
h 1.0 1.0 1.0 1.0
c 0.724499166012 0 0 0
Aa 1.33571887016 0.609269320965 0.578289449215 1.24213969707
Ab 0.683717191219 -0.061167512089 0.448991626501 0.758744955063
Ad 1.77731776237 1.38860416412 1.23362874985 1.71647977829
Ag 0.426555663347 -0.246594727039 0.18068805337 0.729308784008
At 1.48633396626 0.997670531273 0.848930358887 1.11960983276
as 1.0 0.866666674614 0.855072438717 0.887755095959
bs 1.0 0.617647051811 1.0 0.733333349228
ds 1.0 0.692982435226 0.743055582047 1.0
gs 0.909090936184 0.736842095852 0.757575750351 1.0
ts 0.984375 1.0 0.82307690382 0.853146851063
a 0.175764396787 0.100047253072 0.114790484309 0.174110412598
b 0.0411724634469 0.022102387622 0.0874589309096 0.0589934326708
d 0.500090420246 0.620890974998 0.535774409771 0.567977488041
g 0.0203687660396 0.0136291123927 0.0480204373598 0.0551164150238
t 0.262603968382 0.243330270052 0.213955745101 0.143802255392
h 1.0 1.0 1.0 1.0
c 0.739934027195 0 0 0
Aa 1.33571887016 0.609269320965 0.575703263283 1.24213969707
Ab 0.705394864082 -0.0464966483414 0.457601517439 0.77211868763
Ad 1.78983652592 1.40207946301 1.24477934837 1.75564610958
Ag 0.399752765894 -0.256468266249 0.197223484516 0.742595911026
At 1.51008927822 0.995260298252 0.846121311188 1.15908062458
as 1.0 0.866666674614 0.840579688549 0.887755095959
bs 1.0 0.647058844566 1.0 0.766666650772
ds 1.0 0.701754391193 0.75 1.0
gs 0.848484873772 0.710526287556 0.818181812763 1.0
ts 1.0 1.0 0.813953459263 0.881118893623
a 0.172435313463 0.098356358707 0.11398538202 0.162439852953
b 0.0436019934714 0.0221005883068 0.0875569060445 0.0574958957732
d 0.489320755005 0.626020312309 0.536764919758 0.577436327934
g 0.0187249146402 0.0130774956197 0.0487819351256 0.0534383133054
t 0.27591702342 0.240445241332 0.212910845876 0.149189591408
h 1.0 1.0 1.0 1.0
c 0.754609763622 0 0 0
Aa 1.33571887016 0.609269320965 0.575703263283 1.24213969707
Ab 0.738599061966 -0.0391292609274 0.461144506931 0.791083991528
Ad 1.78868639469 1.41305530071 1.24863827229 1.79295122623
Ag 0.371512591839 -0.267008513212 0.207113131881 0.759299874306
At 1.53987121582 0.997483074665 0.847051858902 1.20518565178
as 1.0 0.866666674614 0.840579688549 0.887755095959
bs 1.0 0.696969687939 1.0 0.833333313465
ds 1.0 0.716814160347 0.762237787247 1.0
gs 0.757575750351 0.684210538864 0.818181812763 1.0
ts 1.0 1.0 0.813953459263 0.909090936184
a 0.16775290668 0.0935520455241 0.111308790743 0.150425463915
b 0.0471710823476 0.0212725698948 0.0845207199454 0.0560817010701
d 0.471118509769 0.630248427391 0.537826776505 0.585756719112
g 0.0173463393003 0.0120245907456 0.0472866743803 0.0519362799823
t 0.29661116004 0.242902383208 0.219057023525 0.155799821019
h 4.0 1.0 1.0 1.0
c 0.76877951622 0 0 0
Aa 1.33571887016 0.609269320965 0.58051854372 1.24213969707
Ab 0.784724712372 -0.0339640043676 0.460952311754 0.813639581203
Ad 1.78417909145 1.43772780895 1.26463150978 1.8325356245
Ag 0.350256711245 -0.281713664532 0.208727881312 0.780289232731
At 1.58323633671 1.02364778519 0.874546289444 1.25738537312
as 1.0 0.866666674614 0.855072438717 0.887755095959
bs 1.0 0.696969687939 1.0 0.899999976158
ds 1.0 0.734513282776 0.765957474709 1.0
gs 0.696969687939 0.657894730568 0.848484873772 1.0
ts 1.0 1.0 0.837209284306 0.944055914879
a 0.159825325012 0.0844001844525 0.118610575795 0.137877717614
b 0.0505115017295 0.0193806160241 0.0759573429823 0.054158847779
d 0.454302996397 0.637001156807 0.53451859951 0.596278071404
g 0.0162946805358 0.0104210814461 0.0424608066678 0.0505716949701
t 0.319065481424 0.248796969652 0.228452697396 0.161113664508
h 4.0 1.0 1.0 1.0
c 0.782696127892 0 0 0
Aa 1.33571887016 0.609269320965 0.650297701359 1.24213969707
Ab 0.835463583469 -0.0297065135092 0.456744045019 0.836315095425
Ad 1.78941893578 1.48706614971 1.30413711071 1.87809455395
Ag 0.34411919117 -0.299161285162 0.204162478447 0.806553184986
At 1.63595318794 1.07877099514 0.93497055769 1.30977809429
as 1.0 0.866666674614 0.955882370472 0.887755095959
bs 1.0 0.727272748947 1.0 0.966666638851
ds 1.0 0.778761088848 0.794326245785 1.0
gs 0.666666686535 0.60526317358 0.818181812763 1.0
ts 1.0 1.0 0.879999995232 0.985915482044
a 0.159825325012 0.0732439905405 0.111029207706 0.124684803188
b 0.0505115017295 0.0169122517109 0.0655219256878 0.0515328086913
d 0.454302996397 0.645829737186 0.54327583313 0.612268984318
g 0.0162946805358 0.00870263017714 0.0368011556566 0.0495856702328
t 0.319065481424 0.255311399698 0.243371888995 0.161927744746
h 4.0 1.0 1.0 1.0
c 0.796612799168 0 0 0
Aa 1.33571887016 0.609269320965 0.676172852516 1.23799288273
Ab 0.835463583469 -0.0273012463003 0.447122246027 0.85426312685
Ad 1.78941893578 1.55461537838 1.36575603485 1.9291216135
Ag 0.34411919117 -0.315852165222 0.196597069502 0.837535500526
At 1.63595318794 1.15156757832 1.01700603962 1.35150063038
as 1.0 0.866666674614 0.985294103622 0.877551019192
bs 1.0 0.727272748947 1.0 1.0
ds 1.0 0.840707957745 0.836879432201 1.0
gs 0.666666686535 0.552631556988 0.787878811359 1.0
ts 1.0 1.0 0.944000005722 1.0
a 0.159825325012 0.0598418936133 0.099899508059 0.124684803188
b 0.0505115017295 0.0145386960357 0.0545970275998 0.0515328086913
d 0.454302996397 0.655462443829 0.557990550995 0.612268984318
g 0.0162946805358 0.00730625446886 0.0311653520912 0.0495856702328
t 0.319065481424 0.262850731611 0.256347566843 0.161927744746
h 4.0 1.0 1.0 1.0
c 0.810529470444 0 0 0
Aa 1.33571887016 0.583618342876 0.69278216362 1.23799288273
Ab 0.835463583469 -0.0308615267277 0.430387824774 0.85426312685
Ad 1.78941893578 1.62316083908 1.43984568119 1.9291216135
Ag 0.34411919117 -0.329692184925 0.186890870333 0.837535500526
At 1.63595318794 1.22632217407 1.10204803944 1.35150063038
as 1.0 0.826666653156 1.0 0.877551019192
bs 1.0 0.727272748947 1.0 1.0
ds 1.0 0.902654886246 0.893617033958 1.0
gs 0.666666686535 0.526315808296 0.757575750351 1.0
ts 1.0 1.0 1.0 1.0
a 0.159825325012 0.0472174473107 0.0868707373738 0.124684803188
b 0.0505115017295 0.0127123398706 0.0449333898723 0.0515328086913
d 0.454302996397 0.661645829678 0.576573908329 0.612268984318
g 0.0162946805358 0.00633445987478 0.0263149030507 0.0495856702328
t 0.319065481424 0.272089898586 0.265307068825 0.161927744746
h 4.0 1.0 1.0 1.0
c 0.82444614172 0 0 0
Aa 1.33571887016 0.530712306499 0.692337989807 1.23799288273
Ab 0.835463583469 -0.0391646511853 0.406033694744 0.85426312685
Ad 1.78941893578 1.67723548412 1.51431941986 1.9291216135
Ag 0.34411919117 -0.341680556536 0.173666268587 0.837535500526
At 1.63595318794 1.29132223129 1.1772133112 1.35150063038
as 1.0 0.759999990463 1.0 0.877551019192
bs 1.0 0.696969687939 1.0 1.0
ds 1.0 0.946428596973 0.943262398243 1.0
gs 0.666666686535 0.5 0.727272748947 1.0
ts 1.0 1.0 1.0 1.0
a 0.159825325012 0.0413023233414 0.0765456035733 0.124684803188
b 0.0505115017295 0.0115077774972 0.0373353399336 0.0515328086913
d 0.454302996397 0.65845811367 0.593832433224 0.612268984318
g 0.0162946805358 0.00571474386379 0.0224802587181 0.0495856702328
t 0.319065481424 0.283017069101 0.269806355238 0.161927744746
h 4.0 1.0 1.0 1.0
c 0.838362812996 0 0 0
Aa 1.33571887016 0.506539821625 0.688394665718 1.23799288273
Ab 0.835463583469 -0.048443198204 0.376594513655 0.85426312685
Ad 1.78941893578 1.7090934515 1.57813835144 1.9291216135
Ag 0.34411919117 -0.352437883615 0.156275734305 0.837535500526
At 1.63595318794 1.34237802029 1.23552656174 1.35150063038
as 1.0 0.716216206551 1.0 0.877551019192
bs 1.0 0.666666686535 0.941176474094 1.0
ds 1.0 0.982142865658 0.98581558466 1.0
gs 0.666666686535 0.473684221506 0.666666686535 1.0
ts 1.0 1.0 1.0 1.0
a 0.159825325012 0.0397458709776 0.070050753653 0.124684803188
b 0.0505115017295 0.0109377000481 0.0319774746895 0.0515328086913
d 0.454302996397 0.649567008018 0.60648649931 0.612268984318
g 0.0162946805358 0.00538589432836 0.0197468977422 0.0495856702328
t 0.319065481424 0.294363558292 0.271738380194 0.161927744746
h 1.0 1.0 1.0 1.0
c 0.852279484272 0 0 0
Aa 1.33571887016 0.506539821625 0.686194479465 1.23799288273
Ab 0.835463583469 -0.0538262017071 0.34562587738 0.85426312685
Ad 1.78941893578 1.71987175941 1.62360286713 1.9291216135
Ag 0.34411919117 -0.361494392157 0.136280551553 0.837535500526
At 1.63595318794 1.37613177299 1.27493274212 1.35150063038
as 1.0 0.716216206551 0.98507463932 0.877551019192
bs 1.0 0.636363625526 0.852941155434 1.0
ds 1.0 0.991071403027 1.0 1.0
gs 0.666666686535 0.44736841321 0.606060624123 1.0
ts 1.0 1.0 1.0 1.0
a 0.159825325012 0.0396100468934 0.0667614415288 0.124684803188
b 0.0505115017295 0.0109020126984 0.0285050589591 0.0515328086913
d 0.454302996397 0.639779984951 0.613607704639 0.612268984318
g 0.0162946805358 0.00530705833808 0.0180473998189 0.0495856702328
t 0.319065481424 0.304400861263 0.273078411818 0.161927744746
h 1.0 1.0 1.0 1.0
c 0.866196155548 0 0 0
Aa 1.33571887016 0.506539821625 0.684119403362 1.23799288273
Ab 0.835463583469 -0.0537588708103 0.314515650272 0.85426312685
Ad 1.78941893578 1.71476507187 1.64748454094 1.9291216135
Ag 0.34411919117 -0.366411685944 0.116008326411 0.837535500526
At 1.63595318794 1.3921803236 1.29588103294 1.35150063038
as 1.0 0.716216206551 0.98507463932 0.877551019192
bs 1.0 0.625 0.764705896378 1.0
ds 1.0 0.982142865658 1.0 1.0
gs 0.666666686535 0.421052634716 0.53125 1.0
ts 1.0 1.0 1.0 1.0
a 0.159825325012 0.0405137613416 0.0664111226797 0.124684803188
b 0.0505115017295 0.0112146027386 0.0261892043054 0.0515328086913
d 0.454302996397 0.63129901886 0.615069925785 0.612268984318
g 0.0162946805358 0.00545458542183 0.0171466618776 0.0495856702328
t 0.319065481424 0.311518013477 0.275183111429 0.161927744746
h 4.0 1.0 1.0 1.0
c 0.880112826824 0 0 0
Aa 1.33571887016 0.506539821625 0.684099078178 1.23799288273
Ab 0.835463583469 -0.0512788631022 0.279980510473 0.85426312685
Ad 1.78941893578 1.69917237759 1.65078270435 1.9291216135
Ag 0.34411919117 -0.364301025867 0.0960377976298 0.837535500526
At 1.63595318794 1.39242041111 1.30147993565 1.35150063038
as 1.0 0.716216206551 0.98507463932 0.877551019192
bs 1.0 0.65625 0.676470577717 1.0
ds 1.0 0.973214268684 1.0 1.0
gs 0.666666686535 0.421052634716 0.483870953321 1.0
ts 1.0 1.0 1.0 1.0
a 0.159825325012 0.042137503624 0.0667459443212 0.124684803188
b 0.0505115017295 0.011647420004 0.0242588613182 0.0515328086913
d 0.454302996397 0.624029278755 0.613214194775 0.612268984318
g 0.0162946805358 0.00578362168744 0.0166694037616 0.0495856702328
t 0.319065481424 0.316402167082 0.279111593962 0.161927744746
h 4.0 1.0 1.0 1.0
c 0.8940294981 0 0 0
Aa 1.33571887016 0.506539821625 0.675400853157 1.23799288273
Ab 0.835463583469 -0.0518992580473 0.235846400261 0.85426312685
Ad 1.78941893578 1.67707598209 1.63858819008 1.9291216135
Ag 0.34411919117 -0.355929136276 0.0728960111737 0.837535500526
At 1.63595318794 1.38211047649 1.29675388336 1.35150063038
as 1.0 0.716216206551 0.970149278641 0.877551019192
bs 1.0 0.65625 0.54545456171 1.0
ds 1.0 0.946428596973 1.0 1.0
gs 0.666666686535 0.432432442904 0.419354826212 1.0
ts 1.0 1.0 1.0 1.0
a 0.159825325012 0.0409351885319 0.0689613670111 0.124684803188
b 0.0505115017295 0.0120007712394 0.0221941061318 0.0515328086913
d 0.454302996397 0.619885981083 0.608685314655 0.612268984318
g 0.0162946805358 0.00626024836674 0.0161464400589 0.0495856702328
t 0.319065481424 0.320917785168 0.284012794495 0.161927744746
h 4.0 1.0 1.0 1.0
c 0.907946169376 0 0 0
Aa 1.33571887016 0.472346246243 0.672630786896 1.23799288273
Ab 0.835463583469 -0.0605413913727 0.180262565613 0.85426312685
Ad 1.78941893578 1.65256130695 1.61841773987 1.9291216135
Ag 0.34411919117 -0.343158990145 0.0421016849577 0.837535500526
At 1.63595318794 1.36664319038 1.28736281395 1.35150063038
as 1.0 0.671232879162 0.970149278641 0.877551019192
bs 1.0 0.625 0.39393940568 1.0
ds 1.0 0.928571403027 0.98581558466 1.0
gs 0.666666686535 0.486486494541 0.322580635548 1.0
ts 1.0 1.0 1.0 1.0
a 0.159825325012 0.0342818684876 0.0682107210159 0.124684803188
b 0.0505115017295 0.0122595075518 0.0200796034187 0.0515328086913
d 0.454302996397 0.619316518307 0.60593944788 0.612268984318
g 0.0162946805358 0.00684149703011 0.0153430793434 0.0495856702328
t 0.319065481424 0.327300608158 0.290427148342 0.161927744746
h 4.0 1.0 1.0 1.0
c 0.921862840652 0 0 0
Aa 1.33571887016 0.372527599335 0.648447573185 1.23799288273
Ab 0.835463583469 -0.0740638375282 0.11735008657 0.85426312685
Ad 1.78941893578 1.62937581539 1.59702420235 1.9291216135
Ag 0.34411919117 -0.327385723591 0.000507460732479 0.837535500526
At 1.63595318794 1.35240995884 1.27763211727 1.35150063038
as 1.0 0.534246563911 0.940298497677 0.877551019192
bs 1.0 0.5625 0.212121218443 1.0
ds 1.0 0.910714268684 0.971631228924 1.0
gs 0.666666686535 0.513513505459 0.193548381329 1.0
ts 1.0 1.0 1.0 1.0
a 0.159825325012 0.0257198736072 0.0716895833611 0.124684803188
b 0.0505115017295 0.0123901991174 0.0178434271365 0.0515328086913
d 0.454302996397 0.619343280792 0.602767646313 0.612268984318
g 0.0162946805358 0.00745273334906 0.0139863286167 0.0495856702328
t 0.319065481424 0.335093945265 0.293713033199 0.161927744746
h 4.0 1.0 1.0 1.0
c 0.935779511929 0 0 0
Aa 1.33571887016 0.229401379824 0.658178210258 1.23799288273
Ab 0.835463583469 -0.087789170444 0.0542004108429 0.85426312685
Ad 1.78941893578 1.61106395721 1.58287203312 1.9291216135
Ag 0.34411919117 -0.308551877737 -0.0515741109848 0.837535500526
At 1.63595318794 1.34429907799 1.27064538002 1.35150063038
as 1.0 0.342465758324 0.955223858356 0.877551019192
bs 1.0 0.53125 0.0 1.0
ds 1.0 0.900900900364 0.964538991451 1.0
gs 0.666666686535 0.567567586899 0.0322580635548 1.0
ts 1.0 1.0 1.0 1.0
a 0.159825325012 0.0287300869823 0.0706107914448 0.124684803188
b 0.0505115017295 0.0123233329505 0.0159022230655 0.0515328086913
d 0.454302996397 0.612881720066 0.605637073517 0.612268984318
g 0.0162946805358 0.00790137797594 0.0123919369653 0.0495856702328
t 0.319065481424 0.338163495064 0.295457988977 0.161927744746
h 4.0 1.0 1.0 1.0
c 0.949696183205 0 0 0
Aa 1.33571887016 0.27263712883 0.645729839802 1.23799288273
Ab 0.835463583469 -0.0949716120958 -0.00168340955861 0.85426312685
Ad 1.78941893578 1.60167682171 1.57907116413 1.9291216135
Ag 0.34411919117 -0.287996947765 -0.110002063215 0.837535500526
At 1.63595318794 1.34342694283 1.26735448837 1.35150063038
as 1.0 0.397260278463 0.925373136997 0.877551019192
bs 1.0 0.5 0.0 1.0
ds 1.0 0.891891896725 0.964538991451 1.0
gs 0.666666686535 0.621621608734 0.0 1.0
ts 1.0 1.0 1.0 1.0
a 0.159825325012 0.0405762009323 0.0719026774168 0.124684803188
b 0.0505115017295 0.012275272049 0.0144469831139 0.0515328086913
d 0.454302996397 0.604109466076 0.609361767769 0.612268984318
g 0.0162946805358 0.00818081386387 0.0108885355294 0.0495856702328
t 0.319065481424 0.334858238697 0.293400019407 0.161927744746
h 4.0 1.0 1.0 1.0
c 0.963612794876 0 0 0
Aa 1.33571887016 0.428020447493 0.65432459116 1.23799288273
Ab 0.835463583469 -0.091219805181 -0.0426433198154 0.85426312685
Ad 1.78941893578 1.60086476803 1.5824546814 1.9291216135
Ag 0.34411919117 -0.26745441556 -0.165451020002 0.837535500526
At 1.63595318794 1.34461009502 1.26503968239 1.35150063038
as 1.0 0.61643832922 0.940298497677 0.877551019192
bs 1.0 0.53125 0.0 1.0
ds 1.0 0.891891896725 0.964285731316 1.0
gs 0.666666686535 0.675675690174 0.0 1.0
ts 1.0 1.0 1.0 1.0
a 0.159825325012 0.0521029084921 0.075039319694 0.124684803188
b 0.0505115017295 0.0125279100612 0.0137874195352 0.0515328086913
d 0.454302996397 0.599180042744 0.613244473934 0.612268984318
g 0.0162946805358 0.0084430668503 0.00985002703965 0.0495856702328
t 0.319065481424 0.327746033669 0.288078784943 0.161927744746
h 1.0 1.0 1.0 1.0
c 0.977529466152 0 0 0
Aa 1.33571887016 0.540673315525 0.672108709812 1.23799288273
Ab 0.835463583469 -0.0783100426197 -0.0636972263455 0.85426312685
Ad 1.78941893578 1.6013686657 1.58445346355 1.9291216135
Ag 0.34411919117 -0.249688446522 -0.209742769599 0.837535500526
At 1.63595318794 1.33934879303 1.25633108616 1.35150063038
as 1.0 0.767123281956 0.984375 0.877551019192
bs 1.0 0.5625 0.0 1.0
ds 1.0 0.891891896725 0.964285731316 1.0
gs 0.666666686535 0.729729712009 0.0 1.0
ts 1.0 1.0 1.0 1.0
a 0.159825325012 0.0595486834645 0.0809530764818 0.124684803188
b 0.0505115017295 0.0133072454482 0.0142402816564 0.0515328086913
d 0.454302996397 0.597666978836 0.614602327347 0.612268984318
g 0.0162946805358 0.00886736530811 0.0095252757892 0.0495856702328
t 0.319065481424 0.320609718561 0.280679017305 0.161927744746
h 1.0 1.0 1.0 1.0
c 0.991446137428 0 0 0
Aa 1.33571887016 0.588744997978 0.694976687431 1.23799288273
Ab 0.835463583469 -0.0620390102267 -0.059738047421 0.85426312685
Ad 1.78941893578 1.59033215046 1.57533752918 1.9291216135
Ag 0.34411919117 -0.238332569599 -0.234379068017 0.837535500526
At 1.63595318794 1.31984949112 1.23495328426 1.35150063038
as 1.0 0.835616409779 1.0 0.877551019192
bs 1.0 0.625 0.0 1.0
ds 1.0 0.882882893085 0.957142829895 1.0
gs 0.666666686535 0.756756782532 0.0 1.0
ts 1.0 1.0 1.0 1.0
a 0.159825325012 0.0645654201508 0.0885682702065 0.124684803188
b 0.0505115017295 0.0147742815316 0.0162670332938 0.0515328086913
d 0.454302996397 0.596274852753 0.61243635416 0.612268984318
g 0.0162946805358 0.00962720252573 0.0101307984442 0.0495856702328
t 0.319065481424 0.314758241177 0.272597551346 0.161927744746
h 1.0 1.0 1.0 1.0
c 1.0 0 0 0
Aa 1.33571887016 0.591674685478 0.706724703312 1.23799288273
Ab 0.835463583469 -0.0488188862801 -0.0292451381683 0.85426312685
Ad 1.78941893578 1.55712127686 1.54650747776 1.9291216135
Ag 0.34411919117 -0.234825134277 -0.234909787774 0.837535500526
At 1.63595318794 1.27965188026 1.19496846199 1.35150063038
as 1.0 0.835616409779 1.0 0.877551019192
bs 1.0 0.65625 0.0 1.0
ds 1.0 0.846846818924 0.935714304447 1.0
gs 0.666666686535 0.756756782532 0.0 1.0
ts 1.0 0.99253731966 0.985185205936 1.0
a 0.159825325012 0.0730485022068 0.0987778529525 0.124684803188
b 0.0505115017295 0.0171233490109 0.020360166207 0.0515328086913
d 0.454302996397 0.591327428818 0.603745639324 0.612268984318
g 0.0162946805358 0.010892146267 0.0119362501428 0.0495856702328
t 0.319065481424 0.307608544827 0.265180081129 0.161927744746
h 1.0 1.0 1.0 1.0
c 1.0 0 0 0
Aa 1.33571887016 0.589670658112 0.704965293407 1.23799288273
Ab 0.835463583469 -0.0403519272804 0.0190870389342 0.85426312685
Ad 1.78941893578 1.49788737297 1.49115967751 1.9291216135
Ag 0.34411919117 -0.236827164888 -0.212826386094 0.837535500526
At 1.63595318794 1.21405780315 1.13384664059 1.35150063038
as 1.0 0.835616409779 1.0 0.877551019192
bs 1.0 0.6875 0.0 1.0
ds 1.0 0.792792797089 0.899999976158 1.0
gs 0.666666686535 0.756756782532 0.0 1.0
ts 1.0 0.939849615097 0.940740764141 1.0
a 0.159825325012 0.0860787555575 0.107031397521 0.124684803188
b 0.0505115017295 0.0204142909497 0.0273095350713 0.0515328086913
d 0.454302996397 0.585724234581 0.589417695999 0.612268984318
g 0.0162946805358 0.012790386565 0.0154059696943 0.0495856702328
t 0.319065481424 0.294992297888 0.260835438967 0.161927744746
h 1.0 1.0 1.0 1.0
c 1.0 0 0 0
Aa 1.33571887016 0.587729752064 0.665253460407 1.23799288273
Ab 0.835463583469 -0.0372319668531 0.0720565617085 0.85426312685
Ad 1.78941893578 1.42052698135 1.4061653614 1.9291216135
Ag 0.34411919117 -0.240282595158 -0.176568701863 0.837535500526
At 1.63595318794 1.12264442444 1.05210888386 1.35150063038
as 1.0 0.835616409779 0.953125 0.877551019192
bs 1.0 0.6875 0.114285714924 1.0
ds 1.0 0.729729712009 0.841726601124 1.0
gs 0.666666686535 0.756756782532 0.0 1.0
ts 1.0 0.872180461884 0.881481468678 1.0
a 0.159825325012 0.101484671235 0.116232350469 0.124684803188
b 0.0505115017295 0.0243787523359 0.0375965982676 0.0515328086913
d 0.454302996397 0.588914692402 0.565917134285 0.612268984318
g 0.0162946805358 0.0151222683489 0.0208696033806 0.0495856702328
t 0.319065481424 0.27009961009 0.259384334087 0.161927744746
h 1.0 1.0 1.0 1.0
c 1.0 0 0 0
Aa 1.33571887016 0.582911550999 0.608536481857 1.23799288273
Ab 0.835463583469 -0.0364774279296 0.118358053267 0.85426312685
Ad 1.78941893578 1.34656345844 1.29596233368 1.9291216135
Ag 0.34411919117 -0.243871942163 -0.13727632165 0.837535500526
At 1.63595318794 1.00803506374 0.957153201103 1.35150063038
as 1.0 0.821917831898 0.866666674614 0.877551019192
bs 1.0 0.6875 0.257142871618 1.0
ds 1.0 0.657657682896 0.762589931488 1.0
gs 0.666666686535 0.729729712009 0.0 1.0
ts 1.0 0.789473712444 0.80740737915 1.0
a 0.159825325012 0.114149957895 0.136315494776 0.124684803188
b 0.0505115017295 0.0280557274818 0.0500476285815 0.0515328086913
d 0.454302996397 0.605633497238 0.528917968273 0.612268984318
g 0.0162946805358 0.0172573216259 0.0276543088257 0.0495856702328
t 0.319065481424 0.234903514385 0.257064580917 0.161927744746
h 1.0 1.0 1.0 1.0
c 1.0 0 0 0
Aa 1.33571887016 0.572639763355 0.588640391827 1.23799288273
Ab 0.835463583469 -0.0368144661188 0.153478682041 0.85426312685
Ad 1.78941893578 1.29737389088 1.17748343945 1.9291216135
Ag 0.34411919117 -0.24786259234 -0.104142032564 0.837535500526
At 1.63595318794 0.88605350256 0.864137411118 1.35150063038
as 1.0 0.808219194412 0.833333313465 0.877551019192
bs 1.0 0.6875 0.342857152224 1.0
ds 1.0 0.612612605095 0.673913061619 1.0
gs 0.666666686535 0.729729712009 0.0769230797887 1.0
ts 1.0 0.691729307175 0.740740716457 1.0
a 0.159825325012 0.123666472733 0.158534064889 0.124684803188
b 0.0505115017295 0.0301430802792 0.0616799220443 0.0515328086913
d 0.454302996397 0.627355575562 0.491865158081 0.612268984318
g 0.0162946805358 0.0183717943728 0.0339689962566 0.0495856702328
t 0.319065481424 0.200463056564 0.253951847553 0.161927744746
h 1.0 1.0 1.0 1.0
c 1.0 0 0 0
Aa 1.33571887016 0.572639763355 0.588640391827 1.23799288273
Ab 0.835463583469 -0.0404246300459 0.178661614656 0.85426312685
Ad 1.78941893578 1.27790153027 1.08036386967 1.9291216135
Ag 0.34411919117 -0.255460649729 -0.0803994834423 0.837535500526
At 1.63595318794 0.78242212534 0.79326915741 1.35150063038
as 1.0 0.808219194412 0.833333313465 0.877551019192
bs 1.0 0.6875 0.428571432829 1.0
ds 1.0 0.594594597816 0.608695626259 1.0
gs 0.666666686535 0.722222208977 0.131578952074 1.0
ts 1.0 0.616541326046 0.684210538864 1.0
a 0.159825325012 0.127548903227 0.16974042356 0.124684803188
b 0.0505115017295 0.0304246842861 0.0694707930088 0.0515328086913
d 0.454302996397 0.644607245922 0.471429735422 0.612268984318
g 0.0162946805358 0.0183868501335 0.0379847660661 0.0495856702328
t 0.319065481424 0.179032310843 0.251374304295 0.161927744746
h 1.0 1.0 1.0 1.0
c 1.0 0 0 0
Aa 1.33571887016 0.572639763355 0.584374368191 1.23799288273
Ab 0.835463583469 -0.0498109273612 0.19639134407 0.85426312685
Ad 1.78941893578 1.27625823021 1.02800607681 1.9291216135
Ag 0.34411919117 -0.268529653549 -0.06580144912 0.837535500526
At 1.63595318794 0.71989440918 0.754909932613 1.35150063038
as 1.0 0.808219194412 0.816666662693 0.877551019192
bs 1.0 0.65625 0.457142859697 1.0
ds 1.0 0.594594597816 0.565217375755 1.0
gs 0.666666686535 0.694444417953 0.157894730568 1.0
ts 1.0 0.575757563114 0.648854970932 1.0
a 0.159825325012 0.128474161029 0.171630516648 0.124684803188
b 0.0505115017295 0.0295397732407 0.073340088129 0.0515328086913
d 0.454302996397 0.654721260071 0.466029107571 0.612268984318
g 0.0162946805358 0.0177923198789 0.0395356938243 0.0495856702328
t 0.319065481424 0.169472500682 0.249464586377 0.161927744746
h 1.0 1.0 1.0 1.0
c 1.0 0 0 0
Aa 1.33571887016 0.572639763355 0.57948833704 1.23799288273
Ab 0.835463583469 -0.0657688975334 0.210235267878 0.85426312685
Ad 1.78941893578 1.27988040447 1.01330685616 1.9291216135
Ag 0.34411919117 -0.285943478346 -0.0581168271601 0.837535500526
At 1.63595318794 0.69292318821 0.741902709007 1.35150063038
as 1.0 0.808219194412 0.816666662693 0.877551019192
bs 1.0 0.59375 0.514285743237 1.0
ds 1.0 0.600000023842 0.557971000671 1.0
gs 0.666666686535 0.638888895512 0.189189195633 1.0
ts 1.0 0.553030312061 0.646153867245 1.0
a 0.159825325012 0.128670379519 0.171949222684 0.105278730392
b 0.0505115017295 0.028312612325 0.0752926394343 0.0861547738314
d 0.454302996397 0.658867537975 0.465612560511 0.536972105503
g 0.0162946805358 0.0169693939388 0.0398237928748 0.0898564010859
t 0.319065481424 0.16718006134 0.247321799397 0.181737959385
h 1.0 1.0 1.0 1.0
c 1.0 0 0 0
Aa 1.33571887016 0.572639763355 0.57948833704 0.933784365654
Ab 0.835463583469 -0.0848588868976 0.220840632915 0.846723079681
Ad 1.78941893578 1.28195929527 1.01211285591 1.64139544964
Ag 0.34411919117 -0.307172477245 -0.055769238621 0.86499273777
At 1.63595318794 0.686345636845 0.737350523472 1.17088937759
as 1.0 0.805555582047 0.816666662693 0.571428596973
bs 1.0 0.548387110233 0.542857170105 1.0
ds 1.0 0.605504572392 0.557971000671 1.0
gs 0.666666686535 0.583333313465 0.189189195633 1.0
ts 1.0 0.54545456171 0.638461530209 0.887323915958
a 0.159825325012 0.129131704569 0.169836372137 0.120362624526
b 0.0505115017295 0.027225734666 0.076881505549 0.0951419100165
d 0.454302996397 0.660873472691 0.467684328556 0.516471624374
g 0.0162946805358 0.0161308050156 0.0399280041456 0.0954565778375
t 0.319065481424 0.16663827002 0.245669782162 0.172567278147
h 1.0 1.0 1.0 1.0
c 1.0 0 0 0
Aa 1.33571887016 0.572639763355 0.57207852602 0.941097855568
Ab 0.835463583469 -0.103413574398 0.227869674563 0.838978052139
Ad 1.78941893578 1.28172516823 1.01200056076 1.57365262508
Ag 0.34411919117 -0.330737113953 -0.0566746219993 0.840412080288
At 1.63595318794 0.683381617069 0.732399523258 1.09756469727
as 1.0 0.805555582047 0.800000011921 0.58163267374
bs 1.0 0.483870953321 0.571428596973 1.0
ds 1.0 0.598130822182 0.557971000671 0.95302015543
gs 0.666666686535 0.527777791023 0.189189195633 1.0
ts 1.0 0.54545456171 0.638461530209 0.83098590374
a 0.159825325012 0.130665197968 0.172325849533 0.13527046144
b 0.0505115017295 0.0264482256025 0.0789648517966 0.103883773088
d 0.454302996397 0.6623737216 0.464680969715 0.497028172016
g 0.0162946805358 0.0153664732352 0.0403674319386 0.0992502495646
t 0.319065481424 0.165146380663 0.243660882115 0.16456733644
h 1.0 1.0 1.0 1.0
c 1.0 0 0 0
Aa 1.33571887016 0.572639763355 0.571605503559 0.942166745663
Ab 0.835463583469 -0.121123656631 0.232688933611 0.827511489391
Ad 1.78941893578 1.27758288383 1.002409935 1.50734472275
Ag 0.34411919117 -0.356945991516 -0.0587137900293 0.807695329189
At 1.63595318794 0.674348890781 0.722040891647 1.02730739117
as 1.0 0.805555582047 0.800000011921 0.58163267374
bs 1.0 0.451612889767 0.558823525906 0.931034505367
ds 1.0 0.588785052299 0.550724625587 0.912162184715
gs 0.666666686535 0.444444447756 0.189189195633 1.0
ts 1.0 0.537878811359 0.630769252777 0.781690120697
a 0.159825325012 0.134793788195 0.175229951739 0.151092156768
b 0.0505115017295 0.026189096272 0.0830669850111 0.111062437296
d 0.454302996397 0.662479221821 0.456194102764 0.479826778173
g 0.0162946805358 0.0148605778813 0.0421262569726 0.10085875541
t 0.319065481424 0.16167730093 0.243382722139 0.157159864902
h 1.0 1.0 1.0 1.0
c 1.0 0 0 0
Aa 1.33571887016 0.572468221188 0.559549212456 0.947935044765
Ab 0.835463583469 -0.139081090689 0.235369309783 0.814260303974
Ad 1.78941893578 1.26397061348 0.975090503693 1.44977760315
Ag 0.34411919117 -0.385165929794 -0.0595062673092 0.772406697273
At 1.63595318794 0.651447415352 0.702230572701 0.965034723282
as 1.0 0.802816927433 0.783333361149 0.58163267374
bs 1.0 0.366666674614 0.575757563114 0.896551728249
ds 1.0 0.579439222813 0.528985500336 0.878378391266
gs 0.666666686535 0.361111104488 0.189189195633 1.0
ts 1.0 0.522727251053 0.615384638309 0.739436626434
a 0.159825325012 0.142745584249 0.182218343019 0.169700562954
b 0.0505115017295 0.0265975780785 0.0900773853064 0.115688696504
d 0.454302996397 0.658959329128 0.43790486455 0.463789045811
g 0.0162946805358 0.0149255786091 0.0456195250154 0.101074367762
t 0.319065481424 0.156771913171 0.24417988956 0.149747341871
h 1.0 1.0 1.0 1.0
c 1.0 0 0 0
Aa 1.33571887016 0.56739127636 0.541902422905 0.966789424419
Ab 0.835463583469 -0.162329301238 0.235926106572 0.80039703846
Ad 1.78941893578 1.23168718815 0.922690093517 1.40342664719
Ag 0.34411919117 -0.413240224123 -0.0595389083028 0.741747140884
At 1.63595318794 0.608096837997 0.669020235538 0.912465214729
as 1.0 0.788732409477 0.75 0.597938120365
bs 1.0 0.300000011921 0.575757563114 0.86206895113
ds 1.0 0.551401853561 0.492753624916 0.843537390232
gs 0.666666686535 0.305555552244 0.189189195633 1.0
ts 1.0 0.488549619913 0.592307686806 0.704225361347
a 0.159825325012 0.159659862518 0.196937888861 0.183737337589
b 0.0505115017295 0.0279860310256 0.100824519992 0.119047939777
d 0.454302996397 0.64529466629 0.406443566084 0.451118528843
g 0.0162946805358 0.0160221662372 0.0510392971337 0.102489762008
t 0.319065481424 0.151037305593 0.244754731655 0.143606439233
h 1.0 1.0 1.0 1.0
c 1.0 0 0 0
Aa 1.33571887016 0.563292205334 0.526230931282 0.975635647774
Ab 0.835463583469 -0.192962214351 0.235467791557 0.787160098553
Ad 1.78941893578 1.16985452175 0.840901851654 1.36572885513
Ag 0.34411919117 -0.43518230319 -0.0601936876774 0.722118735313
At 1.63595318794 0.539180696011 0.620632708073 0.868612170219
as 1.0 0.788732409477 0.716666638851 0.60824739933
bs 1.0 0.20000000298 0.575757563114 0.793103456497
ds 1.0 0.495327115059 0.434782594442 0.81632655859
gs 0.666666686535 0.222222223878 0.189189195633 1.0
ts 1.0 0.435114502907 0.553846180439 0.676056325436
a 0.0684031099081 0.180818393826 0.221698269248 0.193188399076
b 0.0406392887235 0.031181011349 0.114501237869 0.121276430786
d 0.675071597099 0.622783660889 0.364814847708 0.439707517624
g 0.0566390454769 0.0189316309988 0.057785153389 0.10621958226
t 0.159246951342 0.146285295486 0.241200491786 0.139608070254
h 1.0 1.0 1.0 1.0
c 1.0 0 0 0
Aa 0.742137730122 0.534807503223 0.519418120384 0.975635647774
Ab 0.516008019447 -0.228544890881 0.232465982437 0.773431062698
Ad 1.73641180992 1.07190215588 0.73572832346 1.33281850815
Ag 0.660177826881 -0.4452470541 -0.0645279213786 0.715859234333
At 1.10913300514 0.442765593529 0.556033968925 0.834565162659
as 0.432692319155 0.742857158184 0.716666638851 0.60824739933
bs 0.419354826212 0.0666666701436 0.575757563114 0.758620679379
ds 1.0 0.401869148016 0.357664227486 0.795918345451
gs 1.0 0.194444447756 0.166666671634 0.973684191704
ts 0.684615373611 0.358778625727 0.5 0.647887349129
a 0.0836405754089 0.19053414464 0.244564458728 0.201316311955
b 0.048373863101 0.0378462262452 0.129741355777 0.122125566006
d 0.64909362793 0.600641667843 0.327956557274 0.428019464016
g 0.0616036430001 0.0249643400311 0.0652815327048 0.111573025584
t 0.15728828311 0.146013587713 0.232456102967 0.136965617537
h 1.0 1.0 1.0 1.0
c 1.0 0 0 0
Aa 0.765711903572 0.438888370991 0.497918277979 0.975635647774
Ab 0.527905642986 -0.263061821461 0.222603350878 0.758563280106
Ad 1.65560221672 0.93753105402 0.625341236591 1.30322027206
Ag 0.632901251316 -0.443764328957 -0.0756847262383 0.719315886497
At 1.03999125957 0.323308885098 0.475865870714 0.808368206024
as 0.451923072338 0.614285707474 0.683333337307 0.60824739933
bs 0.483870953321 0.0 0.54545456171 0.72413790226
ds 0.971222996712 0.27102804184 0.277372270823 0.775510191917
gs 1.0 0.194444447756 0.114285714924 1.0
ts 0.630769252777 0.241935476661 0.43846154213 0.633802831173
a 0.096696831286 0.187212303281 0.261927247047 0.208518773317
b 0.0537684671581 0.048927038908 0.143574729562 0.121953442693
d 0.631498396397 0.578990936279 0.305969655514 0.417124629021
g 0.0639998540282 0.0350309498608 0.072385750711 0.117306821048
t 0.154036462307 0.149838760495 0.216142624617 0.135096356273
h 1.0 1.0 1.0 1.0
c 1.0 0 0 0
Aa 0.785620927811 0.290324896574 0.463202297688 0.975635647774
Ab 0.530736327171 -0.292460560799 0.202099636197 0.742684602737
Ad 1.60058093071 0.780662238598 0.530699968338 1.27675628662
Ag 0.606387674809 -0.437557607889 -0.0953252837062 0.725813746452
At 0.987832188606 0.193614676595 0.37976205349 0.787134110928
as 0.471153855324 0.40000000596 0.616666674614 0.604166686535
bs 0.483870953321 0.0 0.484848499298 0.655172407627
ds 0.934782624245 0.130841121078 0.205882355571 0.755102038383
gs 1.0 0.222222223878 0.0571428574622 1.0
ts 0.584615409374 0.131147533655 0.369230777025 0.612676084042
a 0.104690656066 0.178393185139 0.280344158411 0.215303808451
b 0.0557833835483 0.0628346726298 0.15393191576 0.121388271451
d 0.625206708908 0.556301414967 0.295017063618 0.407570719719
g 0.0635884106159 0.0480113215744 0.0783144310117 0.12228422612
t 0.150730833411 0.154459372163 0.192392423749 0.13345298171
h 1.0 1.0 1.0 1.0
c 1.0 0 0 0
Aa 0.798201143742 0.136496469378 0.43263348937 0.975635647774
Ab 0.524798095226 -0.316682428122 0.172270640731 0.726760685444
Ad 1.57431685925 0.630428373814 0.454789102077 1.25278687477
Ag 0.581671237946 -0.433538138866 -0.121216244996 0.72995442152
At 0.956495344639 0.0739324986935 0.269129931927 0.767912268639
as 0.490384608507 0.134328365326 0.559322059155 0.604166686535
bs 0.451612889767 0.0 0.39393940568 0.586206912994
ds 0.913043498993 0.0 0.147058829665 0.741496622562
gs 1.0 0.222222223878 0.0 1.0
ts 0.558139562607 0.0327868834138 0.286821693182 0.605633795261
a 0.107202686369 0.147198423743 0.274026215076 0.222035259008
b 0.0554819256067 0.0778215229511 0.171247139573 0.12104537338
d 0.630053400993 0.550892710686 0.293312132359 0.398322939873
g 0.0610467009246 0.0627842918038 0.0880371257663 0.12591265142
t 0.146215289831 0.161303073168 0.173377424479 0.13268378377
h 1.0 1.0 1.0 1.0
c 1.0 0 0 0
Aa 0.80351293087 -0.06203699857 0.345140367746 0.975635647774
Ab 0.517458796501 -0.338840425014 0.140971601009 0.712161898613
Ad 1.57268464565 0.511126875877 0.374678313732 1.22944903374
Ag 0.558969438076 -0.432089149952 -0.147985860705 0.729283094406
At 0.938300013542 -0.0222975164652 0.146340817213 0.752031564713
as 0.490384608507 0.0 0.406779646873 0.604166686535
bs 0.419354826212 0.0 0.303030312061 0.551724135876
ds 0.913043498993 0.0 0.0814814791083 0.727891147137
gs 1.0 0.25 0.0 1.0
ts 0.550387620926 0.0 0.186046510935 0.58865249157
a 0.108112432063 0.134742885828 0.26924481988 0.228732258081
b 0.0546402782202 0.0896111652255 0.197170779109 0.121243834496
d 0.637564182281 0.535179316998 0.275293052197 0.389266878366
g 0.0576277673244 0.076563462615 0.101754739881 0.128297179937
t 0.142055332661 0.163903146982 0.156536608934 0.13245986402
h 1.0 1.0 1.0 1.0
c 1.0 0 0 0
Aa 0.81301087141 -0.183602958918 0.253981024027 0.975635647774
Ab 0.516648113728 -0.360746651888 0.118676222861 0.69996792078
Ad 1.58365917206 0.41539055109 0.263628900051 1.20655572414
Ag 0.539767026901 -0.429087221622 -0.168611675501 0.724525332451
At 0.93159276247 -0.0985214784741 0.0184496082366 0.738392531872
as 0.5 0.0 0.228070169687 0.604166686535
bs 0.419354826212 0.0 0.25 0.5
ds 0.920289874077 0.0 0.0 0.707482993603
gs 1.0 0.25 0.0 1.0
ts 0.546875 0.0 0.0930232554674 0.581560254097
a 0.113240592182 0.138712376356 0.274502933025 0.248387977481
b 0.0542670376599 0.101786583662 0.232849255204 0.135054245591
d 0.637330889702 0.501513719559 0.231500670314 0.351020216942
g 0.0547491423786 0.0920956805348 0.119746610522 0.143325552344
t 0.140412330627 0.16589166224 0.141400545835 0.122211992741
h 1.0 1.0 1.0 1.0
c 1.0 0 0 0
Aa 0.842558801174 -0.241286352277 0.181671619415 0.942991912365
Ab 0.523092806339 -0.37571105361 0.110199466348 0.678369581699
Ad 1.59292161465 0.316881209612 0.107676878572 1.09319353104
Ag 0.526934027672 -0.419162333012 -0.178612157702 0.704185009003
At 0.935961902142 -0.163577005267 -0.106424294412 0.634975135326
as 0.528846144676 0.0 0.105263158679 0.572916686535
bs 0.451612889767 0.0 0.21875 0.428571432829
ds 0.927536249161 0.0 0.0 0.632653057575
gs 1.0 0.277777791023 0.0 0.947368443012
ts 0.546875 0.0 0.0 0.503546118736
a 0.120277173817 0.134436026216 0.263777822256 0.269385695457
b 0.0548110976815 0.119421355426 0.281780898571 0.14850308001
d 0.626860320568 0.461485147476 0.176643103361 0.305212527514
g 0.0532645210624 0.112879887223 0.144489690661 0.158876895905
t 0.14478687942 0.17177760601 0.133308470249 0.118021808565
h 1.0 1.0 1.0 1.0
c 1.0 0 0 0
Aa 0.874706029892 -0.326766192913 0.0843816846609 0.912773191929
Ab 0.533391296864 -0.378199875355 0.113054946065 0.654134094715
Ad 1.59169363976 0.208875879645 -0.0897599235177 0.967001020908
Ag 0.5209608078 -0.402665287256 -0.177019745111 0.683459401131
At 0.955252051353 -0.22031532228 -0.211998865008 0.554360926151
as 0.557692289352 0.0 0.0 0.541666686535
bs 0.483870953321 0.0 0.21875 0.321428567171
ds 0.927007317543 0.0 0.0 0.544217705727
gs 1.0 0.333333343267 0.0 0.89473682642
ts 0.5625 0.0 0.0 0.446808516979
a 0.137999892235 0.121552243829 0.229131624103 0.290453851223
b 0.0551007576287 0.137821689248 0.337026745081 0.154157087207
d 0.600217282772 0.431343019009 0.12654106319 0.26166549325
g 0.0524801686406 0.13198813796 0.1741399616 0.167716920376
t 0.154201894999 0.177294924855 0.133160576224 0.126006633043
h 1.0 1.0 1.0 1.0
c 1.0 0 0 0
Aa 0.940031826496 -0.41829174757 -0.0456024892628 0.904600262642
Ab 0.541310667992 -0.36373719573 0.121976852417 0.629486680031
Ad 1.57846164703 0.131768003106 -0.303456038237 0.859269559383
Ag 0.520148336887 -0.382519841194 -0.164789065719 0.666100025177
At 0.988242864609 -0.25435847044 -0.281311839819 0.541916549206
as 0.625 0.0 0.0 0.53125
bs 0.516129016876 0.0 0.25 0.25
ds 0.912408769131 0.0 0.0 0.47619047761
gs 1.0 0.388888895512 0.0 0.842105269432
ts 0.59375 0.0 0.0 0.442857146263
a 0.148571819067 0.0951400175691 0.185407102108 0.338038176298
b 0.0554202795029 0.147852152586 0.378336369991 0.141166329384
d 0.574590981007 0.443622142076 0.0965382531285 0.221787810326
g 0.052835393697 0.138794362545 0.200629606843 0.158500000834
t 0.168581560254 0.174591317773 0.139088690281 0.140507668257
h 1.0 1.0 1.0 1.0
c 1.0 0 0 0
Aa 0.97049587965 -0.525341808796 -0.17657455802 0.985382556915
Ab 0.542228162289 -0.333877384663 0.133177176118 0.606147944927
Ad 1.55791831017 0.143308192492 -0.460001468658 0.802354514599
Ag 0.521484434605 -0.361333221197 -0.142305895686 0.656446099281
At 1.02536952496 -0.261682391167 -0.301409095526 0.604116857052
as 0.653846144676 0.0 0.0 0.614583313465
bs 0.516129016876 0.0 0.28125 0.142857149243
ds 0.897810220718 0.0 0.0 0.435374140739
gs 1.0 0.428571432829 0.0512820519507 0.815789461136
ts 0.6171875 0.0 0.0 0.482014387846
a 0.150995418429 0.084315083921 0.194311097264 0.359101504087
b 0.0553225763142 0.141943991184 0.371295809746 0.124884478748
d 0.553401231766 0.485610336065 0.0880286023021 0.204590797424
g 0.053999453783 0.127537071705 0.205049917102 0.147424727678
t 0.186281293631 0.160593524575 0.141314581037 0.163998499513
h 1.0 1.0 1.0 1.0
c 1.0 0 0 0
Aa 0.97049587965 -0.521060347557 -0.135807141662 1.0434397459
Ab 0.534434497356 -0.294848591089 0.145415306091 0.58473098278
Ad 1.53457224369 0.239322289824 -0.47968095541 0.799108624458
Ag 0.523921489716 -0.341329187155 -0.112445153296 0.656792879105
At 1.06170141697 -0.241237595677 -0.274117738008 0.703062415123
as 0.653846144676 0.0 0.0 0.677083313465
bs 0.483870953321 0.0 0.3125 0.0714285746217
ds 0.883211672306 0.0 0.0 0.419580429792
gs 1.0 0.485714286566 0.128205135465 0.815789461136
ts 0.645669281483 0.0 0.0 0.55395680666
a 0.153742149472 0.1069239676 0.231751054525 0.358937710524
b 0.0546016022563 0.125435531139 0.332852393389 0.11105004698
d 0.536593139172 0.516951739788 0.100679129362 0.201875522733
g 0.0553882904351 0.106732070446 0.193572640419 0.139342606068
t 0.199674814939 0.143956691027 0.141144767404 0.188794121146
h 1.0 1.0 1.0 1.0
c 1.0 0 0 0
Aa 0.97049587965 -0.323427349329 -0.000358997145668 1.07622456551
Ab 0.520908355713 -0.254081845284 0.156870961189 0.566724181175
Ad 1.51334810257 0.360947579145 -0.362441301346 0.826289117336
Ag 0.527120947838 -0.32420745492 -0.0785367488861 0.665289402008
At 1.08402621746 -0.194270551205 -0.215715929866 0.79719388485
as 0.653846144676 0.0 0.0 0.708333313465
bs 0.451612889767 0.0909090936184 0.34375 0.0
ds 0.868613123894 0.0 0.0 0.43356642127
gs 1.0 0.514285743237 0.205128207803 0.842105269432
ts 0.66141730547 0.0 0.0 0.618705034256
a 0.16913318634 0.154526680708 0.280097931623 0.35138335824
b 0.059846457094 0.103047691286 0.271123707294 0.100838899612
d 0.49238499999 0.525920510292 0.143086358905 0.203222006559
g 0.0610748082399 0.0820172354579 0.166890949011 0.134473085403
t 0.21756054461 0.134487867355 0.138801068068 0.210082650185
h 1.0 1.0 1.0 1.0
c 1.0 0 0 0
Aa 0.956127345562 -0.0376123487949 0.180671423674 1.09477460384
Ab 0.504936993122 -0.213577568531 0.166528999805 0.552621483803
Ad 1.42020332813 0.494304299355 -0.111040219665 0.856964111328
Ag 0.513760685921 -0.312710702419 -0.0442056879401 0.677628755569
At 1.06547868252 -0.097932741046 -0.124245658517 0.871383547783
as 0.634615361691 0.0389610379934 0.264705896378 0.729166686535
bs 0.387096762657 0.212121218443 0.375 0.0
ds 0.801470577717 0.0615384615958 0.0 0.454545468092
gs 1.0 0.571428596973 0.282051295042 0.868421077728
ts 0.645669281483 0.0428571440279 0.0638297870755 0.676258981228
a 0.18183901906 0.215732574463 0.322192549706 0.338678508997
b 0.0638636797667 0.0789975374937 0.200414553285 0.0950593203306
d 0.455990761518 0.518697679043 0.213069066405 0.206542700529
g 0.0646627321839 0.0579795986414 0.131080850959 0.13239453733
t 0.23364380002 0.128592595458 0.133242979646 0.227324947715
h 1.0 1.0 1.0 1.0
c 1.0 0 0 0
Aa 0.949676394463 0.262433171272 0.378867357969 1.09664869308
Ab 0.495243281126 -0.173869013786 0.172681137919 0.544855713844
Ad 1.34894537926 0.643431723118 0.199272274971 0.881870865822
Ag 0.500643372536 -0.30820736289 -0.0117088938132 0.688731074333
At 1.05854356289 0.0377333946526 -0.00460378266871 0.923508107662
as 0.634615361691 0.428571432829 0.558823525906 0.726315796375
bs 0.354838699102 0.333333343267 0.40625 0.0
ds 0.75 0.170542642474 0.0608108118176 0.475524485111
gs 0.973684191704 0.571428596973 0.368421047926 0.921052634716
ts 0.645669281483 0.143884897232 0.142857149243 0.712230205536
a 0.187661871314 0.243089348078 0.324934929609 0.327371686697
b 0.0652749836445 0.0604127719998 0.143538981676 0.0911283716559
d 0.436130464077 0.530059397221 0.300820410252 0.217894926667
g 0.0650940015912 0.0402634032071 0.100091606379 0.128439083695
t 0.245838657022 0.126175060868 0.130614086986 0.235165923834
h 1.0 1.0 1.0 1.0
c 1.0 0 0 0
Aa 0.947833836079 0.469319373369 0.528713405132 1.09997308254
Ab 0.489204585552 -0.135317787528 0.173886880279 0.54458552599
Ad 1.31407427788 0.807878017426 0.495224297047 0.923179030418
Ag 0.487998783588 -0.311536073685 0.017314678058 0.693629086018
At 1.06510794163 0.184526965022 0.132907018065 0.956306278706
as 0.625 0.710526287556 0.779411792755 0.736842095852
bs 0.354838699102 0.454545468092 0.40625 0.0
ds 0.720588207245 0.302325576544 0.256756752729 0.503496527672
gs 0.947368443012 0.571428596973 0.459459453821 0.921052634716
ts 0.645669281483 0.233576640487 0.242857143283 0.7338129282
a 0.183396011591 0.244650319219 0.288659781218 0.314649671316
b 0.0633786246181 0.0474151670933 0.105648055673 0.0892703235149
d 0.437542140484 0.554459929466 0.394765526056 0.220500484109
g 0.0629147663713 0.0284714754671 0.0788179636002 0.128457382321
t 0.252768456936 0.12500308454 0.132108673453 0.247122138739
h 1.0 1.0 1.0 1.0
c 1.0 0 0 0
Aa 0.945689558983 0.613259673119 0.604999125004 1.08532607555
Ab 0.484242469072 -0.0993688255548 0.168474331498 0.53820592165
Ad 1.32331955433 0.968584060669 0.740952074528 0.930908381939
Ag 0.48105224967 -0.320876121521 0.0412380285561 0.696257889271
At 1.0850225687 0.321634620428 0.265544146299 0.980410456657
as 0.625 0.89473682642 0.882352948189 0.715789496899
bs 0.322580635548 0.575757563114 0.40625 0.0
ds 0.727941155434 0.426356583834 0.421768695116 0.510489523411
gs 0.921052634716 0.542857170105 0.513513505459 0.921052634716
ts 0.66141730547 0.333333343267 0.335714280605 0.755395710468
a 0.174479007721 0.221173390746 0.239080443978 0.306166887283
b 0.0605030842125 0.0395479016006 0.0794801786542 0.0875757262111
d 0.444965988398 0.588491439819 0.48288410902 0.222810983658
g 0.0608808659017 0.0215443875641 0.0633677318692 0.125476151705
t 0.259171068668 0.12924285233 0.135187521577 0.257970243692
h 1.0 1.0 1.0 1.0
c 1.0 0 0 0
Aa 0.936615765095 0.679058790207 0.635569751263 1.07901573181
Ab 0.476650089025 -0.0685506537557 0.157284498215 0.535441279411
Ad 1.34319937229 1.10406601429 0.940868556499 0.940994203091
Ag 0.479353398085 -0.332339942455 0.0588938333094 0.691618740559
At 1.10845911503 0.445732444525 0.387962251902 1.00462722778
as 0.615384638309 0.986842095852 0.926470577717 0.715789496899
bs 0.290322571993 0.677419364452 0.375 0.0
ds 0.742647051811 0.5234375 0.557823121548 0.51748251915
gs 0.921052634716 0.514285743237 0.567567586899 0.921052634716
ts 0.68503934145 0.422222226858 0.428571432829 0.769784152508
a 0.168047592044 0.187877625227 0.189388886094 0.300327628851
b 0.05796886608 0.0350426286459 0.0608344003558 0.0862532705069
d 0.447307407856 0.621018588543 0.560154914856 0.224587127566
g 0.0595700740814 0.0176124498248 0.0514215491712 0.120430029929
t 0.267106056213 0.138448700309 0.138200223446 0.268401950598
h 1.0 1.0 1.0 1.0
c 1.0 0 0 0
Aa 0.932712495327 0.685967683792 0.63599896431 1.07901573181
Ab 0.470475018024 -0.0433107092977 0.142793685198 0.537196040154
Ad 1.35788631439 1.20519721508 1.10695266724 0.95280534029
Ag 0.482308328152 -0.342087596655 0.069789595902 0.682155251503
At 1.13396394253 0.553381502628 0.499153167009 1.03020608425
as 0.615384638309 0.986666679382 0.925373136997 0.723404228687
bs 0.290322571993 0.741935491562 0.3125 0.0
ds 0.75 0.606299221516 0.666666686535 0.524475514889
gs 0.921052634716 0.485714286566 0.594594597816 0.89473682642
ts 0.700787425041 0.503703713417 0.507142841816 0.791366934776
a 0.165572628379 0.165599167347 0.150519832969 0.293230056763
b 0.0569093227386 0.0323287174106 0.0466444939375 0.0853338167071
d 0.439504802227 0.637975931168 0.625235080719 0.226523146033
g 0.0596778467298 0.0153071992099 0.0412802807987 0.114981472492
t 0.278335392475 0.148789003491 0.136320337653 0.279931485653
h 1.0 1.0 1.0 1.0
c 1.0 0 0 0
Aa 0.932712495327 0.687020897865 0.636784017086 1.07901573181
Ab 0.468907356262 -0.022448791191 0.127990677953 0.54292845726
Ad 1.35668754578 1.27276706696 1.25523364544 0.966919898987
Ag 0.489537090063 -0.34714153409 0.074932910502 0.672435164452
At 1.15829241276 0.640533566475 0.593750953674 1.05885910988
as 0.615384638309 0.986666679382 0.925373136997 0.723404228687
bs 0.290322571993 0.838709652424 0.28125 0.0
ds 0.75 0.66141730547 0.768707454205 0.531468510628
gs 0.947368443012 0.457142859697 0.594594597816 0.868421077728
ts 0.722222208977 0.567164182663 0.571428596973 0.81294965744
a 0.167016997933 0.152155086398 0.120369039476 0.284136116505
b 0.0574926286936 0.0309928804636 0.0360987596214 0.0841731652617
d 0.416693389416 0.644688248634 0.681688666344 0.230106204748
g 0.0618081614375 0.0140260141343 0.0330777801573 0.110112793744
t 0.296988844872 0.158137753606 0.128765746951 0.291471719742
h 1.0 1.0 1.0 1.0
c 1.0 0 0 0
Aa 0.932712495327 0.687020897865 0.636784017086 1.07901573181
Ab 0.469563961029 -0.00400364398956 0.113761506975 0.550662994385
Ad 1.32976841927 1.31408417225 1.38985526562 0.987417638302
Ag 0.50099760294 -0.348331302404 0.0758055746555 0.667327105999
At 1.18269193172 0.703769981861 0.666069567204 1.09008574486
as 0.615384638309 0.986666679382 0.924242436886 0.720430135727
bs 0.290322571993 0.870967745781 0.21875 0.0333333350718
ds 0.735294103622 0.688000023365 0.863945603371 0.542253494263
gs 0.973684191704 0.470588237047 0.594594597816 0.842105269432
ts 0.738095223904 0.611940324306 0.625899255276 0.833333313465
a 0.169488593936 0.144478619099 0.0988182723522 0.272795021534
b 0.0591941997409 0.0305804107338 0.0286567211151 0.082177773118
d 0.378200411797 0.647361338139 0.727089345455 0.235621124506
g 0.0664962008595 0.0132983690128 0.026996858418 0.106130637228
t 0.326620578766 0.164281234145 0.118438795209 0.303275465965
h 1.0 1.0 1.0 1.0
c 1.0 0 0 0
Aa 0.921677589417 0.687020897865 0.636784017086 1.07901573181
Ab 0.464816272259 0.0126606225967 0.0991732552648 0.557933688164
Ad 1.27025914192 1.3383641243 1.50353455544 1.01539349556
Ag 0.51533395052 -0.348984330893 0.0732600092888 0.669020116329
At 1.20658063889 0.742805242538 0.715440750122 1.12501657009
as 0.605769217014 0.986666679382 0.924242436886 0.720430135727
bs 0.233333334327 0.93548387289 0.161290317774 0.0666666701436
ds 0.688888907433 0.712000012398 0.938775539398 0.563380300999
gs 1.0 0.470588237047 0.594594597816 0.868421077728
ts 0.753968238831 0.641791045666 0.661870479584 0.855072438717
a 0.177059069276 0.140287026763 0.084858417511 0.260653316975
b 0.0604281127453 0.0306141320616 0.023720799014 0.0795639902353
d 0.325643539429 0.649987816811 0.760006785393 0.242630034685
g 0.0726871564984 0.0128219518811 0.0229016896337 0.103130787611
t 0.364182114601 0.166289061308 0.108512312174 0.314021855593
h 1.0 1.0 1.0 1.0
c 1.0 0 0 0
Aa 0.915366053581 0.687020897865 0.636784017086 1.07901573181
Ab 0.448486924171 0.0259253550321 0.0832184106112 0.563669085503
Ad 1.1799904108 1.3529086113 1.58890652657 1.04789710045
Ag 0.528705596924 -0.352042466402 0.0679566115141 0.67634087801
At 1.22856652737 0.760867059231 0.743568122387 1.159912467
as 0.596153855324 1.0 0.924242436886 0.720430135727
bs 0.20000000298 0.967741906643 0.103448279202 0.0666666701436
ds 0.62222224474 0.715447127819 1.0 0.58450704813
gs 1.0 0.470588237047 0.611111104488 0.868421077728
ts 0.777777791023 0.656716406345 0.683453261852 0.883211672306
a 0.183441311121 0.138244017959 0.0768500268459 0.249989122152
b 0.0600946284831 0.0306067802012 0.0206293463707 0.0772200003266
d 0.273690193892 0.652856767178 0.780723690987 0.24852244556
g 0.0795664563775 0.0124129066244 0.0203950461 0.100809127092
t 0.403207421303 0.165879517794 0.101401917636 0.323459297419
h 1.0 1.0 1.0 1.0
c 1.0 0 0 0
Aa 0.900906324387 0.687020897865 0.636784017086 1.07901573181
Ab 0.416244834661 0.0321922078729 0.0656254440546 0.568824470043
Ad 1.07466840744 1.36119246483 1.64363729954 1.07646024227
Ag 0.538139164448 -0.359751939774 0.0606646686792 0.684594511986
At 1.24293768406 0.766167342663 0.757186174393 1.19091427326
as 0.586538434029 1.0 0.924242436886 0.717391312122
bs 0.0666666701436 1.0 0.0344827584922 0.10000000149
ds 0.540740728378 0.719008266926 1.0 0.600000023842
gs 1.0 0.424242436886 0.583333313465 0.89473682642
ts 0.783999979496 0.656716406345 0.695652186871 0.905109465122
a 0.193110644817 0.137731090188 0.0729059129953 0.240114167333
b 0.0573802888393 0.0302720349282 0.0187681373209 0.076160416007
d 0.236864507198 0.655079185963 0.792182445526 0.253742426634
g 0.0852444171906 0.0120444633067 0.0189727861434 0.0992154404521
t 0.427400141954 0.164873212576 0.0971707105637 0.330767542124
h 1.0 1.0 1.0 1.0
c 1.0 0 0 0
Aa 0.89762532711 0.687020897865 0.636784017086 1.07279348373
Ab 0.370581835508 0.0290305372328 0.0474424064159 0.574104964733
Ad 0.986319065094 1.36428272724 1.6728464365 1.09676873684
Ag 0.542485058308 -0.371223628521 0.0521523840725 0.688954889774
At 1.24265372753 0.765138983727 0.761556625366 1.21189856529
as 0.576923072338 1.0 0.924242436886 0.706521749496
bs 0.0 1.0 0.0 0.10000000149
ds 0.474074065685 0.719008266926 1.0 0.614285707474
gs 1.0 0.39393940568 0.555555582047 0.921052634716
ts 0.783999979496 0.661654114723 0.702898561954 0.926470577717
a 0.188219964504 0.138542786241 0.0713315680623 0.231517404318
b 0.0550905242562 0.0294774118811 0.0176045820117 0.0768967941403
d 0.225425109267 0.65559732914 0.798177301884 0.259814798832
g 0.0916106626391 0.0117277251557 0.0181462951005 0.0979501083493
t 0.439653724432 0.164654746652 0.0947402343154 0.333820879459
h 1.0 1.0 1.0 1.0
c 1.0 0 0 0
Aa 0.856253087521 0.687020897865 0.636784017086 1.05896258354
Ab 0.322664320469 0.0149263245985 0.029127959162 0.580287218094
Ad 0.93458968401 1.36207413673 1.68560159206 1.10904288292
Ag 0.543533444405 -0.385349273682 0.042290199548 0.685383915901
At 1.22469818592 0.762011229992 0.760036706924 1.21789252758
as 0.538461565971 1.0 0.924242436886 0.71111112833
bs 0.0 0.93548387289 0.0 0.133333340287
ds 0.437037050724 0.719008266926 1.0 0.62857145071
gs 1.0 0.333333343267 0.527777791023 0.89473682642
ts 0.768000006676 0.661654114723 0.694029867649 0.926470577717
a 0.161890223622 0.140536814928 0.070916287601 0.214613258839
b 0.0572930090129 0.0283495932817 0.0168493874371 0.0807547047734
d 0.242073506117 0.654186367989 0.801425039768 0.274591773748
g 0.100848257542 0.011483842507 0.0175555758178 0.0980829149485
t 0.437894999981 0.165443375707 0.0932536944747 0.331957370043
h 1.0 1.0 1.0 1.0
c 1.0 0 0 0
Aa 0.746321260929 0.687020897865 0.636784017086 1.01363265514
Ab 0.295202255249 -0.00822238344699 0.0126221198589 0.589143931866
Ad 0.921047866344 1.3549323082 1.68990087509 1.12066364288
Ag 0.540769040585 -0.400682002306 0.0304530914873 0.673569500446
At 1.17847061157 0.757880151272 0.755704045296 1.20305836201
as 0.432692319155 1.0 0.921875 0.662921369076
bs 0.0 0.870967745781 0.0 0.166666671634
ds 0.42962962389 0.710743784904 1.0 0.6330935359
gs 1.0 0.303030312061 0.5 0.868421077728
ts 0.736000001431 0.661654114723 0.686567187309 0.919117629528
a 0.161890223622 0.143502160907 0.0710476711392 0.214613258839
b 0.0572930090129 0.027134925127 0.0163677986711 0.0807547047734
d 0.242073506117 0.651375353336 0.803557872772 0.274591773748
g 0.100848257542 0.0113430507481 0.0169379394501 0.0980829149485
t 0.437894999981 0.166644498706 0.0920887440443 0.331957370043
h 1.0 1.0 1.0 1.0
c 1.0 0 0 0
Aa 0.746321260929 0.687020897865 0.636784017086 1.01363265514
Ab 0.295202255249 -0.0363089181483 -0.000775582739152 0.589143931866
Ad 0.921047866344 1.343993783 1.6902513504 1.12066364288
Ag 0.540769040585 -0.415107697248 0.0140947503969 0.673569500446
At 1.17847061157 0.751953423023 0.749440729618 1.20305836201
as 0.432692319155 1.0 0.921875 0.662921369076
bs 0.0 0.774193525314 0.0 0.166666671634
ds 0.42962962389 0.708333313465 1.0 0.6330935359
gs 1.0 0.242424249649 0.428571432829 0.868421077728
ts 0.736000001431 0.654135346413 0.686567187309 0.919117629528
a 0.161890223622 0.148131608963 0.0716296881437 0.214613258839
b 0.0572930090129 0.026059191674 0.0161561518908 0.0807547047734
d 0.242073506117 0.647328794003 0.805571258068 0.274591773748
g 0.100848257542 0.0114312581718 0.0161871630698 0.0980829149485
t 0.437894999981 0.167049139738 0.0904557481408 0.331957370043
h 1.0 1.0 1.0 1.0
c 1.0 0 0 0
Aa 0.746321260929 0.687020897865 0.636784017086 1.01363265514
Ab 0.295202255249 -0.0676658824086 -0.00997110176831 0.589143931866
Ad 0.921047866344 1.32749807835 1.68779492378 1.12066364288
Ag 0.540769040585 -0.425532788038 -0.00913827493787 0.673569500446
At 1.17847061157 0.739217400551 0.738127112389 1.20305836201
as 0.432692319155 1.0 0.921875 0.662921369076
bs 0.0 0.677419364452 0.0 0.166666671634
ds 0.42962962389 0.691666662693 1.0 0.6330935359
gs 1.0 0.212121218443 0.371428579092 0.868421077728
ts 0.736000001431 0.646616518497 0.679104506969 0.919117629528
a 0.161890223622 0.154573202133 0.0729524046183 0.214613258839
b 0.0572930090129 0.0253609120846 0.0162184461951 0.0807547047734
d 0.242073506117 0.64151519537 0.807369947433 0.274591773748
g 0.100848257542 0.0119006577879 0.0153980487958 0.0980829149485
t 0.437894999981 0.166650056839 0.0880611240864 0.331957370043
h 1.0 1.0 1.0 1.0
c 1.0 0 0 0
Aa 0.746321260929 0.682187318802 0.636784017086 1.01363265514
Ab 0.295202255249 -0.10278198868 -0.0162463914603 0.589143931866
Ad 0.921047866344 1.30026006699 1.68081700802 1.12066364288
Ag 0.540769040585 -0.43137589097 -0.0387899279594 0.673569500446
At 1.17847061157 0.714858591557 0.718528628349 1.20305836201
as 0.432692319155 1.0 0.920634925365 0.662921369076
bs 0.0 0.580645143986 0.0 0.166666671634
ds 0.42962962389 0.675000011921 1.0 0.6330935359
gs 1.0 0.212121218443 0.285714298487 0.868421077728
ts 0.736000001431 0.624060153961 0.664179086685 0.919117629528
a 0.161890223622 0.168595060706 0.0719796940684 0.214613258839
b 0.0572930090129 0.0251754410565 0.016629723832 0.0807547047734
d 0.242073506117 0.627310335636 0.811761498451 0.274591773748
g 0.100848257542 0.012901308015 0.0148086575791 0.0980829149485
t 0.437894999981 0.166017860174 0.0848203971982 0.331957370043
h 1.0 1.0 1.0 1.0
c 1.0 0 0 0
Aa 0.746321260929 0.682187318802 0.61449354887 1.01363265514
Ab 0.295202255249 -0.143680393696 -0.021831439808 0.589143931866
Ad 0.921047866344 1.25282490253 1.66671204567 1.12066364288
Ag 0.540769040585 -0.434023737907 -0.0722007676959 0.673569500446
At 1.17847061157 0.675497293472 0.685783863068 1.20305836201
as 0.432692319155 1.0 0.883333325386 0.662921369076
bs 0.0 0.419354826212 0.0 0.166666671634
ds 0.42962962389 0.633333325386 1.0 0.6330935359
gs 1.0 0.181818187237 0.20000000298 0.868421077728
ts 0.736000001431 0.59398496151 0.634328365326 0.919117629528
a 0.161890223622 0.192372739315 0.0697611793876 0.214613258839
b 0.0572930090129 0.0258704032749 0.0174503866583 0.0807547047734
d 0.242073506117 0.600361466408 0.817591309547 0.274591773748
g 0.100848257542 0.0147244064137 0.0145723037422 0.0980829149485
t 0.437894999981 0.166670978069 0.0806248188019 0.331957370043
h 1.0 1.0 1.0 1.0
c 1.0 0 0 0
Aa 0.746321260929 0.680334746838 0.574937641621 1.01363265514
Ab 0.295202255249 -0.191005602479 -0.0268710833043 0.589143931866
Ad 0.921047866344 1.17460405827 1.6438601017 1.12066364288
Ag 0.540769040585 -0.435770988464 -0.10514793545 0.673569500446
At 1.17847061157 0.618051171303 0.63779258728 1.20305836201
as 0.432692319155 1.0 0.816666662693 0.662921369076
bs 0.0 0.290322571993 0.0 0.166666671634
ds 0.42962962389 0.566666662693 0.986666679382 0.6330935359
gs 1.0 0.181818187237 0.0857142880559 0.868421077728
ts 0.736000001431 0.553030312061 0.60150372982 0.919117629528
a 0.161890223622 0.225298121572 0.0667007118464 0.214613258839
b 0.0572930090129 0.0280688945204 0.0188234522939 0.0807547047734
d 0.242073506117 0.56078350544 0.824667334557 0.274591773748
g 0.100848257542 0.0178533233702 0.0148252472281 0.0980829149485
t 0.437894999981 0.167996153235 0.0749832391739 0.331957370043
h 1.0 1.0 1.0 1.0
c 1.0 0 0 0
Aa 0.746321260929 0.662612318993 0.51864784956 1.01363265514
Ab 0.295202255249 -0.241919949651 -0.030783329159 0.589143931866
Ad 0.921047866344 1.05865001678 1.61079621315 1.12066364288
Ag 0.540769040585 -0.438426196575 -0.134480655193 0.673569500446
At 1.17847061157 0.535154104233 0.569481611252 1.20305836201
as 0.432692319155 0.972972989082 0.733333349228 0.662921369076
bs 0.0 0.129032254219 0.0 0.166666671634
ds 0.42962962389 0.466101706028 0.966666638851 0.6330935359
gs 1.0 0.181818187237 0.0 0.868421077728
ts 0.736000001431 0.480916023254 0.548872172832 0.919117629528
a 0.137770399451 0.2513050735 0.0585430301726 0.143726631999
b 0.236941501498 0.0332588329911 0.0211697537452 0.410357803106
d 0.187341108918 0.521885633469 0.836978793144 0.0134724611416
g 0.320823997259 0.0234986040741 0.0157985389233 0.37951156497
t 0.117123007774 0.170051857829 0.0675098970532 0.052931535989
h 1.0 1.0 1.0 1.0
c 1.0 0 0 0
Aa 0.0193775836378 0.586652159691 0.409826099873 0.115213751793
Ab 0.254862815142 -0.291642129421 -0.031933311373 0.570839226246
Ad 0.152854770422 0.904026210308 1.56506538391 -0.912876546383
Ag 0.386488497257 -0.44250702858 -0.159032166004 0.536901533604
At -0.051136109978 0.417032271624 0.471718341112 -0.318608999252
as 0.0 0.864864885807 0.550000011921 0.0
bs 0.0 0.0 0.0 0.10000000149
ds 0.0 0.330508470535 0.939597308636 0.0
gs 0.641025662422 0.181818187237 0.0 0.5
ts 0.0 0.392307698727 0.469696968794 0.0
a 0.211360558867 0.262697935104 0.0479304976761 0.190710917115
b 0.217926517129 0.0432405918837 0.0251710284501 0.382336705923
d 0.151456341147 0.492611676455 0.850640654564 0.0191534310579
g 0.292132586241 0.0333832092583 0.0178112462163 0.351576775312
t 0.127123996615 0.168066576123 0.0584465786815 0.0562221854925
h 1.0 1.0 1.0 1.0
c 1.0 0 0 0
Aa 0.227237448096 0.446750968695 0.24935592711 0.255588710308
Ab 0.240523591638 -0.336814105511 -0.0303550679237 0.55765914917
Ad 0.0825009644032 0.719798982143 1.49849009514 -0.742540240288
Ag 0.367793500423 -0.449177592993 -0.180561721325 0.521233320236
At 0.00644101714715 0.252775639296 0.335503071547 -0.274879127741
as 0.0 0.675675690174 0.283333331347 0.0
bs 0.0 0.0 0.0 0.0666666701436
ds 0.0 0.17948718369 0.892617464066 0.0
gs 0.615384638309 0.151515156031 0.0 0.473684221506
ts 0.0 0.271317839622 0.363636374474 0.0
a 0.267591506243 0.262489259243 0.0403281226754 0.24292139709
b 0.199474230409 0.0595411248505 0.032220441848 0.351748436689
d 0.123207084835 0.474840670824 0.856549322605 0.0267377886921
g 0.265472531319 0.0492553189397 0.0216226466 0.321488708258
t 0.144254669547 0.153873622417 0.0492794364691 0.0571036823094
h 1.0 1.0 1.0 1.0
c 1.0 0 0 0
Aa 0.358627229929 0.267283350229 0.0701224207878 0.387343257666
Ab 0.231041744351 -0.377011150122 -0.0273540839553 0.548109710217
Ad 0.0217906218022 0.524719715118 1.39726674557 -0.570996999741
Ag 0.355174511671 -0.459375053644 -0.200576752424 0.509043216705
At 0.0902848243713 0.0353359803557 0.157180160284 -0.241458371282
as 0.0673076957464 0.445945948362 0.0 0.0
bs 0.0 0.0 0.0 0.0333333350718
ds 0.0 0.00862068962306 0.825503349304 0.0
gs 0.564102590084 0.125 0.0 0.44736841321
ts 0.0 0.1015625 0.234848484397 0.0
a 0.302879005671 0.262178093195 0.0406069643795 0.280953198671
b 0.183845132589 0.0815290287137 0.045168902725 0.328235596418
d 0.104374982417 0.459385573864 0.843563914299 0.0374842062593
g 0.244266793132 0.0708981305361 0.0289791207761 0.297544747591
t 0.16463406384 0.126009181142 0.0416811220348 0.0557822585106
h 1.0 1.0 1.0 1.0
c 1.0 0 0 0
Aa 0.439393818378 0.0943411439657 -0.0716346278787 0.474745035172
Ab 0.222576752305 -0.41294297576 -0.0253956001252 0.542296767235
Ad -0.0232789795846 0.337922096252 1.24588286877 -0.400040626526
Ag 0.345989048481 -0.473620444536 -0.21814994514 0.499663323164
At 0.174644336104 -0.223853081465 -0.0602957494557 -0.227392852306
as 0.144230768085 0.202702701092 0.0 0.0989011004567
bs 0.0 0.0 0.0 0.0
ds 0.0 0.0 0.724832236767 0.0
gs 0.538461565971 0.0625 0.0 0.421052634716
ts 0.0 0.0 0.0681818202138 0.0
a 0.319526970387 0.262326329947 0.0489848442376 0.303819775581
b 0.172756671906 0.105966344476 0.0701384022832 0.312490433455
d 0.0957384929061 0.433564215899 0.798362314701 0.0509054176509
g 0.227778732777 0.0953282564878 0.0439986437559 0.279312312603
t 0.184199139476 0.102814845741 0.0385158248246 0.0534720420837
h 1.0 1.0 1.0 1.0
c 1.0 0 0 0
Aa 0.481343239546 -0.0513305477798 -0.182916268706 0.525821208954
Ab 0.214270561934 -0.445004492998 -0.0270221624523 0.538041949272
Ad -0.0420776791871 0.166880980134 1.02922201157 -0.250030785799
Ag 0.334348917007 -0.490950793028 -0.229538738728 0.489295303822
At 0.242123320699 -0.458116620779 -0.28733882308 -0.228668019176
as 0.182692304254 0.0135135138407 0.0 0.153846159577
bs 0.0 0.0 0.0 0.0
ds 0.0 0.0 0.583892643452 0.0
gs 0.512820541859 0.03125 0.0 0.394736856222
ts 0.0232558138669 0.0 0.0 0.0
a 0.317521095276 0.268343240023 0.0678568482399 0.311065077782
b 0.167942211032 0.128161370754 0.117832943797 0.305145680904
d 0.0956025347114 0.390835821629 0.698748111725 0.0657569244504
g 0.215996071696 0.117502056062 0.0746827945113 0.266264796257
t 0.202938079834 0.0951575189829 0.0408793315291 0.0517675243318
h 1.0 1.0 1.0 1.0
c 1.0 0 0 0
Aa 0.484431117773 -0.14769642055 -0.272228807211 0.540992259979
Ab 0.207818388939 -0.468629926443 -0.0325557775795 0.532648265362
Ad -0.036872074008 0.0156072890386 0.740498125553 -0.133917480707
Ag 0.317104399204 -0.506341636181 -0.230601936579 0.473454773426
At 0.290022075176 -0.59794396162 -0.492318719625 -0.237801581621
as 0.182692304254 0.0 0.0 0.175824180245
bs 0.0 0.0 0.0 0.0
ds 0.0 0.0 0.389261752367 0.0
gs 0.461538463831 0.0 0.0 0.342105269432
ts 0.0620155036449 0.0 0.0 0.0
a 0.315077066422 0.275137335062 0.096876963973 0.316422224045
b 0.165397167206 0.145825624466 0.195507794619 0.300402671099
d 0.0991607457399 0.342489182949 0.529160320759 0.0789844319224
g 0.203715607524 0.13447804749 0.129408985376 0.25351652503
t 0.216649398208 0.102069810033 0.0490459538996 0.050674136728
h 1.0 1.0 1.0 1.0
c 0.989142775536 0 0 0
Aa 0.484431117773 -0.206895455718 -0.346401691437 0.548337996006
Ab 0.20454236865 -0.482611119747 -0.0414581410587 0.52577483654
Ad -0.0176458917558 -0.111798115075 0.390965044498 -0.054387498647
Ag 0.295038610697 -0.517793536186 -0.220657795668 0.452077299356
At 0.321771800518 -0.637547671795 -0.642019033432 -0.247142627835
as 0.182692304254 0.0 0.0 0.186813190579
bs 0.0 0.0 0.0 0.0
ds 0.0 0.0 0.154362410307 0.0
gs 0.410256415606 0.0 0.0 0.289473682642
ts 0.078125 0.0 0.0 0.0
a 0.313570290804 0.280560404062 0.134200975299 0.321306854486
b 0.165325567126 0.156958431005 0.277172744274 0.297595232725
d 0.104202255607 0.30863532424 0.333202004433 0.0895932540298
g 0.191984727979 0.143902748823 0.19495433569 0.241305425763
t 0.224917143583 0.109943084419 0.06046994403 0.0501992404461
h 1.0 1.0 1.0 1.0
c 0.977417826653 0 0 0
Aa 0.484431117773 -0.233361884952 -0.365769445896 0.553271055222
Ab 0.20643620193 -0.485603660345 -0.050774615258 0.519977033138
Ad 0.00597331905738 -0.191942647099 0.0291824620217 -0.00137359590735
Ag 0.271362870932 -0.52331918478 -0.20359224081 0.428918153048
At 0.340118736029 -0.640220344067 -0.711985588074 -0.252951771021
as 0.182692304254 0.0 0.0 0.186813190579
bs 0.0 0.0 0.0 0.0
ds 0.0 0.0 0.0 0.0
gs 0.35897436738 0.0 0.0 0.236842110753
ts 0.09375 0.0 0.0 0.0
a 0.312692433596 0.307365447283 0.164664894342 0.321956306696
b 0.168612644076 0.157258272171 0.321166008711 0.299356102943
d 0.109000764787 0.281430482864 0.207395598292 0.0977614969015
g 0.182201489806 0.143354788423 0.239679947495 0.230786278844
t 0.227492675185 0.110591039062 0.0670935437083 0.0501398220658
h 1.0 1.0 1.0 1.0
c 0.964825212955 0 0 0
Aa 0.484431117773 -0.190769255161 -0.348224312067 0.553271055222
Ab 0.21620388329 -0.481810808182 -0.0580957718194 0.521662294865
Ad 0.0267432946712 -0.229053154588 -0.248025804758 0.0356420129538
Ag 0.249865651131 -0.522012114525 -0.185193642974 0.408684134483
At 0.346281141043 -0.634704351425 -0.73814457655 -0.254343062639
as 0.182692304254 0.0 0.0 0.177777782083
bs 0.0 0.0 0.0 0.0
ds 0.0 0.0 0.0 0.0126582281664
gs 0.307692319155 0.0 0.0 0.184210523963
ts 0.0944881886244 0.0 0.0 0.0
a 0.311716854572 0.333006352186 0.185065194964 0.318763107061
b 0.176691323519 0.154165014625 0.328790903091 0.30672070384
d 0.112960487604 0.263913571835 0.162920325994 0.103507310152
g 0.174362301826 0.140976950526 0.256951242685 0.221271574497
t 0.224269047379 0.107938103378 0.0662723183632 0.0497373044491
h 1.0 1.0 1.0 1.0
c 0.951364934444 0 0 0
Aa 0.484431117773 -0.141066521406 -0.310029357672 0.553271055222
Ab 0.237886086106 -0.475533246994 -0.0604343228042 0.536546170712
Ad 0.0435974150896 -0.242057308555 -0.365378826857 0.0647740662098
Ag 0.232123419642 -0.514370918274 -0.167503386736 0.394728660583
At 0.341440171003 -0.63034427166 -0.756021916866 -0.253514707088
as 0.182692304254 0.0 0.0 0.177777782083
bs 0.0 0.0 0.0 0.0
ds 0.0 0.0 0.0 0.0316455699503
gs 0.256410270929 0.0 0.0256410259753 0.131578952074
ts 0.0944881886244 0.0 0.0 0.0
a 0.319852054119 0.346800029278 0.189925655723 0.311636805534
b 0.186681002378 0.154103398323 0.33093559742 0.318853020668
d 0.114941850305 0.252377957106 0.146089032292 0.106755115092
g 0.165420562029 0.141521334648 0.268453925848 0.214283004403
t 0.213104531169 0.105197302997 0.0645957961679 0.0484720543027
h 1.0 1.0 1.0 1.0
c 0.937521517277 0 0 0
Aa 0.504166960716 -0.114417970181 -0.299031227827 0.553271055222
Ab 0.270317941904 -0.466684877872 -0.0578713826835 0.563212871552
Ad 0.0596960000694 -0.252445697784 -0.412997245789 0.088011033833
Ag 0.217807322741 -0.503675222397 -0.148745089769 0.390610069036
At 0.327810525894 -0.632492482662 -0.767410576344 -0.254886239767
as 0.201923072338 0.0243902429938 0.0 0.177777782083
bs 0.0 0.0 0.0 0.0967741906643
ds 0.0 0.0 0.0 0.0506329126656
gs 0.210526317358 0.0294117648154 0.0769230797887 0.131578952074
ts 0.086614176631 0.0 0.0 0.0
a 0.333077996969 0.343445062637 0.1884239465 0.302179545164
b 0.195234909654 0.157263562083 0.332992255688 0.330963551998
d 0.119128353894 0.250139862299 0.138433024287 0.109279550612
g 0.154782816768 0.143359869719 0.278711140156 0.210914298892
t 0.197775900364 0.105791628361 0.0614396519959 0.0466630496085
h 1.0 1.0 1.0 1.0
c 0.923238575459 0 0 0
Aa 0.538955688477 -0.114417970181 -0.297626435757 0.553271055222
Ab 0.306967228651 -0.453647106886 -0.0503284335136 0.592786133289
Ad 0.0924248918891 -0.252092301846 -0.431522846222 0.111544907093
Ag 0.206132486463 -0.493847638369 -0.127608254552 0.397112041712
At 0.312583118677 -0.625823915005 -0.784313797951 -0.25802090764
as 0.240384608507 0.0243902429938 0.0 0.177777782083
bs 0.0 0.0 0.0 0.193548381329
ds 0.0 0.0 0.0 0.0573248416185
gs 0.157894730568 0.0588235296309 0.128205135465 0.131578952074
ts 0.0714285746217 0.0 0.0 0.0
a 0.336542218924 0.332656681538 0.189311981201 0.288646608591
b 0.200084581971 0.15682888031 0.329215407372 0.337823837996
d 0.130425214767 0.25999841094 0.13866481185 0.121244505048
g 0.138235509396 0.139065682888 0.283764749765 0.205221101642
t 0.194712474942 0.111450351775 0.0590430758893 0.0470639504492
h 1.0 1.0 1.0 1.0
c 0.908516228199 0 0 0
Aa 0.563139915466 -0.109218358994 -0.280114650726 0.547158896923
Ab 0.337314009666 -0.435788542032 -0.0398126132786 0.615482747555
Ad 0.151461914182 -0.216243892908 -0.415326505899 0.170454502106
Ag 0.176719978452 -0.487994611263 -0.104334317148 0.399014443159
At 0.325494140387 -0.584133148193 -0.786123752594 -0.240519195795
as 0.259615391493 0.0365853644907 0.0 0.166666671634
bs 0.078947365284 0.0 0.0 0.258064508438
ds 0.0 0.0 0.0 0.0955414026976
gs 0.078947365284 0.088235296309 0.17948718369 0.157894730568
ts 0.0793650820851 0.0 0.0 0.0
a 0.324574023485 0.305212289095 0.203013107181 0.274195104837
b 0.192510232329 0.143158331513 0.302761435509 0.332840412855
d 0.172004818916 0.299690365791 0.164436981082 0.138534069061
g 0.114446334541 0.12086699903 0.268171012402 0.199517056346
t 0.196464598179 0.131071999669 0.0616174712777 0.0549133606255
h 1.0 1.0 1.0 1.0
c 0.893354356289 0 0 0
Aa 0.597870469093 -0.0849052295089 -0.202500656247 0.545914947987
Ab 0.371010571718 -0.413690626621 -0.0289241876453 0.630091249943
Ad 0.322097361088 -0.0928344652057 -0.294025242329 0.249411821365
Ag 0.145158618689 -0.487199515104 -0.0816128775477 0.407835274935
At 0.379841059446 -0.451997339725 -0.720320880413 -0.152466744184
as 0.298076927662 0.0609756112099 0.0 0.166666671634
bs 0.184210523963 0.0 0.0 0.322580635548
ds 0.0821917802095 0.0 0.0 0.14649681747
gs 0.0 0.088235296309 0.263157904148 0.184210523963
ts 0.126984134316 0.0 0.0 0.0522875823081
a 0.291847169399 0.241333454847 0.215790614486 0.25727507472
b 0.16974824667 0.119669735432 0.252396672964 0.31505432725
d 0.242614001036 0.380347788334 0.230495989323 0.164481952786
g 0.0883627459407 0.0950732007623 0.229891389608 0.189618244767
t 0.207427844405 0.163575813174 0.0714253336191 0.0735703930259
h 1.0 1.0 1.0 1.0
c 0.878192543983 0 0 0
Aa 0.63702750206 -0.0846116095781 -0.088866405189 0.549173533916
Ab 0.401677340269 -0.389244794846 -0.0208153259009 0.637161195278
Ad 0.556787908077 0.112951770425 -0.0602355711162 0.354894042015
Ag 0.118141241372 -0.489170998335 -0.0613762363791 0.416655898094
At 0.488739073277 -0.253510028124 -0.569046676159 0.00547884777188
as 0.326923072338 0.0609756112099 0.0 0.177777782083
bs 0.263157904148 0.0 0.0270270276815 0.322580635548
ds 0.24137930572 0.0 0.0173410400748 0.210191085935
gs 0.0 0.088235296309 0.315789461136 0.184210523963
ts 0.214285716414 0.0344827584922 0.0 0.150326803327
a 0.257482588291 0.194941177964 0.202114388347 0.238760277629
b 0.141555696726 0.0915850922465 0.197137638927 0.29101651907
d 0.313030987978 0.460737913847 0.332381397486 0.192910254002
g 0.0659970119596 0.067992977798 0.185049057007 0.174922198057
t 0.221933707595 0.184742838144 0.0833175256848 0.102390743792
h 1.0 1.0 1.0 1.0
c 0.863250434399 0 0 0
Aa 0.689168453217 -0.0330493114889 -0.00555122690275 0.556299805641
Ab 0.429347962141 -0.361128121614 -0.0163789093494 0.642255365849
Ad 0.774007916451 0.34050104022 0.210488244891 0.46369305253
Ag 0.0979448780417 -0.490488857031 -0.0438615866005 0.421182662249
At 0.624643862247 -0.0563853159547 -0.390412062407 0.188598439097
as 0.384615391493 0.12195122242 0.103896103799 0.188235297799
bs 0.342105269432 0.0487804859877 0.0270270276815 0.354838699102
ds 0.393103450537 0.136363640428 0.173410400748 0.275641024113
gs 0.0 0.088235296309 0.342105269432 0.210526317358
ts 0.317460328341 0.144927531481 0.0 0.274509817362
a 0.224326372147 0.180841639638 0.176304653287 0.219877943397
b 0.121383979917 0.0698665454984 0.15102763474 0.270313739777
d 0.367300659418 0.513166666031 0.43534937501 0.21599277854
g 0.0509343668818 0.0480838194489 0.146093145013 0.158820852637
t 0.236054614186 0.188041359186 0.0912251845002 0.13499468565
h 1.0 1.0 1.0 1.0
c 0.848308324814 0 0 0
Aa 0.724840521812 0.085696965456 0.0539226196706 0.560635566711
Ab 0.458121538162 -0.327332228422 -0.0132847195491 0.650322020054
Ad 0.938981890678 0.538656949997 0.446496784687 0.552893102169
Ag 0.0809710621834 -0.489602535963 -0.0277112945914 0.419361442327
At 0.746972620487 0.102651879191 -0.232226371765 0.348770588636
as 0.413461536169 0.268292695284 0.181818187237 0.20000000298
bs 0.421052634716 0.125 0.0270270276815 0.387096762657
ds 0.510344803333 0.266233772039 0.306358367205 0.333333343267
gs 0.0 0.088235296309 0.394736856222 0.210526317358
ts 0.412698417902 0.260869562626 0.103896103799 0.379084974527
a 0.192683279514 0.163810402155 0.146596089005 0.20247425139
b 0.112036965787 0.0583976209164 0.121163092554 0.257774144411
d 0.405627042055 0.552306592464 0.51735252142 0.229626938701
g 0.042020611465 0.0370800830424 0.119739860296 0.145263642073
t 0.247632101178 0.188405275345 0.0951484590769 0.164861038327
h 1.0 1.0 1.0 1.0
c 0.833146512508 0 0 0
Aa 0.724840521812 0.158272773027 0.0757451802492 0.556892991066
Ab 0.489357829094 -0.289673537016 -0.00700686266646 0.661762535572
Ad 1.04812335968 0.686111569405 0.623409330845 0.611546039581
Ag 0.0634588524699 -0.486927986145 -0.012138443999 0.412680149078
At 0.833803415298 0.21902436018 -0.111975423992 0.467641234398
as 0.413461536169 0.358024686575 0.207792207599 0.178571432829
bs 0.486486494541 0.22499999404 0.0540540553629 0.419354826212
ds 0.586206912994 0.355263143778 0.410404622555 0.374193549156
gs 0.0 0.088235296309 0.44736841321 0.184210523963
ts 0.484126985073 0.347826093435 0.181818187237 0.457516342402
