eeg 858.679748535 842.229919434 820.845214844 855.389770508
eeg 860.324707031 845.519897461 820.845214844 853.744812012
eeg 860.324707031 843.874938965 819.200195312 853.744812012
eeg 857.034729004 842.229919434 817.555236816 843.874938965
eeg 857.034729004 843.874938965 819.200195312 843.874938965
eeg 853.744812012 842.229919434 819.200195312 842.229919434
eeg 855.389770508 838.940002441 822.49017334 838.940002441
eeg 855.389770508 838.940002441 822.49017334 845.519897461
eeg 857.034729004 838.940002441 825.780151367 848.809875488
eeg 858.679748535 837.29498291 827.425109863 848.809875488
eeg 853.744812012 834.005004883 827.425109863 847.164855957
eeg 848.809875488 837.29498291 827.425109863 843.874938965
eeg 845.519897461 835.650024414 829.070068359 850.454833984
eeg 847.164855957 840.584960938 827.425109863 852.09979248
a 0.544865727425 0.16176122427 0.389183491468 0.303762733936
b 0.108863562346 0.0506711527705 0.0407306775451 0.295059233904
d 0.142629027367 0.542352318764 0.265943348408 0.161583825946
g 0.0167107265443 0.0123343784362 0.0108276596293 0.0957509055734
t 0.186930939555 0.232880920172 0.293314814568 0.143843322992
h 1.0 1.0 1.0 1.0
c 0.788125514984
Aa 1.17056798935 0.428150266409 0.924846053123 0.67715293169
Ab 0.471161007881 -0.0759633928537 -0.0553867407143 0.664527654648
Ad 0.588486373425 0.953557312489 0.759480774403 0.403016358614
Ag -0.342726200819 -0.689606904984 -0.63077378273 0.175761327147
At 0.705959618092 0.586409747601 0.802025675774 0.352508127689
as 1.0 0.632352948189 1.0 0.266666680574
bs 0.974358975887 0.93548387289 0.742857158184 1.0
ds 0.0754716992378 0.367088615894 0.0 0.0
gs 0.303030312061 0.270270258188 0.365384608507 1.0
ts 0.365591406822 0.573033690453 0.310344815254 0.0
eeg 848.809875488 842.229919434 829.070068359 857.034729004
eeg 848.809875488 840.584960938 827.425109863 850.454833984
eeg 848.809875488 842.229919434 827.425109863 845.519897461
eeg 848.809875488 842.229919434 827.425109863 852.09979248
eeg 852.09979248 842.229919434 829.070068359 853.744812012
eeg 850.454833984 840.584960938 830.715087891 852.09979248
eeg 848.809875488 842.229919434 829.070068359 852.09979248
eeg 850.454833984 842.229919434 830.715087891 852.09979248
eeg 843.874938965 838.940002441 829.070068359 847.164855957
eeg 840.584960938 838.940002441 827.425109863 840.584960938
eeg 845.519897461 840.584960938 830.715087891 845.519897461
eeg 845.519897461 842.229919434 832.360046387 847.164855957
eeg 855.389770508 842.229919434 832.360046387 850.454833984
eeg 855.389770508 842.229919434 834.005004883 853.744812012
eeg 852.09979248 843.874938965 832.360046387 850.454833984
eeg 857.034729004 842.229919434 832.360046387 853.744812012
eeg 852.09979248 842.229919434 834.005004883 858.679748535
eeg 853.744812012 840.584960938 830.715087891 853.744812012
eeg 853.744812012 838.940002441 838.940002441 853.744812012
eeg 853.744812012 843.874938965 840.584960938 857.034729004
eeg 858.679748535 845.519897461 837.29498291 860.324707031
eeg 857.034729004 843.874938965 840.584960938 865.259643555
a 0.55950576067 0.165987059474 0.419995099306 0.305475950241
b 0.107827015221 0.0523575283587 0.0398207567632 0.283935964108
d 0.138438969851 0.543372809887 0.241157457232 0.168079108
g 0.0150388553739 0.0128775965422 0.0117705250159 0.0974595397711
t 0.179189413786 0.225405007601 0.287256151438 0.145049437881
h 1.0 1.0 1.0 1.0
c 0.788125514984
Aa 1.16897523403 0.411549121141 0.924846053123 0.661825060844
Ab 0.453898221254 -0.0895459875464 -0.0982886850834 0.630068480968
Ad 0.562429010868 0.926572799683 0.68390250206 0.402361810207
Ag -0.401614576578 -0.698690295219 -0.627602338791 0.165672436357
At 0.674483001232 0.544438421726 0.759871184826 0.338364124298
as 1.0 0.602941155434 1.0 0.244444444776
bs 0.923076927662 0.903225779533 0.62857145071 1.0
ds 0.0471698120236 0.329113930464 0.0 0.0
gs 0.121212124825 0.243243247271 0.365384608507 1.0
ts 0.336956530809 0.528089880943 0.24137930572 0.0
eeg 857.034729004 842.229919434 838.940002441 866.904663086
eeg 857.034729004 840.584960938 840.584960938 865.259643555
eeg 850.454833984 840.584960938 842.229919434 866.904663086
eeg 850.454833984 840.584960938 837.29498291 863.614685059
eeg 853.744812012 843.874938965 840.584960938 858.679748535
eeg 853.744812012 845.519897461 838.940002441 853.744812012
eeg 852.09979248 842.229919434 838.940002441 852.09979248
eeg 852.09979248 843.874938965 837.29498291 853.744812012
eeg 852.09979248 842.229919434 835.650024414 853.744812012
eeg 857.034729004 842.229919434 838.940002441 855.389770508
eeg 860.324707031 843.874938965 838.940002441 852.09979248
eeg 857.034729004 843.874938965 837.29498291 847.164855957
eeg 861.969726562 848.809875488 837.29498291 847.164855957
eeg 863.614685059 850.454833984 837.29498291 845.519897461
eeg 868.549621582 852.09979248 837.29498291 852.09979248
eeg 870.194580078 848.809875488 842.229919434 858.679748535
eeg 870.194580078 848.809875488 840.584960938 863.614685059
eeg 875.129516602 848.809875488 843.874938965 875.129516602
eeg 876.774536133 852.09979248 842.229919434 873.484558105
eeg 868.549621582 858.679748535 838.940002441 863.614685059
eeg 875.129516602 855.389770508 838.940002441 863.614685059
eeg 878.419494629 860.324707031 838.940002441 865.259643555
a 0.55950576067 0.174142867327 0.451885104179 0.305475950241
b 0.107827015221 0.0533950999379 0.0388661473989 0.283935964108
d 0.138438969851 0.546626865864 0.213342353702 0.168079108
g 0.0150388553739 0.0132689420134 0.0127168493345 0.0974595397711
t 0.179189413786 0.212566226721 0.283189535141 0.145049437881
h 1.0 1.0 1.0 1.0
c 0.788125514984
Aa 1.16897523403 0.411549121141 0.924846053123 0.661825060844
Ab 0.453898221254 -0.101855173707 -0.140610486269 0.630068480968
Ad 0.562429010868 0.908334434032 0.598895072937 0.402361810207
Ag -0.401614576578 -0.70652025938 -0.625802457333 0.165672436357
At 0.674483001232 0.498137712479 0.721895217896 0.338364124298
as 1.0 0.602941155434 1.0 0.244444444776
bs 0.923076927662 0.870967745781 0.514285743237 1.0
ds 0.0471698120236 0.316455692053 0.0 0.0
gs 0.121212124825 0.216216221452 0.372549027205 1.0
ts 0.336956530809 0.483146071434 0.172413796186 0.0
eeg 870.194580078 857.034729004 837.29498291 861.969726562
eeg 875.129516602 855.389770508 837.29498291 871.839599609
eeg 866.904663086 855.389770508 834.005004883 863.614685059
eeg 866.904663086 855.389770508 832.360046387 865.259643555
eeg 868.549621582 857.034729004 832.360046387 866.904663086
eeg 870.194580078 855.389770508 834.005004883 860.324707031
eeg 873.484558105 855.389770508 835.650024414 857.034729004
eeg 876.774536133 855.389770508 835.650024414 858.679748535
eeg 881.709472656 855.389770508 835.650024414 858.679748535
eeg 878.419494629 855.389770508 834.005004883 855.389770508
eeg 880.064453125 857.034729004 834.005004883 855.389770508
eeg 878.419494629 855.389770508 832.360046387 853.744812012
eeg 880.064453125 857.034729004 832.360046387 855.389770508
eeg 878.419494629 855.389770508 834.005004883 858.679748535
eeg 875.129516602 855.389770508 832.360046387 860.324707031
eeg 871.839599609 858.679748535 832.360046387 855.389770508
eeg 870.194580078 855.389770508 830.715087891 857.034729004
eeg 868.549621582 858.679748535 829.070068359 861.969726562
eeg 866.904663086 853.744812012 832.360046387 853.744812012
eeg 868.549621582 853.744812012 832.360046387 860.324707031
eeg 871.839599609 853.744812012 827.425109863 855.389770508
eeg 868.549621582 852.09979248 824.135131836 852.09979248
a 0.55950576067 0.178678900003 0.474642664194 0.305475950241
b 0.107827015221 0.0537268482149 0.037913326174 0.283935964108
d 0.138438969851 0.55486124754 0.194084912539 0.168079108
g 0.0150388553739 0.0134106492624 0.0133219165727 0.0974595397711
t 0.179189413786 0.199322357774 0.28003719449 0.145049437881
h 1.0 1.0 1.0 1.0
c 0.788125514984
Aa 1.16897523403 0.410538345575 0.924846053123 0.661825060844
Ab 0.453898221254 -0.111343532801 -0.172728836536 0.630068480968
Ad 0.562429010868 0.902649462223 0.536471068859 0.402361810207
Ag -0.401614576578 -0.714085102081 -0.62695401907 0.165672436357
At 0.674483001232 0.458021104336 0.695694983006 0.338364124298
as 1.0 0.602941155434 1.0 0.244444444776
bs 0.923076927662 0.838709652424 0.428571432829 1.0
ds 0.0471698120236 0.303797453642 0.0 0.0
gs 0.121212124825 0.189189195633 0.372549027205 1.0
ts 0.336956530809 0.438202261925 0.122807018459 0.0
eeg 865.259643555 852.09979248 827.425109863 857.034729004
eeg 865.259643555 852.09979248 829.070068359 857.034729004
eeg 870.194580078 853.744812012 825.780151367 855.389770508
eeg 861.969726562 853.744812012 825.780151367 847.164855957
eeg 863.614685059 853.744812012 827.425109863 848.809875488
eeg 863.614685059 852.09979248 829.070068359 843.874938965
eeg 858.679748535 852.09979248 830.715087891 850.454833984
eeg 861.969726562 850.454833984 829.070068359 847.164855957
eeg 857.034729004 847.164855957 830.715087891 843.874938965
eeg 852.09979248 847.164855957 825.780151367 845.519897461
eeg 857.034729004 847.164855957 822.49017334 845.519897461
eeg 852.09979248 845.519897461 824.135131836 853.744812012
eeg 857.034729004 850.454833984 820.845214844 852.09979248
eeg 858.679748535 855.389770508 822.49017334 848.809875488
eeg 853.744812012 852.09979248 825.780151367 848.809875488
eeg 853.744812012 850.454833984 824.135131836 852.09979248
eeg 847.164855957 847.164855957 819.200195312 848.809875488
eeg 848.809875488 847.164855957 819.200195312 848.809875488
eeg 852.09979248 848.809875488 817.555236816 850.454833984
eeg 848.809875488 848.809875488 817.555236816 845.519897461
eeg 848.809875488 847.164855957 820.845214844 847.164855957
eeg 845.519897461 847.164855957 819.200195312 845.519897461
a 0.55950576067 0.172825843096 0.482822716236 0.305475950241
b 0.107827015221 0.0537176690996 0.0371428579092 0.283935964108
d 0.138438969851 0.569198310375 0.189767375588 0.168079108
g 0.0150388553739 0.0134947197512 0.0133975064382 0.0974595397711
t 0.179189413786 0.19076345861 0.276869565248 0.145049437881
h 1.0 1.0 1.0 1.0
c 0.788125514984
Aa 1.16897523403 0.388841688633 0.924846053123 0.661825060844
Ab 0.453898221254 -0.118649832904 -0.189066320658 0.630068480968
Ad 0.562429010868 0.906496584415 0.519279897213 0.402361810207
Ag -0.401614576578 -0.718603134155 -0.631917655468 0.165672436357
At 0.674483001232 0.431728214025 0.683333575726 0.338364124298
as 1.0 0.573529422283 1.0 0.244444444776
bs 0.923076927662 0.806451618671 0.371428579092 1.0
ds 0.0471698120236 0.303797453642 0.0 0.0
gs 0.121212124825 0.194444447756 0.372549027205 1.0
ts 0.336956530809 0.40449437499 0.105263158679 0.0
eeg 850.454833984 845.519897461 817.555236816 843.874938965
eeg 843.874938965 843.874938965 815.91027832 843.874938965
eeg 838.940002441 840.584960938 814.265258789 838.940002441
eeg 843.874938965 838.940002441 814.265258789 843.874938965
eeg 845.519897461 840.584960938 814.265258789 847.164855957
eeg 847.164855957 835.650024414 817.555236816 850.454833984
eeg 858.679748535 834.005004883 815.91027832 860.324707031
eeg 857.034729004 845.519897461 810.975280762 852.09979248
eeg 852.09979248 847.164855957 806.040344238 837.29498291
eeg 848.809875488 848.809875488 802.750427246 832.360046387
eeg 847.164855957 857.034729004 796.170471191 822.49017334
eeg 852.09979248 855.389770508 791.235534668 822.49017334
eeg 857.034729004 860.324707031 789.590576172 825.780151367
eeg 857.034729004 863.614685059 787.945556641 824.135131836
eeg 857.034729004 858.679748535 789.590576172 824.135131836
eeg 860.324707031 858.679748535 789.590576172 829.070068359
eeg 860.324707031 861.969726562 784.655639648 832.360046387
eeg 865.259643555 863.614685059 787.945556641 829.070068359
eeg 866.904663086 861.969726562 791.235534668 837.29498291
eeg 870.194580078 858.679748535 791.235534668 837.29498291
eeg 870.194580078 857.034729004 796.170471191 845.519897461
eeg 875.129516602 853.744812012 797.815490723 852.09979248
a 0.55950576067 0.167276054621 0.478169828653 0.305475950241
b 0.107827015221 0.0531170964241 0.036392416805 0.283935964108
d 0.138438969851 0.580936193466 0.202209219337 0.168079108
g 0.0150388553739 0.0135770095512 0.013036608696 0.0974595397711
t 0.179189413786 0.18509362638 0.270191937685 0.145049437881
h 1.0 1.0 1.0 1.0
c 0.788125514984
Aa 1.16897523403 0.372801542282 0.924846053123 0.661825060844
Ab 0.453898221254 -0.12539793551 -0.19372522831 0.630068480968
Ad 0.562429010868 0.91349619627 0.5510648489 0.402361810207
Ag -0.401614576578 -0.717828154564 -0.639571487904 0.165672436357
At 0.674483001232 0.416759192944 0.676936268806 0.338364124298
as 1.0 0.544117629528 1.0 0.244444444776
bs 0.923076927662 0.774193525314 0.342857152224 1.0
ds 0.0471698120236 0.307692319155 0.0 0.0
gs 0.121212124825 0.194444447756 0.352941185236 1.0
ts 0.336956530809 0.375 0.0877192988992 0.0
eeg 875.129516602 852.09979248 799.460449219 840.584960938
eeg 878.419494629 855.389770508 799.460449219 837.29498291
eeg 878.419494629 855.389770508 796.170471191 834.005004883
eeg 876.774536133 853.744812012 801.105407715 840.584960938
eeg 878.419494629 850.454833984 801.105407715 837.29498291
eeg 875.129516602 850.454833984 801.105407715 822.49017334
eeg 865.259643555 847.164855957 804.395385742 820.845214844
eeg 868.549621582 850.454833984 801.105407715 820.845214844
eeg 873.484558105 850.454833984 802.750427246 827.425109863
eeg 875.129516602 848.809875488 804.395385742 837.29498291
eeg 873.484558105 847.164855957 807.68536377 840.584960938
eeg 861.969726562 843.874938965 804.395385742 843.874938965
eeg 865.259643555 845.519897461 806.040344238 850.454833984
eeg 868.549621582 847.164855957 806.040344238 853.744812012
eeg 873.484558105 850.454833984 806.040344238 843.874938965
eeg 873.484558105 848.809875488 812.620300293 845.519897461
eeg 875.129516602 848.809875488 812.620300293 847.164855957
eeg 880.064453125 850.454833984 810.975280762 850.454833984
eeg 876.774536133 847.164855957 812.620300293 855.389770508
eeg 876.774536133 847.164855957 817.555236816 855.389770508
eeg 875.129516602 848.809875488 814.265258789 850.454833984
eeg 873.484558105 850.454833984 812.620300293 852.09979248
a 0.148557543755 0.148238286376 0.465631484985 0.252304404974
b 0.0758900865912 0.0533738359809 0.03499102965 0.133295670152
d 0.605089783669 0.60075968504 0.228285461664 0.362525343895
g 0.0270336046815 0.0141644170508 0.0124926967546 0.0521313548088
t 0.143428981304 0.183463767171 0.258599340916 0.199743241072
h 1.0 1.0 1.0 1.0
c 0.774645328522
Aa 0.324361979961 0.310808837414 0.924846053123 0.568907558918
Ab 0.0326523110271 -0.13282315433 -0.199239581823 0.291798770428
Ad 0.934287071228 0.918549239635 0.615281939507 0.726321101189
Ag -0.415628790855 -0.708952844143 -0.646540105343 -0.115918256342
At 0.309104174376 0.40339872241 0.669431090355 0.467454820871
as 0.0 0.45588234067 1.0 0.0444444455206
bs 0.0 0.774193525314 0.342857152224 0.190476194024
ds 0.396226406097 0.320512831211 0.0 0.259999990463
gs 0.0606060624123 0.228571429849 0.333333343267 0.324999988079
ts 0.0 0.356321841478 0.0877192988992 0.111111111939
eeg 870.194580078 852.09979248 810.975280762 848.809875488
eeg 865.259643555 852.09979248 814.265258789 840.584960938
eeg 863.614685059 845.519897461 817.555236816 843.874938965
eeg 863.614685059 845.519897461 817.555236816 838.940002441
eeg 863.614685059 845.519897461 819.200195312 843.874938965
eeg 863.614685059 845.519897461 820.845214844 843.874938965
eeg 860.324707031 843.874938965 822.49017334 845.519897461
eeg 860.324707031 843.874938965 825.780151367 843.874938965
eeg 861.969726562 845.519897461 822.49017334 837.29498291
eeg 860.324707031 845.519897461 820.845214844 832.360046387
eeg 860.324707031 845.519897461 822.49017334 827.425109863
eeg 868.549621582 847.164855957 822.49017334 830.715087891
eeg 870.194580078 850.454833984 820.845214844 830.715087891
eeg 868.549621582 848.809875488 819.200195312 830.715087891
eeg 866.904663086 848.809875488 817.555236816 829.070068359
eeg 861.969726562 845.519897461 819.200195312 829.070068359
eeg 858.679748535 845.519897461 819.200195312 832.360046387
eeg 858.679748535 847.164855957 815.91027832 832.360046387
eeg 860.324707031 850.454833984 817.555236816 832.360046387
eeg 860.324707031 848.809875488 815.91027832 830.715087891
eeg 860.324707031 848.809875488 815.91027832 835.650024414
eeg 857.034729004 845.519897461 814.265258789 838.940002441
a 0.141937747598 0.127955332398 0.447054386139 0.282658219337
b 0.0696750506759 0.0543488934636 0.0325873121619 0.130702644587
d 0.642895638943 0.619890272617 0.266795247793 0.363742083311
g 0.0246178489178 0.0152021758258 0.0118847955018 0.0489995442331
t 0.120873689651 0.182603344321 0.241678252816 0.173897504807
h 1.0 1.0 1.0 1.0
c 0.761418163776
Aa 0.349869310856 0.22892460227 0.924846053123 0.642780840397
Ab 0.0408486798406 -0.142943069339 -0.212465792894 0.307803601027
Ad 1.00591182709 0.914181053638 0.700663745403 0.752312779427
Ag -0.410978525877 -0.696228027344 -0.650522589684 -0.118288762867
At 0.28010314703 0.38337495923 0.657723248005 0.431812554598
as 0.0 0.338235288858 1.0 0.20000000298
bs 0.0 0.741935491562 0.314285725355 0.238095238805
ds 0.451923072338 0.307692319155 0.0 0.289999991655
gs 0.0909090936184 0.264705896378 0.333333343267 0.324999988079
ts 0.0 0.337209314108 0.0701754391193 0.0777777805924
eeg 861.969726562 845.519897461 815.91027832 840.584960938
eeg 861.969726562 847.164855957 817.555236816 848.809875488
eeg 865.259643555 847.164855957 822.49017334 850.454833984
eeg 866.904663086 845.519897461 825.780151367 850.454833984
eeg 866.904663086 848.809875488 820.845214844 845.519897461
eeg 876.774536133 848.809875488 819.200195312 832.360046387
eeg 876.774536133 848.809875488 819.200195312 832.360046387
eeg 873.484558105 848.809875488 825.780151367 835.650024414
eeg 876.774536133 843.874938965 825.780151367 845.519897461
eeg 880.064453125 850.454833984 824.135131836 848.809875488
eeg 884.999450684 857.034729004 822.49017334 860.324707031
eeg 898.159240723 857.034729004 827.425109863 881.709472656
eeg 878.419494629 850.454833984 834.005004883 875.129516602
eeg 861.969726562 843.874938965 830.715087891 852.09979248
eeg 852.09979248 840.584960938 822.49017334 848.809875488
eeg 827.425109863 832.360046387 825.780151367 817.555236816
eeg 820.845214844 835.650024414 838.940002441 815.91027832
eeg 806.040344238 830.715087891 837.29498291 802.750427246
eeg 797.815490723 812.620300293 835.650024414 801.105407715
eeg 792.880554199 814.265258789 842.229919434 799.460449219
eeg 773.14074707 815.91027832 848.809875488 789.590576172
eeg 763.270874023 812.620300293 861.969726562 789.590576172
a 0.141961842775 0.12534622848 0.422819495201 0.296504199505
b 0.0650204122066 0.0561810769141 0.0294281598181 0.132776290178
d 0.658004641533 0.61981523037 0.318900704384 0.369925558567
g 0.0230017211288 0.0166788734496 0.0112088602036 0.0462973713875
t 0.112011395395 0.181978613138 0.217642784119 0.154496565461
h 1.0 1.0 1.0 1.0
c 0.748697042465
Aa 0.39927431941 0.192953959107 0.924846053123 0.69296681881
Ab 0.0601524040103 -0.155567273498 -0.23254583776 0.344056487083
Ad 1.06533169746 0.887104928493 0.802346527576 0.789050281048
Ag -0.391136974096 -0.6829906106 -0.651747465134 -0.113507710397
At 0.29636490345 0.354863017797 0.636435329914 0.409854769707
as 0.0 0.279411762953 1.0 0.318181812763
bs 0.0 0.666666686535 0.257142871618 0.309523820877
ds 0.509615361691 0.269230782986 0.0 0.330000013113
gs 0.151515156031 0.323529422283 0.333333343267 0.324999988079
ts 0.0 0.302325576544 0.0175438597798 0.0555555559695
eeg 759.980895996 815.91027832 860.324707031 773.14074707
eeg 769.850830078 819.200195312 852.09979248 799.460449219
eeg 778.075683594 819.200195312 847.164855957 807.68536377
eeg 784.655639648 824.135131836 850.454833984 814.265258789
eeg 786.300598145 827.425109863 850.454833984 817.555236816
eeg 792.880554199 824.135131836 842.229919434 825.780151367
eeg 801.105407715 824.135131836 845.519897461 827.425109863
eeg 802.750427246 829.070068359 847.164855957 827.425109863
eeg 806.040344238 830.715087891 845.519897461 835.650024414
eeg 814.265258789 824.135131836 843.874938965 834.005004883
eeg 815.91027832 825.780151367 840.584960938 838.940002441
eeg 819.200195312 829.070068359 840.584960938 840.584960938
eeg 822.49017334 824.135131836 843.874938965 840.584960938
eeg 825.780151367 825.780151367 842.229919434 850.454833984
eeg 832.360046387 829.070068359 843.874938965 852.09979248
eeg 834.005004883 830.715087891 840.584960938 852.09979248
eeg 845.519897461 837.29498291 842.229919434 858.679748535
eeg 850.454833984 837.29498291 843.874938965 863.614685059
eeg 855.389770508 842.229919434 840.584960938 868.549621582
eeg 855.389770508 842.229919434 842.229919434 866.904663086
eeg 853.744812012 838.940002441 840.584960938 871.839599609
eeg 860.324707031 838.940002441 842.229919434 870.194580078
a 0.140970811248 0.140806466341 0.388169318438 0.289970248938
b 0.0599787198007 0.0595019236207 0.0263525992632 0.142731621861
d 0.648568809032 0.594678401947 0.385910600424 0.371457278728
g 0.0220361799002 0.0189135242254 0.0105035686865 0.0448782481253
t 0.128445506096 0.186099693179 0.189063921571 0.15096257627
h 1.0 1.0 1.0 1.0
c 0.737152576447
Aa 0.444319963455 0.199818134308 0.912481486797 0.709967911243
Ab 0.0731879472733 -0.174273446202 -0.255716234446 0.402134686708
Ad 1.10714685917 0.825477719307 0.909946978092 0.817523360252
Ag -0.36167293787 -0.672031998634 -0.655202865601 -0.100349634886
At 0.403909683228 0.320941209793 0.600068986416 0.426483750343
as 0.0135135138407 0.283582091331 0.98507463932 0.363636374474
bs 0.0 0.600000023842 0.171428576112 0.452380955219
ds 0.548076927662 0.192307695746 0.0666666701436 0.353535354137
gs 0.242424249649 0.352941185236 0.313725501299 0.375
ts 0.0638297870755 0.267441868782 0.0 0.0681818202138
eeg 858.679748535 838.940002441 840.584960938 861.969726562
eeg 868.549621582 840.584960938 837.29498291 866.904663086
eeg 858.679748535 838.940002441 838.940002441 860.324707031
eeg 861.969726562 843.874938965 838.940002441 865.259643555
eeg 860.324707031 843.874938965 840.584960938 863.614685059
eeg 857.034729004 842.229919434 835.650024414 852.09979248
eeg 857.034729004 842.229919434 827.425109863 857.034729004
eeg 853.744812012 840.584960938 824.135131836 852.09979248
eeg 848.809875488 842.229919434 832.360046387 857.034729004
eeg 852.09979248 842.229919434 835.650024414 855.389770508
eeg 853.744812012 843.874938965 838.940002441 850.454833984
eeg 847.164855957 838.940002441 837.29498291 852.09979248
eeg 850.454833984 834.005004883 835.650024414 853.744812012
eeg 847.164855957 838.940002441 834.005004883 848.809875488
eeg 850.454833984 843.874938965 832.360046387 848.809875488
eeg 860.324707031 843.874938965 829.070068359 845.519897461
eeg 855.389770508 847.164855957 827.425109863 845.519897461
eeg 860.324707031 843.874938965 825.780151367 838.940002441
eeg 858.679748535 842.229919434 822.49017334 847.164855957
eeg 857.034729004 845.519897461 825.780151367 848.809875488
eeg 861.969726562 845.519897461 827.425109863 848.809875488
eeg 866.904663086 840.584960938 829.070068359 850.454833984
a 0.193814471364 0.179715514183 0.322628647089 0.28430852294
b 0.0498561188579 0.0644878968596 0.0250401962548 0.156197875738
d 0.571623384953 0.536935925484 0.476761609316 0.350871115923
g 0.0194238554686 0.0219999179244 0.0101539632306 0.0431632399559
t 0.165282160044 0.196860745549 0.165415585041 0.165459260345
h 1.0 1.0 1.0 1.0
c 0.727037668228
Aa 0.680404305458 0.253478467464 0.839304089546 0.740348756313
Ab 0.0907365679741 -0.191628918052 -0.270761102438 0.480234026909
Ad 1.15012812614 0.728815317154 1.00890243053 0.831706523895
Ag -0.318646490574 -0.658686041832 -0.662763237953 -0.0783270746469
At 0.611244082451 0.293051987886 0.549177587032 0.505249977112
as 0.328767120838 0.358208954334 0.880596995354 0.431818187237
bs 0.0487804859877 0.586206912994 0.142857149243 0.642857134342
ds 0.601941764355 0.0769230797887 0.20000000298 0.373737365007
gs 0.363636374474 0.382352948189 0.313725501299 0.425000011921
ts 0.287234038115 0.232558146119 0.0 0.159090906382
eeg 876.774536133 848.809875488 832.360046387 865.259643555
eeg 883.354431152 853.744812012 827.425109863 870.194580078
eeg 873.484558105 853.744812012 827.425109863 850.454833984
eeg 858.679748535 852.09979248 829.070068359 850.454833984
eeg 860.324707031 850.454833984 827.425109863 840.584960938
eeg 861.969726562 850.454833984 827.425109863 842.229919434
eeg 870.194580078 850.454833984 827.425109863 852.09979248
eeg 870.194580078 848.809875488 830.715087891 850.454833984
eeg 868.549621582 847.164855957 829.070068359 852.09979248
eeg 873.484558105 850.454833984 825.780151367 857.034729004
eeg 871.839599609 847.164855957 827.425109863 858.679748535
eeg 880.064453125 848.809875488 825.780151367 853.744812012
eeg 875.129516602 852.09979248 827.425109863 858.679748535
eeg 871.839599609 852.09979248 825.780151367 858.679748535
eeg 868.549621582 848.809875488 827.425109863 860.324707031
eeg 873.484558105 848.809875488 827.425109863 857.034729004
eeg 880.064453125 848.809875488 824.135131836 850.454833984
eeg 884.999450684 852.09979248 825.780151367 855.389770508
eeg 888.289367676 852.09979248 824.135131836 850.454833984
eeg 884.999450684 850.454833984 820.845214844 852.09979248
eeg 891.579345703 850.454833984 817.555236816 853.744812012
eeg 889.934387207 850.454833984 822.49017334 860.324707031
a 0.260373830795 0.222249135375 0.224404335022 0.308158010244
b 0.0372003167868 0.070510558784 0.0256233271211 0.159902557731
d 0.478401839733 0.465089023113 0.589933156967 0.301160037518
g 0.0154989371076 0.02558401227 0.010209005326 0.0382836982608
t 0.208525076509 0.216567263007 0.149830177426 0.192495688796
h 1.0 1.0 1.0 1.0
c 0.727037668228
Aa 0.962199687958 0.302180498838 0.671657681465 0.854289710522
Ab 0.117149047554 -0.196405425668 -0.27073803544 0.569371640682
Ad 1.22639524937 0.622876465321 1.09142923355 0.844313561916
Ag -0.263095676899 -0.636690974236 -0.670390129089 -0.0514698587358
At 0.865760684013 0.290933191776 0.496225714684 0.649937272072
as 0.712328791618 0.432835817337 0.621212124825 0.681818187237
bs 0.12195122242 0.551724135876 0.142857149243 0.857142865658
ds 0.666666686535 0.0 0.30666667223 0.387755095959
gs 0.54545456171 0.441176474094 0.29411765933 0.5
ts 0.553191483021 0.232558146119 0.0 0.329545468092
eeg 878.419494629 845.519897461 822.49017334 863.614685059
eeg 875.129516602 842.229919434 819.200195312 863.614685059
eeg 880.064453125 848.809875488 817.555236816 858.679748535
eeg 883.354431152 852.09979248 810.975280762 848.809875488
eeg 884.999450684 853.744812012 812.620300293 852.09979248
eeg 880.064453125 852.09979248 812.620300293 852.09979248
eeg 884.999450684 847.164855957 810.975280762 852.09979248
eeg 881.709472656 845.519897461 809.330322266 855.389770508
eeg 881.709472656 845.519897461 807.68536377 843.874938965
eeg 880.064453125 847.164855957 807.68536377 842.229919434
eeg 876.774536133 847.164855957 810.975280762 847.164855957
eeg 876.774536133 845.519897461 809.330322266 842.229919434
eeg 873.484558105 847.164855957 812.620300293 847.164855957
eeg 875.129516602 845.519897461 814.265258789 853.744812012
eeg 876.774536133 842.229919434 812.620300293 855.389770508
eeg 880.064453125 843.874938965 815.91027832 858.679748535
eeg 880.064453125 847.164855957 814.265258789 853.744812012
eeg 883.354431152 847.164855957 812.620300293 855.389770508
eeg 883.354431152 848.809875488 815.91027832 853.744812012
eeg 878.419494629 847.164855957 814.265258789 855.389770508
eeg 883.354431152 847.164855957 815.91027832 861.969726562
eeg 884.999450684 850.454833984 817.555236816 860.324707031
a 0.293202638626 0.254306107759 0.13195592165 0.322839468718
b 0.0278405528516 0.0736521184444 0.0268451217562 0.156844511628
d 0.422506630421 0.408480912447 0.691606581211 0.258722811937
g 0.0122654540464 0.0276689399034 0.0102903712541 0.0328045934439
t 0.244184717536 0.235891908407 0.139302015305 0.228788599372
h 1.0 1.0 1.0 1.0
c 0.737702906132
Aa 1.17769432068 0.35890302062 0.438605576754 0.968791425228
Ab 0.155204296112 -0.179268524051 -0.252957940102 0.655274093151
Ad 1.33635997772 0.564718008041 1.15803575516 0.872639477253
Ag -0.200789913535 -0.604461252689 -0.669392287731 -0.024260584265
At 1.09824490547 0.326259255409 0.462134063244 0.819239139557
as 1.0 0.522388041019 0.272727280855 0.95454543829
bs 0.195121943951 0.620689630508 0.205882355571 1.0
ds 0.77999997139 0.0 0.38666665554 0.418367356062
gs 0.727272748947 0.529411792755 0.29411765933 0.550000011921
ts 0.808510661125 0.267441868782 0.0 0.522727251053
eeg 886.64440918 848.809875488 815.91027832 870.194580078
eeg 894.86932373 840.584960938 815.91027832 878.419494629
eeg 891.579345703 847.164855957 812.620300293 873.484558105
eeg 888.289367676 852.09979248 817.555236816 838.940002441
eeg 894.86932373 853.744812012 820.845214844 832.360046387
eeg 888.289367676 852.09979248 819.200195312 830.715087891
eeg 891.579345703 847.164855957 819.200195312 848.809875488
eeg 896.514282227 848.809875488 820.845214844 860.324707031
eeg 896.514282227 850.454833984 825.780151367 858.679748535
eeg 889.934387207 848.809875488 827.425109863 847.164855957
eeg 884.999450684 850.454833984 825.780151367 858.679748535
eeg 883.354431152 850.454833984 825.780151367 855.389770508
eeg 880.064453125 848.809875488 829.070068359 852.09979248
eeg 875.129516602 845.519897461 827.425109863 850.454833984
eeg 871.839599609 847.164855957 824.135131836 835.650024414
eeg 875.129516602 850.454833984 820.845214844 840.584960938
eeg 875.129516602 850.454833984 815.91027832 845.519897461
eeg 871.839599609 845.519897461 820.845214844 855.389770508
eeg 870.194580078 845.519897461 824.135131836 855.389770508
eeg 871.839599609 850.454833984 834.005004883 857.034729004
eeg 878.419494629 853.744812012 838.940002441 853.744812012
eeg 889.934387207 850.454833984 840.584960938 852.09979248
a 0.282786041498 0.25597551465 0.0981525629759 0.307785749435
b 0.0228259637952 0.0730788856745 0.027270168066 0.1542083323
d 0.41182911396 0.396736472845 0.734306037426 0.240312665701
g 0.0105495490134 0.0275001320988 0.0100258430466 0.028943201527
t 0.272009313107 0.246709004045 0.130245417356 0.268750071526
h 1.0 1.0 1.0 1.0
c 0.750488817692
Aa 1.28878045082 0.401650667191 0.336872011423 1.02577900887
Ab 0.195751592517 -0.142755866051 -0.219341814518 0.725638270378
Ad 1.45203948021 0.591954350471 1.21084749699 0.918307125568
Ag -0.139443650842 -0.567212998867 -0.653908729553 -0.000922996376175
At 1.27190625668 0.385637223721 0.459732830524 0.966879010201
as 1.0 0.582089543343 0.106060609221 1.0
bs 0.292682915926 0.758620679379 0.29411765933 1.0
ds 0.899999976158 0.0 0.466666668653 0.469387769699
gs 0.90625 0.636363625526 0.313725501299 0.625
ts 0.989361703396 0.337209314108 0.0 0.681818187237
eeg 880.064453125 852.09979248 835.650024414 863.614685059
eeg 883.354431152 855.389770508 827.425109863 858.679748535
eeg 880.064453125 860.324707031 827.425109863 860.324707031
eeg 880.064453125 865.259643555 825.780151367 865.259643555
eeg 884.999450684 861.969726562 829.070068359 857.034729004
eeg 876.774536133 860.324707031 830.715087891 860.324707031
eeg 880.064453125 857.034729004 832.360046387 861.969726562
eeg 873.484558105 855.389770508 829.070068359 858.679748535
eeg 873.484558105 857.034729004 829.070068359 861.969726562
eeg 870.194580078 857.034729004 837.29498291 857.034729004
eeg 866.904663086 855.389770508 840.584960938 865.259643555
eeg 868.549621582 852.09979248 838.940002441 860.324707031
eeg 868.549621582 852.09979248 837.29498291 861.969726562
eeg 861.969726562 850.454833984 834.005004883 853.744812012
eeg 857.034729004 848.809875488 832.360046387 842.229919434
eeg 853.744812012 852.09979248 830.715087891 838.940002441
eeg 842.229919434 850.454833984 829.070068359 824.135131836
eeg 843.874938965 848.809875488 825.780151367 834.005004883
eeg 842.229919434 850.454833984 827.425109863 838.940002441
eeg 845.519897461 850.454833984 829.070068359 842.229919434
eeg 850.454833984 852.09979248 822.49017334 840.584960938
eeg 853.744812012 855.389770508 820.845214844 837.29498291
a 0.250374108553 0.23718957603 0.0893657878041 0.281789183617
b 0.0207418892533 0.0711943954229 0.0276856441051 0.152734190226
d 0.425756275654 0.41600176692 0.746154725552 0.236450701952
g 0.00990957114846 0.0263536050916 0.00984251219779 0.0268436279148
t 0.293218135834 0.249260663986 0.126951336861 0.302182286978
h 1.0 1.0 1.0 1.0
c 0.764405488968
Aa 1.31521391869 0.422767609358 0.331321299076 1.04054522514
Ab 0.233472853899 -0.0998821780086 -0.177595376968 0.774557173252
Ad 1.5457855463 0.666767179966 1.25297892094 0.964361548424
Ag -0.0873205810785 -0.531487941742 -0.626744031906 0.0194621235132
At 1.38381540775 0.444325745106 0.483787238598 1.0708899498
as 1.0 0.611940324306 0.106060609221 1.0
bs 0.390243887901 0.896551728249 0.411764711142 1.0
ds 0.989898979664 0.048192769289 0.520547926426 0.505263149738
gs 1.0 0.78125 0.379999995232 0.666666686535
ts 1.0 0.40000000596 0.0 0.806818187237
eeg 858.679748535 853.744812012 824.135131836 857.034729004
eeg 863.614685059 852.09979248 827.425109863 858.679748535
eeg 868.549621582 852.09979248 830.715087891 866.904663086
eeg 870.194580078 853.744812012 832.360046387 866.904663086
eeg 865.259643555 850.454833984 835.650024414 865.259643555
eeg 861.969726562 847.164855957 840.584960938 868.549621582
eeg 865.259643555 848.809875488 837.29498291 870.194580078
eeg 861.969726562 853.744812012 830.715087891 865.259643555
eeg 860.324707031 852.09979248 830.715087891 863.614685059
eeg 857.034729004 853.744812012 829.070068359 860.324707031
eeg 848.809875488 852.09979248 825.780151367 853.744812012
eeg 848.809875488 852.09979248 824.135131836 853.744812012
eeg 850.454833984 852.09979248 820.845214844 850.454833984
eeg 847.164855957 853.744812012 819.200195312 847.164855957
eeg 848.809875488 855.389770508 819.200195312 843.874938965
eeg 852.09979248 853.744812012 820.845214844 847.164855957
eeg 850.454833984 853.744812012 820.845214844 847.164855957
eeg 858.679748535 857.034729004 822.49017334 852.09979248
eeg 860.324707031 853.744812012 827.425109863 852.09979248
eeg 853.744812012 852.09979248 825.780151367 845.519897461
eeg 860.324707031 853.744812012 827.425109863 850.454833984
eeg 861.969726562 850.454833984 830.715087891 850.454833984
a 0.225959256291 0.214609846473 0.083508387208 0.263006150723
b 0.0199392512441 0.0699076279998 0.0284712482244 0.152285143733
d 0.441906660795 0.441729366779 0.751011371613 0.235485911369
g 0.00975691247731 0.0256244856864 0.00988113600761 0.0263489559293
t 0.302437901497 0.248128667474 0.127127826214 0.322873860598
h 1.0 1.0 1.0 1.0
c 0.778750360012
Aa 1.31521391869 0.422767609358 0.33265003562 1.04054522514
Ab 0.260892689228 -0.0643574297428 -0.134673565626 0.803236842155
Ad 1.60651433468 0.736274242401 1.2865664959 0.992544233799
Ag -0.0495037660003 -0.500226855278 -0.594273209572 0.0413427427411
At 1.44182002544 0.48579493165 0.515160560608 1.12961220741
as 1.0 0.611940324306 0.106060609221 1.0
bs 0.463414639235 1.0 0.529411792755 1.0
ds 1.0 0.132530122995 0.561643838882 0.536842107773
gs 1.0 0.875 0.439999997616 0.71794873476
ts 1.0 0.447058826685 0.0 0.875
eeg 866.904663086 850.454833984 827.425109863 850.454833984
eeg 868.549621582 850.454833984 827.425109863 858.679748535
eeg 866.904663086 852.09979248 827.425109863 863.614685059
eeg 861.969726562 852.09979248 827.425109863 853.744812012
eeg 858.679748535 850.454833984 825.780151367 853.744812012
eeg 853.744812012 853.744812012 822.49017334 855.389770508
eeg 845.519897461 850.454833984 822.49017334 850.454833984
eeg 843.874938965 848.809875488 825.780151367 852.09979248
eeg 840.584960938 850.454833984 824.135131836 847.164855957
eeg 843.874938965 847.164855957 827.425109863 850.454833984
eeg 845.519897461 848.809875488 822.49017334 858.679748535
eeg 852.09979248 850.454833984 824.135131836 850.454833984
eeg 850.454833984 848.809875488 822.49017334 845.519897461
eeg 852.09979248 852.09979248 815.91027832 838.940002441
eeg 853.744812012 855.389770508 819.200195312 843.874938965
eeg 852.09979248 850.454833984 815.91027832 852.09979248
eeg 857.034729004 855.389770508 819.200195312 853.744812012
eeg 860.324707031 853.744812012 817.555236816 850.454833984
eeg 861.969726562 852.09979248 817.555236816 852.09979248
eeg 861.969726562 853.744812012 824.135131836 855.389770508
eeg 863.614685059 853.744812012 822.49017334 858.679748535
eeg 865.259643555 848.809875488 824.135131836 858.679748535
a 0.21646335721 0.202210724354 0.0789505988359 0.256617993116
b 0.0198498051614 0.0691902115941 0.0296908654273 0.153537288308
d 0.453053623438 0.456798374653 0.753626644611 0.232291132212
g 0.00983860343695 0.0258124060929 0.0101274456829 0.027360457927
t 0.30079460144 0.245988294482 0.127604469657 0.330193132162
h 1.0 1.0 1.0 1.0
c 0.793737530708
Aa 1.31521391869 0.422767609358 0.33265003562 1.04054522514
Ab 0.277585834265 -0.0429919287562 -0.0920825004578 0.817472040653
Ad 1.63597917557 0.776687979698 1.31245088577 0.997290790081
Ag -0.0272369515151 -0.471208095551 -0.559205412865 0.0683814883232
At 1.45809960365 0.507877886295 0.541160523891 1.1500262022
as 1.0 0.611940324306 0.106060609221 1.0
bs 0.512195110321 1.0 0.676470577717 1.0
ds 1.0 0.180722892284 0.602739751339 0.536842107773
gs 1.0 0.96875 0.519999980927 0.794871807098
ts 1.0 0.482352942228 0.0 0.897727251053
eeg 861.969726562 858.679748535 820.845214844 857.034729004
eeg 860.324707031 858.679748535 817.555236816 848.809875488
eeg 858.679748535 858.679748535 815.91027832 838.940002441
eeg 857.034729004 858.679748535 817.555236816 838.940002441
eeg 866.904663086 853.744812012 815.91027832 835.650024414
eeg 861.969726562 853.744812012 820.845214844 835.650024414
eeg 858.679748535 848.809875488 822.49017334 838.940002441
eeg 858.679748535 852.09979248 817.555236816 843.874938965
eeg 848.809875488 848.809875488 817.555236816 847.164855957
eeg 845.519897461 848.809875488 822.49017334 855.389770508
eeg 838.940002441 847.164855957 832.360046387 853.744812012
eeg 837.29498291 848.809875488 824.135131836 848.809875488
eeg 840.584960938 852.09979248 827.425109863 848.809875488
eeg 842.229919434 850.454833984 827.425109863 838.940002441
eeg 842.229919434 845.519897461 822.49017334 837.29498291
eeg 845.519897461 845.519897461 825.780151367 832.360046387
eeg 850.454833984 852.09979248 822.49017334 825.780151367
eeg 845.519897461 850.454833984 817.555236816 835.650024414
eeg 847.164855957 850.454833984 817.555236816 838.940002441
eeg 847.164855957 848.809875488 819.200195312 837.29498291
eeg 852.09979248 850.454833984 822.49017334 838.940002441
eeg 855.389770508 853.744812012 819.200195312 842.229919434
a 0.216198578477 0.197743341327 0.0748389437795 0.258443206549
b 0.0202856119722 0.0689049437642 0.031596146524 0.156940415502
d 0.46004602313 0.460561841726 0.755949139595 0.226256072521
g 0.0100259175524 0.02694266662 0.0106387855485 0.0295654609799
t 0.293443858624 0.245847210288 0.126976966858 0.3287948668
h 1.0 1.0 1.0 1.0
c 0.809367060661
Aa 1.31521391869 0.422767609358 0.326869815588 1.04054522514
Ab 0.287549257278 -0.0350838676095 -0.0476237237453 0.823914945126
Ad 1.64316236973 0.789953708649 1.33123469353 0.982780337334
Ag -0.0185147449374 -0.44289368391 -0.520365774632 0.0989647731185
At 1.44788622856 0.517331063747 0.556467056274 1.14510512352
as 1.0 0.611940324306 0.0769230797887 1.0
bs 0.536585390568 1.0 0.794117629528 1.0
ds 1.0 0.204819276929 0.630136966705 0.526315808296
gs 1.0 1.0 0.591836750507 0.871794879436
ts 1.0 0.482352942228 0.0153846153989 0.886363625526
eeg 853.744812012 853.744812012 819.200195312 847.164855957
eeg 843.874938965 853.744812012 825.780151367 850.454833984
eeg 843.874938965 850.454833984 819.200195312 835.650024414
eeg 843.874938965 853.744812012 824.135131836 838.940002441
eeg 843.874938965 853.744812012 824.135131836 835.650024414
eeg 845.519897461 848.809875488 819.200195312 838.940002441
eeg 845.519897461 850.454833984 822.49017334 840.584960938
eeg 840.584960938 845.519897461 822.49017334 835.650024414
eeg 843.874938965 838.940002441 822.49017334 843.874938965
eeg 850.454833984 843.874938965 819.200195312 850.454833984
eeg 852.09979248 852.09979248 819.200195312 858.679748535
eeg 845.519897461 853.744812012 822.49017334 852.09979248
eeg 843.874938965 852.09979248 820.845214844 850.454833984
eeg 845.519897461 852.09979248 822.49017334 842.229919434
eeg 845.519897461 852.09979248 822.49017334 834.005004883
eeg 842.229919434 850.454833984 822.49017334 840.584960938
eeg 845.519897461 852.09979248 822.49017334 848.809875488
eeg 845.519897461 848.809875488 824.135131836 837.29498291
eeg 845.519897461 845.519897461 819.200195312 835.650024414
eeg 850.454833984 852.09979248 819.200195312 842.229919434
eeg 847.164855957 853.744812012 819.200195312 837.29498291
eeg 850.454833984 853.744812012 824.135131836 842.229919434
a 0.214897438884 0.197441667318 0.07154725492 0.265212237835
b 0.0206761732697 0.0686997920275 0.0344521589577 0.162239298224
d 0.46683382988 0.456684112549 0.756586313248 0.215913534164
g 0.0100844977424 0.0286550056189 0.0114016085863 0.0318500176072
t 0.287508040667 0.248519435525 0.126012668014 0.324784904718
h 1.0 1.0 1.0 1.0
c 0.825852930546
Aa 1.32425868511 0.422767609358 0.31837451458 1.06001591682
Ab 0.307497680187 -0.0357157588005 0.000998000148684 0.846578419209
Ad 1.66118979454 0.786944687366 1.3426400423 0.97070223093
Ag -0.00431821169332 -0.415470689535 -0.479252338409 0.139532029629
At 1.45067751408 0.522689163685 0.564195752144 1.14801824093
as 1.0 0.611940324306 0.0769230797887 1.0
bs 0.585365831852 1.0 0.941176474094 1.0
ds 1.0 0.192771077156 0.643835604191 0.515789449215
gs 1.0 1.0 0.6875 0.974358975887
ts 1.0 0.488095223904 0.0307692307979 0.886363625526
eeg 847.164855957 855.389770508 822.49017334 840.584960938
eeg 848.809875488 852.09979248 822.49017334 845.519897461
eeg 850.454833984 852.09979248 820.845214844 848.809875488
eeg 853.744812012 855.389770508 822.49017334 853.744812012
eeg 860.324707031 853.744812012 827.425109863 855.389770508
eeg 860.324707031 847.164855957 827.425109863 848.809875488
eeg 860.324707031 852.09979248 827.425109863 857.034729004
eeg 860.324707031 855.389770508 827.425109863 855.389770508
eeg 860.324707031 858.679748535 825.780151367 855.389770508
eeg 857.034729004 861.969726562 827.425109863 858.679748535
eeg 857.034729004 857.034729004 827.425109863 858.679748535
eeg 860.324707031 857.034729004 825.780151367 858.679748535
eeg 860.324707031 855.389770508 827.425109863 865.259643555
eeg 857.034729004 853.744812012 825.780151367 861.969726562
eeg 852.09979248 850.454833984 827.425109863 860.324707031
eeg 853.744812012 848.809875488 827.425109863 861.969726562
eeg 855.389770508 852.09979248 825.780151367 860.324707031
eeg 850.454833984 848.809875488 825.780151367 858.679748535
eeg 853.744812012 850.454833984 824.135131836 860.324707031
eeg 852.09979248 853.744812012 819.200195312 860.324707031
eeg 852.09979248 853.744812012 820.845214844 858.679748535
eeg 855.389770508 853.744812012 822.49017334 857.034729004
a 0.217315226793 0.198664486408 0.0700395032763 0.276657432318
b 0.0213460978121 0.0687633678317 0.038130197674 0.166120916605
d 0.468478083611 0.449120938778 0.754348397255 0.204697176814
g 0.0100930761546 0.0303104631603 0.0123225608841 0.0337261930108
t 0.282767504454 0.253140747547 0.125159367919 0.318798273802
h 1.0 1.0 1.0 1.0
c 0.842552959919
Aa 1.33708977699 0.422767609358 0.3142760396 1.08690452576
Ab 0.329318076372 -0.0379954725504 0.0502020418644 0.865386486053
Ad 1.67068886757 0.777010679245 1.34650492668 0.956073999405
Ag 0.00402315659449 -0.393760055304 -0.440366029739 0.172929495573
At 1.45142912865 0.528009474277 0.566396355629 1.14847815037
as 1.0 0.611940324306 0.0615384615958 1.0
bs 0.634146332741 1.0 1.0 1.0
ds 1.0 0.170731708407 0.643835604191 0.494736850262
gs 1.0 1.0 0.770833313465 1.0
ts 1.0 0.5 0.0307692307979 0.897727251053
eeg 852.09979248 852.09979248 820.845214844 847.164855957
eeg 853.744812012 852.09979248 819.200195312 850.454833984
eeg 853.744812012 848.809875488 815.91027832 853.744812012
eeg 853.744812012 848.809875488 820.845214844 860.324707031
eeg 858.679748535 850.454833984 824.135131836 861.969726562
eeg 860.324707031 850.454833984 825.780151367 858.679748535
eeg 860.324707031 855.389770508 819.200195312 861.969726562
eeg 863.614685059 853.744812012 814.265258789 861.969726562
eeg 855.389770508 850.454833984 819.200195312 863.614685059
eeg 855.389770508 847.164855957 820.845214844 860.324707031
eeg 858.679748535 850.454833984 820.845214844 858.679748535
eeg 857.034729004 850.454833984 819.200195312 858.679748535
eeg 860.324707031 850.454833984 819.200195312 858.679748535
eeg 855.389770508 848.809875488 819.200195312 857.034729004
eeg 857.034729004 848.809875488 820.845214844 861.969726562
eeg 860.324707031 850.454833984 824.135131836 860.324707031
eeg 855.389770508 850.454833984 824.135131836 848.809875488
eeg 852.09979248 848.809875488 822.49017334 853.744812012
eeg 848.809875488 847.164855957 824.135131836 852.09979248
eeg 845.519897461 845.519897461 822.49017334 857.034729004
eeg 847.164855957 843.874938965 825.780151367 855.389770508
eeg 850.454833984 840.584960938 824.135131836 852.09979248
a 0.217212066054 0.200863227248 0.0701242089272 0.287657886744
b 0.0223051607609 0.0697288587689 0.0422949828207 0.168744370341
d 0.468870013952 0.439147502184 0.748829007149 0.196166440845
g 0.0101174060255 0.0315837524831 0.0132738742977 0.0348944850266
t 0.281495332718 0.25867664814 0.125477910042 0.312536805868
h 1.0 1.0 1.0 1.0
c 0.859252929688
Aa 1.33980894089 0.422767609358 0.313273012638 1.11215507984
Ab 0.351330339909 -0.0367202460766 0.0936938971281 0.880508005619
Ad 1.67397749424 0.762477636337 1.34178769588 0.945903480053
Ag 0.00799418240786 -0.380669087172 -0.409597247839 0.196035534143
At 1.4523961544 0.532624423504 0.565972328186 1.14817988873
as 1.0 0.621212124825 0.0615384615958 1.0
bs 0.68292683363 1.0 1.0 1.0
ds 1.0 0.158536583185 0.643835604191 0.484210520983
gs 1.0 1.0 0.833333313465 1.0
ts 1.0 0.506024122238 0.0307692307979 0.896551728249
eeg 847.164855957 843.874938965 824.135131836 847.164855957
eeg 848.809875488 845.519897461 822.49017334 845.519897461
eeg 847.164855957 847.164855957 822.49017334 845.519897461
eeg 850.454833984 847.164855957 819.200195312 845.519897461
eeg 855.389770508 848.809875488 815.91027832 850.454833984
eeg 857.034729004 848.809875488 820.845214844 857.034729004
eeg 860.324707031 853.744812012 819.200195312 858.679748535
eeg 855.389770508 855.389770508 819.200195312 860.324707031
eeg 853.744812012 853.744812012 822.49017334 860.324707031
eeg 855.389770508 853.744812012 824.135131836 858.679748535
eeg 852.09979248 852.09979248 822.49017334 857.034729004
eeg 855.389770508 853.744812012 824.135131836 857.034729004
eeg 852.09979248 852.09979248 827.425109863 853.744812012
eeg 853.744812012 850.454833984 824.135131836 850.454833984
eeg 848.809875488 847.164855957 822.49017334 843.874938965
eeg 845.519897461 847.164855957 824.135131836 847.164855957
eeg 848.809875488 852.09979248 822.49017334 848.809875488
eeg 843.874938965 850.454833984 825.780151367 852.09979248
eeg 840.584960938 848.809875488 825.780151367 848.809875488
eeg 843.874938965 850.454833984 822.49017334 847.164855957
eeg 840.584960938 852.09979248 824.135131836 853.744812012
eeg 845.519897461 852.09979248 825.780151367 852.09979248
a 0.21736228466 0.204463452101 0.0714644342661 0.28650650382
b 0.0233786646277 0.0719950720668 0.0464282110333 0.172954767942
d 0.466769009829 0.426438301802 0.740576505661 0.193787798285
g 0.0101623572409 0.0325967743993 0.0141553683206 0.0358689986169
t 0.282327711582 0.264506399632 0.127375483513 0.310881942511
h 1.0 1.0 1.0 1.0
c 0.875952959061
Aa 1.33980894089 0.422767609358 0.313273012638 1.11215507984
Ab 0.371444493532 -0.0305453073233 0.1259650141 0.89295309782
Ad 1.67172682285 0.742008090019 1.32875299454 0.942346990108
Ag 0.00961922202259 -0.374673426151 -0.389895766973 0.20973983407
At 1.45337831974 0.534588098526 0.564268887043 1.14761602879
as 1.0 0.621212124825 0.0615384615958 1.0
bs 0.731707334518 1.0 1.0 1.0
ds 1.0 0.134146347642 0.630136966705 0.484210520983
gs 1.0 1.0 0.875 1.0
ts 1.0 0.5 0.0307692307979 0.885057449341
eeg 845.519897461 848.809875488 825.780151367 852.09979248
eeg 845.519897461 847.164855957 822.49017334 850.454833984
eeg 843.874938965 852.09979248 820.845214844 842.229919434
eeg 843.874938965 853.744812012 822.49017334 845.519897461
eeg 842.229919434 853.744812012 815.91027832 842.229919434
eeg 845.519897461 853.744812012 812.620300293 848.809875488
eeg 848.809875488 850.454833984 812.620300293 853.744812012
eeg 845.519897461 850.454833984 814.265258789 858.679748535
eeg 847.164855957 853.744812012 814.265258789 858.679748535
eeg 843.874938965 850.454833984 814.265258789 848.809875488
eeg 847.164855957 852.09979248 814.265258789 855.389770508
eeg 850.454833984 852.09979248 814.265258789 858.679748535
eeg 852.09979248 850.454833984 815.91027832 855.389770508
eeg 852.09979248 853.744812012 817.555236816 853.744812012
eeg 855.389770508 857.034729004 814.265258789 850.454833984
eeg 861.969726562 858.679748535 817.555236816 847.164855957
eeg 858.679748535 857.034729004 817.555236816 853.744812012
eeg 865.259643555 857.034729004 819.200195312 858.679748535
eeg 863.614685059 855.389770508 822.49017334 863.614685059
eeg 852.09979248 853.744812012 824.135131836 868.549621582
eeg 850.454833984 852.09979248 825.780151367 875.129516602
eeg 845.519897461 842.229919434 824.135131836 871.839599609
a 0.218683391809 0.209420606494 0.074089564383 0.285405337811
b 0.0243523847312 0.0755153670907 0.0504379831254 0.176208674908
d 0.462356030941 0.41283556819 0.729600727558 0.192962706089
g 0.0102250883356 0.0335928015411 0.0150179453194 0.0362523347139
t 0.28438308835 0.26863566041 0.130853772163 0.309170931578
h 1.0 1.0 1.0 1.0
c 0.892652928829
Aa 1.33980894089 0.422767609358 0.313273012638 1.11215507984
Ab 0.386534661055 -0.0202164575458 0.146273702383 0.902720212936
Ad 1.66496968269 0.717525303364 1.30660128593 0.94216632843
Ag 0.00966021046042 -0.372005581856 -0.379873484373 0.216028898954
At 1.45389688015 0.53091186285 0.560302257538 1.14689159393
as 1.0 0.615384638309 0.0615384615958 1.0
bs 0.75 1.0 1.0 1.0
ds 1.0 0.0864197537303 0.589041113853 0.478723406792
gs 1.0 1.0 0.893617033958 1.0
ts 1.0 0.506172835827 0.015625 0.895348846912
eeg 843.874938965 845.519897461 820.845214844 858.679748535
eeg 850.454833984 852.09979248 817.555236816 857.034729004
eeg 845.519897461 847.164855957 814.265258789 848.809875488
eeg 843.874938965 847.164855957 819.200195312 847.164855957
eeg 842.229919434 848.809875488 820.845214844 847.164855957
eeg 840.584960938 847.164855957 822.49017334 845.519897461
eeg 840.584960938 848.809875488 825.780151367 843.874938965
eeg 838.940002441 848.809875488 820.845214844 838.940002441
eeg 838.940002441 843.874938965 817.555236816 840.584960938
eeg 840.584960938 845.519897461 820.845214844 847.164855957
eeg 838.940002441 847.164855957 817.555236816 853.744812012
eeg 847.164855957 845.519897461 814.265258789 857.034729004
eeg 848.809875488 847.164855957 817.555236816 855.389770508
eeg 848.809875488 850.454833984 815.91027832 848.809875488
eeg 845.519897461 852.09979248 819.200195312 852.09979248
eeg 843.874938965 847.164855957 820.845214844 855.389770508
eeg 835.650024414 843.874938965 822.49017334 848.809875488
eeg 840.584960938 840.584960938 819.200195312 842.229919434
eeg 843.874938965 840.584960938 819.200195312 840.584960938
eeg 840.584960938 842.229919434 815.91027832 842.229919434
eeg 850.454833984 848.809875488 817.555236816 842.229919434
eeg 848.809875488 850.454833984 819.200195312 848.809875488
a 0.220870763063 0.215277269483 0.0785243660212 0.285115838051
b 0.0249709617347 0.0793975442648 0.0546537302434 0.178194701672
d 0.457336068153 0.402169406414 0.715626776218 0.192835882306
g 0.0102709615603 0.0346283614635 0.0160838887095 0.0362874381244
t 0.286551237106 0.268527418375 0.135111257434 0.307566165924
h 1.0 1.0 1.0 1.0
c 0.909352958202
Aa 1.33980894089 0.422767609358 0.313273012638 1.11215507984
Ab 0.393105983734 -0.0104234619066 0.15588837862 0.908028483391
Ad 1.65590620041 0.694178462029 1.27295517921 0.942321538925
Ag 0.00728182448074 -0.370798587799 -0.375340372324 0.216890022159
At 1.45287299156 0.518758118153 0.548960089684 1.14507222176
as 1.0 0.615384638309 0.0615384615958 1.0
bs 0.774999976158 1.0 1.0 1.0
ds 1.0 0.0617283955216 0.547945201397 0.478723406792
gs 1.0 1.0 0.893617033958 1.0
ts 1.0 0.493827164173 0.0 0.895348846912
eeg 847.164855957 850.454833984 822.49017334 843.874938965
eeg 847.164855957 852.09979248 819.200195312 845.519897461
eeg 843.874938965 850.454833984 810.975280762 847.164855957
eeg 843.874938965 847.164855957 819.200195312 842.229919434
eeg 847.164855957 847.164855957 822.49017334 845.519897461
eeg 845.519897461 852.09979248 822.49017334 845.519897461
eeg 845.519897461 853.744812012 825.780151367 848.809875488
eeg 845.519897461 855.389770508 824.135131836 847.164855957
eeg 845.519897461 852.09979248 824.135131836 847.164855957
eeg 845.519897461 843.874938965 822.49017334 847.164855957
eeg 848.809875488 843.874938965 820.845214844 850.454833984
eeg 850.454833984 852.09979248 820.845214844 852.09979248
eeg 855.389770508 852.09979248 827.425109863 857.034729004
eeg 855.389770508 853.744812012 827.425109863 857.034729004
eeg 858.679748535 848.809875488 824.135131836 848.809875488
eeg 857.034729004 843.874938965 830.715087891 850.454833984
eeg 850.454833984 850.454833984 827.425109863 847.164855957
eeg 850.454833984 850.454833984 832.360046387 847.164855957
eeg 848.809875488 850.454833984 834.005004883 845.519897461
eeg 848.809875488 850.454833984 830.715087891 847.164855957
eeg 853.744812012 850.454833984 825.780151367 845.519897461
eeg 850.454833984 853.744812012 822.49017334 850.454833984
a 0.223975688219 0.217456623912 0.0855040997267 0.279683321714
b 0.0253926888108 0.0835841596127 0.0599626488984 0.180155828595
d 0.453186631203 0.400529980659 0.697862684727 0.195200264454
g 0.010293148458 0.0357515923679 0.0176379475743 0.0365602038801
t 0.287151843309 0.262677639723 0.139032617211 0.308400392532
h 1.0 1.0 1.0 1.0
c 0.926052927971
Aa 1.33980894089 0.412952661514 0.313273012638 1.09742581844
Ab 0.394316762686 -0.0022959834896 0.159166887403 0.906407475471
Ad 1.6458851099 0.678215026855 1.22505605221 0.941239595413
Ag 0.00215629115701 -0.371124565601 -0.37226587534 0.213767811656
At 1.44771969318 0.49500310421 0.524402737617 1.13987410069
as 1.0 0.600000023842 0.0625 1.0
bs 0.774999976158 1.0 1.0 1.0
ds 1.0 0.0493827164173 0.479452043772 0.478723406792
gs 1.0 1.0 0.914893627167 1.0
ts 1.0 0.45679011941 0.0 0.895348846912
eeg 847.164855957 850.454833984 825.780151367 853.744812012
eeg 845.519897461 850.454833984 832.360046387 852.09979248
eeg 843.874938965 845.519897461 837.29498291 850.454833984
eeg 842.229919434 848.809875488 827.425109863 847.164855957
eeg 840.584960938 848.809875488 817.555236816 852.09979248
eeg 840.584960938 847.164855957 827.425109863 843.874938965
eeg 840.584960938 852.09979248 829.070068359 845.519897461
eeg 842.229919434 852.09979248 824.135131836 850.454833984
eeg 847.164855957 853.744812012 822.49017334 852.09979248
eeg 845.519897461 848.809875488 814.265258789 850.454833984
eeg 845.519897461 845.519897461 822.49017334 847.164855957
eeg 842.229919434 847.164855957 824.135131836 843.874938965
eeg 843.874938965 848.809875488 824.135131836 837.29498291
eeg 840.584960938 848.809875488 820.845214844 843.874938965
eeg 838.940002441 853.744812012 820.845214844 843.874938965
eeg 842.229919434 850.454833984 822.49017334 840.584960938
eeg 838.940002441 850.454833984 812.620300293 843.874938965
eeg 838.940002441 853.744812012 814.265258789 838.940002441
eeg 837.29498291 845.519897461 822.49017334 845.519897461
eeg 840.584960938 847.164855957 820.845214844 853.744812012
eeg 842.229919434 843.874938965 817.555236816 857.034729004
eeg 838.940002441 840.584960938 817.555236816 852.09979248
a 0.2293908149 0.221021652222 0.0943656638265 0.28418341279
b 0.0258046761155 0.0874048024416 0.0669846236706 0.178526312113
d 0.450167328119 0.405836850405 0.676950216293 0.196475580335
g 0.0102814203128 0.0367323197424 0.0198808014393 0.0366233848035
t 0.284355759621 0.249004378915 0.141818702221 0.304191291332
h 1.0 1.0 1.0 1.0
c 0.942752957344
Aa 1.33980894089 0.403911918402 0.306907117367 1.09742581844
Ab 0.390931338072 0.00101239222568 0.15806825459 0.895529270172
Ad 1.63260686398 0.667828559875 1.16264986992 0.937135577202
Ag -0.00871395412832 -0.375474512577 -0.369472950697 0.207585498691
At 1.43309497833 0.455684095621 0.483826637268 1.12697386742
as 1.0 0.584615409374 0.046875 1.0
bs 0.774999976158 1.0 1.0 1.0
ds 1.0 0.037037037313 0.388888895512 0.468085110188
gs 1.0 1.0 0.914893627167 1.0
ts 1.0 0.407407402992 0.0 0.87209302187
eeg 838.940002441 852.09979248 820.845214844 845.519897461
eeg 837.29498291 845.519897461 819.200195312 848.809875488
eeg 838.940002441 847.164855957 824.135131836 852.09979248
eeg 838.940002441 843.874938965 830.715087891 853.744812012
eeg 843.874938965 847.164855957 820.845214844 857.034729004
eeg 835.650024414 845.519897461 825.780151367 847.164855957
eeg 835.650024414 842.229919434 822.49017334 840.584960938
eeg 835.650024414 842.229919434 815.91027832 838.940002441
eeg 838.940002441 845.519897461 820.845214844 838.940002441
eeg 845.519897461 848.809875488 820.845214844 843.874938965
eeg 848.809875488 848.809875488 819.200195312 848.809875488
eeg 845.519897461 845.519897461 820.845214844 850.454833984
eeg 840.584960938 843.874938965 817.555236816 850.454833984
eeg 843.874938965 848.809875488 817.555236816 855.389770508
eeg 845.519897461 847.164855957 819.200195312 855.389770508
eeg 852.09979248 843.874938965 814.265258789 848.809875488
eeg 853.744812012 842.229919434 819.200195312 845.519897461
eeg 857.034729004 843.874938965 815.91027832 852.09979248
eeg 863.614685059 848.809875488 815.91027832 857.034729004
eeg 858.679748535 848.809875488 819.200195312 858.679748535
eeg 858.679748535 850.454833984 814.265258789 857.034729004
eeg 855.389770508 847.164855957 812.620300293 857.034729004
a 0.241029426455 0.225849792361 0.108667992055 0.294641196728
b 0.0266518034041 0.0923562273383 0.075835108757 0.176114454865
d 0.446526706219 0.413224548101 0.651668608189 0.197586983442
g 0.01032766141 0.0383469238877 0.0228909812868 0.0373032204807
t 0.27546441555 0.230222523212 0.140937283635 0.294354170561
h 1.0 1.0 1.0 1.0
c 0.959452927113
Aa 1.33980894089 0.386570692062 0.310444682837 1.09742581844
Ab 0.383465468884 -0.00178282626439 0.154213368893 0.873927295208
Ad 1.60758626461 0.648937106133 1.08836984634 0.923890650272
Ag -0.0282591264695 -0.383518457413 -0.365992575884 0.199878633022
At 1.39780437946 0.394898802042 0.423368901014 1.09700250626
as 1.0 0.546875 0.0625 1.0
bs 0.75 1.0 1.0 1.0
ds 0.971698105335 0.0123456791043 0.295774638653 0.457446813583
gs 1.0 0.975000023842 0.914893627167 1.0
ts 1.0 0.333333343267 0.0 0.837209284306
eeg 847.164855957 843.874938965 810.975280762 853.744812012
eeg 852.09979248 843.874938965 814.265258789 858.679748535
eeg 850.454833984 842.229919434 815.91027832 857.034729004
eeg 852.09979248 842.229919434 810.975280762 852.09979248
eeg 850.454833984 842.229919434 807.68536377 852.09979248
eeg 850.454833984 843.874938965 809.330322266 855.389770508
eeg 848.809875488 843.874938965 812.620300293 853.744812012
eeg 843.874938965 845.519897461 810.975280762 848.809875488
eeg 847.164855957 845.519897461 809.330322266 848.809875488
eeg 848.809875488 843.874938965 807.68536377 852.09979248
eeg 848.809875488 843.874938965 807.68536377 853.744812012
eeg 853.744812012 843.874938965 807.68536377 857.034729004
eeg 855.389770508 845.519897461 809.330322266 852.09979248
eeg 857.034729004 845.519897461 809.330322266 857.034729004
eeg 857.034729004 843.874938965 809.330322266 860.324707031
eeg 853.744812012 840.584960938 810.975280762 857.034729004
eeg 850.454833984 838.940002441 809.330322266 858.679748535
eeg 852.09979248 843.874938965 804.395385742 858.679748535
eeg 852.09979248 843.874938965 807.68536377 857.034729004
eeg 850.454833984 840.584960938 809.330322266 861.969726562
eeg 848.809875488 840.584960938 810.975280762 857.034729004
eeg 847.164855957 842.229919434 814.265258789 857.034729004
a 0.264914482832 0.23281994462 0.121746987104 0.31531766057
b 0.0284428391606 0.100917696953 0.0871771723032 0.174743145704
d 0.439143806696 0.415221720934 0.626479208469 0.196247041225
g 0.0105714453384 0.0420444905758 0.027068130672 0.0391810014844
t 0.256927400827 0.208996132016 0.137528494 0.274511158466
h 1.0 1.0 1.0 1.0
c 0.975927233696
Aa 1.33980894089 0.351493388414 0.292912214994 1.09742581844
Ab 0.370676159859 -0.0115594388917 0.147856771946 0.841077625751
Ad 1.55930995941 0.602753281593 1.00436067581 0.891480624676
Ag -0.0591624081135 -0.391817688942 -0.360087752342 0.191753000021
At 1.32651364803 0.304611474276 0.345846652985 1.03723752499
as 1.0 0.5 0.03125 1.0
bs 0.725000023842 1.0 1.0 1.0
ds 0.933962285519 0.0 0.169014081359 0.430107533932
gs 0.972972989082 0.975000023842 0.936170220375 1.0
ts 0.941176474094 0.222222223878 0.0 0.764705896378
eeg 848.809875488 840.584960938 810.975280762 857.034729004
eeg 848.809875488 842.229919434 809.330322266 850.454833984
eeg 847.164855957 840.584960938 809.330322266 850.454833984
eeg 855.389770508 842.229919434 810.975280762 850.454833984
eeg 852.09979248 842.229919434 812.620300293 847.164855957
eeg 858.679748535 842.229919434 814.265258789 848.809875488
eeg 861.969726562 838.940002441 819.200195312 857.034729004
eeg 865.259643555 842.229919434 815.91027832 863.614685059
eeg 865.259643555 850.454833984 809.330322266 858.679748535
eeg 860.324707031 850.454833984 809.330322266 855.389770508
eeg 855.389770508 853.744812012 806.040344238 855.389770508
eeg 860.324707031 857.034729004 807.68536377 865.259643555
eeg 868.549621582 860.324707031 806.040344238 870.194580078
eeg 873.484558105 863.614685059 802.750427246 873.484558105
eeg 883.354431152 865.259643555 797.815490723 870.194580078
eeg 894.86932373 868.549621582 797.815490723 875.129516602
eeg 901.44921875 873.484558105 797.815490723 883.354431152
eeg 904.739196777 876.774536133 794.525512695 876.774536133
eeg 904.739196777 875.129516602 791.235534668 875.129516602
eeg 904.739196777 875.129516602 791.235534668 880.064453125
eeg 911.319091797 875.129516602 791.235534668 883.354431152
eeg 904.739196777 871.839599609 789.590576172 883.354431152
a 0.301789432764 0.24669238925 0.132284805179 0.343338787556
b 0.0321274399757 0.115902706981 0.100633315742 0.177803590894
d 0.42648857832 0.400611370802 0.601545155048 0.192043587565
g 0.011218062602 0.0494671352208 0.0327391475439 0.0432086102664
t 0.228376463056 0.187326401472 0.132797554135 0.243605434895
h 1.0 1.0 1.0 1.0
c 0.991498887539
Aa 1.32711446285 0.301178902388 0.256822288036 1.08453166485
Ab 0.354286521673 -0.0268832910806 0.138054072857 0.79874932766
Ad 1.47731781006 0.511746406555 0.914580523968 0.832208633423
Ag -0.102671720088 -0.396660089493 -0.349620342255 0.184379130602
At 1.20606172085 0.181622117758 0.258502393961 0.935495853424
as 0.977528095245 0.428571432829 0.0 1.0
bs 0.675000011921 0.942857146263 1.0 1.0
ds 0.849056601524 0.0 0.0422535203397 0.369565218687
gs 0.864864885807 0.949999988079 1.0 1.0
ts 0.823529422283 0.074074074626 0.0 0.647058844566
eeg 899.804260254 873.484558105 794.525512695 889.934387207
eeg 896.514282227 868.549621582 796.170471191 891.579345703
eeg 888.289367676 865.259643555 796.170471191 881.709472656
eeg 894.86932373 865.259643555 802.750427246 889.934387207
eeg 886.64440918 860.324707031 804.395385742 883.354431152
eeg 883.354431152 860.324707031 806.040344238 876.774536133
eeg 884.999450684 857.034729004 809.330322266 883.354431152
eeg 883.354431152 858.679748535 807.68536377 880.064453125
eeg 884.999450684 857.034729004 809.330322266 878.419494629
eeg 880.064453125 857.034729004 806.040344238 878.419494629
eeg 876.774536133 857.034729004 809.330322266 876.774536133
eeg 876.774536133 853.744812012 809.330322266 873.484558105
eeg 871.839599609 853.744812012 809.330322266 871.839599609
eeg 875.129516602 852.09979248 810.975280762 875.129516602
eeg 871.839599609 848.809875488 810.975280762 876.774536133
eeg 871.839599609 848.809875488 812.620300293 878.419494629
eeg 878.419494629 848.809875488 812.620300293 883.354431152
eeg 876.774536133 847.164855957 810.975280762 881.709472656
eeg 878.419494629 847.164855957 814.265258789 880.064453125
eeg 876.774536133 848.809875488 819.200195312 886.64440918
eeg 868.549621582 845.519897461 819.200195312 888.289367676
eeg 868.549621582 843.874938965 822.49017334 888.289367676
a 0.346273928881 0.261426955462 0.13973583281 0.369986176491
b 0.0388075001538 0.140434443951 0.115426920354 0.188329592347
d 0.409885793924 0.365624696016 0.575962603092 0.186930179596
g 0.0125143397599 0.0622568279505 0.0401354432106 0.0501331239939
t 0.192518427968 0.170257091522 0.12873916328 0.204620942473
h 1.0 1.0 1.0 1.0
c 1.0
Aa 1.28430593014 0.224448055029 0.2071505934 1.04418683052
Ab 0.333801865578 -0.0454286523163 0.124149903655 0.750919878483
Ad 1.35754907131 0.370133221149 0.822237074375 0.747680723667
Ag -0.15770585835 -0.398715317249 -0.334629148245 0.17612606287
At 1.0293585062 0.0382029376924 0.171553477645 0.786951363087
as 0.932584285736 0.301587313414 0.0 0.959999978542
bs 0.615384638309 0.911764681339 1.0 0.913793087006
ds 0.73584908247 0.0 0.0 0.263736277819
gs 0.702702701092 0.949999988079 1.0 0.975000023842
ts 0.656862735748 0.0 0.0 0.470588237047
eeg 870.194580078 842.229919434 822.49017334 884.999450684
eeg 871.839599609 842.229919434 822.49017334 881.709472656
eeg 873.484558105 845.519897461 822.49017334 884.999450684
eeg 870.194580078 845.519897461 820.845214844 880.064453125
eeg 866.904663086 843.874938965 819.200195312 875.129516602
eeg 871.839599609 843.874938965 819.200195312 868.549621582
eeg 871.839599609 843.874938965 819.200195312 868.549621582
eeg 873.484558105 843.874938965 822.49017334 863.614685059
eeg 871.839599609 850.454833984 820.845214844 865.259643555
eeg 875.129516602 852.09979248 819.200195312 868.549621582
eeg 875.129516602 850.454833984 820.845214844 868.549621582
eeg 878.419494629 848.809875488 824.135131836 871.839599609
eeg 876.774536133 848.809875488 822.49017334 865.259643555
eeg 878.419494629 852.09979248 820.845214844 863.614685059
eeg 876.774536133 850.454833984 822.49017334 860.324707031
eeg 875.129516602 853.744812012 822.49017334 861.969726562
eeg 873.484558105 853.744812012 820.845214844 861.969726562
eeg 873.484558105 852.09979248 824.135131836 866.904663086
eeg 873.484558105 845.519897461 824.135131836 868.549621582
eeg 873.484558105 845.519897461 820.845214844 865.259643555
eeg 873.484558105 848.809875488 825.780151367 866.904663086
eeg 866.904663086 848.809875488 824.135131836 861.969726562
a 0.391631573439 0.25553932786 0.158618405461 0.404631972313
b 0.0497896000743 0.173592671752 0.127638101578 0.199012234807
d 0.388795346022 0.322088688612 0.539930820465 0.181822493672
g 0.0145069984719 0.0796020627022 0.0479597225785 0.057380285114
t 0.155276462436 0.169177249074 0.125852957368 0.157153010368
h 1.0 1.0 1.0 1.0
c 1.0
Aa 1.21281313896 0.104629352689 0.200582593679 1.01112782955
Ab 0.317074090242 -0.0632969737053 0.10620932281 0.702947437763
Ad 1.20965647697 0.205147087574 0.732567131519 0.66371524334
Ag -0.218486979604 -0.401904046535 -0.318894326687 0.162830337882
At 0.811041116714 -0.0744864121079 0.100092448294 0.60039037466
as 0.85393255949 0.111111111939 0.0 0.899999976158
bs 0.564102590084 0.852941155434 0.95454543829 0.827586233616
ds 0.603773593903 0.0 0.0 0.175824180245
gs 0.540540516376 0.949999988079 1.0 0.949999988079
ts 0.441176474094 0.0 0.0 0.258823543787
eeg 866.904663086 852.09979248 825.780151367 860.324707031
eeg 868.549621582 848.809875488 825.780151367 857.034729004
eeg 863.614685059 848.809875488 824.135131836 853.744812012
eeg 858.679748535 848.809875488 820.845214844 852.09979248
eeg 861.969726562 845.519897461 817.555236816 852.09979248
eeg 858.679748535 845.519897461 822.49017334 858.679748535
eeg 852.09979248 850.454833984 825.780151367 861.969726562
eeg 850.454833984 852.09979248 825.780151367 855.389770508
eeg 847.164855957 852.09979248 825.780151367 855.389770508
eeg 860.324707031 853.744812012 820.845214844 858.679748535
eeg 860.324707031 850.454833984 822.49017334 863.614685059
eeg 835.650024414 842.229919434 825.780151367 838.940002441
eeg 832.360046387 840.584960938 829.070068359 830.715087891
eeg 820.845214844 835.650024414 827.425109863 812.620300293
eeg 810.975280762 830.715087891 827.425109863 797.815490723
eeg 801.105407715 827.425109863 832.360046387 806.040344238
eeg 783.010620117 824.135131836 837.29498291 796.170471191
eeg 769.850830078 817.555236816 842.229919434 791.235534668
eeg 763.270874023 810.975280762 842.229919434 789.590576172
eeg 758.3359375 810.975280762 845.519897461 789.590576172
eeg 746.821105957 807.68536377 845.519897461 791.235534668
eeg 750.111022949 809.330322266 848.809875488 794.525512695
a 0.405754715204 0.248023599386 0.176222160459 0.431808918715
b 0.0652562901378 0.18546885252 0.134604796767 0.200076803565
d 0.376723974943 0.288863986731 0.50623190403 0.191831946373
g 0.0168533213437 0.0856676772237 0.0546496659517 0.060657709837
t 0.135411709547 0.191975876689 0.12829144299 0.115624599159
h 1.0 1.0 1.0 1.0
c 1.0
Aa 1.10576474667 0.0503948964179 0.199750170112 0.991551339626
Ab 0.312123537064 -0.0758271366358 0.0827501937747 0.657456457615
Ad 1.07352435589 0.1165952757 0.658039152622 0.639180660248
Ag -0.275813341141 -0.411281138659 -0.308722853661 0.139145717025
At 0.629157364368 -0.0608514510095 0.0618873126805 0.419309943914
as 0.73033708334 0.0317460335791 0.0 0.875
bs 0.578947365284 0.823529422283 0.909090936184 0.767857134342
ds 0.466666668653 0.0 0.0 0.153846159577
gs 0.378378391266 0.925000011921 1.0 0.899999976158
ts 0.264705896378 0.0 0.0 0.047619048506
eeg 756.690979004 815.91027832 845.519897461 789.590576172
eeg 764.91583252 820.845214844 842.229919434 792.880554199
eeg 778.075683594 824.135131836 842.229919434 799.460449219
eeg 789.590576172 827.425109863 842.229919434 802.750427246
eeg 797.815490723 825.780151367 842.229919434 812.620300293
eeg 799.460449219 824.135131836 842.229919434 812.620300293
eeg 806.040344238 825.780151367 842.229919434 814.265258789
eeg 812.620300293 832.360046387 845.519897461 822.49017334
eeg 817.555236816 830.715087891 842.229919434 824.135131836
eeg 822.49017334 827.425109863 838.940002441 825.780151367
eeg 822.49017334 829.070068359 834.005004883 830.715087891
eeg 827.425109863 835.650024414 835.650024414 830.715087891
eeg 830.715087891 835.650024414 845.519897461 835.650024414
eeg 827.425109863 835.650024414 842.229919434 834.005004883
eeg 827.425109863 835.650024414 843.874938965 837.29498291
eeg 827.425109863 834.005004883 838.940002441 840.584960938
eeg 827.425109863 832.360046387 835.650024414 835.650024414
eeg 834.005004883 834.005004883 837.29498291 843.874938965
eeg 837.29498291 834.005004883 838.940002441 842.229919434
eeg 837.29498291 834.005004883 842.229919434 850.454833984
eeg 840.584960938 835.650024414 837.29498291 855.389770508
eeg 843.874938965 837.29498291 834.005004883 850.454833984
a 0.38935688138 0.246087133884 0.185926660895 0.428615003824
b 0.0746679157019 0.157903119922 0.131715610623 0.184813827276
d 0.373483508825 0.291975706816 0.48430365324 0.237318202853
g 0.0170740298927 0.0714643001556 0.0575530938804 0.0567704662681
t 0.145417660475 0.232569724321 0.140500977635 0.0924825146794
h 1.0 1.0 1.0 1.0
c 1.0
Aa 1.03409361839 0.109311006963 0.199750170112 0.979315757751
Ab 0.316879808903 -0.0833871662617 0.0500457845628 0.613982796669
Ad 1.01601719856 0.183568835258 0.615526258945 0.722579419613
Ag -0.323918193579 -0.427688717842 -0.309522807598 0.101370841265
At 0.606362998486 0.0847752839327 0.0780878737569 0.313308000565
as 0.651685416698 0.126984134316 0.0 0.87234044075
bs 0.578947365284 0.794117629528 0.840909063816 0.7090908885
ds 0.409523814917 0.0 0.0 0.241758242249
gs 0.243243247271 0.875 1.0 0.800000011921
ts 0.235294118524 0.0117647061124 0.0 0.0
eeg 850.454833984 842.229919434 835.650024414 857.034729004
eeg 853.744812012 843.874938965 835.650024414 853.744812012
eeg 858.679748535 847.164855957 835.650024414 852.09979248
eeg 861.969726562 847.164855957 832.360046387 857.034729004
eeg 863.614685059 843.874938965 834.005004883 858.679748535
eeg 858.679748535 845.519897461 835.650024414 857.034729004
eeg 858.679748535 842.229919434 838.940002441 857.034729004
eeg 857.034729004 837.29498291 838.940002441 857.034729004
eeg 858.679748535 843.874938965 834.005004883 857.034729004
eeg 852.09979248 845.519897461 837.29498291 855.389770508
eeg 852.09979248 845.519897461 838.940002441 860.324707031
eeg 845.519897461 845.519897461 840.584960938 861.969726562
eeg 843.874938965 840.584960938 840.584960938 855.389770508
eeg 848.809875488 845.519897461 838.940002441 858.679748535
eeg 850.454833984 848.809875488 834.005004883 860.324707031
eeg 852.09979248 843.874938965 832.360046387 858.679748535
eeg 845.519897461 843.874938965 834.005004883 850.454833984
eeg 855.389770508 848.809875488 830.715087891 834.005004883
eeg 858.679748535 847.164855957 832.360046387 830.715087891
eeg 865.259643555 847.164855957 834.005004883 832.360046387
eeg 870.194580078 847.164855957 837.29498291 842.229919434
eeg 855.389770508 843.874938965 840.584960938 843.874938965
a 0.358668744564 0.258716017008 0.192190900445 0.385103881359
b 0.0682063102722 0.117607839406 0.117161750793 0.156083256006
d 0.387224495411 0.306857287884 0.47666439414 0.324805825949
g 0.014085858129 0.051338147372 0.0554772689939 0.0468992963433
t 0.171814605594 0.265480697155 0.158505678177 0.0871077179909
h 1.0 1.0 1.0 1.0
c 1.0
Aa 1.04904878139 0.256231784821 0.219045221806 0.966190159321
Ab 0.328179866076 -0.0861552655697 0.00409826310351 0.573968589306
Ad 1.08231818676 0.330344885588 0.613525152206 0.892236053944
Ag -0.356861382723 -0.446151375771 -0.320572525263 0.0517785586417
At 0.729415416718 0.267441391945 0.135357230902 0.320668905973
as 0.674157321453 0.349206358194 0.0 0.829787254333
bs 0.631578922272 0.794117629528 0.727272748947 0.636363625526
ds 0.47619047761 0.0 0.0 0.428571432829
gs 0.162162154913 0.824999988079 0.979591846466 0.675000011921
ts 0.36274510622 0.235294118524 0.0 0.0
eeg 852.09979248 845.519897461 835.650024414 842.229919434
eeg 850.454833984 847.164855957 834.005004883 840.584960938
eeg 850.454833984 847.164855957 832.360046387 845.519897461
eeg 848.809875488 847.164855957 827.425109863 837.29498291
eeg 850.454833984 848.809875488 822.49017334 834.005004883
eeg 858.679748535 853.744812012 819.200195312 838.940002441
eeg 858.679748535 848.809875488 822.49017334 848.809875488
eeg 860.324707031 848.809875488 830.715087891 858.679748535
eeg 863.614685059 852.09979248 840.584960938 860.324707031
eeg 848.809875488 848.809875488 837.29498291 847.164855957
eeg 843.874938965 847.164855957 830.715087891 838.940002441
eeg 838.940002441 847.164855957 834.005004883 835.650024414
eeg 840.584960938 847.164855957 829.070068359 840.584960938
eeg 845.519897461 847.164855957 829.070068359 847.164855957
eeg 847.164855957 848.809875488 830.715087891 843.874938965
eeg 845.519897461 847.164855957 824.135131836 842.229919434
eeg 842.229919434 845.519897461 824.135131836 843.874938965
eeg 847.164855957 848.809875488 825.780151367 845.519897461
eeg 848.809875488 847.164855957 824.135131836 845.519897461
eeg 847.164855957 845.519897461 824.135131836 840.584960938
eeg 848.809875488 843.874938965 824.135131836 843.874938965
eeg 847.164855957 843.874938965 822.49017334 845.519897461
a 0.356619358063 0.271518707275 0.196555331349 0.333305448294
b 0.0693773254752 0.087283782661 0.0958440825343 0.120079398155
d 0.376127690077 0.318425893784 0.480448275805 0.419412195683
g 0.0140305254608 0.0368822179735 0.0500840768218 0.034392375499
t 0.183845102787 0.285889416933 0.177068218589 0.0928105711937
h 1.0 1.0 1.0 1.0
c 0.989020884037
Aa 1.03210890293 0.408697277308 0.257513612509 0.985392570496
Ab 0.321121543646 -0.0841689184308 -0.0544059351087 0.542018651962
Ad 1.0552393198 0.477905899286 0.645675420761 1.08519124985
Ag -0.373022079468 -0.458285421133 -0.336271584034 -0.000987654202618
At 0.744356036186 0.431095600128 0.212169393897 0.430147618055
as 0.651685416698 0.603174626827 0.0441176481545 0.87234044075
bs 0.60526317358 0.794117629528 0.619047641754 0.581818163395
ds 0.447619050741 0.0 0.0 0.633333325386
gs 0.135135129094 0.794871807098 0.938775539398 0.550000011921
ts 0.372549027205 0.423529416323 0.0 0.0813953503966
eeg 847.164855957 848.809875488 820.845214844 845.519897461
eeg 847.164855957 847.164855957 822.49017334 850.454833984
eeg 843.874938965 842.229919434 820.845214844 848.809875488
eeg 848.809875488 843.874938965 822.49017334 848.809875488
eeg 848.809875488 843.874938965 822.49017334 845.519897461
eeg 852.09979248 847.164855957 819.200195312 848.809875488
eeg 855.389770508 850.454833984 820.845214844 850.454833984
eeg 853.744812012 850.454833984 822.49017334 850.454833984
eeg 855.389770508 850.454833984 824.135131836 848.809875488
eeg 853.744812012 850.454833984 824.135131836 850.454833984
eeg 860.324707031 848.809875488 820.845214844 852.09979248
eeg 853.744812012 847.164855957 824.135131836 855.389770508
