a 0.164583608508 0.130636841059 0.22052142024 0.265432417393
b 0.118659205735 0.112108878791 0.106312707067 0.0799361467361
d 0.408379137516 0.314900547266 0.358662933111 0.408590525389
g 0.0496600084007 0.170292511582 0.0691753923893 0.0306375678629
t 0.258718013763 0.272061228752 0.245327562094 0.215403348207
h 1.0 1.0 1.0 1.0
c 0.932606935501 0 0 0
Aa 0.731032669544 -0.183037683368 0.0229094661772 1.06005680561
Ab 0.588947534561 -0.249463319778 -0.293956130743 0.538846075535
Ad 1.1257096529 0.199070096016 0.234145179391 1.24739122391
Ag 0.21065287292 -0.0679077655077 -0.480589658022 0.122357167304
At 0.927472770214 0.13556329906 0.0692050307989 0.969355344772
as 0.0 0.0 0.195652171969 0.268292695284
bs 0.696969687939 0.0 0.0625 0.449999988079
ds 0.208333328366 0.0 0.0 0.309523820877
gs 0.166666671634 0.517241358757 0.291666656733 0.340909093618
ts 0.509615361691 0.195402294397 0.40000000596 0.415730327368
a 0.155906543136 0.121660254896 0.245670109987 0.255457878113
b 0.11315844208 0.116140432656 0.101226553321 0.079238936305
d 0.436168789864 0.369443804026 0.343714743853 0.424945235252
g 0.0503022558987 0.168131738901 0.0679625347257 0.0309278722852
t 0.244463965297 0.224623754621 0.241426050663 0.209430098534
h 1.0 1.0 1.0 1.0
c 0.921568512917 0 0 0
Aa 0.731032669544 -0.208901882172 0.0577670522034 1.06005680561
Ab 0.591855287552 -0.22906717658 -0.327290803194 0.551676213741
Ad 1.1778229475 0.273497790098 0.203612908721 1.28107047081
Ag 0.239755794406 -0.0684009194374 -0.500315725803 0.1430875808
At 0.926383197308 0.0574050657451 0.0501988641918 0.973776638508
as 0.0 0.0 0.282608687878 0.25925925374
bs 0.696969687939 0.0500000007451 0.0 0.5
ds 0.252631574869 0.0 0.0 0.357142865658
gs 0.291666656733 0.517241358757 0.208333328366 0.386363625526
ts 0.509615361691 0.114942528307 0.373333334923 0.415730327368
a 0.155589684844 0.114666000009 0.272306084633 0.249294012785
b 0.108928225935 0.119457893074 0.0973663777113 0.0784086659551
d 0.454345554113 0.416448444128 0.328475624323 0.442556619644
g 0.0528520420194 0.169832989573 0.067364320159 0.0305813867599
t 0.22828450799 0.179594665766 0.234487593174 0.199159324169
h 1.0 1.0 1.0 1.0
c 0.921568512917 0 0 0
Aa 0.742098033428 -0.232962921262 0.0900563448668 1.06005680561
Ab 0.587257683277 -0.215182736516 -0.356591999531 0.557709038258
Ad 1.20750355721 0.327163666487 0.171502113342 1.30931377411
Ag 0.273178994656 -0.0623755343258 -0.516571044922 0.148802146316
At 0.908593654633 -0.0381041541696 0.0251188576221 0.962545633316
as 0.0 0.0 0.347826093435 0.262499988079
bs 0.666666686535 0.0769230797887 0.0 0.550000011921
ds 0.284210532904 0.00793650839478 0.0 0.392857134342
gs 0.416666656733 0.571428596973 0.125 0.404761910439
ts 0.5 0.0 0.333333343267 0.40449437499
a 0.16154487431 0.112787626684 0.306308835745 0.249356821179
b 0.106627248228 0.120905071497 0.0938910990953 0.0786315053701
d 0.459367662668 0.448366999626 0.310023635626 0.451320171356
g 0.0569804422557 0.173726022243 0.0671202242374 0.030263049528
t 0.215479761362 0.144214272499 0.222656190395 0.190428450704
h 1.0 1.0 1.0 1.0
c 0.921568512917 0 0 0
Aa 0.758240997791 -0.239374682307 0.129770115018 1.06005680561
Ab 0.577816069126 -0.209191635251 -0.383764952421 0.558832168579
Ad 1.21210825443 0.35999751091 0.135005414486 1.317720294
Ag 0.30567368865 -0.0517712570727 -0.529536008835 0.144148245454
At 0.883354365826 -0.132627904415 -0.00875462032855 0.942967414856
as 0.0 0.0 0.422222226858 0.276315778494
bs 0.666666686535 0.102564103901 0.0 0.550000011921
ds 0.29473683238 0.0396825410426 0.0 0.385542154312
gs 0.541666686535 0.607142865658 0.0833333358169 0.380952388048
ts 0.471153855324 0.0 0.29333332181 0.382022470236
a 0.176186770201 0.108486056328 0.33514547348 0.250905334949
b 0.102544695139 0.119231417775 0.0917942300439 0.0789655297995
d 0.45097181201 0.474137365818 0.293469637632 0.451753497124
g 0.0595721900463 0.174902319908 0.0678265914321 0.0297770965844
t 0.210724532604 0.12324282527 0.211764082313 0.188598543406
h 1.0 1.0 1.0 1.0
c 0.921568512917 0 0 0
Aa 0.803388118744 -0.24985563755 0.152418255806 1.06005680561
Ab 0.568328082561 -0.20883885026 -0.4099996984 0.557984471321
Ad 1.21156430244 0.390674650669 0.0947480797768 1.31544852257
Ag 0.332458406687 -0.0424339696765 -0.541415095329 0.134429305792
At 0.881129920483 -0.194467902184 -0.0469627864659 0.936085283756
as 0.0399999991059 0.0 0.477272719145 0.276315778494
bs 0.636363625526 0.102564103901 0.0 0.550000011921
ds 0.29473683238 0.0560000017285 0.0 0.385542154312
gs 0.666666686535 0.642857134342 0.0416666679084 0.357142865658
ts 0.471153855324 0.0 0.239999994636 0.370786517859
a 0.176186770201 0.109236933291 0.351966351271 0.243401795626
b 0.102544695139 0.111370362341 0.0902311652899 0.0762919187546
d 0.45097181201 0.499687552452 0.281810671091 0.454465538263
g 0.0595721900463 0.164717435837 0.0688799247146 0.0281519647688
t 0.210724532604 0.114987701178 0.207111880183 0.197688773274
h 1.0 1.0 1.0 1.0
c 0.921568512917 0 0 0
Aa 0.803388118744 -0.218922734261 0.155452385545 1.06005680561
Ab 0.568328082561 -0.210522606969 -0.435692220926 0.556211590767
Ad 1.21156430244 0.441406309605 0.0589086450636 1.33123397827
Ag 0.332458406687 -0.0405526682734 -0.552956163883 0.123241752386
At 0.881129920483 -0.196640864015 -0.0748437643051 0.969715058804
as 0.0399999991059 0.0 0.477272719145 0.276315778494
bs 0.636363625526 0.111111111939 0.0 0.5
ds 0.29473683238 0.0960000008345 0.0 0.409638553858
gs 0.666666686535 0.642857134342 0.0 0.333333343267
ts 0.471153855324 0.0 0.202702701092 0.415730327368
a 0.176186770201 0.114485107362 0.358482867479 0.216341495514
b 0.102544695139 0.0994705185294 0.0866322740912 0.0752135589719
d 0.45097181201 0.522454500198 0.274404197931 0.462378799915
g 0.0595721900463 0.14402218163 0.0686510503292 0.0274797920138
t 0.210724532604 0.119567655027 0.211829602718 0.218586340547
h 1.0 1.0 1.0 1.0
c 0.921568512917 0 0 0
Aa 0.803388118744 -0.147973299026 0.155452385545 1.01192975044
Ab 0.568328082561 -0.209027901292 -0.461336314678 0.5530859828
Ad 1.21156430244 0.51132619381 0.0393747165799 1.34178781509
Ag 0.332458406687 -0.0482928827405 -0.562368869781 0.115803293884
At 0.881129920483 -0.129108563066 -0.0730293914676 1.01641285419
as 0.0270270276815 0.0140845067799 0.477272719145 0.213333338499
bs 0.636363625526 0.111111111939 0.0 0.473684221506
ds 0.29473683238 0.151999995112 0.0 0.421686738729
gs 0.666666686535 0.607142865658 0.0 0.309523820877
ts 0.471153855324 0.0 0.205479457974 0.453488379717
a 0.176186770201 0.114121712744 0.353407770395 0.1709010005
b 0.102544695139 0.0886191353202 0.0802025794983 0.0634491220117
d 0.45097181201 0.544269680977 0.270018041134 0.493296682835
g 0.0595721900463 0.12193904072 0.0669933706522 0.0230786092579
t 0.210724532604 0.131050422788 0.229378253222 0.249274581671
h 1.0 1.0 1.0 1.0
c 0.921568512917 0 0 0
Aa 0.803388118744 -0.0914045646787 0.155452385545 0.979073643684
Ab 0.568328082561 -0.201245337725 -0.488635390997 0.548754632473
Ad 1.21156430244 0.587041258812 0.0385690703988 1.43943727016
Ag 0.332458406687 -0.0626300871372 -0.566791892052 0.109538681805
At 0.881129920483 -0.0313344448805 -0.032271463424 1.14300704002
as 0.0270270276815 0.0985915511847 0.477272719145 0.175675675273
bs 0.636363625526 0.138888895512 0.0 0.473684221506
ds 0.29473683238 0.208000004292 0.0 0.548780500889
gs 0.666666686535 0.571428596973 0.0 0.31707316637
ts 0.471153855324 0.0659340694547 0.260273963213 0.604651153088
a 0.176186770201 0.101892970502 0.339916139841 0.126928895712
b 0.102544695139 0.0817640125751 0.0719490125775 0.051572855562
d 0.45097181201 0.56573933363 0.269666701555 0.529042720795
g 0.0595721900463 0.105214200914 0.0648065060377 0.0188282560557
t 0.210724532604 0.145389452577 0.25366166234 0.273627251387
h 1.0 1.0 1.0 1.0
c 0.921568512917 0 0 0
Aa 0.803388118744 -0.0914045646787 0.155452385545 0.936192274094
Ab 0.568328082561 -0.186986595392 -0.518894553185 0.545053005219
Ad 1.21156430244 0.653067588806 0.0549079030752 1.55612254143
Ag 0.332458406687 -0.0774744227529 -0.564300835133 0.107441909611
At 0.881129920483 0.0629841312766 0.0283354129642 1.26979112625
as 0.0270270276815 0.0985915511847 0.477272719145 0.111111111939
bs 0.636363625526 0.166666671634 0.0 0.421052634716
ds 0.29473683238 0.266129046679 0.0 0.68292683363
gs 0.666666686535 0.5 0.0 0.300000011921
ts 0.471153855324 0.146067410707 0.342465758324 0.755813956261
a 0.163082107902 0.0931183025241 0.32197779417 0.111912980676
b 0.0996075943112 0.078089594841 0.0647787228227 0.0430829897523
d 0.465180844069 0.577944755554 0.277825474739 0.546707570553
g 0.0597454123199 0.0941452607512 0.0631647258997 0.0158880073577
t 0.212384045124 0.156702071428 0.272253274918 0.282408475876
h 1.0 1.0 1.0 1.0
c 0.921568512917 0 0 0
Aa 0.785709500313 -0.0914045646787 0.152383327484 0.958948731422
Ab 0.571595668793 -0.167846471071 -0.544010221958 0.544374167919
Ad 1.24092507362 0.701446712017 0.0883294865489 1.64782333374
Ag 0.349607765675 -0.0866411700845 -0.554967999458 0.111137740314
At 0.900425076485 0.13463512063 0.0795305296779 1.36094605923
as 0.0 0.0985915511847 0.477272719145 0.152777776122
bs 0.636363625526 0.222222223878 0.0 0.421052634716
ds 0.326315790415 0.308943092823 0.0 0.792682945728
gs 0.75 0.464285701513 0.0 0.300000011921
ts 0.490384608507 0.227272734046 0.410958915949 0.860465109348
a 0.151222795248 0.0876088067889 0.307029426098 0.106051787734
b 0.0967108085752 0.0770136713982 0.0600880794227 0.0412794575095
d 0.480467766523 0.582653045654 0.290501862764 0.552374660969
g 0.059500105679 0.0883954167366 0.0621551088989 0.0155212692916
t 0.212098523974 0.164329051971 0.280225515366 0.284772843122
h 1.0 1.0 1.0 1.0
c 0.921568512917 0 0 0
Aa 0.770267307758 -0.0914045646787 0.152383327484 0.958948731422
Ab 0.576125025749 -0.147384524345 -0.556008338928 0.549164772034
Ad 1.27231431007 0.731457710266 0.128352239728 1.67566454411
Ag 0.365167766809 -0.0875226035714 -0.541319847107 0.124357990921
At 0.917187690735 0.181761994958 0.112710990012 1.38792932034
as 0.0 0.0985915511847 0.477272719145 0.152777776122
bs 0.636363625526 0.285714298487 0.0 0.473684221506
ds 0.357894748449 0.333333343267 0.0 0.829268276691
gs 0.791666686535 0.464285701513 0.0799999982119 0.324999988079
ts 0.5 0.284090906382 0.452054798603 0.883720934391
a 0.141219168901 0.0844155326486 0.296565443277 0.100348196924
b 0.0941873937845 0.0773880854249 0.0587412118912 0.0395957641304
d 0.494942486286 0.582921266556 0.303878933191 0.557763040066
g 0.0598657727242 0.0861070379615 0.0620912015438 0.0150672756135
t 0.209785163403 0.169168069959 0.278723210096 0.287225693464
h 1.0 1.0 1.0 1.0
c 0.931797266006 0 0 0
Aa 0.754556119442 -0.0914045646787 0.152383327484 0.958948731422
Ab 0.57865524292 -0.129152834415 -0.550794303417 0.555087924004
Ad 1.29921722412 0.747782945633 0.162963345647 1.70388889313
Ag 0.381841033697 -0.0827882885933 -0.526707172394 0.135473906994
At 0.926437199116 0.210491448641 0.125435903668 1.41566240788
as 0.0 0.0985915511847 0.477272719145 0.152777776122
bs 0.666666686535 0.323529422283 0.0 0.473684221506
ds 0.389473676682 0.349593490362 0.0 0.865853667259
gs 0.875 0.5 0.119999997318 0.34999999404
ts 0.509615361691 0.310344815254 0.465753436089 0.918604671955
a 0.133407503366 0.08231985569 0.291487008333 0.0949054807425
b 0.0919930413365 0.0782380625606 0.0606915131211 0.0379066579044
d 0.509916305542 0.578855991364 0.30907356739 0.564421653748
g 0.0615316256881 0.084982290864 0.0630431622267 0.0143104940653
t 0.203151494265 0.175603836775 0.275704741478 0.288455724716
h 1.0 1.0 1.0 1.0
c 0.942930579185 0 0 0
Aa 0.738785982132 -0.0914045646787 0.152383327484 0.958948731422
Ab 0.57736068964 -0.113491080701 -0.529107928276 0.560372948647
Ad 1.32110464573 0.75566136837 0.177825957537 1.7332611084
Ag 0.402704119682 -0.0775807276368 -0.51259791851 0.137312084436
At 0.921425759792 0.237624838948 0.128208354115 1.44173657894
as 0.0 0.0857142880559 0.465116292238 0.152777776122
bs 0.636363625526 0.352941185236 0.0 0.526315808296
ds 0.410526305437 0.349593490362 0.0 0.902438998222
gs 0.958333313465 0.5 0.20000000298 0.375
ts 0.509615361691 0.344827592373 0.479452043772 0.952941179276
a 0.130417436361 0.0802066624165 0.2894564569 0.0897602140903
b 0.0897903814912 0.0792604088783 0.0645271912217 0.0359214656055
d 0.525385975838 0.569251537323 0.302916258574 0.573429882526
g 0.0647962167859 0.0831291228533 0.0646260082722 0.0131296571344
t 0.189610019326 0.18815228343 0.278474092484 0.287758767605
h 1.0 1.0 1.0 1.0
c 0.953994333744 0 0 0
Aa 0.732685565948 -0.0914045646787 0.152383327484 0.958948731422
Ab 0.570579648018 -0.0965587049723 -0.499457150698 0.56121891737
Ad 1.33782827854 0.759689211845 0.1721226722 1.76434516907
Ag 0.428899526596 -0.0758618041873 -0.498792588711 0.124118246138
At 0.895211160183 0.278894513845 0.13558486104 1.46489346027
as 0.0 0.0857142880559 0.465116292238 0.152777776122
bs 0.625 0.411764711142 0.0 0.526315808296
ds 0.425531923771 0.35772356391 0.0 0.93902438879
gs 1.0 0.481481492519 0.239999994636 0.324999988079
ts 0.480769217014 0.395348846912 0.486111104488 0.976470589638
a 0.131902009249 0.0839994251728 0.29576164484 0.0840754434466
b 0.0876180231571 0.079597197473 0.0672366917133 0.0335132963955
d 0.538443803787 0.550620734692 0.291366696358 0.583364903927
g 0.0701363384724 0.0792507082224 0.0656019672751 0.0116059063002
t 0.171899840236 0.206531912088 0.280032992363 0.287440448999
h 1.0 1.0 1.0 1.0
c 0.9644318223 0 0 0
Aa 0.732685565948 -0.0526355244219 0.170972406864 0.953708469868
Ab 0.555027544498 -0.0760140866041 -0.472363144159 0.554256439209
Ad 1.34357452393 0.763940691948 0.16447044909 1.7949795723
Ag 0.458377242088 -0.0779086872935 -0.483052611351 0.0937183871865
At 0.847709596157 0.338075309992 0.147239729762 1.48758721352
as 0.0 0.142857149243 0.511627912521 0.138888895512
bs 0.548387110233 0.470588237047 0.0 0.473684221506
ds 0.436170220375 0.35772356391 0.0 0.975609779358
gs 1.0 0.481481492519 0.319999992847 0.25
ts 0.432692319155 0.465116292238 0.513888895512 1.0
a 0.135971799493 0.0795711949468 0.302530527115 0.0789790973067
b 0.0861797556281 0.0796457603574 0.0678989738226 0.0307377334684
d 0.544285833836 0.533131837845 0.281321763992 0.590348362923
g 0.0781420469284 0.0742398500443 0.065377406776 0.00996482465416
t 0.155420541763 0.233411341906 0.282871335745 0.289970010519
h 1.0 1.0 1.0 1.0
c 0.9644318223 0 0 0
Aa 0.727749705315 -0.0535831041634 0.199897021055 0.949386537075
Ab 0.529706120491 -0.0531763359904 -0.449008971453 0.539546251297
Ad 1.33012795448 0.772495627403 0.168331131339 1.82298278809
Ag 0.487185657024 -0.0837019234896 -0.465444505215 0.0503440871835
At 0.785809278488 0.413782954216 0.170716777444 1.5142275095
as 0.0 0.128571435809 0.581395328045 0.138888895512
bs 0.483870953321 0.529411792755 0.0 0.421052634716
ds 0.425531923771 0.368852466345 0.0 1.0
gs 1.0 0.444444447756 0.360000014305 0.15000000596
ts 0.368932038546 0.541176497936 0.535211265087 1.0
a 0.135971799493 0.0733188539743 0.297993451357 0.0740742534399
b 0.0861797556281 0.0778555870056 0.0669948011637 0.027844035998
d 0.544285833836 0.518637895584 0.286157459021 0.59236484766
g 0.0781420469284 0.0679351314902 0.0642945468426 0.00845318473876
t 0.155420541763 0.262252539396 0.284559756517 0.297263652086
h 1.0 1.0 1.0 1.0
c 0.9644318223 0 0 0
Aa 0.727749705315 -0.0597036406398 0.21860216558 0.946318507195
Ab 0.529706120491 -0.0336295329034 -0.429563462734 0.521383404732
Ad 1.33012795448 0.789944946766 0.201000511646 1.84924054146
Ag 0.487185657024 -0.0928249135613 -0.447430431843 0.00367153552361
At 0.785809278488 0.493800371885 0.198568955064 1.54979300499
as 0.0 0.128571435809 0.642857134342 0.126760557294
bs 0.483870953321 0.588235318661 0.0 0.315789461136
ds 0.425531923771 0.385245889425 0.0215827338398 1.0
gs 1.0 0.444444447756 0.439999997616 0.0
ts 0.368932038546 0.635294139385 0.57746475935 1.0
a 0.135971799493 0.066648684442 0.281684070826 0.0688275620341
b 0.0861797556281 0.0741544663906 0.065242819488 0.0249396208674
d 0.544285833836 0.507733285427 0.302013397217 0.590647697449
g 0.0781420469284 0.061139088124 0.0624460168183 0.0071838577278
t 0.155420541763 0.290324509144 0.288613706827 0.3084012568
h 1.0 1.0 1.0 1.0
c 0.9644318223 0 0 0
Aa 0.727749705315 -0.0682121515274 0.221975818276 0.946318507195
Ab 0.529706120491 -0.0218664240092 -0.413253724575 0.505445957184
Ad 1.33012795448 0.813631892204 0.252239733934 1.87988460064
Ag 0.487185657024 -0.105684764683 -0.432281702757 -0.0350861810148
At 0.785809278488 0.570879936218 0.232530489564 1.59767222404
as 0.0 0.114285714924 0.642857134342 0.126760557294
bs 0.483870953321 0.666666686535 0.0 0.210526317358
ds 0.425531923771 0.401639342308 0.0588235296309 1.0
gs 1.0 0.370370358229 0.519999980927 0.0
ts 0.368932038546 0.729411780834 0.619718313217 1.0
a 0.135971799493 0.0593011602759 0.271518796682 0.0619785860181
b 0.0861797556281 0.0701480284333 0.0626419112086 0.0218371339142
d 0.544285833836 0.500556349754 0.316308051348 0.590635955334
g 0.0781420469284 0.0549940057099 0.0590850003064 0.00612876890227
t 0.155420541763 0.315000444651 0.290446221828 0.319419533014
h 1.0 1.0 1.0 1.0
c 0.9644318223 0 0 0
Aa 0.727749705315 -0.0898653864861 0.240363419056 0.946318507195
Ab 0.529706120491 -0.0169130824506 -0.396571516991 0.493272483349
Ad 1.33012795448 0.836524426937 0.306673765182 1.92539668083
Ag 0.487185657024 -0.122613213956 -0.421959251165 -0.0585499070585
At 0.785809278488 0.635382592678 0.269629240036 1.65843832493
as 0.0 0.0857142880559 0.690476179123 0.128571435809
bs 0.483870953321 0.666666686535 0.0263157896698 0.157894730568
ds 0.425531923771 0.418032795191 0.0955882370472 1.0
gs 1.0 0.333333343267 0.560000002384 0.0
ts 0.368932038546 0.809523820877 0.676056325436 1.0
a 0.135971799493 0.053924318403 0.258295714855 0.0541440173984
b 0.0861797556281 0.067381426692 0.0612589940429 0.0185761768371
d 0.544285833836 0.493108600378 0.331691622734 0.595563054085
g 0.0781420469284 0.0504016280174 0.0561506673694 0.00524624111131
t 0.155420541763 0.335184007883 0.292602986097 0.326470524073
h 1.0 1.0 1.0 1.0
c 0.9644318223 0 0 0
Aa 0.727749705315 -0.111926056445 0.247657209635 0.946318507195
Ab 0.529706120491 -0.0151705108583 -0.377290129662 0.481724381447
Ad 1.33012795448 0.84923183918 0.35627451539 1.98769581318
Ag 0.487185657024 -0.141266167164 -0.415105074644 -0.0673837065697
At 0.785809278488 0.681572556496 0.301818788052 1.72661197186
as 0.0 0.0571428574622 0.714285731316 0.132352948189
bs 0.483870953321 0.666666686535 0.078947365284 0.105263158679
ds 0.425531923771 0.438016533852 0.133333340287 1.0
gs 1.0 0.25925925374 0.583333313465 0.0
ts 0.368932038546 0.869047641754 0.718309879303 1.0
a 0.135971799493 0.0514811612666 0.247745141387 0.0470189154148
b 0.0861797556281 0.0668233782053 0.0613342635334 0.015651255846
d 0.544285833836 0.482499808073 0.346434891224 0.60371696949
g 0.0781420469284 0.0479491874576 0.0539645031095 0.00457362271845
t 0.155420541763 0.351246476173 0.290521174669 0.329039216042
h 1.0 1.0 1.0 1.0
c 0.9644318223 0 0 0
Aa 0.727749705315 -0.126233890653 0.252811908722 0.946318507195
Ab 0.529706120491 -0.0129537796602 -0.35349008441 0.468595117331
Ad 1.33012795448 0.845614910126 0.398428380489 2.05487918854
Ag 0.487185657024 -0.157100990415 -0.409085065126 -0.0656937733293
At 0.785809278488 0.707729756832 0.321984559298 1.79129362106
as 0.0 0.0285714287311 0.714285731316 0.134328365326
bs 0.483870953321 0.696969687939 0.131578952074 0.0526315793395
ds 0.425531923771 0.42975205183 0.17037037015 1.0
gs 1.0 0.185185179114 0.625 0.0
ts 0.368932038546 0.904761910439 0.74647885561 1.0
a 0.135971799493 0.0513519346714 0.239191398025 0.0470189154148
b 0.0861797556281 0.0681917220354 0.0633150115609 0.015651255846
d 0.544285833836 0.471034437418 0.363850146532 0.60371696949
g 0.0781420469284 0.0477271042764 0.0529502891004 0.00457362271845
t 0.155420541763 0.361694812775 0.280693143606 0.329039216042
h 1.0 1.0 1.0 1.0
c 0.9644318223 0 0 0
Aa 0.727749705315 -0.134464770555 0.252811908722 0.946318507195
Ab 0.529706120491 -0.0112899299711 -0.324426978827 0.468595117331
Ad 1.33012795448 0.82803106308 0.434988886118 2.05487918854
Ag 0.487185657024 -0.16625648737 -0.402065336704 -0.0656937733293
At 0.785809278488 0.713320672512 0.322298139334 1.79129362106
as 0.0 0.0142857143655 0.714285731316 0.134328365326
bs 0.483870953321 0.71875 0.210526317358 0.0526315793395
ds 0.425531923771 0.421487599611 0.192592591047 1.0
gs 1.0 0.148148149252 0.666666686535 0.0
ts 0.368932038546 0.904761910439 0.74647885561 1.0
a 0.135971799493 0.0506655648351 0.235572308302 0.0470189154148
b 0.0861797556281 0.0706456750631 0.0670326799154 0.015651255846
d 0.544285833836 0.460514992476 0.381943881512 0.60371696949
g 0.0781420469284 0.0493466667831 0.0529511906207 0.00457362271845
t 0.155420541763 0.368827104568 0.262499928474 0.329039216042
h 1.0 1.0 1.0 1.0
c 0.9644318223 0 0 0
Aa 0.727749705315 -0.156974360347 0.252811908722 0.946318507195
Ab 0.529706120491 -0.0126016493887 -0.293025791645 0.468595117331
Ad 1.33012795448 0.801556527615 0.462687194347 2.05487918854
Ag 0.487185657024 -0.168429434299 -0.395436644554 -0.0656937733293
At 0.785809278488 0.705135583878 0.299816846848 1.79129362106
as 0.0 0.0 0.731707334518 0.134328365326
bs 0.483870953321 0.71875 0.315789461136 0.0526315793395
ds 0.425531923771 0.396694213152 0.214814811945 1.0
gs 1.0 0.148148149252 0.666666686535 0.0
ts 0.368932038546 0.892857134342 0.718309879303 1.0
a 0.135971799493 0.0462549552321 0.236581921577 0.0470189154148
b 0.0861797556281 0.0731254070997 0.0722902715206 0.015651255846
d 0.544285833836 0.454009056091 0.396407097578 0.60371696949
g 0.0781420469284 0.052097376436 0.0535010509193 0.00457362271845
t 0.155420541763 0.374513208866 0.241219654679 0.329039216042
h 1.0 1.0 1.0 1.0
c 0.9644318223 0 0 0
Aa 0.727749705315 -0.217579230666 0.252811908722 0.946318507195
Ab 0.529706120491 -0.0186692252755 -0.262089788914 0.468595117331
Ad 1.33012795448 0.774326980114 0.476971775293 2.05487918854
Ag 0.487185657024 -0.165921643376 -0.392807334661 -0.0656937733293
At 0.785809278488 0.690729618073 0.26124304533 1.79129362106
as 0.0 0.0 0.731707334518 0.134328365326
bs 0.483870953321 0.6875 0.394736856222 0.0526315793395
ds 0.425531923771 0.371900826693 0.222222223878 1.0
gs 1.0 0.148148149252 0.708333313465 0.0
ts 0.368932038546 0.880952358246 0.66197180748 1.0
a 0.135971799493 0.0467319563031 0.241102665663 0.0470189154148
b 0.0861797556281 0.0738461464643 0.0780069828033 0.015651255846
d 0.544285833836 0.448523521423 0.404728591442 0.60371696949
g 0.0781420469284 0.054371420294 0.054001621902 0.00457362271845
t 0.155420541763 0.37652695179 0.22216014564 0.329039216042
h 1.0 1.0 1.0 1.0
c 0.9644318223 0 0 0
Aa 0.727749705315 -0.228686839342 0.252811908722 0.946318507195
Ab 0.529706120491 -0.029972974211 -0.237256661057 0.468595117331
Ad 1.33012795448 0.753484427929 0.477773755789 2.05487918854
Ag 0.487185657024 -0.162930130959 -0.396983325481 -0.0656937733293
At 0.785809278488 0.677495241165 0.217276021838 1.79129362106
as 0.0 0.0 0.731707334518 0.134328365326
bs 0.483870953321 0.65625 0.44736841321 0.0526315793395
ds 0.425531923771 0.341880351305 0.231343284249 1.0
gs 1.0 0.153846159577 0.666666686535 0.0
ts 0.368932038546 0.857142865658 0.605633795261 1.0
a 0.135971799493 0.0486325882375 0.246004328132 0.0470189154148
b 0.0861797556281 0.0729328617454 0.0828021913767 0.015651255846
d 0.544285833836 0.445113152266 0.407401919365 0.60371696949
g 0.0781420469284 0.055693782866 0.0537041537464 0.00457362271845
t 0.155420541763 0.37762761116 0.210087418556 0.329039216042
h 1.0 1.0 1.0 1.0
c 0.9644318223 0 0 0
Aa 0.727749705315 -0.220963701606 0.252811908722 0.946318507195
Ab 0.529706120491 -0.0449678190053 -0.220089018345 0.468595117331
Ad 1.33012795448 0.740579366684 0.471892207861 2.05487918854
Ag 0.487185657024 -0.16208435595 -0.408122986555 -0.0656937733293
At 0.785809278488 0.669172644615 0.184269189835 1.79129362106
as 0.0 0.0 0.743589758873 0.134328365326
bs 0.483870953321 0.59375 0.5 0.0526315793395
ds 0.425531923771 0.336206883192 0.223880603909 1.0
gs 1.0 0.153846159577 0.625 0.0
ts 0.368932038546 0.857142865658 0.557142853737 1.0
a 0.135971799493 0.0533723346889 0.24625647068 0.0470189154148
b 0.0861797556281 0.0707625597715 0.0852484181523 0.015651255846
d 0.544285833836 0.442749470472 0.412802249193 0.60371696949
g 0.0781420469284 0.0559693127871 0.0519255772233 0.00457362271845
t 0.155420541763 0.377146333456 0.20376726985 0.329039216042
h 1.0 1.0 1.0 1.0
c 0.9644318223 0 0 0
Aa 0.727749705315 -0.18426206708 0.252811908722 0.946318507195
Ab 0.529706120491 -0.0617747269571 -0.207889407873 0.468595117331
Ad 1.33012795448 0.734579801559 0.477166295052 2.05487918854
Ag 0.487185657024 -0.163628295064 -0.423194408417 -0.0656937733293
At 0.785809278488 0.66493165493 0.170558691025 1.79129362106
as 0.0 0.0 0.763157904148 0.134328365326
bs 0.483870953321 0.5625 0.526315808296 0.0526315793395
ds 0.425531923771 0.327586203814 0.234375 1.0
gs 1.0 0.115384615958 0.583333313465 0.0
ts 0.368932038546 0.845238089561 0.542857170105 1.0
a 0.135971799493 0.0587616562843 0.234973117709 0.0470189154148
b 0.0861797556281 0.0677850916982 0.0832287594676 0.015651255846
d 0.544285833836 0.445588618517 0.437837362289 0.60371696949
g 0.0781420469284 0.0556943267584 0.0478107109666 0.00457362271845
t 0.155420541763 0.372170299292 0.196150049567 0.329039216042
h 1.0 1.0 1.0 1.0
c 0.9644318223 0 0 0
Aa 0.727749705315 -0.14274290204 0.252811908722 0.946318507195
Ab 0.529706120491 -0.0807027518749 -0.197932854295 0.468595117331
Ad 1.33012795448 0.737097144127 0.523106515408 2.05487918854
Ag 0.487185657024 -0.166025996208 -0.438681066036 -0.0656937733293
At 0.785809278488 0.658904790878 0.174382135272 1.79129362106
as 0.0 0.0547945201397 0.763157904148 0.134328365326
bs 0.483870953321 0.5 0.552631556988 0.0526315793395
ds 0.425531923771 0.330434769392 0.2734375 1.0
gs 1.0 0.115384615958 0.5 0.0
ts 0.368932038546 0.845238089561 0.542857170105 1.0
a 0.135971799493 0.0586183108389 0.209468618035 0.0470189154148
b 0.0861797556281 0.0642378404737 0.0760844349861 0.015651255846
d 0.544285833836 0.462482124567 0.49484372139 0.60371696949
g 0.0781420469284 0.0553824007511 0.0413451604545 0.00457362271845
t 0.155420541763 0.359279334545 0.17825807631 0.329039216042
h 1.0 1.0 1.0 1.0
c 0.9644318223 0 0 0
Aa 0.727749705315 -0.14274290204 0.252811908722 0.946318507195
Ab 0.529706120491 -0.102985262871 -0.187011241913 0.468595117331
Ad 1.33012795448 0.754318773746 0.626160979271 2.05487918854
Ag 0.487185657024 -0.167404398322 -0.451882362366 -0.0656937733293
At 0.785809278488 0.644656002522 0.182742148638 1.79129362106
as 0.0 0.0547945201397 0.763157904148 0.134328365326
bs 0.483870953321 0.4375 0.578947365284 0.0526315793395
ds 0.425531923771 0.347826093435 0.354330718517 1.0
gs 1.0 0.115384615958 0.458333343267 0.0
ts 0.368932038546 0.821428596973 0.557142853737 1.0
a 0.135971799493 0.0562006868422 0.173834517598 0.0470189154148
b 0.0861797556281 0.0591439902782 0.0651115849614 0.015651255846
d 0.544285833836 0.499228358269 0.575773358345 0.60371696949
g 0.0781420469284 0.0542662255466 0.0334098488092 0.00457362271845
t 0.155420541763 0.331160753965 0.151870712638 0.329039216042
h 1.0 1.0 1.0 1.0
c 0.9644318223 0 0 0
Aa 0.727749705315 -0.153173431754 0.252811908722 0.946318507195
Ab 0.529706120491 -0.131004437804 -0.173665806651 0.468595117331
Ad 1.33012795448 0.795384168625 0.772927463055 2.05487918854
Ag 0.487185657024 -0.168385460973 -0.463449597359 -0.0656937733293
At 0.785809278488 0.617123782635 0.194149911404 1.79129362106
as 0.0 0.0273972600698 0.852941155434 0.134328365326
bs 0.483870953321 0.34375 0.60526317358 0.0526315793395
ds 0.425531923771 0.382608681917 0.472440958023 1.0
gs 1.0 0.115384615958 0.416666656733 0.0
ts 0.368932038546 0.795180737972 0.571428596973 1.0
a 0.135971799493 0.0551544614136 0.147838741541 0.0470189154148
b 0.0861797556281 0.052364371717 0.0525094531476 0.015651255846
d 0.544285833836 0.557074308395 0.656629860401 0.60371696949
g 0.0781420469284 0.0514089912176 0.0254196487367 0.00457362271845
t 0.155420541763 0.283997893333 0.117602311075 0.329039216042
h 1.0 1.0 1.0 1.0
c 0.9644318223 0 0 0
Aa 0.727749705315 -0.141964033246 0.290081769228 0.946318507195
Ab 0.529706120491 -0.164508789778 -0.159469008446 0.468595117331
Ad 1.33012795448 0.862368404865 0.937614142895 2.05487918854
Ag 0.487185657024 -0.172505602241 -0.474536955357 -0.0656937733293
At 0.785809278488 0.56977045536 0.190709352493 1.79129362106
as 0.0 0.0547945201397 1.0 0.134328365326
bs 0.483870953321 0.21875 0.657894730568 0.0526315793395
ds 0.425531923771 0.443478256464 0.598425209522 1.0
gs 1.0 0.115384615958 0.333333343267 0.0
ts 0.368932038546 0.746987938881 0.571428596973 1.0
a 0.135971799493 0.0536302365363 0.14028018713 0.0470189154148
b 0.0861797556281 0.0452218577266 0.0407900884748 0.015651255846
d 0.544285833836 0.629792690277 0.714250147343 0.60371696949
g 0.0781420469284 0.0467873103917 0.0188445802778 0.00457362271845
t 0.155420541763 0.224567890167 0.0858350172639 0.329039216042
h 1.0 1.0 1.0 1.0
c 0.9644318223 0 0 0
Aa 0.727749705315 -0.122321657836 0.386922836304 0.946318507195
Ab 0.529706120491 -0.196382969618 -0.149518832564 0.468595117331
Ad 1.33012795448 0.947466254234 1.09377682209 2.05487918854
Ag 0.487185657024 -0.18160328269 -0.484887033701 -0.0656937733293
At 0.785809278488 0.499616265297 0.173591002822 1.79129362106
as 0.0 0.0821917802095 1.0 0.134328365326
bs 0.483870953321 0.125 0.684210538864 0.0526315793395
ds 0.425531923771 0.51304346323 0.724409461021 1.0
gs 1.0 0.0799999982119 0.291666656733 0.0
ts 0.368932038546 0.662650585175 0.542857170105 1.0
a 0.135971799493 0.0545180551708 0.131374806166 0.0470189154148
b 0.0861797556281 0.0386142730713 0.0325113460422 0.015651255846
d 0.544285833836 0.705832362175 0.760444164276 0.60371696949
g 0.0781420469284 0.0406897030771 0.0143522657454 0.00457362271845
t 0.155420541763 0.160345599055 0.0613174065948 0.329039216042
h 1.0 1.0 1.0 1.0
c 0.9644318223 0 0 0
Aa 0.727749705315 -0.0688135400414 0.467502504587 0.946318507195
Ab 0.529706120491 -0.218606024981 -0.138974606991 0.468595117331
Ad 1.33012795448 1.04334771633 1.23005771637 2.05487918854
Ag 0.487185657024 -0.195869371295 -0.494089096785 -0.0656937733293
At 0.785809278488 0.399703145027 0.136574208736 1.79129362106
as 0.0 0.150684937835 1.0 0.134328365326
bs 0.483870953321 0.0625 0.710526287556 0.0526315793395
ds 0.425531923771 0.600000023842 0.854838728905 1.0
gs 1.0 0.0 0.217391297221 0.0
ts 0.368932038546 0.542168676853 0.5 1.0
a 0.135971799493 0.0546322204173 0.112762339413 0.0470189154148
b 0.0861797556281 0.032942507416 0.0271660406142 0.015651255846
d 0.544285833836 0.77475553751 0.804105520248 0.60371696949
g 0.0781420469284 0.0341893471777 0.0115576665848 0.00457362271845
t 0.155420541763 0.103480406106 0.044408429414 0.329039216042
h 1.0 1.0 1.0 1.0
c 0.9644318223 0 0 0
Aa 0.727749705315 -0.00640470767394 0.488942831755 0.946318507195
Ab 0.529706120491 -0.226096943021 -0.129194900393 0.468595117331
Ad 1.33012795448 1.14531111717 1.34209179878 2.05487918854
Ag 0.487185657024 -0.209962785244 -0.500351071358 -0.0656937733293
At 0.785809278488 0.27100455761 0.0842441618443 1.79129362106
as 0.0 0.232876718044 1.0 0.134328365326
bs 0.483870953321 0.03125 0.736842095852 0.0526315793395
ds 0.425531923771 0.686956524849 0.943548381329 1.0
gs 1.0 0.0 0.217391297221 0.0
ts 0.368932038546 0.390243887901 0.426470577717 1.0
a 0.135971799493 0.0493205264211 0.094065643847 0.0470189154148
b 0.0861797556281 0.0283726751804 0.0235948599875 0.015651255846
d 0.544285833836 0.830876171589 0.839660942554 0.60371696949
g 0.0781420469284 0.0283617991954 0.0097239036113 0.00457362271845
t 0.155420541763 0.063068844378 0.0329546630383 0.329039216042
h 1.0 1.0 1.0 1.0
c 0.9644318223 0 0 0
Aa 0.727749705315 0.0216485895216 0.480047225952 0.946318507195
Ab 0.529706120491 -0.218478828669 -0.120566420257 0.468595117331
Ad 1.33012795448 1.24815714359 1.43072009087 2.05487918854
Ag 0.487185657024 -0.218645349145 -0.505543172359 -0.0656937733293
At 0.785809278488 0.128435775638 0.0245330464095 1.79129362106
as 0.0 0.273972600698 1.0 0.134328365326
bs 0.483870953321 0.0625 0.756756782532 0.0526315793395
ds 0.425531923771 0.77192980051 1.0 1.0
gs 1.0 0.0 0.173913046718 0.0
ts 0.368932038546 0.219512194395 0.338235288858 1.0
a 0.135971799493 0.0462739355862 0.0807801857591 0.0470189154148
b 0.0861797556281 0.0245816018432 0.0211423002183 0.015651255846
d 0.544285833836 0.866206407547 0.863803803921 0.60371696949
g 0.0781420469284 0.0236331429332 0.00845153722912 0.00457362271845
t 0.155420541763 0.0393049046397 0.0258221607655 0.329039216042
h 1.0 1.0 1.0 1.0
c 0.9644318223 0 0 0
Aa 0.727749705315 0.0726256817579 0.467924624681 0.946318507195
Ab 0.529706120491 -0.202100589871 -0.114227980375 0.468595117331
Ad 1.33012795448 1.34491062164 1.49703490734 2.05487918854
Ag 0.487185657024 -0.21918925643 -0.512444496155 -0.0656937733293
At 0.785809278488 0.0017359983176 -0.0273876339197 1.79129362106
as 0.0 0.342465758324 1.0 0.134328365326
bs 0.483870953321 0.125 0.756756782532 0.0526315793395
ds 0.425531923771 0.867256641388 1.0 1.0
gs 1.0 0.0 0.173913046718 0.0
ts 0.368932038546 0.0609756112099 0.264705896378 1.0
a 0.135971799493 0.042450428009 0.0737008824944 0.0470189154148
b 0.0861797556281 0.0219824463129 0.0194350313395 0.015651255846
d 0.544285833836 0.885057210922 0.877247750759 0.60371696949
g 0.0781420469284 0.0203193258494 0.00754587585106 0.00457362271845
t 0.155420541763 0.0301905684173 0.0220704674721 0.329039216042
h 1.0 1.0 1.0 1.0
c 0.9644318223 0 0 0
Aa 0.727749705315 0.106492802501 0.466506451368 0.946318507195
Ab 0.529706120491 -0.179313257337 -0.112381003797 0.468595117331
Ad 1.33012795448 1.42558205128 1.54215598106 2.05487918854
Ag 0.487185657024 -0.213479965925 -0.523256599903 -0.0656937733293
At 0.785809278488 -0.041517984122 -0.0571547076106 1.79129362106
as 0.0 0.383561640978 1.0 0.134328365326
bs 0.483870953321 0.1875 0.783783793449 0.0526315793395
ds 0.425531923771 0.938053071499 1.0 1.0
gs 1.0 0.0 0.130434781313 0.0
ts 0.368932038546 0.0121951214969 0.220588237047 1.0
a 0.135971799493 0.0394223853946 0.0699312612414 0.0470189154148
b 0.0861797556281 0.0203614216298 0.0182858407497 0.015651255846
d 0.544285833836 0.892142593861 0.884107351303 0.60371696949
g 0.0781420469284 0.0181654710323 0.00693925982341 0.00457362271845
t 0.155420541763 0.0299081187695 0.0207362901419 0.329039216042
h 1.0 1.0 1.0 1.0
c 0.9644318223 0 0 0
Aa 0.727749705315 0.129492402077 0.466506451368 0.946318507195
Ab 0.529706120491 -0.157442376018 -0.116049960256 0.468595117331
Ad 1.33012795448 1.4841837883 1.5683400631 2.05487918854
Ag 0.487185657024 -0.207003802061 -0.536851763725 -0.0656937733293
At 0.785809278488 0.0095386095345 -0.0614338517189 1.79129362106
as 0.0 0.424657523632 1.0 0.134328365326
bs 0.483870953321 0.25 0.777777791023 0.0526315793395
ds 0.425531923771 1.0 1.0 1.0
gs 1.0 0.037037037313 0.0434782616794 0.0
ts 0.368932038546 0.0617283955216 0.223880603909 1.0
a 0.135971799493 0.0363567620516 0.0683114081621 0.0470189154148
b 0.0861797556281 0.0195984877646 0.0175484977663 0.015651255846
d 0.544285833836 0.893594145775 0.8869805336 0.60371696949
g 0.0781420469284 0.0167926680297 0.00659406278282 0.00457362271845
t 0.155420541763 0.0336579084396 0.0205654911697 0.329039216042
h 1.0 1.0 1.0 1.0
c 0.9644318223 0 0 0
Aa 0.727749705315 0.129492402077 0.466506451368 0.946318507195
Ab 0.529706120491 -0.138870239258 -0.123746871948 0.468595117331
Ad 1.33012795448 1.52004754543 1.57992732525 2.05487918854
Ag 0.487185657024 -0.205973088741 -0.548833727837 -0.0656937733293
At 0.785809278488 0.0959943309426 -0.0548477061093 1.79129362106
as 0.0 0.416666656733 1.0 0.134328365326
bs 0.483870953321 0.3125 0.75 0.0526315793395
ds 0.425531923771 1.0 1.0 1.0
gs 1.0 0.037037037313 0.0 0.0
ts 0.368932038546 0.160493820906 0.223880603909 1.0
a 0.135971799493 0.0348419323564 0.0682959035039 0.0470189154148
b 0.0861797556281 0.0193585380912 0.0171032734215 0.015651255846
d 0.544285833836 0.891932249069 0.887234985828 0.60371696949
g 0.0781420469284 0.0158244147897 0.00645269686356 0.00457362271845
t 0.155420541763 0.0380428694189 0.0209131184965 0.329039216042
h 1.0 1.0 1.0 1.0
c 0.9644318223 0 0 0
Aa 0.727749705315 0.129492402077 0.46962299943 0.946318507195
Ab 0.529706120491 -0.125737264752 -0.131692424417 0.468595117331
Ad 1.33012795448 1.53772211075 1.5832669735 2.05487918854
Ag 0.487185657024 -0.21328215301 -0.555030405521 -0.0656937733293
At 0.785809278488 0.167663455009 -0.0443528369069 1.79129362106
as 0.0 0.416666656733 1.0 0.134328365326
bs 0.483870953321 0.34375 0.75 0.0526315793395
ds 0.425531923771 1.0 1.0 1.0
gs 1.0 0.0 0.0 0.0
ts 0.368932038546 0.25925925374 0.242424249649 1.0
a 0.135971799493 0.034175876528 0.068195797503 0.0470189154148
b 0.0861797556281 0.0194710157812 0.016892330721 0.015651255846
d 0.544285833836 0.889818131924 0.88781607151 0.60371696949
g 0.0781420469284 0.0150078581646 0.00645792251453 0.00457362271845
t 0.155420541763 0.0415271036327 0.0206378977746 0.329039216042
h 1.0 1.0 1.0 1.0
c 0.9644318223 0 0 0
Aa 0.727749705315 0.129492402077 0.46962299943 0.946318507195
Ab 0.529706120491 -0.11483861506 -0.136445000768 0.468595117331
Ad 1.33012795448 1.54507398605 1.5841884613 2.05487918854
Ag 0.487185657024 -0.227908521891 -0.554041743279 -0.0656937733293
At 0.785809278488 0.214104428887 -0.0494691357017 1.79129362106
as 0.0 0.416666656733 1.0 0.134328365326
bs 0.483870953321 0.375 0.722222208977 0.0526315793395
ds 0.425531923771 1.0 1.0 1.0
gs 1.0 0.0 0.0 0.0
ts 0.368932038546 0.3125 0.242424249649 1.0
a 0.135971799493 0.0338331088424 0.0682553201914 0.0470189154148
b 0.0861797556281 0.0196608752012 0.0167441181839 0.015651255846
d 0.544285833836 0.888915002346 0.888476073742 0.60371696949
g 0.0781420469284 0.014288932085 0.00654364004731 0.00457362271845
t 0.155420541763 0.0433020703495 0.019980840385 0.329039216042
h 1.0 1.0 1.0 1.0
c 0.9644318223 0 0 0
Aa 0.727749705315 0.129492402077 0.46962299943 0.946318507195
Ab 0.529706120491 -0.106246620417 -0.140651226044 0.468595117331
Ad 1.33012795448 1.54901075363 1.58413219452 2.05487918854
Ag 0.487185657024 -0.244849726558 -0.548694133759 -0.0656937733293
At 0.785809278488 0.236659169197 -0.0638997629285 1.79129362106
as 0.0 0.416666656733 1.0 0.134328365326
bs 0.483870953321 0.40625 0.722222208977 0.0526315793395
ds 0.425531923771 1.0 1.0 1.0
gs 1.0 0.0 0.0434782616794 0.0
ts 0.368932038546 0.33750000596 0.212121218443 1.0
a 0.135971799493 0.0336569882929 0.0687929615378 0.0470189154148
b 0.0861797556281 0.0197921209037 0.0166171565652 0.015651255846
d 0.544285833836 0.889504790306 0.888879835606 0.60371696949
g 0.0781420469284 0.0137368496507 0.00667202891782 0.00457362271845
t 0.155420541763 0.043309263885 0.0190379936248 0.329039216042
h 1.0 1.0 1.0 1.0
c 0.9644318223 0 0 0
Aa 0.727749705315 0.129492402077 0.46962299943 0.946318507195
Ab 0.529706120491 -0.101090475917 -0.14736430347 0.468595117331
Ad 1.33012795448 1.55156540871 1.58092200756 2.05487918854
Ag 0.487185657024 -0.259695678949 -0.543663084507 -0.0656937733293
At 0.785809278488 0.238997995853 -0.088299818337 1.79129362106
as 0.0 0.416666656733 1.0 0.134328365326
bs 0.483870953321 0.4375 0.694444417953 0.0526315793395
ds 0.425531923771 1.0 1.0 1.0
gs 1.0 0.0 0.0434782616794 0.0
ts 0.368932038546 0.34999999404 0.181818187237 1.0
a 0.135971799493 0.0337717607617 0.070260040462 0.0470189154148
b 0.0861797556281 0.0199257675558 0.0165395401418 0.015651255846
d 0.544285833836 0.889351189137 0.887913942337 0.60371696949
g 0.0781420469284 0.0135010899976 0.00689035374671 0.00457362271845
t 0.155420541763 0.0434501878917 0.0183961503208 0.329039216042
h 1.0 1.0 1.0 1.0
c 0.9644318223 0 0 0
Aa 0.727749705315 0.129492402077 0.46962299943 0.946318507195
Ab 0.529706120491 -0.0996462479234 -0.158561959863 0.468595117331
Ad 1.33012795448 1.55001199245 1.57128548622 2.05487918854
Ag 0.487185657024 -0.268692463636 -0.538843870163 -0.0656937733293
At 0.785809278488 0.23893032968 -0.112358428538 1.79129362106
as 0.0 0.416666656733 1.0 0.134328365326
bs 0.483870953321 0.4375 0.666666686535 0.0526315793395
ds 0.425531923771 1.0 0.99280577898 1.0
gs 1.0 0.0 0.0869565233588 0.0
ts 0.368932038546 0.354430377483 0.140625 1.0
a 0.135971799493 0.0343913733959 0.0732124522328 0.0470189154148
b 0.0861797556281 0.0200303271413 0.0167145095766 0.015651255846
d 0.544285833836 0.888328850269 0.884645283222 0.60371696949
g 0.0781420469284 0.013573884964 0.00724957929924 0.00457362271845
t 0.155420541763 0.0436755642295 0.0181781835854 0.329039216042
h 1.0 1.0 1.0 1.0
c 0.9644318223 0 0 0
Aa 0.727749705315 0.129492402077 0.46962299943 0.946318507195
Ab 0.529706120491 -0.105269052088 -0.171868309379 0.468595117331
Ad 1.33012795448 1.54161667824 1.55180728436 2.05487918854
Ag 0.487185657024 -0.274252951145 -0.534649133682 -0.0656937733293
At 0.785809278488 0.233281418681 -0.135411441326 1.79129362106
as 0.0 0.408450692892 1.0 0.134328365326
bs 0.483870953321 0.40625 0.62857145071 0.0526315793395
ds 0.425531923771 0.991596639156 0.978417277336 1.0
gs 1.0 0.0 0.0869565233588 0.0
ts 0.368932038546 0.341772139072 0.09375 1.0
a 0.135971799493 0.0353869386017 0.0784128755331 0.0470189154148
b 0.0861797556281 0.0202683955431 0.0173786841333 0.015651255846
d 0.544285833836 0.884898424149 0.876861393452 0.60371696949
g 0.0781420469284 0.0141972871497 0.00790109951049 0.00457362271845
t 0.155420541763 0.0452489815652 0.0194459278136 0.329039216042
h 1.0 1.0 1.0 1.0
c 0.9644318223 0 0 0
Aa 0.727749705315 0.126229763031 0.46962299943 0.946318507195
Ab 0.529706120491 -0.115793846548 -0.184747442603 0.468595117331
Ad 1.33012795448 1.52428019047 1.51816666126 2.05487918854
Ag 0.487185657024 -0.270407855511 -0.527076780796 -0.0656937733293
At 0.785809278488 0.232995584607 -0.135935679078 1.79129362106
as 0.0 0.394366204739 1.0 0.134328365326
bs 0.483870953321 0.375 0.571428596973 0.0526315793395
ds 0.425531923771 0.974789917469 0.949640274048 1.0
gs 1.0 0.0 0.130434781313 0.0
ts 0.368932038546 0.341772139072 0.09375 1.0
a 0.21647234261 0.0376397743821 0.0869091749191 0.0470189154148
b 0.0351465679705 0.0208073090762 0.0189337618649 0.015651255846
d 0.662696659565 0.878219902515 0.862999558449 0.60371696949
g 0.0187588371336 0.0154517898336 0.00890328269452 0.00457362271845
t 0.0669255852699 0.0478812493384 0.0222542043775 0.329039216042
h 1.0 1.0 1.0 1.0
c 0.952741801739 0 0 0
Aa 1.38751077652 0.12969891727 0.46962299943 0.946318507195
Ab 0.597991287708 -0.127732202411 -0.192205712199 0.468595117331
Ad 1.87342321873 1.49765515327 1.46656799316 2.05487918854
Ag 0.325314313173 -0.256969332695 -0.519892454147 -0.0656937733293
At 0.877700567245 0.234217375517 -0.122030511498 1.79129362106
as 0.818181812763 0.408450692892 1.0 0.134328365326
bs 0.709677398205 0.34375 0.571428596973 0.0526315793395
ds 1.0 0.949579834938 0.91366904974 1.0
gs 0.600000023842 0.0 0.173913046718 0.0
ts 0.456310689449 0.341772139072 0.111111111939 1.0
a 0.253048419952 0.0403611809015 0.0939102098346 0.0470189154148
b 0.0369233489037 0.0219913478941 0.0217307116836 0.015651255846
d 0.598478317261 0.867809355259 0.846338272095 0.60371696949
g 0.0213369093835 0.0174043793231 0.0104974992573 0.00457362271845
t 0.090213008225 0.0524337217212 0.027523316443 0.329039216042
h 1.0 1.0 1.0 1.0
c 0.941385805607 0 0 0
Aa 1.41113507748 0.129837885499 0.438704788685 0.946318507195
Ab 0.575232565403 -0.13387414813 -0.196934074163 0.468595117331
Ad 1.78497982025 1.46229839325 1.39353597164 2.05487918854
Ag 0.337062954903 -0.235467448831 -0.512922227383 -0.0656937733293
At 0.963200628757 0.243484690785 -0.0943072661757 1.79129362106
as 0.857142865658 0.408450692892 0.959183692932 0.134328365326
bs 0.612903237343 0.322580635548 0.542857170105 0.0526315793395
ds 0.904255330563 0.932203412056 0.863309323788 1.0
gs 0.639999985695 0.0 0.217391297221 0.0
ts 0.543689310551 0.354430377483 0.142857149243 1.0
a 0.342251300812 0.0428352206945 0.0946062505245 0.363422304392
b 0.0472987480462 0.023994943127 0.0264723170549 0.134056434035
d 0.385216206312 0.85403752327 0.829685747623 0.192974254489
g 0.0289828870445 0.0199377425015 0.012955208309 0.0535718165338
t 0.196250841022 0.0591945797205 0.0362804718316 0.255975186825
h 1.0 1.0 1.0 1.0
c 0.953705847263 0 0 0
Aa 1.41191625595 0.11795155704 0.35514074564 1.13362622261
Ab 0.552420735359 -0.133729711175 -0.197987124324 0.700502336025
Ad 1.46327567101 1.4176274538 1.29813456535 0.858714044094
Ag 0.339712738991 -0.214173451066 -0.508334696293 0.302151024342
At 1.1703826189 0.258432507515 -0.0611061602831 0.981412529945
as 0.857142865658 0.394366204739 0.775510191917 0.424242436886
bs 0.548387110233 0.322580635548 0.542857170105 1.0
ds 0.563829779625 0.88983052969 0.789855062962 0.0
gs 0.680000007153 0.0714285746217 0.217391297221 0.79545456171
ts 0.74757283926 0.379746824503 0.206349208951 0.390804588795
a 0.305436104536 0.0419010929763 0.105320543051 0.342316836119
b 0.0440059378743 0.0270274020731 0.0333878733218 0.093983002007
d 0.371806353331 0.839327037334 0.794409036636 0.245819151402
g 0.0263383723795 0.0231454893947 0.0163762941957 0.040418304503
t 0.252413213253 0.0685989633203 0.0505062788725 0.277462720871
h 1.0 1.0 1.0 1.0
c 0.966320216656 0 0 0
Aa 1.41191625595 0.0584400966763 0.302592486143 1.23079836369
Ab 0.570507109165 -0.1319809407 -0.196331843734 0.669419407845
Ad 1.49731266499 1.36014592648 1.18012356758 1.08698582649
Ag 0.347584754229 -0.199318885803 -0.50570499897 0.302948176861
At 1.32910788059 0.272532343864 -0.0165752321482 1.13957476616
as 0.857142865658 0.309859156609 0.673469364643 0.59375
bs 0.612903237343 0.354838699102 0.542857170105 1.0
ds 0.595744669437 0.847457647324 0.710144937038 0.103448279202
gs 0.72000002861 0.142857149243 0.217391297221 0.790697693825
ts 0.90291261673 0.392405062914 0.26984128356 0.569767415524
a 0.275318145752 0.0467366240919 0.125898033381 0.324293941259
b 0.0422483421862 0.0311864800751 0.0427027083933 0.0674122273922
d 0.288628071547 0.813652098179 0.738662481308 0.297409743071
g 0.0269520692527 0.0271878372878 0.0208751801401 0.0314885489643
t 0.366853386164 0.0812369585037 0.0718615651131 0.279395520687
h 1.0 1.0 1.0 1.0
c 0.978600502014 0 0 0
Aa 1.35424292088 0.0426409319043 0.275439471006 1.31733286381
Ab 0.54021769762 -0.133050054312 -0.19412407279 0.635132670403
Ad 1.37474656105 1.28342235088 1.04386651516 1.27974927425
Ag 0.34500014782 -0.192641735077 -0.504949271679 0.304546684027
At 1.4789005518 0.282737255096 0.0319171883166 1.25261342525
as 0.779220759869 0.285714298487 0.612244904041 0.71875
bs 0.516129016876 0.354838699102 0.542857170105 0.888888895512
ds 0.468085110188 0.777777791023 0.608695626259 0.333333343267
gs 0.680000007153 0.185185179114 0.217391297221 0.790697693825
ts 1.0 0.405063301325 0.349206358194 0.697674393654
a 0.234974831343 0.0535624474287 0.147484391928 0.300815165043
b 0.0377471894026 0.036747623235 0.0537609569728 0.0528103113174
d 0.340581148863 0.781627416611 0.671882331371 0.340691417456
g 0.0221559591591 0.0327587127686 0.026125812903 0.0268773343414
t 0.364540874958 0.0953037962317 0.100746504962 0.278805762529
h 1.0 1.0 1.0 1.0
c 0.990546822548 0 0 0
Aa 1.35424292088 0.0217754431069 0.245074614882 1.35449242592
Ab 0.560106158257 -0.141855716705 -0.193204447627 0.59891140461
Ad 1.51544213295 1.18591475487 0.903621792793 1.40855383873
Ag 0.328712075949 -0.19175812602 -0.506601631641 0.305578827858
At 1.54496777058 0.272025227547 0.0795585289598 1.3214943409
as 0.779220759869 0.257142871618 0.551020383835 0.78125
bs 0.580645143986 0.300000011921 0.542857170105 0.722222208977
ds 0.617021262646 0.692307710648 0.507246375084 0.482758611441
gs 0.639999985695 0.185185179114 0.217391297221 0.790697693825
ts 1.0 0.392405062914 0.428571432829 0.78823530674
a 0.234974831343 0.061919812113 0.159069925547 0.279523640871
b 0.0377471894026 0.0437865108252 0.0640821382403 0.0453150048852
d 0.340581148863 0.747038424015 0.615773200989 0.372263103724
g 0.0221559591591 0.0402830839157 0.0307259950787 0.0248039457947
t 0.364540874958 0.106972165406 0.130348742008 0.278094291687
h 1.0 1.0 1.0 1.0
c 1.0 0 0 0
Aa 1.35424292088 -0.00526707619429 0.201903790236 1.35449242592
Ab 0.560106158257 -0.155756354332 -0.192947253585 0.564315855503
Ad 1.51544213295 1.0762462616 0.789736509323 1.47892391682
Ag 0.328712075949 -0.191973984241 -0.512178301811 0.30259463191
At 1.54496777058 0.232174098492 0.115422576666 1.35226595402
as 0.779220759869 0.214285716414 0.469387769699 0.78125
bs 0.566666662693 0.233333334327 0.571428596973 0.5
ds 0.612903237343 0.598290622234 0.427536219358 0.563218414783
gs 0.639999985695 0.185185179114 0.181818187237 0.790697693825
ts 1.0 0.341772139072 0.47619047761 0.823529422283
a 0.234974831343 0.0735764801502 0.151262104511 0.279523640871
b 0.0377471894026 0.0508811585605 0.0708402171731 0.0453150048852
d 0.340581148863 0.716121017933 0.593284606934 0.372263103724
g 0.0221559591591 0.0489355884492 0.033188059926 0.0248039457947
t 0.364540874958 0.110485725105 0.151424989104 0.278094291687
h 1.0 1.0 1.0 1.0
c 1.0 0 0 0
Aa 1.35424292088 -0.0123799080029 0.137022331357 1.35449242592
Ab 0.560106158257 -0.172561943531 -0.192427948117 0.564315855503
Ad 1.51544213295 0.975867509842 0.730555295944 1.47892391682
Ag 0.328712075949 -0.189494118094 -0.521725952625 0.30259463191
At 1.54496777058 0.164187252522 0.13748973608 1.35226595402
as 0.779220759869 0.214285716414 0.326530605555 0.78125
bs 0.551724135876 0.20000000298 0.571428596973 0.5
ds 0.612903237343 0.512820541859 0.384057968855 0.563218414783
gs 0.639999985695 0.185185179114 0.136363640428 0.790697693825
ts 1.0 0.256410270929 0.523809552193 0.821428596973
a 0.234974831343 0.0774173364043 0.131717175245 0.279523640871
b 0.0377471894026 0.0560224615037 0.0739034563303 0.0453150048852
d 0.340581148863 0.703584611416 0.598167538643 0.372263103724
g 0.0221559591591 0.0569074898958 0.033465705812 0.0248039457947
t 0.364540874958 0.106068097055 0.16274613142 0.278094291687
h 1.0 1.0 1.0 1.0
c 1.0 0 0 0
Aa 1.35424292088 -0.0481697022915 0.0622295327485 1.35449242592
Ab 0.560106158257 -0.188645705581 -0.188748121262 0.564315855503
Ad 1.51544213295 0.910308420658 0.719409942627 1.47892391682
Ag 0.328712075949 -0.181838467717 -0.532812893391 0.30259463191
At 1.54496777058 0.088576875627 0.154097795486 1.35226595402
as 0.779220759869 0.15942029655 0.183673471212 0.78125
bs 0.535714268684 0.133333340287 0.571428596973 0.5
ds 0.612903237343 0.452173918486 0.376811593771 0.563218414783
gs 0.625 0.222222223878 0.0909090936184 0.790697693825
ts 1.0 0.166666671634 0.53968256712 0.821428596973
a 0.234974831343 0.0681980997324 0.0926014780998 0.279523640871
b 0.0377471894026 0.057723980397 0.0762486830354 0.0453150048852
d 0.340581148863 0.712376594543 0.620792269707 0.372263103724
g 0.0221559591591 0.0627287179232 0.0334529839456 0.0248039457947
t 0.364540874958 0.098972581327 0.176904574037 0.278094291687
h 1.0 1.0 1.0 1.0
c 1.0 0 0 0
Aa 1.35424292088 -0.132113859057 -0.0990276634693 1.35449242592
Ab 0.560106158257 -0.204529866576 -0.183413252234 0.564315855503
Ad 1.51544213295 0.886823534966 0.727300703526 1.47892391682
Ag 0.328712075949 -0.168419748545 -0.541210711002 0.30259463191
At 1.54496777058 0.0296287667006 0.18209348619 1.35226595402
as 0.779220759869 0.0434782616794 0.0 0.78125
bs 0.518518507481 0.0666666701436 0.571428596973 0.5
ds 0.612903237343 0.426086962223 0.376811593771 0.563218414783
gs 0.625 0.25925925374 0.0454545468092 0.790697693825
ts 1.0 0.0909090936184 0.580645143986 0.821428596973
a 0.234974831343 0.0649659410119 0.070788860321 0.279523640871
b 0.0377471894026 0.0562721155584 0.0757583528757 0.0453150048852
d 0.340581148863 0.717564046383 0.630741000175 0.372263103724
g 0.0221559591591 0.0653309375048 0.0325002111495 0.0248039457947
t 0.364540874958 0.0958669707179 0.190211564302 0.278094291687
h 1.0 1.0 1.0 1.0
c 1.0 0 0 0
Aa 1.35424292088 -0.15429250896 -0.206488519907 1.35449242592
Ab 0.560106158257 -0.216685011983 -0.177022919059 0.564315855503
Ad 1.51544213295 0.888882398605 0.743397653103 1.47892391682
Ag 0.328712075949 -0.151859343052 -0.544567227364 0.30259463191
At 1.54496777058 0.0146907595918 0.222783491015 1.35226595402
as 0.779220759869 0.0 0.0 0.78125
bs 0.518518507481 0.0333333350718 0.617647051811 0.5
ds 0.608695626259 0.434782594442 0.391304343939 0.569767415524
gs 0.625 0.333333343267 0.0 0.790697693825
ts 1.0 0.0649350658059 0.645161271095 0.821428596973
a 0.234974831343 0.0630752593279 0.0700894221663 0.279523640871
b 0.0377471894026 0.0541098825634 0.0722075328231 0.0453150048852
d 0.340581148863 0.716268062592 0.627793133259 0.372263103724
g 0.0221559591591 0.0660916790366 0.0308450348675 0.0248039457947
t 0.364540874958 0.100455112755 0.19906488061 0.278094291687
h 1.0 1.0 1.0 1.0
c 1.0 0 0 0
Aa 1.35424292088 -0.15429250896 -0.18605221808 1.35449242592
Ab 0.560106158257 -0.220874935389 -0.173122182488 0.564315855503
Ad 1.51544213295 0.900924086571 0.766111850739 1.47892391682
Ag 0.328712075949 -0.134004756808 -0.542519450188 0.30259463191
At 1.54496777058 0.0478205196559 0.267289936543 1.35226595402
as 0.779220759869 0.0 0.0 0.78125
bs 0.518518507481 0.0333333350718 0.647058844566 0.5
ds 0.608695626259 0.443478256464 0.405797094107 0.569767415524
gs 0.625 0.370370358229 0.0454545468092 0.790697693825
ts 1.0 0.119999997318 0.725806474686 0.821428596973
a 0.234974831343 0.0604936331511 0.0701451823115 0.279523640871
b 0.0377471894026 0.0520008951426 0.0682238191366 0.0453150048852
d 0.340581148863 0.716004729271 0.626739323139 0.372263103724
g 0.0221559591591 0.0658408552408 0.029283490032 0.0248039457947
t 0.364540874958 0.105659857392 0.205608189106 0.278094291687
h 1.0 1.0 1.0 1.0
c 1.0 0 0 0
Aa 1.35424292088 -0.15429250896 -0.161696657538 1.35449242592
Ab 0.560106158257 -0.219991326332 -0.173758476973 0.564315855503
Ad 1.51544213295 0.918913722038 0.789392411709 1.47892391682
Ag 0.328712075949 -0.117506697774 -0.541071712971 0.30259463191
At 1.54496777058 0.0879078730941 0.305345863104 1.35226595402
as 0.779220759869 0.0 0.0 0.78125
bs 0.518518507481 0.0333333350718 0.617647051811 0.5
ds 0.604395627975 0.460869550705 0.427536219358 0.569767415524
gs 0.625 0.444444447756 0.0454545468092 0.790697693825
ts 1.0 0.173333331943 0.770491778851 0.821428596973
a 0.234974831343 0.0573848709464 0.071098998189 0.255645811558
b 0.0377471894026 0.050803154707 0.0649795904756 0.0417962968349
d 0.340581148863 0.713991045952 0.62575083971 0.411211013794
g 0.0221559591591 0.065740853548 0.0281464960426 0.0219202935696
t 0.364540874958 0.112080074847 0.210024103522 0.269426554441
h 1.0 1.0 1.0 1.0
c 1.0 0 0 0
Aa 1.35424292088 -0.159995287657 -0.140517070889 1.35471093655
Ab 0.560106158257 -0.212902024388 -0.179603546858 0.568210065365
Ad 1.51544213295 0.934900045395 0.804020881653 1.56113696098
Ag 0.328712075949 -0.100957378745 -0.54295617342 0.287918627262
At 1.54496777058 0.130735725164 0.32988858223 1.37751269341
as 0.779220759869 0.0 0.0 0.78125
bs 0.538461565971 0.0666666701436 0.617647051811 0.555555582047
ds 0.604395627975 0.469565212727 0.434782594442 0.662790715694
gs 0.625 0.518518507481 0.0454545468092 0.767441868782
ts 1.0 0.226666674018 0.819672107697 0.845238089561
a 0.203959852457 0.0531230270863 0.0731564313173 0.229531899095
b 0.0364008136094 0.0507528297603 0.0629578232765 0.0365561395884
d 0.359439015388 0.713054120541 0.62321972847 0.440637946129
g 0.0207407865673 0.066301651299 0.0273642800748 0.0205605328083
t 0.379459530115 0.116768360138 0.213301703334 0.27271348238
h 1.0 1.0 1.0 1.0
c 1.0 0 0 0
Aa 1.33460450172 -0.183039322495 -0.123998813331 1.34017121792
Ab 0.586170852184 -0.202861875296 -0.1892016083 0.542288482189
Ad 1.58068501949 0.944800376892 0.806389868259 1.6234099865
Ag 0.341885000467 -0.0867977887392 -0.55106729269 0.292362511158
At 1.6042252779 0.159003019333 0.340742975473 1.41503477097
as 0.753246724606 0.0 0.0 0.75409835577
bs 0.615384638309 0.10000000149 0.588235318661 0.388888895512
ds 0.681318700314 0.478260874748 0.434782594442 0.732558131218
gs 0.695652186871 0.576923072338 0.0 0.767441868782
ts 1.0 0.266666680574 0.850000023842 0.89156627655
a 0.168175920844 0.050582934171 0.0769361630082 0.213244661689
b 0.0348666496575 0.0515996068716 0.0620731972158 0.0315858237445
d 0.383024245501 0.707757472992 0.616584300995 0.45713660121
g 0.0187093317509 0.0676961094141 0.0270806439221 0.0190484002233
t 0.395223855972 0.122363880277 0.21732570231 0.278984516859
h 1.0 1.0 1.0 1.0
c 1.0 0 0 0
Aa 1.29976165295 -0.201622635126 -0.105747893453 1.33904933929
Ab 0.616408109665 -0.192980259657 -0.198974326253 0.50966334343
Ad 1.65722417831 0.944257795811 0.798114001751 1.67021715641
Ag 0.346056133509 -0.075062930584 -0.559219419956 0.290029615164
At 1.67084109783 0.182026579976 0.345232665539 1.45575118065
as 0.723684191704 0.0 0.0 0.75409835577
bs 0.708333313465 0.133333340287 0.558823525906 0.222222223878
ds 0.758241772652 0.478260874748 0.437956213951 0.790697693825
gs 0.695652186871 0.615384638309 0.0 0.767441868782
ts 1.0 0.283783793449 0.86206895113 0.939759016037
a 0.136253505945 0.0479810349643 0.0822224244475 0.193939819932
b 0.0328332744539 0.0533583573997 0.0618343092501 0.0274609234184
d 0.40985262394 0.698762178421 0.606404781342 0.47679823637
g 0.0160962492228 0.0706502571702 0.0274304058403 0.0175408385694
t 0.404964327812 0.129248157144 0.222108066082 0.284260183573
h 1.0 1.0 1.0 1.0
c 1.0 0 0 0
Aa 1.2644534111 -0.233402818441 -0.085412338376 1.3289077282
Ab 0.646419882774 -0.187269970775 -0.209173083305 0.479955852032
Ad 1.74273347855 0.929856956005 0.7823600173 1.71957540512
Ag 0.336830407381 -0.0653586909175 -0.562170386314 0.285291045904
At 1.73752248287 0.196951955557 0.346161723137 1.4949567318
as 0.671052634716 0.0 0.0178571436554 0.73770493269
bs 0.826086938381 0.133333340287 0.529411792755 0.0555555559695
ds 0.857142865658 0.469565212727 0.423357665539 0.848837196827
gs 0.652173936367 0.639999985695 0.0 0.738095223904
ts 1.0 0.297297298908 0.86206895113 0.987951815128
a 0.136253505945 0.0503499060869 0.0906247273088 0.176735326648
b 0.0328332744539 0.0561456866562 0.0623633302748 0.0243554506451
d 0.40985262394 0.679547011852 0.590597391129 0.499068468809
g 0.0160962492228 0.0755766630173 0.0286820102483 0.0162680093199
t 0.404964327812 0.138380751014 0.227732568979 0.283572733402
h 1.0 1.0 1.0 1.0
c 1.0 0 0 0
Aa 1.2644534111 -0.231438860297 -0.0574521273375 1.31706559658
Ab 0.646419882774 -0.184121131897 -0.219769567251 0.456338375807
Ad 1.74273347855 0.898781955242 0.75659263134 1.76790237427
Ag 0.336830407381 -0.0550498403609 -0.557089269161 0.281076639891
At 1.73752248287 0.207638144493 0.342726290226 1.52240669727
as 0.671052634716 0.0 0.0714285746217 0.699999988079
bs 0.826086938381 0.133333340287 0.5 0.0
ds 0.857142865658 0.443478256464 0.40145984292 0.895348846912
gs 0.652173936367 0.680000007153 0.0 0.738095223904
ts 1.0 0.324324309826 0.86206895113 1.0
a 0.136253505945 0.0574095733464 0.0969075933099 0.16735753417
b 0.0328332744539 0.0592100434005 0.0645394921303 0.0225683320314
d 0.40985262394 0.651022851467 0.57234787941 0.519565522671
g 0.0160962492228 0.0817223936319 0.031235570088 0.0153516307473
t 0.404964327812 0.150635138154 0.234969481826 0.27515694499
h 1.0 1.0 1.0 1.0
c 1.0 0 0 0
Aa 1.2644534111 -0.196346625686 -0.0543993636966 1.31338012218
Ab 0.646419882774 -0.18293556571 -0.23093162477 0.44323438406
Ad 1.74273347855 0.858265280724 0.716902911663 1.80537521839
Ag 0.336830407381 -0.042989872396 -0.546107709408 0.27588942647
At 1.73752248287 0.222595348954 0.330254286528 1.52931535244
as 0.671052634716 0.0 0.0714285746217 0.699999988079
bs 0.826086938381 0.166666671634 0.470588237047 0.0
ds 0.857142865658 0.40869563818 0.367647051811 0.941860437393
gs 0.652173936367 0.759999990463 0.0434782616794 0.714285731316
ts 1.0 0.337837845087 0.844827592373 1.0
a 0.136253505945 0.0644794628024 0.105403348804 0.165268927813
b 0.0328332744539 0.0605642944574 0.0684150233865 0.0227510668337
d 0.40985262394 0.624807953835 0.548867046833 0.534582197666
g 0.0160962492228 0.0855355784297 0.0349519737065 0.0148271517828
t 0.404964327812 0.164612710476 0.242362603545 0.262570679188
h 1.0 1.0 1.0 1.0
c 1.0 0 0 0
Aa 1.2644534111 -0.154730767012 -0.0543993636966 1.31338012218
Ab 0.646419882774 -0.181935533881 -0.24210229516 0.452190726995
Ad 1.74273347855 0.831594347954 0.662213385105 1.82320344448
Ag 0.336830407381 -0.0320054031909 -0.533782064915 0.266246706247
At 1.73752248287 0.252311170101 0.307211846113 1.51443517208
as 0.671052634716 0.0416666679084 0.0555555559695 0.699999988079
bs 0.826086938381 0.166666671634 0.441176474094 0.0
ds 0.857142865658 0.382608681917 0.33088234067 0.965116262436
gs 0.652173936367 0.800000011921 0.0869565233588 0.690476179123
ts 1.0 0.378378391266 0.807017564774 1.0
a 0.136253505945 0.0668906122446 0.116128578782 0.165268927813
b 0.0328332744539 0.0582195334136 0.073810338974 0.0227510668337
d 0.40985262394 0.615395665169 0.522564709187 0.534582197666
g 0.0160962492228 0.0831088870764 0.0395451150835 0.0148271517828
t 0.404964327812 0.176385268569 0.247951224446 0.262570679188
h 1.0 1.0 1.0 1.0
c 1.0 0 0 0
Aa 1.2644534111 -0.120165392756 -0.0543993636966 1.31338012218
Ab 0.646419882774 -0.180461868644 -0.251221299171 0.452190726995
Ad 1.74273347855 0.843623876572 0.598801612854 1.82320344448
Ag 0.336830407381 -0.0258831270039 -0.522245645523 0.266246706247
At 1.73752248287 0.300931751728 0.275027781725 1.51443517208
as 0.671052634716 0.0972222238779 0.0555555559695 0.699999988079
bs 0.826086938381 0.166666671634 0.411764711142 0.0
ds 0.857142865658 0.385964900255 0.286764711142 0.965116262436
gs 0.652173936367 0.800000011921 0.173913046718 0.690476179123
ts 1.0 0.445945948362 0.767857134342 1.0
a 0.136253505945 0.0598255172372 0.127293631434 0.165268927813
b 0.0328332744539 0.0532275475562 0.0797596499324 0.0227510668337
d 0.40985262394 0.63036686182 0.49695533514 0.534582197666
g 0.0160962492228 0.07558953017 0.0446033589542 0.0148271517828
t 0.404964327812 0.180990561843 0.251388013363 0.262570679188
h 1.0 1.0 1.0 1.0
c 1.0 0 0 0
Aa 1.2644534111 -0.128243654966 -0.0543993636966 1.31338012218
Ab 0.646419882774 -0.178993672132 -0.257422804832 0.452190726995
Ad 1.74273347855 0.8944632411 0.537111282349 1.82320344448
Ag 0.336830407381 -0.0266684964299 -0.509838461876 0.266246706247
At 1.73752248287 0.352525830269 0.241138532758 1.51443517208
as 0.671052634716 0.0714285746217 0.0555555559695 0.699999988079
bs 0.826086938381 0.172413796186 0.382352948189 0.0
ds 0.857142865658 0.42477875948 0.235294118524 0.965116262436
gs 0.652173936367 0.800000011921 0.217391297221 0.690476179123
ts 1.0 0.513513505459 0.7090908885 1.0
a 0.136253505945 0.0526651926339 0.139543756843 0.165268927813
b 0.0328332744539 0.0477464236319 0.0846460983157 0.0227510668337
d 0.40985262394 0.654582738876 0.474141269922 0.534582197666
g 0.0160962492228 0.0667757242918 0.0494486987591 0.0148271517828
t 0.404964327812 0.178229913116 0.252220183611 0.262570679188
h 1.0 1.0 1.0 1.0
c 1.0 0 0 0
Aa 1.2644534111 -0.136048167944 -0.0451048985124 1.31338012218
Ab 0.646419882774 -0.17863099277 -0.262208372355 0.452190726995
Ad 1.74273347855 0.958392739296 0.486092448235 1.82320344448
Ag 0.336830407381 -0.0329532288015 -0.495660454035 0.266246706247
At 1.73752248287 0.393408745527 0.211964532733 1.51443517208
as 0.671052634716 0.0571428574622 0.074074074626 0.699999988079
bs 0.826086938381 0.172413796186 0.363636374474 0.0
ds 0.857142865658 0.486725658178 0.198529407382 0.965116262436
gs 0.652173936367 0.800000011921 0.260869562626 0.690476179123
ts 1.0 0.567567586899 0.654545426369 1.0
a 0.136253505945 0.0483347661793 0.150994747877 0.165268927813
b 0.0328332744539 0.0438538640738 0.0881254374981 0.0227510668337
d 0.40985262394 0.675767421722 0.455539345741 0.534582197666
g 0.0160962492228 0.0600225031376 0.0541441477835 0.0148271517828
t 0.404964327812 0.17202141881 0.251196324825 0.262570679188
h 1.0 1.0 1.0 1.0
c 1.0 0 0 0
Aa 1.2644534111 -0.136237159371 -0.0365190282464 1.31338012218
Ab 0.646419882774 -0.178488954902 -0.270379573107 0.452190726995
Ad 1.74273347855 1.00930047035 0.443045020103 1.82320344448
Ag 0.336830407381 -0.0421826839447 -0.48192936182 0.266246706247
At 1.73752248287 0.415085732937 0.184532389045 1.51443517208
as 0.671052634716 0.0571428574622 0.0925925895572 0.699999988079
bs 0.826086938381 0.172413796186 0.333333343267 0.0
ds 0.857142865658 0.535714268684 0.169117644429 0.965116262436
gs 0.652173936367 0.759999990463 0.347826093435 0.690476179123
ts 1.0 0.589041113853 0.600000023842 1.0
a 0.136253505945 0.0464103482664 0.163747116923 0.165268927813
b 0.0328332744539 0.0422053411603 0.0914917364717 0.0227510668337
d 0.40985262394 0.689034700394 0.436500906944 0.534582197666
g 0.0160962492228 0.056274626404 0.0594355240464 0.0148271517828
t 0.404964327812 0.166074961424 0.248824715614 0.262570679188
h 1.0 1.0 1.0 1.0
c 1.0 0 0 0
Aa 1.2644534111 -0.136199221015 -0.032553344965 1.31338012218
Ab 0.646419882774 -0.177446648479 -0.285345137119 0.452190726995
Ad 1.74273347855 1.03542709351 0.393258154392 1.82320344448
Ag 0.336830407381 -0.0525014325976 -0.472680896521 0.266246706247
At 1.73752248287 0.4174900949 0.149166539311 1.51443517208
as 0.671052634716 0.0571428574622 0.111111111939 0.699999988079
bs 0.826086938381 0.172413796186 0.272727280855 0.0
ds 0.857142865658 0.553571403027 0.125925928354 0.965116262436
gs 0.652173936367 0.72000002861 0.391304343939 0.690476179123
ts 1.0 0.602739751339 0.555555582047 1.0
a 0.136253505945 0.0465492494404 0.181977272034 0.165268927813
b 0.0328332744539 0.0425138138235 0.0974307954311 0.0227510668337
d 0.40985262394 0.694456100464 0.409208923578 0.534582197666
g 0.0160962492228 0.0550669357181 0.0666729286313 0.0148271517828
t 0.404964327812 0.161413908005 0.244710087776 0.262570679188
h 1.0 1.0 1.0 1.0
c 1.0 0 0 0
Aa 1.2644534111 -0.135516598821 -0.032553344965 1.31338012218
Ab 0.646419882774 -0.174899205565 -0.303874224424 0.452190726995
Ad 1.74273347855 1.038215518 0.319374620914 1.82320344448
Ag 0.336830407381 -0.0625383630395 -0.468620926142 0.266246706247
At 1.73752248287 0.404511660337 0.0960813835263 1.51443517208
as 0.671052634716 0.0579710155725 0.111111111939 0.699999988079
bs 0.826086938381 0.172413796186 0.212121218443 0.0
ds 0.857142865658 0.5625 0.074074074626 0.965116262436
gs 0.652173936367 0.680000007153 0.391304343939 0.690476179123
ts 1.0 0.575342476368 0.444444447756 1.0
a 0.136253505945 0.0492149107158 0.206879153848 0.165268927813
b 0.0328332744539 0.0442364998162 0.108214586973 0.0227510668337
d 0.40985262394 0.693590819836 0.369089961052 0.534582197666
g 0.0160962492228 0.0553057938814 0.0769625380635 0.0148271517828
t 0.404964327812 0.157651975751 0.238853737712 0.262570679188
h 1.0 1.0 1.0 1.0
c 1.0 0 0 0
Aa 1.2644534111 -0.123375669122 -0.0369091033936 1.31338012218
Ab 0.646419882774 -0.169691622257 -0.318340033293 0.452190726995
Ad 1.74273347855 1.02563095093 0.214506387711 1.82320344448
Ag 0.336830407381 -0.0727017298341 -0.466346472502 0.266246706247
At 1.73752248287 0.382227063179 0.0255061946809 1.51443517208
as 0.671052634716 0.0724637657404 0.0925925895572 0.699999988079
bs 0.826086938381 0.206896558404 0.181818187237 0.0
ds 0.857142865658 0.544642865658 0.0 0.965116262436
gs 0.652173936367 0.639999985695 0.391304343939 0.690476179123
ts 1.0 0.547945201397 0.314814805984 1.0
a 0.136253505945 0.052144754678 0.234858006239 0.165268927813
b 0.0328332744539 0.0467787347734 0.124875091016 0.0227510668337
d 0.40985262394 0.690408468246 0.319408267736 0.534582197666
g 0.0160962492228 0.0559988953173 0.0906437635422 0.0148271517828
t 0.404964327812 0.154669135809 0.230214893818 0.262570679188
h 1.0 1.0 1.0 1.0
c 1.0 0 0 0
Aa 1.2644534111 -0.115418918431 -0.0477937944233 1.31338012218
Ab 0.646419882774 -0.162581071258 -0.322123348713 0.452190726995
Ad 1.74273347855 1.00647652149 0.0857469812036 1.82320344448
Ag 0.336830407381 -0.0844500884414 -0.461261242628 0.266246706247
At 1.73752248287 0.356774091721 -0.0564657449722 1.51443517208
as 0.671052634716 0.0869565233588 0.074074074626 0.699999988079
bs 0.826086938381 0.25 0.181818187237 0.0
ds 0.857142865658 0.526785731316 0.0 0.965116262436
gs 0.652173936367 0.560000002384 0.434782594442 0.690476179123
ts 1.0 0.50684928894 0.150943398476 1.0
a 0.136253505945 0.0542399138212 0.270574897528 0.165268927813
b 0.0328332744539 0.0492702648044 0.142128422856 0.0227510668337
d 0.40985262394 0.688009440899 0.26772916317 0.534582197666
g 0.0160962492228 0.0559265725315 0.103586710989 0.0148271517828
t 0.404964327812 0.152553826571 0.215980798006 0.262570679188
h 1.0 1.0 1.0 1.0
c 1.0 0 0 0
Aa 1.2644534111 -0.113647162914 -0.0355086885393 1.31338012218
Ab 0.646419882774 -0.155381262302 -0.315115243196 0.452190726995
Ad 1.74273347855 0.989628255367 -0.0401005186141 1.82320344448
Ag 0.336830407381 -0.100347943604 -0.452492147684 0.266246706247
At 1.73752248287 0.335456937551 -0.133381038904 1.51443517208
as 0.671052634716 0.088235296309 0.0925925895572 0.699999988079
bs 0.826086938381 0.25 0.181818187237 0.0
ds 0.857142865658 0.517857134342 0.0 0.965116262436
gs 0.652173936367 0.519999980927 0.5 0.690476179123
ts 1.0 0.486111104488 0.0 1.0
a 0.136253505945 0.0542746298015 0.299636334181 0.165268927813
b 0.0328332744539 0.0507081411779 0.154721483588 0.0227510668337
d 0.40985262394 0.687825858593 0.234056383371 0.534582197666
g 0.0160962492228 0.0541213974357 0.111987382174 0.0148271517828
t 0.404964327812 0.153069958091 0.199598401785 0.262570679188
h 1.0 1.0 1.0 1.0
c 1.0 0 0 0
Aa 1.2644534111 -0.120914071798 -0.016332205385 1.31338012218
Ab 0.646419882774 -0.150433272123 -0.303376078606 0.452190726995
Ad 1.74273347855 0.981967568398 -0.123606197536 1.82320344448
Ag 0.336830407381 -0.122141957283 -0.443757593632 0.266246706247
At 1.73752248287 0.329378992319 -0.192769616842 1.51443517208
as 0.671052634716 0.0895522385836 0.12962962687 0.699999988079
bs 0.826086938381 0.285714298487 0.212121218443 0.0
ds 0.857142865658 0.50450450182 0.0 0.965116262436
gs 0.652173936367 0.439999997616 0.5 0.690476179123
ts 1.0 0.478873252869 0.0 1.0
a 0.136253505945 0.05344812572 0.312936812639 0.165268927813
b 0.0328332744539 0.0502384789288 0.16166895628 0.0227510668337
d 0.40985262394 0.689341962337 0.226029425859 0.534582197666
g 0.0160962492228 0.0501081869006 0.115137167275 0.0148271517828
t 0.404964327812 0.156863227487 0.184227645397 0.262570679188
h 1.0 1.0 1.0 1.0
c 1.0 0 0 0
Aa 1.2644534111 -0.122249305248 -0.00630034552887 1.31338012218
Ab 0.646419882774 -0.149145290256 -0.293130367994 0.452190726995
Ad 1.74273347855 0.988252937794 -0.147592037916 1.82320344448
Ag 0.336830407381 -0.150273099542 -0.440541476011 0.266246706247
At 1.73752248287 0.345339357853 -0.236402213573 1.51443517208
as 0.671052634716 0.0895522385836 0.132075473666 0.699999988079
bs 0.826086938381 0.285714298487 0.272727280855 0.0
ds 0.857142865658 0.513513505459 0.0 0.965116262436
gs 0.652173936367 0.333333343267 0.54545456171 0.690476179123
ts 1.0 0.492957741022 0.0 1.0
a 0.22393001616 0.0552583374083 0.313956946135 0.213804170489
b 0.0570614077151 0.0480321757495 0.165254056454 0.0426048636436
d 0.456083327532 0.687561333179 0.23634314537 0.336942434311
g 0.0252104382962 0.0444853976369 0.114549957216 0.0180155839771
t 0.23771481216 0.164662763476 0.169895887375 0.388632953167
h 1.0 1.0 1.0 1.0
c 0.983299970627 0 0 0
Aa 1.02466869354 -0.0891030803323 -0.00801736675203 1.00419664383
Ab 0.430898845196 -0.149968624115 -0.286735326052 0.303639680147
Ad 1.33360052109 1.00581049919 -0.1313444525 1.20173621178
Ag 0.0761367827654 -0.183283403516 -0.445892542601 -0.0701711773872
At 1.05061268806 0.38509452343 -0.274704605341 1.26372015476
as 0.355263143778 0.134328365326 0.134615391493 0.183333337307
bs 0.0 0.285714298487 0.272727280855 0.0
ds 0.40000000596 0.522522509098 0.0 0.244186043739
gs 0.0 0.166666671634 0.5 0.0
ts 0.577981650829 0.549295783043 0.0 0.702380955219
a 0.191370561719 0.0556619353592 0.307050287724 0.197858572006
b 0.0492876283824 0.0453952029347 0.168258279562 0.0349711850286
d 0.490373730659 0.685230255127 0.255155205727 0.379441022873
g 0.0222759619355 0.0388284958899 0.112659230828 0.0152650680393
t 0.24669213593 0.174884080887 0.156877011061 0.37246415019
h 1.0 1.0 1.0 1.0
c 0.966600000858 0 0 0
Aa 1.02738285065 -0.0631077960134 -0.0226791389287 1.04059183598
Ab 0.438245683908 -0.151656135917 -0.283912181854 0.287947297096
Ad 1.43603491783 1.02717041969 -0.103084214032 1.32338118553
Ag 0.0933442339301 -0.219515502453 -0.458121836185 -0.0720642879605
At 1.13766300678 0.43408420682 -0.314329355955 1.31532144547
as 0.355263143778 0.166666671634 0.115384615958 0.25
bs 0.0399999991059 0.285714298487 0.272727280855 0.0
ds 0.511111140251 0.540540516376 0.0 0.383720934391
gs 0.0 0.0416666679084 0.454545468092 0.0
ts 0.64814811945 0.619718313217 0.0 0.761904776096
a 0.180463641882 0.0540892481804 0.291623234749 0.191378176212
b 0.0471618808806 0.0437033064663 0.173687636852 0.0310627520084
d 0.500224292278 0.683838546276 0.275960981846 0.396433323622
g 0.021249005571 0.0343885235488 0.112279683352 0.0141883343458
t 0.250901162624 0.183980390429 0.146448463202 0.366937398911
h 1.0 1.0 1.0 1.0
c 0.949899971485 0 0 0
Aa 1.03440201283 -0.0594742111862 -0.0577951446176 1.05416381359
Ab 0.451603472233 -0.152070850134 -0.282848358154 0.264511317015
Ad 1.4771771431 1.04236841202 -0.0817695856094 1.37044155598
Ag 0.105350956321 -0.256171613932 -0.472316086292 -0.0757972002029
At 1.17751502991 0.472186356783 -0.356932431459 1.33686339855
as 0.368421047926 0.181818187237 0.0384615398943 0.266666680574
bs 0.0799999982119 0.296296298504 0.303030312061 0.0
ds 0.550561785698 0.55855858326 0.0 0.441860467196
gs 0.0 0.0 0.409090906382 0.0
ts 0.685185194016 0.676056325436 0.0 0.785714268684
a 0.18266621232 0.0538899712265 0.272315651178 0.196353986859
b 0.0482953712344 0.0435563363135 0.179778918624 0.029315713793
d 0.505464315414 0.681774556637 0.296112149954 0.406277954578
g 0.0213964879513 0.0319019854069 0.113234244287 0.0141062438488
t 0.24217762053 0.188877135515 0.138559028506 0.353946089745
h 1.0 1.0 1.0 1.0
c 0.933200001717 0 0 0
Aa 1.04651725292 -0.0594742111862 -0.101307369769 1.06704854965
Ab 0.468764513731 -0.15193079412 -0.281641185284 0.241109326482
Ad 1.4885494709 1.04265868664 -0.0649237111211 1.38283205032
Ag 0.115201495588 -0.287164449692 -0.482402175665 -0.0765797570348
At 1.16899299622 0.485197246075 -0.394745141268 1.32294595242
as 0.381578952074 0.181818187237 0.0 0.283333331347
bs 0.159999996424 0.296296298504 0.303030312061 0.0
ds 0.573033690453 0.563636362553 0.0 0.453488379717
gs 0.0 0.0 0.363636374474 0.0
ts 0.685185194016 0.690140843391 0.0 0.773809552193
a 0.190329506993 0.0539338737726 0.248162701726 0.205646634102
b 0.0499106273055 0.0450436063111 0.179696902633 0.0276647731662
d 0.512575864792 0.68039727211 0.328329563141 0.419862449169
g 0.0214748680592 0.0315734744072 0.111715473235 0.0142103200778
t 0.225709095597 0.189051762223 0.132095381618 0.332615792751
h 1.0 1.0 1.0 1.0
c 0.916499972343 0 0 0
Aa 1.06829285622 -0.074731387198 -0.139360159636 1.08874893188
Ab 0.486979782581 -0.152959823608 -0.279556065798 0.217554435134
Ad 1.49854493141 1.0261695385 -0.0177866835147 1.39873433113
Ag 0.12071724236 -0.307270586491 -0.48598331213 -0.071768835187
At 1.14233577251 0.469987750053 -0.413209050894 1.29757022858
as 0.421052634716 0.151515156031 0.0 0.298245608807
bs 0.20000000298 0.296296298504 0.303030312061 0.0
ds 0.58426964283 0.54545456171 0.0 0.476744174957
gs 0.0 0.0 0.285714298487 0.0
ts 0.657407402992 0.671428561211 0.0 0.738095223904
a 0.184883192182 0.0539985783398 0.214882597327 0.201834961772
b 0.0494528524578 0.0473676398396 0.165790811181 0.0247605890036
d 0.544602334499 0.681327998638 0.3929643929 0.466249972582
g 0.0207059960812 0.0327980518341 0.101958215237 0.0138383815065
t 0.200355634093 0.184507727623 0.124403983355 0.293316096067
h 1.0 1.0 1.0 1.0
c 0.899985551834 0 0 0
Aa 1.07448101044 -0.0995821133256 -0.161564350128 1.10311615467
Ab 0.501774966717 -0.156482711434 -0.274205118418 0.191880777478
Ad 1.54366314411 1.00139176846 0.100587613881 1.46673858166
Ag 0.123679742217 -0.316116392612 -0.485343366861 -0.0607948973775
At 1.10938513279 0.434050112963 -0.39893129468 1.26545572281
as 0.421052634716 0.121212124825 0.0 0.315789461136
bs 0.280000001192 0.25925925374 0.3125 0.0
ds 0.629213511944 0.527272701263 0.0 0.552941203117
gs 0.0 0.0 0.285714298487 0.0222222227603
ts 0.63551402092 0.614285707474 0.0 0.702380955219
a 0.166896298528 0.0522966645658 0.187823787332 0.180631935596
b 0.0457931123674 0.0490003302693 0.135936051607 0.021138953045
d 0.598705410957 0.687606394291 0.485820710659 0.538895726204
g 0.0186776891351 0.0340797752142 0.0822062715888 0.0128055727109
t 0.169927492738 0.177016824484 0.108213178813 0.246527805924
h 1.0 1.0 1.0 1.0
c 0.883656680584 0 0 0
Aa 1.07448101044 -0.133629336953 -0.124646380544 1.10311615467
Ab 0.512834489346 -0.161904320121 -0.265062361956 0.171405136585
Ad 1.6292475462 0.98523658514 0.288079053164 1.57782638073
Ag 0.123357526958 -0.319606602192 -0.483492046595 -0.0462793409824
At 1.08229804039 0.395911186934 -0.364116817713 1.2381875515
as 0.421052634716 0.0615384615958 0.0 0.315789461136
bs 0.319999992847 0.25925925374 0.34375 0.0
ds 0.73033708334 0.504587173462 0.131034478545 0.690476179123
gs 0.0 0.0 0.285714298487 0.0444444455206
ts 0.600000023842 0.557142853737 0.0 0.666666686535
a 0.144283145666 0.049879360944 0.143684446812 0.155428111553
b 0.0401772335172 0.0486082732677 0.103698842227 0.017632547766
d 0.657500505447 0.699120998383 0.600206315517 0.612195372581
g 0.0159897003323 0.0339319109917 0.0613832399249 0.0113178361207
t 0.1420494169 0.16845947504 0.0910271257162 0.203426122665
h 1.0 1.0 1.0 1.0
c 0.867513358593 0 0 0
Aa 1.07448101044 -0.15806786716 -0.113128982484 1.10311615467
Ab 0.519245445728 -0.169278562069 -0.254764854908 0.157901674509
Ad 1.73316156864 0.988563597202 0.507761836052 1.69847667217
Ag 0.119105763733 -0.325380444527 -0.482488960028 -0.0346500016749
At 1.067704916 0.370506674051 -0.311367928982 1.21999335289
as 0.421052634716 0.0307692307979 0.0 0.303571432829
bs 0.360000014305 0.222222223878 0.375 0.0
ds 0.852272748947 0.513761460781 0.282758623362 0.833333313465
gs 0.0 0.0 0.333333343267 0.0666666701436
ts 0.592233002186 0.528571426868 0.0 0.654761910439
a 0.130546987057 0.0479272082448 0.102629832923 0.134022220969
b 0.0342469289899 0.0459335930645 0.0738488510251 0.0148057183251
d 0.698850154877 0.714745819569 0.707618415356 0.669059336185
g 0.0133747961372 0.0319566093385 0.0429761260748 0.00985290855169
t 0.12298116833 0.159436777234 0.0729267820716 0.172259807587
h 1.0 1.0 1.0 1.0
c 0.851555526257 0 0 0
Aa 1.10030579567 -0.162427604198 -0.100075818598 1.10311615467
Ab 0.519160628319 -0.180879309773 -0.243005722761 0.146368861198
Ad 1.82892310619 1.01114189625 0.738449633121 1.80140399933
Ag 0.110826179385 -0.338449031115 -0.478122204542 -0.0304961577058
At 1.07437765598 0.35957878828 -0.24846239388 1.2121232748
as 0.460526317358 0.0307692307979 0.0181818176061 0.303571432829
bs 0.333333343267 0.185185179114 0.4375 0.0
ds 0.965909063816 0.527777791023 0.441379308701 0.964285731316
gs 0.0 0.0 0.34999999404 0.0888888910413
ts 0.601941764355 0.514285743237 0.0 0.642857134342
a 0.128009706736 0.0478294305503 0.070724606514 0.119782991707
b 0.0297444351017 0.0420218594372 0.0506270751357 0.0129973245785
d 0.715053260326 0.728674471378 0.790522634983 0.704238474369
g 0.011509549804 0.0288181304932 0.0294090230018 0.00881485361606
t 0.115683041513 0.152656078339 0.0587166771293 0.154166340828
h 1.0 1.0 1.0 1.0
c 0.835597753525 0 0 0
Aa 1.15136194229 -0.13761164248 -0.0865958034992 1.10311615467
Ab 0.517524778843 -0.193831577897 -0.231783494353 0.138574972749
Ad 1.89845752716 1.04522669315 0.961747944355 1.87244081497
Ag 0.105177409947 -0.357641041279 -0.467685729265 -0.030063861981
At 1.10738873482 0.3664072752 -0.167404860258 1.21271061897
as 0.519999980927 0.0615384615958 0.0363636352122 0.303571432829
bs 0.333333343267 0.111111111939 0.46875 0.0
ds 1.0 0.555555582047 0.593103468418 1.0
gs 0.0 0.0 0.40000000596 0.0888888910413
ts 0.631067931652 0.514285743237 0.129032254219 0.642857134342
a 0.14164699614 0.04488632828 0.0473440028727 0.11306270957
b 0.0273660477251 0.0373747870326 0.0354214981198 0.0123447235674
d 0.701336503029 0.747934877872 0.845981776714 0.717745840549
g 0.010485787876 0.0254087280482 0.0208092518151 0.00837754737586
t 0.119164675474 0.144395262003 0.0504434891045 0.148469164968
h 1.0 1.0 1.0 1.0
c 0.819639980793 0 0 0
Aa 1.23830103874 -0.130493953824 -0.0954240486026 1.10311615467
Ab 0.52430576086 -0.210029348731 -0.221422091126 0.141278162599
Ad 1.9330201149 1.09125578403 1.15667200089 1.9057674408
Ag 0.107694722712 -0.377625107765 -0.452432543039 -0.0270863380283
At 1.16324114799 0.376944869757 -0.0678838863969 1.22143304348
as 0.639999985695 0.0625 0.0181818176061 0.303571432829
bs 0.333333343267 0.074074074626 0.5 0.0
ds 1.0 0.60185188055 0.72413790226 1.0
gs 0.0 0.0 0.5 0.0888888910413
ts 0.689320385456 0.528571426868 0.295081973076 0.654761910439
a 0.14164699614 0.0406192056835 0.039100073278 0.112674862146
b 0.0273660477251 0.0325469188392 0.0260142553598 0.0125519502908
d 0.701336503029 0.77021831274 0.872809767723 0.716782748699
g 0.010485787876 0.0221016705036 0.0155484452844 0.00850534439087
t 0.119164675474 0.134513884783 0.0465274676681 0.149485111237
h 1.0 1.0 1.0 1.0
c 0.80386775732 0 0 0
Aa 1.23830103874 -0.130493953824 -0.0366537086666 1.10311615467
Ab 0.52430576086 -0.226715534925 -0.213619872928 0.150000363588
Ad 1.9330201149 1.14738845825 1.31208837032 1.90667665005
Ag 0.107694722712 -0.394800305367 -0.437144309282 -0.0190189350396
At 1.16324114799 0.389541715384 0.0388781540096 1.22588706017
as 0.639999985695 0.0625 0.127272725105 0.309090912342
bs 0.333333343267 0.0 0.5 0.0
ds 1.0 0.64814811945 0.833333313465 1.0
gs 0.0 0.0 0.578947365284 0.111111111939
ts 0.689320385456 0.557142853737 0.475409835577 0.654761910439
a 0.133532062173 0.0377297587693 0.0332204587758 0.108745872974
b 0.026157239452 0.0286284536123 0.0204196181148 0.0124634718522
d 0.710648655891 0.790549695492 0.887993037701 0.718193292618
g 0.0100102024153 0.0193556230515 0.0124119212851 0.0086283814162
t 0.119651809335 0.123736485839 0.045954965055 0.151969000697
h 1.0 1.0 1.0 1.0
c 0.788466691971 0 0 0
Aa 1.23721694946 -0.116507641971 0.00156383798458 1.09753358364
Ab 0.529223322868 -0.236393779516 -0.209794163704 0.15675984323
Ad 1.96328639984 1.20473754406 1.42856776714 1.91736209393
Ag 0.112074263394 -0.406384527683 -0.42600274086 -0.00294985435903
At 1.1895506382 0.399306088686 0.142490640283 1.24287581444
as 0.626666665077 0.078125 0.20000000298 0.290909081697
bs 0.375 0.0 0.53125 0.0
ds 1.0 0.703703701496 0.916083931923 1.0
gs 0.0 0.0 0.631578922272 0.155555561185
ts 0.715686261654 0.579710125923 0.639344274998 0.678571403027
a 0.12629082799 0.0410003550351 0.0301436875015 0.104395635426
b 0.0251509919763 0.0261419303715 0.0170699786395 0.0126783167943
d 0.720684409142 0.803588986397 0.893665194511 0.721518158913
g 0.00957383681089 0.0176009926945 0.010489997454 0.0088556446135
t 0.11829996109 0.111667729914 0.048631131649 0.152552217245
h 1.0 1.0 1.0 1.0
c 0.773436665535 0 0 0
Aa 1.23721694946 -0.0421535149217 0.0389103256166 1.09329938889
Ab 0.536400258541 -0.237603485584 -0.208053067327 0.177678704262
Ad 1.99359023571 1.25009286404 1.51088881493 1.93286442757
Ag 0.116931177676 -0.409404009581 -0.419510692358 0.0218372810632
At 1.20882976055 0.392986536026 0.246628314257 1.25803565979
as 0.626666665077 0.203125 0.272727280855 0.290909081697
bs 0.375 0.0 0.53125 0.0
ds 1.0 0.75 0.978723406792 1.0
gs 0.0 0.0 0.684210538864 0.20000000298
ts 0.735294103622 0.565217375755 0.816666662693 0.690476179123
a 0.120277002454 0.0388227440417 0.0281243212521 0.0959747210145
b 0.0244877412915 0.0254025105387 0.0151215661317 0.012817540206
d 0.732105493546 0.816315591335 0.892197966576 0.737972378731
g 0.00918521173298 0.0172724276781 0.0093360086903 0.00892671570182
t 0.113944523036 0.102186694741 0.0552201196551 0.144308626652
h 1.0 1.0 1.0 1.0
c 0.758963346481 0 0 0
Aa 1.23721694946 -0.048973787576 0.0641544237733 1.0844398737
Ab 0.545983076096 -0.233183354139 -0.205330848694 0.210087731481
Ad 2.02160811424 1.2737981081 1.565533638 1.97032308578
Ag 0.120123542845 -0.400706619024 -0.41476637125 0.0529747344553
At 1.21372783184 0.371334373951 0.35716971755 1.26157534122
as 0.626666665077 0.190476194024 0.309090912342 0.272727280855
bs 0.416666656733 0.0 0.53125 0.0
ds 1.0 0.768518507481 1.0 1.0
gs 0.0 0.0 0.684210538864 0.266666680574
ts 0.735294103622 0.53623187542 1.0 0.710843384266
a 0.115266673267 0.0386815071106 0.0302780140191 0.0899568125606
b 0.0241172183305 0.0257051642984 0.0140316030011 0.0124114155769
d 0.745419561863 0.82589828968 0.881466329098 0.753166496754
g 0.00881746504456 0.018182028085 0.0086313560605 0.00889152754098
t 0.106379076838 0.0915330350399 0.0655926764011 0.135573729873
h 1.0 1.0 1.0 1.0
c 0.744593560696 0 0 0
Aa 1.23606264591 -0.0507955290377 0.135330080986 1.06671619415
Ab 0.556686103344 -0.228278532624 -0.198689997196 0.206503450871
Ad 2.04675960541 1.27862763405 1.59940838814 1.98957312107
Ag 0.119702637196 -0.378656625748 -0.409718304873 0.0616585239768
At 1.20121514797 0.323278933764 0.47105807066 1.24485766888
as 0.635135114193 0.177419349551 0.425925940275 0.236363634467
bs 0.458333343267 0.0 0.548387110233 0.0
ds 1.0 0.777777791023 1.0 1.0
gs 0.0 0.0 0.736842095852 0.279069781303
ts 0.72549021244 0.46376812458 1.0 0.686747014523
a 0.110825188458 0.0385158509016 0.031179619953 0.0858957543969
b 0.0236712954938 0.0262021590024 0.0135822035372 0.0120929609984
d 0.760413527489 0.835993111134 0.868694484234 0.767916560173
g 0.00839542690665 0.0198338534683 0.00825496949255 0.00886815972626
t 0.0966945588589 0.0794550552964 0.0782887488604 0.125226557255
h 1.0 1.0 1.0 1.0
c 0.730417966843 0 0 0
Aa 1.23606264591 -0.0617809332907 0.174533799291 1.05698144436
Ab 0.565646231174 -0.229083374143 -0.186366781592 0.20554241538
Ad 2.07247400284 1.2747823 1.61953008175 2.00832390785
Ag 0.115466974676 -0.35001334548 -0.402621537447 0.0708432719111
At 1.17682623863 0.252701073885 0.574362337589 1.22070622444
as 0.635135114193 0.16393442452 0.5 0.218181818724
bs 0.5 0.0 0.580645143986 0.0
ds 1.0 0.768518507481 1.0 1.0
gs 0.0 0.0 0.789473712444 0.302325576544
ts 0.699999988079 0.352941185236 1.0 0.662650585175
a 0.105057023466 0.0363441854715 0.0304054599255 0.0774908587337
b 0.0227603595704 0.0262597557157 0.0135002965108 0.0119150858372
d 0.777720987797 0.848293423653 0.856158316135 0.786425292492
g 0.0078488625586 0.0213547945023 0.0080436617136 0.00884197372943
t 0.0866127386689 0.0677478164434 0.0918922573328 0.115326814353
h 1.0 1.0 1.0 1.0
c 0.716436564922 0 0 0
Aa 1.23606264591 -0.0934664681554 0.183903470635 1.02488052845
Ab 0.571816682816 -0.234610721469 -0.168704807758 0.211727261543
Ad 2.10546135902 1.27464473248 1.63350594044 2.03128767014
Ag 0.1094442904 -0.324405968189 -0.393594324589 0.0821793153882
At 1.1522192955 0.176993921399 0.664230823517 1.19756042957
as 0.630136966705 0.098360657692 0.518518507481 0.148148149252
bs 0.541666686535 0.0 0.633333325386 0.0
ds 1.0 0.768518507481 1.0 1.0
gs 0.0 0.0 0.789473712444 0.325581401587
ts 0.676767647266 0.235294118524 1.0 0.62650603056
a 0.0971793606877 0.0367900654674 0.0296711400151 0.0661433264613
b 0.0211375169456 0.0258812252432 0.0134346419945 0.0117082353681
d 0.793496251106 0.855804979801 0.845691144466 0.803722023964
g 0.00710505247116 0.0219058524817 0.00786663405597 0.00871023256332
t 0.0810818374157 0.0596178621054 0.103336453438 0.109716191888
h 1.0 1.0 1.0 1.0
c 0.702649354935 0 0 0
Aa 1.23606264591 -0.0821793526411 0.192839130759 0.974847495556
Ab 0.57354259491 -0.234925106168 -0.151268988848 0.222852900624
Ad 2.14803338051 1.28446483612 1.64771664143 2.05946731567
Ag 0.100055918097 -0.307349771261 -0.383706122637 0.094391182065
At 1.15741217136 0.127466455102 0.73475843668 1.19463217258
as 0.630136966705 0.131147533655 0.547169804573 0.0555555559695
bs 0.521739125252 0.0 0.699999988079 0.0
ds 1.0 0.783018887043 1.0 1.0
gs 0.0 0.0 0.842105269432 0.348837196827
ts 0.676767647266 0.176470592618 1.0 0.62650603056
