a 0.0909438803792 0.303731322289 0.0538466759026 0.115679867566
b 0.116680338979 0.226062715054 0.383566081524 0.0645100697875
d 0.589445650578 0.160337880254 0.0473061390221 0.566714525223
g 0.0458196029067 0.205662891269 0.47705963254 0.0112125491723
t 0.15711055696 0.104205198586 0.0382214523852 0.241882994771
h 1.0 1.0 1.0 1.0
c 0.0 0 0 0
Aa 0.13059976697 0.0234552789479 -0.142389670014 1.23631060123
Ab 0.238823980093 -0.104805350304 0.710291624069 0.98268032074
Ad 0.942270040512 -0.253998160362 -0.198631078005 1.92641711235
Ag -0.167122378945 -0.145878359675 0.805024087429 0.22275711596
At 0.368031680584 -0.441144883633 -0.291241407394 1.55665814877
as 0.0 0.35454544425 0.0727272704244 0.975609779358
bs 0.333333343267 0.606060624123 0.39393940568 1.0
ds 0.12068965286 0.0113636367023 0.122580647469 1.0
gs 0.15625 0.0 0.56097561121 0.108695648611
ts 0.28125 0.0 0.209677413106 1.0
a 0.0823491439223 0.2818582654 0.0595719255507 0.115679867566
b 0.11105684191 0.220159336925 0.37474617362 0.0645100697875
d 0.601412057877 0.186723545194 0.0637092217803 0.566714525223
g 0.0451804213226 0.19010515511 0.456236541271 0.0112125491723
t 0.160001516342 0.12115368247 0.0457361452281 0.241882994771
h 1.0 1.0 1.0 1.0
c 0.0 0 0 0
Aa 0.105793192983 0.0234552789479 -0.101135730743 1.23631060123
Ab 0.235679447651 -0.0838384106755 0.697559833527 0.98268032074
Ad 0.96930629015 -0.155376419425 -0.0719750449061 1.92641711235
Ag -0.154915586114 -0.147581607103 0.78301268816 0.22275711596
At 0.394258230925 -0.343238890171 -0.215917810798 1.55665814877
as 0.0 0.35454544425 0.110091745853 0.975609779358
bs 0.296296298504 0.666666686535 0.333333343267 1.0
ds 0.172413796186 0.0681818202138 0.206451609731 1.0
gs 0.1875 0.0 0.512195110321 0.108695648611
ts 0.317460328341 0.0375939831138 0.266129046679 1.0
a 0.0859230011702 0.264454245567 0.0705861449242 0.115679867566
b 0.103163480759 0.192726358771 0.35471829772 0.0645100697875
d 0.606244146824 0.238336101174 0.0957193896174 0.566714525223
g 0.0441003032029 0.158108562231 0.420908600092 0.0112125491723
t 0.160569086671 0.146374747157 0.0580675676465 0.241882994771
h 1.0 1.0 1.0 1.0
c 0.0 0 0 0
Aa 0.151755169034 0.0736299827695 -0.0125919161364 1.23631060123
Ab 0.23117172718 -0.0637794435024 0.688572227955 0.98268032074
Ad 1.00029325485 0.0284692738205 0.119688525796 1.92641711235
Ag -0.137912690639 -0.149765148759 0.762876391411 0.22275711596
At 0.423307687044 -0.183254376054 -0.0973777621984 1.55665814877
as 0.0 0.40000000596 0.192660555243 0.975609779358
bs 0.296296298504 0.727272748947 0.333333343267 1.0
ds 0.224137932062 0.176136359572 0.324675321579 1.0
gs 0.25 0.0 0.47499999404 0.108695648611
ts 0.365079373121 0.150375932455 0.365853667259 1.0
a 0.0899605154991 0.258144885302 0.0799724459648 0.115679867566
b 0.0985423400998 0.156769365072 0.327284693718 0.0645100697875
d 0.606161653996 0.296206325293 0.141015872359 0.566714525223
g 0.0443024486303 0.121659979224 0.37867808342 0.0112125491723
t 0.161033034325 0.167219460011 0.0730488970876 0.241882994771
h 1.0 1.0 1.0 1.0
c 0.0 0 0 0
Aa 0.189998969436 0.172979161143 0.0719188526273 1.23631060123
Ab 0.229569926858 -0.0436231531203 0.683904230595 0.98268032074
Ad 1.0185354948 0.232709959149 0.318246483803 1.92641711235
Ag -0.117625229061 -0.15373660624 0.747248649597 0.22275711596
At 0.442862033844 -0.015597525984 0.0325921662152 1.55665814877
as 0.0 0.490909099579 0.266055047512 0.975609779358
bs 0.296296298504 0.787878811359 0.303030312061 1.0
ds 0.258620679379 0.289772719145 0.454545468092 1.0
gs 0.3125 0.0 0.425000011921 0.108695648611
ts 0.396825402975 0.278195500374 0.471544712782 1.0
a 0.100363500416 0.230503991246 0.0791654363275 0.144295796752
b 0.0976517125964 0.132598385215 0.301356106997 0.064383380115
d 0.59562677145 0.354504138231 0.189564913511 0.6267786026
g 0.0455825813115 0.0972117260098 0.34208625555 0.0203655604273
t 0.160775452852 0.185181751847 0.0878273174167 0.144176676869
h 1.0 1.0 1.0 1.0
c 0.0 0 0 0
Aa 0.244643613696 0.215838745236 0.100423336029 1.08171916008
Ab 0.232747659087 -0.0243014618754 0.680967748165 0.731239199638
Ad 1.01804196835 0.402781605721 0.479645699263 1.71957957745
Ag -0.0981332957745 -0.159121051431 0.736023366451 0.231361806393
At 0.44928753376 0.120758466423 0.145517349243 1.08136045933
as 0.0862068980932 0.527272701263 0.293577969074 0.792682945728
bs 0.307692319155 0.848484873772 0.303030312061 0.586206912994
ds 0.258620679379 0.386363625526 0.558441579342 0.842519700527
gs 0.375 0.0 0.40000000596 0.133333340287
ts 0.403225809336 0.383458644152 0.56097561121 0.77450978756
a 0.114119119942 0.198955446482 0.0742448866367 0.138634175062
b 0.0990928858519 0.118593156338 0.280710756779 0.0576770529151
d 0.579597473145 0.40126952529 0.230246856809 0.637342333794
g 0.0472293049097 0.0830134227872 0.315137803555 0.0187672469765
t 0.1599611938 0.198168441653 0.0996596962214 0.147579178214
h 1.0 1.0 1.0 1.0
c 0.0 0 0 0
Aa 0.299325764179 0.215838745236 0.100423336029 1.09867417812
Ab 0.238009825349 -0.00885747745633 0.678015828133 0.717806875706
Ad 1.00509381294 0.520519077778 0.59195047617 1.76117658615
Ag -0.0838210955262 -0.163768783212 0.72825729847 0.230204388499
At 0.445982009172 0.214117407799 0.228276357055 1.1258289814
as 0.192982450128 0.527272701263 0.293577969074 0.81707316637
bs 0.346153855324 0.909090936184 0.303030312061 0.568965494633
ds 0.224137932062 0.454545468092 0.629870116711 0.874015748501
gs 0.419354826212 0.0 0.40000000596 0.133333340287
ts 0.387096762657 0.451127827168 0.634146332741 0.813725471497
a 0.125222176313 0.181385919452 0.0708391591907 0.146380394697
b 0.100515693426 0.110159538686 0.266429185867 0.054091334343
d 0.566468775272 0.428187549114 0.256392836571 0.630091130733
g 0.0485748611391 0.0755711942911 0.298857271671 0.0175947397947
t 0.159218505025 0.204695791006 0.107481554151 0.15184238553
h 1.0 1.0 1.0 1.0
c 0.0 0 0 0
Aa 0.335604041815 0.215838745236 0.100423336029 1.14451694489
Ab 0.240156680346 -0.000742711126804 0.67573171854 0.712161719799
Ad 0.991098761559 0.588869214058 0.659055829048 1.77843737602
Ag -0.0756656229496 -0.164408534765 0.725613772869 0.224416837096
At 0.439916312695 0.26834410429 0.281483888626 1.1604269743
as 0.245614036918 0.532110095024 0.296296298504 0.865853667259
bs 0.346153855324 0.939393937588 0.272727280855 0.543859660625
ds 0.206896558404 0.497142851353 0.675324678421 0.881889760494
gs 0.433333337307 0.0 0.375 0.111111111939
ts 0.387096762657 0.496240615845 0.674796760082 0.861386120319
a 0.129913419485 0.173664957285 0.0686159804463 0.162826031446
b 0.100534811616 0.105342879891 0.258230119944 0.0535261705518
d 0.562152564526 0.439996182919 0.268421709538 0.608700752258
g 0.0495929569006 0.0730206742883 0.292864948511 0.0170201119035
t 0.157806277275 0.207975313067 0.111867256463 0.157926917076
h 1.0 1.0 1.0 1.0
c 0.0 0 0 0
Aa 0.348953276873 0.215838745236 0.100423336029 1.2031968832
Ab 0.237615779042 -0.00126828195062 0.676004946232 0.720039248466
Ad 0.985153496265 0.619575440884 0.692815721035 1.77587687969
Ag -0.0692807137966 -0.160427600145 0.730665504932 0.222435459495
At 0.433423578739 0.294138342142 0.312701046467 1.1899292469
as 0.280701756477 0.563106775284 0.301886796951 0.93902438879
bs 0.346153855324 0.939393937588 0.272727280855 0.561403512955
ds 0.189655169845 0.514285743237 0.694805204868 0.881889760494
gs 0.466666668653 0.0 0.384615391493 0.111111111939
ts 0.370967745781 0.51127821207 0.696721315384 0.891089081764
a 0.130095720291 0.171442613006 0.0669713243842 0.183130636811
b 0.0998354926705 0.102497734129 0.254250705242 0.054461736232
d 0.564899623394 0.442867904902 0.271058946848 0.579932689667
g 0.050779081881 0.0731146708131 0.294194668531 0.0166546572
t 0.154390051961 0.210077092052 0.113524347544 0.165820270777
h 1.0 1.0 1.0 1.0
c 0.0 0 0 0
Aa 0.348953276873 0.215838745236 0.100423336029 1.26746463776
Ab 0.233975201845 -0.00756575120613 0.6797965765 0.740795135498
Ad 0.986661553383 0.627994179726 0.707598209381 1.7680811882
Ag -0.0596248880029 -0.154275476933 0.743169248104 0.226239338517
At 0.42330956459 0.304098665714 0.32962346077 1.22434127331
as 0.280701756477 0.568627476692 0.310679614544 1.0
bs 0.307692319155 0.909090936184 0.303030312061 0.596491217613
ds 0.189655169845 0.519999980927 0.701298713684 0.873015880585
gs 0.5 0.0 0.410256415606 0.113636367023
ts 0.360655725002 0.515151500702 0.713114738464 0.920792102814
a 0.129979282618 0.17118614912 0.0655985325575 0.196577981114
b 0.100057907403 0.100784935057 0.252738505602 0.0556662492454
d 0.569554924965 0.442519068718 0.269825726748 0.556588172913
g 0.0523733906448 0.0737673193216 0.298316657543 0.0162610765547
t 0.148034483194 0.211742535233 0.113520592451 0.174906507134
h 1.0 1.0 1.0 1.0
c 0.0 0 0 0
Aa 0.348953276873 0.215838745236 0.100423336029 1.31449449062
Ab 0.235330551863 -0.0142342606559 0.686200618744 0.766551673412
Ad 0.990614771843 0.628302097321 0.714612543583 1.76649367809
Ag -0.0458101630211 -0.149765893817 0.758206725121 0.232108995318
At 0.405442029238 0.308178216219 0.338603854179 1.26376569271
as 0.280701756477 0.568627476692 0.310679614544 1.0
bs 0.307692319155 0.90625 0.303030312061 0.631578922272
ds 0.206896558404 0.519999980927 0.712418317795 0.873015880585
gs 0.533333361149 0.037037037313 0.461538463831 0.136363640428
ts 0.327868849039 0.522727251053 0.721311450005 0.960396051407
a 0.132733285427 0.170965179801 0.0636814162135 0.202215030789
b 0.102145403624 0.100168436766 0.25333622098 0.0564414970577
d 0.570536613464 0.442634940147 0.268486618996 0.542082071304
g 0.0539348497987 0.0738283991814 0.301823735237 0.0157773662359
t 0.140649870038 0.212403044105 0.112672016025 0.183484047651
h 1.0 1.0 1.0 1.0
c 0.0 0 0 0
Aa 0.359364956617 0.215838745236 0.0945158451796 1.34224879742
Ab 0.24560393393 -0.0163380485028 0.694200396538 0.788033902645
Ad 0.992668628693 0.628976762295 0.719425737858 1.77050042152
Ag -0.0317454151809 -0.148845493793 0.770256519318 0.234469890594
At 0.384524464607 0.310091793537 0.3423191607 1.30003368855
as 0.298245608807 0.568627476692 0.300970882177 1.0
bs 0.346153855324 0.90625 0.333333343267 0.684210538864
ds 0.206896558404 0.519999980927 0.718954265118 0.880952358246
gs 0.600000023842 0.037037037313 0.487179487944 0.136363640428
ts 0.295081973076 0.522727251053 0.721311450005 1.0
a 0.13585229218 0.164240270853 0.0617356933653 0.200243428349
b 0.105623207986 0.10084053129 0.255740076303 0.0572537444532
d 0.568432629108 0.447704046965 0.268553674221 0.535126566887
g 0.0547468699515 0.0736256018281 0.302575081587 0.0155032034963
t 0.135344997048 0.213589563966 0.111395478249 0.191873043776
h 1.0 1.0 1.0 1.0
c 0.0 0 0 0
Aa 0.372480928898 0.197358131409 0.0858774930239 1.34357571602
Ab 0.263173282146 -0.014486390166 0.703139960766 0.799821376801
Ad 0.994092941284 0.63286948204 0.724372267723 1.77047395706
Ag -0.0222267601639 -0.151092678308 0.77617430687 0.232438892126
At 0.370856165886 0.31145849824 0.342208743095 1.32503139973
as 0.315789461136 0.558823525906 0.291262149811 1.0
bs 0.423076927662 0.90625 0.363636374474 0.701754391193
ds 0.206896558404 0.522988498211 0.715231776237 0.879999995232
gs 0.633333325386 0.037037037313 0.487179487944 0.136363640428
ts 0.278688520193 0.522727251053 0.721311450005 1.0
a 0.137347385287 0.153049841523 0.0605348981917 0.201921641827
b 0.109077356756 0.101468190551 0.259096026421 0.0580342076719
d 0.564682364464 0.456699877977 0.270390421152 0.525845825672
g 0.0544620379806 0.0734946727753 0.299534410238 0.0155056072399
t 0.134430855513 0.215287417173 0.110444262624 0.198692709208
h 1.0 1.0 1.0 1.0
c 0.0 0 0 0
Aa 0.38209143281 0.164973020554 0.0812861248851 1.34357571602
Ab 0.282005637884 -0.0135299302638 0.712741076946 0.802076935768
Ad 0.99607527256 0.639771044254 0.73127156496 1.75925135612
Ag -0.0196350757033 -0.153603985906 0.775727033615 0.228881672025
At 0.372770011425 0.313158810139 0.342423439026 1.33657479286
as 0.333333343267 0.509999990463 0.291262149811 1.0
bs 0.479999989271 0.90625 0.39393940568 0.701754391193
ds 0.192982450128 0.528735637665 0.721854329109 0.871999979019
gs 0.633333325386 0.0 0.487179487944 0.136363640428
ts 0.278688520193 0.522727251053 0.721311450005 1.0
a 0.137396082282 0.148037865758 0.0585711225867 0.206725239754
b 0.111323162913 0.0990842804313 0.262444913387 0.0591808371246
d 0.560713410378 0.463506191969 0.274864852428 0.513868570328
g 0.0535084232688 0.0727382674813 0.293364554644 0.0158105622977
t 0.137058913708 0.216633394361 0.110754579306 0.204414799809
h 1.0 1.0 1.0 1.0
c 0.0 0 0 0
Aa 0.388450056314 0.154988303781 0.0708968192339 1.34481370449
Ab 0.297061234713 -0.019379729405 0.722251415253 0.801601350307
Ad 0.999216616154 0.650671064854 0.742332458496 1.74027228355
Ag -0.0211021546274 -0.153621554375 0.770620882511 0.228367552161
At 0.387382984161 0.320340931416 0.347574949265 1.33993256092
as 0.357142865658 0.5 0.281553387642 1.0
bs 0.519999980927 0.90625 0.424242436886 0.701754391193
ds 0.210526317358 0.534482777119 0.728476822376 0.856000006199
gs 0.633333325386 0.0 0.5 0.139534890652
ts 0.295081973076 0.530303001404 0.729508221149 1.0
a 0.142253488302 0.143066093326 0.0577315613627 0.206725239754
b 0.113032117486 0.0935247167945 0.263967782259 0.0591808371246
d 0.550500333309 0.472098529339 0.281557172537 0.513868570328
g 0.0530456230044 0.0717618614435 0.28460007906 0.0158105622977
t 0.141168430448 0.219548821449 0.112143389881 0.204414799809
h 1.0 1.0 1.0 1.0
c 0.0 0 0 0
Aa 0.407671093941 0.150221124291 0.0709157139063 1.34481370449
Ab 0.30781006813 -0.0343891829252 0.731053292751 0.801601350307
Ad 0.995365798473 0.668717086315 0.759069025517 1.74027228355
Ag -0.0207422655076 -0.14942188561 0.763737440109 0.228367552161
At 0.404345750809 0.336215525866 0.359276086092 1.33993256092
as 0.392857134342 0.5 0.281553387642 1.0
bs 0.600000023842 0.84375 0.4375 0.696428596973
ds 0.196428567171 0.545976996422 0.746666669846 0.854838728905
gs 0.633333325386 0.037037037313 0.473684221506 0.139534890652
ts 0.327868849039 0.537878811359 0.73770493269 1.0
a 0.147497832775 0.136449813843 0.0600557662547 0.206725239754
b 0.117139130831 0.0859326720238 0.262684434652 0.0591808371246
d 0.533602178097 0.482713460922 0.288681030273 0.513868570328
g 0.0546714551747 0.070994220674 0.274780452251 0.0158105622977
t 0.147089377046 0.223909825087 0.113798327744 0.204414799809
h 1.0 1.0 1.0 1.0
c 0.0 0 0 0
Aa 0.417652696371 0.143782094121 0.0977589413524 1.34481370449
Ab 0.317569047213 -0.0570325218141 0.738638579845 0.801601350307
Ad 0.976084649563 0.69249856472 0.77962243557 1.74027228355
Ag -0.0133723160252 -0.139967858791 0.75819003582 0.228367552161
At 0.416448384523 0.358882337809 0.375340104103 1.33993256092
as 0.410714298487 0.490000009537 0.310679614544 1.0
bs 0.639999985695 0.78125 0.46875 0.696428596973
ds 0.160714283586 0.55747127533 0.759999990463 0.854838728905
gs 0.633333325386 0.074074074626 0.473684221506 0.139534890652
ts 0.333333343267 0.560606062412 0.74590164423 1.0
a 0.154365435243 0.131680101156 0.0621944963932 0.193771541119
b 0.124457135797 0.0784461125731 0.261502891779 0.0588493905962
d 0.508769571781 0.492909699678 0.294082343578 0.519685149193
g 0.0581309907138 0.0713341608644 0.267971038818 0.0159965287894
t 0.154276847839 0.225629925728 0.114249199629 0.211697369814
h 1.0 1.0 1.0 1.0
c 0.0 0 0 0
Aa 0.423085063696 0.139804214239 0.121353805065 1.31796383858
Ab 0.329554796219 -0.0851445272565 0.745078384876 0.800415754318
Ad 0.941056132317 0.713051378727 0.796070814133 1.74641406536
Ag -0.00105729943607 -0.126418411732 0.755689740181 0.23469953239
At 0.422835767269 0.373680770397 0.385455042124 1.35638928413
as 0.410714298487 0.490000009537 0.330097079277 1.0
bs 0.680000007153 0.677419364452 0.46875 0.696428596973
ds 0.107142858207 0.566473960876 0.766666650772 0.854838728905
gs 0.699999988079 0.111111111939 0.432432442904 0.139534890652
ts 0.34999999404 0.568181812763 0.758333325386 1.0
a 0.161999389529 0.130166634917 0.0640299320221 0.184911116958
b 0.132303670049 0.0733037889004 0.263448834419 0.0585019476712
d 0.4817045331 0.499482303858 0.292853206396 0.522132635117
g 0.0612779296935 0.0741828680038 0.267426759005 0.0157226584852
t 0.162714466453 0.222864419222 0.11224129051 0.218731641769
h 1.0 1.0 1.0 1.0
c 0.0 0 0 0
Aa 0.431287258863 0.131707906723 0.136484652758 1.30553460121
Ab 0.343345761299 -0.117665350437 0.75079792738 0.805741906166
Ad 0.904554605484 0.715728342533 0.796751558781 1.75635242462
Ag 0.00907794572413 -0.112488165498 0.757306456566 0.235097527504
At 0.433200061321 0.365248978138 0.380254268646 1.37848317623
as 0.436363637447 0.479999989271 0.339805811644 1.0
bs 0.72000002861 0.580645143986 0.5 0.696428596973
ds 0.0363636352122 0.566473960876 0.766666650772 0.861788630486
gs 0.733333349228 0.185185179114 0.432432442904 0.139534890652
ts 0.372881352901 0.560606062412 0.758333325386 1.0
a 0.167162671685 0.134446069598 0.0650229901075 0.177971288562
b 0.135405555367 0.0715265274048 0.271044671535 0.0591921843588
d 0.465451955795 0.499029397964 0.281316399574 0.519951283932
g 0.0613854900002 0.0802919790149 0.274654537439 0.0154040399939
t 0.170594334602 0.214706018567 0.107961408794 0.22748118639
h 1.0 1.0 1.0 1.0
c 0.0 0 0 0
Aa 0.44613212347 0.121222168207 0.136484652758 1.2938297987
Ab 0.354629278183 -0.152858808637 0.756458580494 0.81574422121
Ad 0.890867650509 0.690800189972 0.77261275053 1.75944256783
Ag 0.0110585428774 -0.102653779089 0.76220446825 0.231114506721
At 0.454957425594 0.32451826334 0.356686264277 1.4004253149
as 0.454545468092 0.469999998808 0.339805811644 0.988372087479
bs 0.759999990463 0.483870953321 0.5 0.714285731316
ds 0.0 0.554913282394 0.753333330154 0.869918704033
gs 0.733333349228 0.222222223878 0.459459453821 0.139534890652
ts 0.406779646873 0.530303001404 0.733333349228 1.0
a 0.166270717978 0.13488419354 0.0667999684811 0.173824563622
b 0.131373509765 0.074146926403 0.283868014812 0.0614509433508
d 0.468030452728 0.495425015688 0.259440749884 0.510667026043
g 0.0578152760863 0.0905050337315 0.287716716528 0.0153463874012
t 0.176510050893 0.205038845539 0.102174550295 0.238711059093
h 1.0 1.0 1.0 1.0
c 0.0 0 0 0
Aa 0.462320238352 0.0734512358904 0.134130835533 1.28113508224
Ab 0.36001226306 -0.186416700482 0.762471020222 0.829552531242
Ad 0.911778569221 0.63846808672 0.723392724991 1.74916183949
Ag 0.00354705937207 -0.0998371168971 0.768319666386 0.227030113339
At 0.488273888826 0.255326300859 0.318697303534 1.4188965559
as 0.490909099579 0.419999986887 0.339805811644 0.976744174957
bs 0.800000011921 0.354838699102 0.53125 0.75
ds 0.037037037313 0.526011586189 0.72000002861 0.868852436543
gs 0.699999988079 0.222222223878 0.486486494541 0.11627907306
ts 0.47457626462 0.477272719145 0.708333313465 1.0
a 0.161201864481 0.12665566802 0.0694367215037 0.176296085119
b 0.123156346381 0.080712467432 0.298535317183 0.0648907646537
d 0.483092993498 0.492298603058 0.232587054372 0.492112845182
g 0.0526377148926 0.103437595069 0.302836745977 0.0155812865123
t 0.179911077023 0.19689565897 0.0966041386127 0.251119017601
h 1.0 1.0 1.0 1.0
c 0.0 0 0 0
Aa 0.476943999529 -0.0163577627391 0.134130835533 1.28085494041
Ab 0.360030710697 -0.212041765451 0.767537355423 0.846795141697
Ad 0.953604638577 0.573246240616 0.659127175808 1.72667694092
Ag -0.0091290473938 -0.104303963482 0.773750245571 0.22721555829
At 0.524631857872 0.175253748894 0.277537375689 1.43449187279
as 0.509090900421 0.330000013113 0.339805811644 0.976744174957
bs 0.800000011921 0.290322571993 0.53125 0.767857134342
ds 0.111111111939 0.485549122095 0.680000007153 0.844262301922
gs 0.666666686535 0.185185179114 0.486486494541 0.11627907306
ts 0.525423705578 0.416666656733 0.675000011921 1.0
a 0.15194837749 0.116382926702 0.0718773975968 0.178395748138
b 0.115760110319 0.0881719663739 0.30999866128 0.0686141178012
d 0.503367900848 0.489907622337 0.209649220109 0.473355412483
g 0.0481778904796 0.114211648703 0.316171169281 0.01593144238
t 0.180745705962 0.191325828433 0.0923035666347 0.263703286648
h 1.0 1.0 1.0 1.0
c 0.0 0 0 0
Aa 0.476943999529 -0.105733647943 0.134130835533 1.28085494041
Ab 0.358806848526 -0.226292401552 0.768898308277 0.865883886814
Ad 0.997133433819 0.518491268158 0.599031746387 1.70465779305
Ag -0.0219043102115 -0.113912515342 0.777460753918 0.231725499034
At 0.552315890789 0.110150694847 0.242756992579 1.45058596134
as 0.509090900421 0.239999994636 0.339805811644 0.976470589638
bs 0.800000011921 0.225806444883 0.5625 0.803571403027
ds 0.185185179114 0.456647396088 0.644295275211 0.827868878841
gs 0.633333325386 0.148148149252 0.486486494541 0.139534890652
ts 0.576271176338 0.371212124825 0.641666650772 1.0
a 0.144060641527 0.122566178441 0.0737576931715 0.178025722504
b 0.110432855785 0.0916244536638 0.314740568399 0.0708473324776
d 0.521903991699 0.483078569174 0.195997059345 0.461635023355
g 0.0448306426406 0.117159463465 0.32626953721 0.0160256363451
t 0.178771883249 0.185571342707 0.0892351344228 0.273466289043
h 1.0 1.0 1.0 1.0
c 0.0 0 0 0
Aa 0.47453173995 -0.105733647943 0.134130835533 1.28085494041
Ab 0.359084695578 -0.232092872262 0.764276206493 0.880695641041
Ad 1.03357696533 0.489913493395 0.558573067188 1.6946709156
Ag -0.0324386432767 -0.125326916575 0.7799000144 0.235187441111
At 0.56828558445 0.0744066312909 0.21685937047 1.46727597713
as 0.509090900421 0.239999994636 0.339805811644 0.976470589638
bs 0.800000011921 0.225806444883 0.53125 0.839285731316
ds 0.25925925374 0.441860467196 0.614864885807 0.816666662693
gs 0.586206912994 0.111111111939 0.527777791023 0.139534890652
ts 0.61016947031 0.340909093618 0.616666674614 1.0
a 0.132370978594 0.124770663679 0.0751698166132 0.174945160747
b 0.106476642191 0.0921688303351 0.313360631466 0.0713123083115
d 0.544026970863 0.483134925365 0.189984023571 0.457959294319
g 0.0423464030027 0.116283372045 0.334120571613 0.0158808082342
t 0.1747790277 0.183642223477 0.0873649716377 0.279902428389
h 1.0 1.0 1.0 1.0
c 0.0 0 0 0
Aa 0.454181551933 -0.105733647943 0.134130835533 1.27378046513
Ab 0.359643101692 -0.237262055278 0.754131793976 0.884043037891
Ad 1.06800925732 0.482222288847 0.536804437637 1.69170546532
Ag -0.0407946817577 -0.136328518391 0.781990528107 0.231751129031
At 0.574878096581 0.062126390636 0.19942471385 1.47788524628
as 0.472727268934 0.239999994636 0.339805811644 0.964285731316
bs 0.833333313465 0.193548381329 0.5 0.839285731316
ds 0.32075470686 0.436046510935 0.594594597816 0.816666662693
gs 0.551724135876 0.074074074626 0.527777791023 0.139534890652
ts 0.61016947031 0.333333343267 0.613445401192 1.0
a 0.121963143349 0.1258495152 0.0763122141361 0.177098706365
b 0.101263597608 0.0908036530018 0.308209359646 0.071022555232
d 0.567317128181 0.484457194805 0.187429204583 0.451558291912
g 0.040041655302 0.114736892283 0.341634958982 0.0158412437886
t 0.169414490461 0.184152752161 0.086414270103 0.28447920084
h 1.0 1.0 1.0 1.0
c 0.0 0 0 0
Aa 0.437612712383 -0.105733647943 0.134130835533 1.2682557106
Ab 0.356837451458 -0.24748185277 0.740382611752 0.871436595917
Ad 1.10520994663 0.479670226574 0.524374067783 1.67475414276
Ag -0.0461038574576 -0.145882084966 0.785099089146 0.219829544425
At 0.580334663391 0.0595930404961 0.18812225759 1.47409081459
as 0.454545468092 0.239999994636 0.339805811644 0.952380955219
bs 0.791666686535 0.166666671634 0.46875 0.821428596973
ds 0.396226406097 0.436046510935 0.587837815285 0.798319339752
gs 0.517241358757 0.037037037313 0.527777791023 0.119047619402
ts 0.627118647099 0.333333343267 0.605042040348 1.0
a 0.114320077002 0.127296939492 0.0772908553481 0.177098706365
b 0.0945144966245 0.0886009186506 0.3009724617 0.071022555232
d 0.589200496674 0.483442544937 0.185525000095 0.451558291912
g 0.0380720943213 0.113823607564 0.349652051926 0.0158412437886
t 0.163892865181 0.186835989356 0.0865596085787 0.28447920084
h 1.0 1.0 1.0 1.0
c 0.0 0 0 0
Aa 0.431077897549 -0.105733647943 0.134130835533 1.2682557106
Ab 0.348453789949 -0.263113409281 0.724529504776 0.871436595917
Ad 1.1432185173 0.473793268204 0.514405190945 1.67475414276
Ag -0.0464378595352 -0.154319271445 0.78963881731 0.219829544425
At 0.587515413761 0.0609089098871 0.183318018913 1.47409081459
as 0.436363637447 0.239999994636 0.346534639597 0.952380955219
bs 0.782608687878 0.133333340287 0.40625 0.821428596973
ds 0.471698105335 0.430232554674 0.581081092358 0.798319339752
gs 0.535714268684 0.0 0.555555582047 0.119047619402
ts 0.627118647099 0.333333343267 0.596638679504 1.0
a 0.102646112442 0.129225939512 0.0781993642449 0.177098706365
b 0.0885635986924 0.0865605548024 0.291954964399 0.071022555232
d 0.610689401627 0.479537934065 0.182955801487 0.451558291912
g 0.0371909737587 0.113791041076 0.358786165714 0.0158412437886
t 0.160909920931 0.190884515643 0.0881037041545 0.28447920084
h 1.0 1.0 1.0 1.0
c 0.0 0 0 0
Aa 0.399733364582 -0.105733647943 0.134130835533 1.2682557106
Ab 0.335646122694 -0.27976334095 0.70624345541 0.871436595917
Ad 1.17421126366 0.46373963356 0.503273785114 1.67475414276
Ag -0.0411715917289 -0.160975292325 0.795763254166 0.219829544425
At 0.594973683357 0.0636873394251 0.185921773314 1.47409081459
as 0.388888895512 0.239999994636 0.346534639597 0.952380955219
bs 0.695652186871 0.0666666701436 0.34375 0.821428596973
ds 0.528301894665 0.424418598413 0.574324309826 0.798319339752
gs 0.571428596973 0.0 0.555555582047 0.119047619402
ts 0.644067823887 0.333333343267 0.601694941521 1.0
a 0.100309737027 0.131418287754 0.0792505145073 0.177098706365
b 0.0835946723819 0.0854565873742 0.281413525343 0.071022555232
d 0.621806383133 0.474090456963 0.179037481546 0.451558291912
g 0.0369157344103 0.114393606782 0.370158076286 0.0158412437886
t 0.157373487949 0.194641053677 0.0901403799653 0.28447920084
h 1.0 1.0 1.0 1.0
c 0.0 0 0 0
Aa 0.401093810797 -0.105733647943 0.134130835533 1.2682557106
Ab 0.321929335594 -0.292643934488 0.684473693371 0.871436595917
Ad 1.19340586662 0.451471745968 0.488072693348 1.67475414276
Ag -0.0330377332866 -0.165987715125 0.803515970707 0.219829544425
At 0.596682310104 0.0648449882865 0.190048113465 1.47409081459
as 0.388888895512 0.232323229313 0.353535354137 0.952380955219
bs 0.652173936367 0.0333333350718 0.28125 0.821428596973
ds 0.566037714481 0.418604642153 0.567567586899 0.798319339752
gs 0.571428596973 0.0 0.583333313465 0.119047619402
ts 0.644067823887 0.333333343267 0.606837630272 1.0
a 0.0971027910709 0.134711787105 0.0806436762214 0.177098706365
b 0.0810883715749 0.0862801522017 0.270685046911 0.071022555232
d 0.629695653915 0.468484580517 0.172427758574 0.451558291912
g 0.0373083278537 0.116264365613 0.384959250689 0.0158412437886
t 0.154804855585 0.194259092212 0.0912842825055 0.28447920084
h 1.0 1.0 1.0 1.0
c 0.0 0 0 0
Aa 0.388556778431 -0.105733647943 0.134130835533 1.2682557106
Ab 0.310283660889 -0.299228340387 0.660024762154 0.871436595917
Ad 1.2004557848 0.435556054115 0.464167743921 1.67475414276
Ag -0.0268691368401 -0.169692620635 0.812975287437 0.219829544425
At 0.591109633446 0.0532421134412 0.187956556678 1.47409081459
as 0.370370358229 0.23469388485 0.357142865658 0.952380955219
bs 0.608695626259 0.0 0.21875 0.821428596973
ds 0.584905683994 0.403508782387 0.547297298908 0.798319339752
gs 0.607142865658 0.0 0.611111104488 0.119047619402
ts 0.644067823887 0.325757563114 0.606837630272 1.0
a 0.0975544899702 0.140960842371 0.0824539512396 0.177098706365
b 0.079557724297 0.0900117903948 0.262025654316 0.071022555232
d 0.633359253407 0.461467713118 0.161632835865 0.451558291912
g 0.0374146141112 0.120537400246 0.403896600008 0.0158412437886
t 0.15211391449 0.187022268772 0.0899909436703 0.28447920084
h 1.0 1.0 1.0 1.0
c 0.0 0 0 0
Aa 0.388556778431 -0.105733647943 0.134130835533 1.2682557106
Ab 0.299991846085 -0.300532758236 0.636263132095 0.871436595917
Ad 1.20095968246 0.409309178591 0.426448971033 1.67475414276
Ag -0.027649210766 -0.17371031642 0.824189543724 0.219829544425
At 0.581478476524 0.0170611850917 0.17211817205 1.47409081459
as 0.370370358229 0.23469388485 0.357142865658 0.952380955219
bs 0.565217375755 0.0 0.125 0.821428596973
ds 0.584905683994 0.391812860966 0.520270287991 0.798319339752
gs 0.607142865658 0.0 0.638888895512 0.119047619402
ts 0.627118647099 0.303030312061 0.589743614197 1.0
a 0.0976886153221 0.150933682919 0.083162881434 0.177098706365
b 0.0774630382657 0.0979250892997 0.25766685605 0.071022555232
d 0.637665569782 0.450663357973 0.145277574658 0.451558291912
g 0.036681484431 0.128242656589 0.427629828453 0.0158412437886
t 0.150501281023 0.172235220671 0.0862628594041 0.28447920084
h 1.0 1.0 1.0 1.0
c 0.0 0 0 0
Aa 0.388556778431 -0.109595790505 0.126184806228 1.2682557106
Ab 0.287807375193 -0.297487974167 0.617313861847 0.871436595917
Ad 1.20330584049 0.365470290184 0.368453890085 1.67475414276
Ag -0.0368402823806 -0.180349469185 0.837323248386 0.219829544425
At 0.576252996922 -0.0522599853575 0.142079129815 1.47409081459
as 0.370370358229 0.23469388485 0.350515455008 0.952380955219
bs 0.521739125252 0.0 0.0625 0.821428596973
ds 0.584905683994 0.362573087215 0.486486494541 0.798319339752
gs 0.571428596973 0.0 0.666666686535 0.119047619402
ts 0.61016947031 0.25 0.564102590084 1.0
a 0.0965971052647 0.152562573552 0.0766133069992 0.177098706365
b 0.0736865922809 0.112771578133 0.259563356638 0.071022555232
d 0.640973627567 0.437702476978 0.124236606061 0.451558291912
g 0.0351170487702 0.142007678747 0.457797974348 0.0158412437886
t 0.153625592589 0.154955685139 0.0817887634039 0.28447920084
h 1.0 1.0 1.0 1.0
c 0.0 0 0 0
Aa 0.388556778431 -0.159098640084 0.0752256214619 1.2682557106
Ab 0.270981132984 -0.290347009897 0.605164825916 0.871436595917
Ad 1.21043288708 0.298632323742 0.28517100215 1.67475414276
Ag -0.050889313221 -0.190234854817 0.851595282555 0.219829544425
At 0.590056240559 -0.152339145541 0.10361507535 1.47409081459
as 0.370370358229 0.183673471212 0.298969060183 0.952380955219
bs 0.434782594442 0.0333333350718 0.03125 0.821428596973
ds 0.603773593903 0.327485382557 0.425675690174 0.798319339752
gs 0.535714268684 0.0 0.714285731316 0.119047619402
ts 0.644067823887 0.174242421985 0.529914557934 1.0
a 0.0986569598317 0.146333515644 0.0593755729496 0.177098706365
b 0.0677148774266 0.135419294238 0.266795605421 0.071022555232
d 0.632073938847 0.417063206434 0.102061778307 0.451558291912
g 0.0328183919191 0.161731034517 0.491640120745 0.0158412437886
t 0.168735831976 0.139452934265 0.0801269039512 0.28447920084
h 1.0 1.0 1.0 1.0
c 0.0 0 0 0
Aa 0.41630807519 -0.24434876442 -0.0536428056657 1.2682557106
Ab 0.252864450216 -0.278012007475 0.59892809391 0.871436595917
Ad 1.22294819355 0.210509300232 0.181612536311 1.67475414276
Ag -0.0617023557425 -0.200899198651 0.864396691322 0.219829544425
At 0.649387657642 -0.265264898539 0.0765277296305 1.47409081459
as 0.407407402992 0.0918367356062 0.164948448539 0.952380955219
bs 0.347826093435 0.0666666701436 0.03125 0.821428596973
ds 0.622641503811 0.274853795767 0.353741496801 0.798319339752
gs 0.5 0.0 0.742857158184 0.119047619402
ts 0.745762705803 0.0833333358169 0.504273533821 1.0
a 0.16021040082 0.143397435546 0.0520011521876 0.177098706365
b 0.0564736612141 0.161719366908 0.270101547241 0.071022555232
d 0.567334890366 0.380232334137 0.0850289911032 0.451558291912
g 0.0281192436814 0.18350879848 0.510330021381 0.0158412437886
t 0.187861815095 0.131142050028 0.0825382992625 0.28447920084
h 1.0 1.0 1.0 1.0
c 0.0 0 0 0
Aa 0.694497525692 -0.314578205347 -0.119421422482 1.2682557106
Ab 0.241652742028 -0.26235756278 0.596092700958 0.871436595917
Ad 1.24364626408 0.108929432929 0.0941326618195 1.67475414276
Ag -0.061189558357 -0.207462698221 0.872416734695 0.219829544425
At 0.763645291328 -0.353377640247 0.0812211558223 1.47409081459
as 0.925925910473 0.0204081628472 0.106382980943 0.952380955219
bs 0.304347813129 0.133333340287 0.0 0.821428596973
ds 0.673076927662 0.216374263167 0.294520556927 0.798319339752
gs 0.5 0.0 0.771428585052 0.119047619402
ts 0.948275864124 0.0151515156031 0.512820541859 1.0
a 0.242264315486 0.151391163468 0.0686764717102 0.177098706365
b 0.0462734587491 0.184435352683 0.262669324875 0.071022555232
d 0.48055768013 0.33040702343 0.0814002379775 0.451558291912
g 0.0230179894716 0.202170103788 0.498334228992 0.0158412437886
t 0.207886561751 0.13159635663 0.088919736445 0.28447920084
h 1.0 1.0 1.0 1.0
c 0.0 0 0 0
Aa 0.974257171154 -0.331854075193 0.0127888154238 1.2682557106
Ab 0.255299687386 -0.246110424399 0.595390200615 0.871436595917
Ad 1.27171325684 0.00709469756112 0.0866065099835 1.67475414276
Ag -0.0479648970068 -0.206237658858 0.87350153923 0.219829544425
At 0.907794117928 -0.392710715532 0.124978996813 1.47409081459
as 1.0 0.0102040814236 0.244680851698 0.952380955219
bs 0.347826093435 0.166666671634 0.0 0.821428596973
ds 0.730769217014 0.157894730568 0.287671238184 0.798319339752
gs 0.535714268684 0.0 0.771428585052 0.119047619402
ts 1.0 0.0 0.547008574009 1.0
a 0.241291821003 0.161398455501 0.0904286578298 0.177098706365
b 0.0466819889843 0.198159977794 0.250591903925 0.071022555232
d 0.478213250637 0.282408446074 0.0945979133248 0.451558291912
g 0.023063486442 0.214904755354 0.465417742729 0.0158412437886
t 0.210749447346 0.143128365278 0.0989637821913 0.28447920084
h 1.0 1.0 1.0 1.0
c 0.0 0 0 0
Aa 0.974257171154 -0.321584433317 0.155643120408 1.2682557106
Ab 0.260863929987 -0.232467874885 0.598304092884 0.871436595917
Ad 1.27133619785 -0.0786061435938 0.175218597054 1.67475414276
Ag -0.0453604571521 -0.19723777473 0.867179989815 0.219829544425
At 0.915481030941 -0.373758077621 0.194813326001 1.47409081459
as 1.0 0.0103092780337 0.397849470377 0.952380955219
bs 0.391304343939 0.233333334327 0.0322580635548 0.821428596973
ds 0.730769217014 0.105263158679 0.349315077066 0.798319339752
gs 0.535714268684 0.0 0.742857158184 0.119047619402
ts 1.0 0.0 0.603448271751 1.0
a 0.23922277987 0.199416980147 0.123149842024 0.177098706365
b 0.0476710572839 0.187396675348 0.233224749565 0.071022555232
d 0.473895192146 0.246620297432 0.118439272046 0.451558291912
g 0.0233228448778 0.20658762753 0.413711667061 0.0158412437886
t 0.215888127685 0.159978419542 0.111474476755 0.28447920084
h 1.0 1.0 1.0 1.0
c 0.0 0 0 0
Aa 0.974257171154 -0.197594046593 0.329599410295 1.2682557106
Ab 0.273709446192 -0.224594324827 0.606940209866 0.871436595917
Ad 1.27113699913 -0.105327390134 0.312661290169 1.67475414276
Ag -0.0367638468742 -0.182251900434 0.855863332748 0.219829544425
At 0.92968338728 -0.293294787407 0.286341011524 1.47409081459
as 1.0 0.134020611644 0.593406617641 0.952380955219
bs 0.434782594442 0.233333334327 0.0322580635548 0.821428596973
ds 0.730769217014 0.0877192988992 0.44520547986 0.798319339752
gs 0.571428596973 0.0 0.735294103622 0.119047619402
ts 1.0 0.0606060624123 0.681034505367 1.0
a 0.235679149628 0.268580913544 0.153197154403 0.177098706365
b 0.0484714210033 0.141667217016 0.212920352817 0.071022555232
d 0.468554347754 0.242106586695 0.150149002671 0.451558291912
g 0.0236078500748 0.161502167583 0.353855609894 0.0158412437886
t 0.223687231541 0.186143100262 0.129877880216 0.28447920084
h 1.0 1.0 1.0 1.0
c 0.0 0 0 0
Aa 0.974257171154 0.0572189427912 0.478264123201 1.2682557106
Ab 0.287421762943 -0.220586851239 0.621230602264 0.871436595917
Ad 1.27269601822 0.0121503891423 0.469535857439 1.67475414276
Ag -0.025007545948 -0.163677886128 0.841839551926 0.219829544425
At 0.951577186584 -0.102009296417 0.406548649073 1.47409081459
as 1.0 0.402061849833 0.775280892849 0.952380955219
bs 0.521739125252 0.266666680574 0.0967741906643 0.821428596973
ds 0.730769217014 0.157894730568 0.554794549942 0.798319339752
gs 0.607142865658 0.0 0.705882370472 0.119047619402
ts 1.0 0.212121218443 0.784482777119 1.0
a 0.231086283922 0.308522284031 0.167304396629 0.177098706365
b 0.0487503260374 0.0926296338439 0.191405266523 0.071022555232
d 0.461005628109 0.277616590261 0.189762666821 0.451558291912
g 0.0238974820822 0.110097832978 0.296200305223 0.0158412437886
t 0.235260277987 0.211133658886 0.155327349901 0.28447920084
h 1.0 1.0 1.0 1.0
c 0.0 0 0 0
Aa 0.972305595875 0.30617493391 0.578750789165 1.2682557106
Ab 0.296508938074 -0.216361641884 0.637197315693 0.871436595917
Ad 1.2722376585 0.260333776474 0.633454203606 1.67475414276
Ag -0.0131164258346 -0.141332834959 0.826828896999 0.219829544425
At 0.980080068111 0.141445875168 0.546491384506 1.47409081459
as 1.0 0.64948451519 0.887640476227 0.952380955219
bs 0.54545456171 0.266666680574 0.129032254219 0.821428596973
ds 0.730769217014 0.304093569517 0.664383590221 0.798319339752
gs 0.642857134342 0.111111111939 0.647058844566 0.119047619402
ts 1.0 0.39393940568 0.913043498993 1.0
a 0.228739574552 0.290801346302 0.160499751568 0.177098706365
b 0.0485277175903 0.0632288083434 0.171609014273 0.071022555232
d 0.448130279779 0.334475696087 0.235940784216 0.451558291912
g 0.0241629164666 0.0784226134419 0.248764097691 0.0158412437886
t 0.250439524651 0.233071565628 0.183186352253 0.28447920084
h 1.0 1.0 1.0 1.0
c 0.0 0 0 0
Aa 0.972305595875 0.454215615988 0.621484935284 1.2682557106
Ab 0.298954159021 -0.208465799689 0.650550663471 0.871436595917
Ad 1.2643686533 0.514983773232 0.788813531399 1.67475414276
Ag -0.00388635881245 -0.114939495921 0.811798274517 0.219829544425
At 1.01166713238 0.358108490705 0.678903698921 1.47409081459
as 1.0 0.804123699665 0.943181812763 0.952380955219
bs 0.590909063816 0.300000011921 0.193548381329 0.821428596973
ds 0.711538434029 0.450292408466 0.773972630501 0.798319339752
gs 0.666666686535 0.185185179114 0.617647051811 0.119047619402
ts 1.0 0.560606062412 1.0 1.0
a 0.227848112583 0.241954997182 0.146140322089 0.177098706365
b 0.0479291863739 0.0486208125949 0.155023559928 0.071022555232
d 0.430431723595 0.395063906908 0.27964553237 0.451558291912
g 0.0243698395789 0.0626116916537 0.213253989816 0.0158412437886
t 0.269421130419 0.251748591661 0.205936610699 0.28447920084
h 1.0 1.0 1.0 1.0
c 0.0 0 0 0
Aa 0.972305595875 0.500377237797 0.634311020374 1.2682557106
Ab 0.295260220766 -0.196535155177 0.659938693047 0.871436595917
Ad 1.24856448174 0.713310003281 0.916148841381 1.67475414276
Ag 0.00151282001752 -0.0867019146681 0.798438131809 0.219829544425
At 1.04509186745 0.517609715462 0.783274531364 1.47409081459
as 1.0 0.85567009449 0.965517222881 0.952380955219
bs 0.54545456171 0.333333343267 0.225806444883 0.821428596973
ds 0.686274528503 0.562130153179 0.856164395809 0.798319339752
gs 0.703703701496 0.296296298504 0.575757563114 0.119047619402
ts 1.0 0.681818187237 1.0 1.0
a 0.226111918688 0.201735749841 0.133152469993 0.177098706365
b 0.0467169731855 0.0413309186697 0.143902659416 0.071022555232
d 0.412084698677 0.440127640963 0.313228398561 0.451558291912
g 0.0243346616626 0.0546373017132 0.190208852291 0.0158412437886
t 0.290751755238 0.262168377638 0.219507604837 0.28447920084
h 1.0 1.0 1.0 1.0
c 0.0 0 0 0
Aa 0.972305595875 0.5066370368 0.634311020374 1.2682557106
Ab 0.287456870079 -0.181870773435 0.668030679226 0.871436595917
Ad 1.23296868801 0.845432817936 1.00582289696 1.67475414276
Ag 0.00420746346936 -0.0606566146016 0.789192557335 0.219829544425
At 1.08150446415 0.620434463024 0.851411402225 1.47409081459
as 1.0 0.85567009449 0.965517222881 0.952380955219
bs 0.54545456171 0.40000000596 0.258064508438 0.821428596973
ds 0.660000026226 0.639053225517 0.916666686535 0.798319339752
gs 0.703703701496 0.407407402992 0.5625 0.119047619402
ts 1.0 0.757575750351 1.0 1.0
a 0.220068767667 0.179592698812 0.125338956714 0.177098706365
b 0.0446428768337 0.0380362980068 0.13884010911 0.071022555232
d 0.398194491863 0.465114563704 0.334252715111 0.451558291912
g 0.023880796507 0.051077593118 0.17809382081 0.0158412437886
t 0.313213080168 0.266178846359 0.223474398255 0.28447920084
h 1.0 1.0 1.0 1.0
c 0.0 0 0 0
Aa 0.972305595875 0.5066370368 0.634311020374 1.2682557106
Ab 0.279499351978 -0.167453452945 0.678739905357 0.871436595917
Ad 1.22984242439 0.919908225536 1.06029987335 1.67475414276
Ag 0.00779600674286 -0.0394212417305 0.786873817444 0.219829544425
At 1.12558710575 0.677521884441 0.885452747345 1.47409081459
as 1.0 0.85567009449 0.965116262436 0.952380955219
bs 0.5 0.433333337307 0.290322571993 0.821428596973
ds 0.660000026226 0.686390519142 0.958333313465 0.798319339752
gs 0.740740716457 0.481481492519 0.53125 0.119047619402
ts 1.0 0.79545456171 1.0 1.0
a 0.207450062037 0.169426083565 0.120885170996 0.177098706365
b 0.0417146421969 0.0371372327209 0.138764932752 0.071022555232
d 0.392306298018 0.474091798067 0.344413280487 0.451558291912
g 0.0229804906994 0.0502211079001 0.174247354269 0.0158412437886
t 0.335548490286 0.269123762846 0.221689254045 0.28447920084
h 1.0 1.0 1.0 1.0
c 0.0 0 0 0
Aa 0.972305595875 0.5066370368 0.634311020374 1.2682557106
Ab 0.275680541992 -0.152533739805 0.694217741489 0.871436595917
Ad 1.24901735783 0.953519165516 1.08901786804 1.67475414276
Ag 0.0167513266206 -0.0214569568634 0.793104231358 0.219829544425
At 1.18114733696 0.707608819008 0.897682666779 1.47409081459
as 1.0 0.85567009449 0.965116262436 0.952380955219
bs 0.454545468092 0.5 0.322580635548 0.821428596973
ds 0.699999988079 0.704142034054 0.979166686535 0.798319339752
gs 0.740740716457 0.555555582047 0.5625 0.119047619402
ts 1.0 0.818181812763 1.0 1.0
a 0.188849210739 0.163244277239 0.117602221668 0.177098706365
b 0.0384836941957 0.0371571443975 0.141316697001 0.071022555232
d 0.392376959324 0.474611669779 0.349085450172 0.451558291912
g 0.0218433570117 0.0504521802068 0.174668818712 0.0158412437886
t 0.358446776867 0.274534732103 0.217326804996 0.28447920084
h 1.0 1.0 1.0 1.0
c 0.0 0 0 0
Aa 0.972305595875 0.5066370368 0.634311020374 1.2682557106
Ab 0.281467169523 -0.136158615351 0.714088976383 0.871436595917
Ad 1.28989398479 0.970137417316 1.10682725906 1.67475414276
Ag 0.0355097874999 -0.00332100596279 0.806110858917 0.219829544425
At 1.25061511993 0.732396364212 0.901008784771 1.47409081459
as 1.0 0.85567009449 0.976470589638 0.952380955219
bs 0.5 0.533333361149 0.387096762657 0.821428596973
ds 0.795918345451 0.71597635746 0.986111104488 0.798319339752
gs 0.814814805984 0.592592597008 0.59375 0.119047619402
ts 1.0 0.840909063816 1.0 1.0
a 0.167376413941 0.155942752957 0.114388890564 0.177098706365
b 0.0356188453734 0.0367842949927 0.144030287862 0.071022555232
d 0.391710311174 0.47549021244 0.354109346867 0.451558291912
g 0.0206945035607 0.0501202531159 0.175045207143 0.0158412437886
t 0.384599924088 0.281662493944 0.212426260114 0.28447920084
h 1.0 1.0 1.0 1.0
c 0.0 0 0 0
Aa 0.972305595875 0.508839905262 0.635626018047 1.2682557106
Ab 0.300291150808 -0.118462875485 0.735696017742 0.871436595917
Ad 1.34157633781 0.993016302586 1.12637960911 1.67475414276
Ag 0.0644663348794 0.0158879607916 0.820392429829 0.219829544425
At 1.33362054825 0.765603721142 0.90445035696 1.47409081459
as 1.0 0.865979373455 0.976470589638 0.952380955219
bs 0.590909063816 0.600000023842 0.466666668653 0.821428596973
ds 0.897959172726 0.727810621262 1.0 0.798319339752
gs 0.925925910473 0.666666686535 0.65625 0.119047619402
ts 1.0 0.863636374474 1.0 1.0
a 0.167376413941 0.14686781168 0.113074816763 0.177098706365
b 0.0356188453734 0.035596460104 0.145238921046 0.071022555232
d 0.391710311174 0.481605708599 0.361959725618 0.451558291912
g 0.0206945035607 0.048576541245 0.17241923511 0.0158412437886
t 0.384599924088 0.287353485823 0.207307294011 0.28447920084
h 1.0 1.0 1.0 1.0
c 0.0 0 0 0
Aa 0.972305595875 0.514322221279 0.646496295929 1.2682557106
Ab 0.300291150808 -0.101197622716 0.755213439465 0.871436595917
Ad 1.34157633781 1.03008723259 1.1517906189 1.67475414276
Ag 0.0644663348794 0.0338221900165 0.829716086388 0.219829544425
At 1.33362054825 0.805812060833 0.909744977951 1.47409081459
as 1.0 0.865979373455 1.0 0.952380955219
bs 0.590909063816 0.666666686535 0.533333361149 0.821428596973
ds 0.897959172726 0.751479268074 1.0 0.798319339752
gs 0.925925910473 0.740740716457 0.6875 0.119047619402
ts 1.0 0.893939375877 1.0 1.0
a 0.167376413941 0.139319106936 0.111424900591 0.177098706365
b 0.0356188453734 0.0340199805796 0.145072028041 0.071022555232
d 0.391710311174 0.491029530764 0.374123871326 0.451558291912
g 0.0206945035607 0.0460997186601 0.167247802019 0.0158412437886
t 0.384599924088 0.289531677961 0.202131405473 0.28447920084
h 1.0 1.0 1.0 1.0
c 0.0 0 0 0
Aa 0.972305595875 0.526294767857 0.654534578323 1.2682557106
Ab 0.300291150808 -0.085981823504 0.769135951996 0.871436595917
Ad 1.34157633781 1.07339167595 1.18056774139 1.67475414276
Ag 0.0644663348794 0.045982375741 0.830912709236 0.219829544425
At 1.33362054825 0.843980193138 0.913186073303 1.47409081459
as 1.0 0.87628865242 1.0 0.952380955219
bs 0.590909063816 0.699999988079 0.600000023842 0.821428596973
ds 0.897959172726 0.773809552193 1.0 0.798319339752
gs 0.925925910473 0.777777791023 0.6875 0.119047619402
ts 1.0 0.924242436886 1.0 1.0
a 0.167376413941 0.130963280797 0.110083013773 0.177098706365
b 0.0356188453734 0.0328464843333 0.144535765052 0.071022555232
d 0.391710311174 0.502007722855 0.387121528387 0.451558291912
g 0.0206945035607 0.0437900498509 0.16134236753 0.0158412437886
t 0.384599924088 0.290392458439 0.196917310357 0.28447920084
h 1.0 1.0 1.0 1.0
c 0.0 0 0 0
Aa 0.972305595875 0.526294767857 0.658630609512 1.2682557106
Ab 0.300291150808 -0.0743658468127 0.7768856287 0.871436595917
Ad 1.34157633781 1.10985565186 1.20475757122 1.67475414276
Ag 0.0644663348794 0.0505206920207 0.824658691883 0.219829544425
At 1.33362054825 0.872130572796 0.911194205284 1.47409081459
as 1.0 0.87628865242 1.0 0.952380955219
bs 0.590909063816 0.733333349228 0.600000023842 0.821428596973
ds 0.897959172726 0.797619044781 1.0 0.798319339752
gs 0.925925910473 0.814814805984 0.65625 0.119047619402
ts 1.0 0.946969687939 1.0 1.0
a 0.167376413941 0.126031979918 0.109521843493 0.177098706365
b 0.0356188453734 0.0321962945163 0.144642949104 0.071022555232
d 0.391710311174 0.509879410267 0.397051095963 0.451558291912
g 0.0206945035607 0.0419573523104 0.157164767385 0.0158412437886
t 0.384599924088 0.28993499279 0.191619366407 0.28447920084
h 1.0 1.0 1.0 1.0
c 0.0 0 0 0
Aa 0.972305595875 0.526294767857 0.658630609512 1.2682557106
Ab 0.300291150808 -0.0663800686598 0.779427111149 0.871436595917
Ad 1.34157633781 1.13328146935 1.2179762125 1.67475414276
Ag 0.0644663348794 0.0486221015453 0.815485060215 0.219829544425
At 1.33362054825 0.888114631176 0.901569247246 1.47409081459
as 1.0 0.87628865242 1.0 0.952380955219
bs 0.590909063816 0.793103456497 0.633333325386 0.821428596973
ds 0.897959172726 0.809523820877 1.0 0.798319339752
gs 0.925925910473 0.814814805984 0.625 0.119047619402
ts 1.0 0.962121188641 1.0 1.0
a 0.167376413941 0.12398930639 0.110666655004 0.177098706365
b 0.0356188453734 0.0320450402796 0.145600661635 0.071022555232
d 0.391710311174 0.51491767168 0.401285737753 0.451558291912
g 0.0206945035607 0.0407793596387 0.156186923385 0.0158412437886
t 0.384599924088 0.288268595934 0.186260029674 0.28447920084
h 1.0 1.0 1.0 1.0
c 0.0 0 0 0
Aa 0.972305595875 0.526294767857 0.658924758434 1.2682557106
Ab 0.300291150808 -0.0613285936415 0.778071284294 0.871436595917
Ad 1.34157633781 1.14464843273 1.21836161613 1.67475414276
Ag 0.0644663348794 0.0433509759605 0.808552622795 0.219829544425
At 1.33362054825 0.892707884312 0.885027587414 1.47409081459
as 1.0 0.87628865242 1.0 0.952380955219
bs 0.590909063816 0.827586233616 0.633333325386 0.821428596973
ds 0.897959172726 0.814371228218 1.0 0.798319339752
gs 0.925925910473 0.777777791023 0.625 0.119047619402
ts 1.0 0.962121188641 1.0 1.0
a 0.21441718936 0.1238983199 0.113988243043 0.177098706365
b 0.0515808276832 0.0322740599513 0.147042304277 0.071022555232
d 0.391533106565 0.518246591091 0.400881558657 0.451558291912
g 0.0127341384068 0.0400955602527 0.157925739884 0.0158412437886
t 0.329734742641 0.285485476255 0.180162146688 0.28447920084
h 1.0 1.0 1.0 1.0
c 0.0 0 0 0
Aa 1.25271296501 0.526294767857 0.663103401661 1.2682557106
Ab 0.633941709995 -0.0579170100391 0.773685634136 0.871436595917
Ad 1.51422190666 1.14776587486 1.20925939083 1.67475414276
Ag 0.0264229457825 0.036325674504 0.804696261883 0.219829544425
At 1.43961811066 0.888813376427 0.861906945705 1.47409081459
as 1.0 0.87628865242 1.0 0.952380955219
bs 1.0 0.827586233616 0.600000023842 0.821428596973
ds 1.0 0.814371228218 1.0 0.798319339752
gs 0.777777791023 0.740740716457 0.59375 0.119047619402
ts 1.0 0.962121188641 1.0 1.0
a 0.237811252475 0.125852257013 0.117882966995 0.177098706365
b 0.0503950044513 0.0328334085643 0.148375377059 0.071022555232
d 0.389607608318 0.522273540497 0.400746643543 0.451558291912
g 0.0149972010404 0.0399001613259 0.161419421434 0.0158412437886
t 0.307188928127 0.279140591621 0.171575605869 0.28447920084
h 1.0 1.0 1.0 1.0
c 0.0 0 0 0
Aa 1.25271296501 0.526294767857 0.666031241417 1.2682557106
Ab 0.578868091106 -0.0572502687573 0.765942037106 0.871436595917
Ad 1.46710801125 1.14433181286 1.19745004177 1.67475414276
Ag 0.0524907968938 0.027408439666 0.802535951138 0.219829544425
At 1.36388611794 0.872256815434 0.829035699368 1.47409081459
as 1.0 0.87628865242 1.0 0.952380955219
bs 1.0 0.827586233616 0.566666662693 0.821428596973
ds 1.0 0.814371228218 1.0 0.798319339752
gs 0.888888895512 0.769230782986 0.59375 0.119047619402
ts 1.0 0.946969687939 0.977941155434 1.0
a 0.257613122463 0.131147116423 0.122005492449 0.177098706365
b 0.0497418865561 0.033854611218 0.149231806397 0.071022555232
d 0.383661448956 0.526726126671 0.404698759317 0.451558291912
g 0.0169566273689 0.0403396338224 0.165676578879 0.0158412437886
t 0.292026907206 0.267932534218 0.158387348056 0.28447920084
h 1.0 1.0 1.0 1.0
c 0.0 0 0 0
Aa 1.25271296501 0.526294767857 0.66820371151 1.2682557106
Ab 0.538467228413 -0.0618461593986 0.75568574667 0.871436595917
Ad 1.42569315434 1.13012087345 1.18895626068 1.67475414276
Ag 0.0710844546556 0.0142679931596 0.801085472107 0.219829544425
At 1.30716788769 0.836561501026 0.781544864178 1.47409081459
as 1.0 0.87628865242 1.0 0.952380955219
bs 1.0 0.827586233616 0.533333361149 0.821428596973
ds 1.0 0.812121212482 1.0 0.798319339752
gs 0.962962985039 0.692307710648 0.59375 0.119047619402
ts 1.0 0.916666686535 0.948148131371 1.0
a 0.273219436407 0.141307845712 0.116654887795 0.177098706365
b 0.0498231388628 0.0355841331184 0.151330068707 0.071022555232
d 0.377307772636 0.529230058193 0.416867405176 0.451558291912
g 0.0182742904872 0.0415958985686 0.172384560108 0.0158412437886
t 0.281375348568 0.252282053232 0.142763093114 0.28447920084
h 1.0 1.0 1.0 1.0
c 0.0 0 0 0
Aa 1.25271296501 0.526294767857 0.631864964962 1.2682557106
Ab 0.51363247633 -0.0726151242852 0.74488723278 0.871436595917
Ad 1.39289712906 1.09977304935 1.18496000767 1.67475414276
Ag 0.0780419185758 -0.00482098292559 0.801460385323 0.219829544425
At 1.26548743248 0.778014838696 0.719577968121 1.47409081459
as 1.0 0.87628865242 0.965116262436 0.952380955219
bs 1.0 0.793103456497 0.5 0.821428596973
ds 0.942307710648 0.79393941164 0.993377506733 0.798319339752
gs 1.0 0.615384638309 0.612903237343 0.119047619402
ts 1.0 0.87786257267 0.903703689575 1.0
a 0.285432696342 0.151011183858 0.0959891229868 0.177098706365
b 0.0504036843777 0.038425706327 0.155890822411 0.071022555232
d 0.372559010983 0.529824793339 0.436575114727 0.451558291912
g 0.0189786124974 0.0439302362502 0.182766705751 0.0158412437886
t 0.272625982761 0.236808106303 0.128778234124 0.28447920084
h 1.0 1.0 1.0 1.0
c 0.0 0 0 0
Aa 1.25271296501 0.507393360138 0.525614380836 1.2682557106
Ab 0.499671548605 -0.0869939103723 0.736212909222 0.871436595917
Ad 1.36840426922 1.05251646042 1.18345141411 1.67475414276
Ag 0.0754736885428 -0.0288522094488 0.805289447308 0.219829544425
At 1.23277652264 0.702780842781 0.653234839439 1.47409081459
as 1.0 0.85567009449 0.835294127464 0.952380955219
bs 1.0 0.72413790226 0.482758611441 0.821428596973
ds 0.903846144676 0.763636350632 0.993377506733 0.798319339752
gs 0.962962985039 0.538461565971 0.612903237343 0.119047619402
ts 1.0 0.81679391861 0.85185188055 1.0
a 0.295985162258 0.157759234309 0.0681359171867 0.177098706365
b 0.0510829351842 0.042207274586 0.161714702845 0.071022555232
d 0.368812114 0.527634382248 0.455623954535 0.451558291912
g 0.0194403231144 0.0468968935311 0.194486737251 0.0158412437886
t 0.264679461718 0.225502192974 0.120038703084 0.28447920084
h 1.0 1.0 1.0 1.0
c 0.0 0 0 0
Aa 1.25271296501 0.472966969013 0.356335580349 1.2682557106
Ab 0.489718854427 -0.0996404886246 0.731708943844 0.871436595917
Ad 1.34824824333 0.99730527401 1.18156599998 1.67475414276
Ag 0.0701465010643 -0.0538837388158 0.811849415302 0.219829544425
At 1.2041631937 0.628122985363 0.60228073597 1.47409081459
as 1.0 0.824742257595 0.635294139385 0.952380955219
bs 1.0 0.689655184746 0.482758611441 0.821428596973
ds 0.846153855324 0.727272748947 0.993288576603 0.798319339752
gs 0.962962985039 0.423076927662 0.633333325386 0.119047619402
ts 1.0 0.763358771801 0.814814805984 1.0
a 0.306937992573 0.169196918607 0.0623799562454 0.177098706365
b 0.0517025478184 0.0457298234105 0.164211168885 0.071022555232
d 0.362675011158 0.518073737621 0.457496732473 0.451558291912
g 0.020009400323 0.04886655882 0.19981135428 0.0158412437886
t 0.258675038815 0.218132987618 0.116100788116 0.28447920084
h 1.0 1.0 1.0 1.0
c 0.0 0 0 0
Aa 1.25271296501 0.463961720467 0.31115218997 1.2682557106
Ab 0.479174286127 -0.104231178761 0.731509804726 0.871436595917
Ad 1.3251799345 0.949960827827 1.17649507523 1.67475414276
Ag 0.0668964236975 -0.0754189565778 0.816727280617 0.219829544425
At 1.17841684818 0.574290633202 0.58094227314 1.47409081459
as 1.0 0.81443297863 0.588235318661 0.952380955219
bs 1.0 0.655172407627 0.482758611441 0.821428596973
ds 0.807692289352 0.703030288219 0.986577153206 0.798319339752
gs 0.925925910473 0.346153855324 0.655172407627 0.119047619402
ts 1.0 0.717557251453 0.800000011921 1.0
a 0.316312819719 0.177505046129 0.0647609531879 0.177098706365
b 0.0522525124252 0.0484516583383 0.165474385023 0.071022555232
d 0.354971110821 0.510664284229 0.452653259039 0.451558291912
g 0.0207523368299 0.0490742065012 0.199039146304 0.0158412437886
t 0.255711227655 0.214304804802 0.118072241545 0.28447920084
h 1.0 1.0 1.0 1.0
c 0.0 0 0 0
Aa 1.25271296501 0.463961720467 0.326405286789 1.2682557106
Ab 0.470703363419 -0.0999403297901 0.733822822571 0.871436595917
Ad 1.30278921127 0.922886490822 1.17085766792 1.67475414276
Ag 0.0696631968021 -0.0943956971169 0.814030528069 0.219829544425
At 1.16034603119 0.545782923698 0.587239861488 1.47409081459
as 1.0 0.81443297863 0.600000023842 0.952380955219
bs 1.0 0.689655184746 0.482758611441 0.821428596973
ds 0.769230782986 0.684848487377 0.986577153206 0.798319339752
gs 0.962962985039 0.269230782986 0.655172407627 0.119047619402
ts 1.0 0.69465649128 0.800000011921 1.0
a 0.315148055553 0.185770690441 0.0926832556725 0.177098706365
b 0.0525120571256 0.0507683083415 0.160179972649 0.071022555232
d 0.354354768991 0.507659852505 0.438213825226 0.451558291912
g 0.0211478676647 0.0473442263901 0.185810938478 0.0158412437886
t 0.256837278605 0.208456918597 0.123112000525 0.28447920084
h 1.0 1.0 1.0 1.0
c 0.0 0 0 0
Aa 1.25271296501 0.478293061256 0.498276054859 1.2682557106
Ab 0.474457412958 -0.0850914642215 0.735882997513 0.871436595917
Ad 1.30363667011 0.914888679981 1.17296087742 1.67475414276
Ag 0.0794649496675 -0.11541711539 0.800346076488 0.219829544425
At 1.16385638714 0.528332173824 0.621575176716 1.47409081459
as 1.0 0.83505153656 0.811764717102 0.952380955219
bs 1.0 0.72413790226 0.464285701513 0.821428596973
ds 0.764705896378 0.678787887096 0.986577153206 0.798319339752
gs 1.0 0.192307695746 0.620689630508 0.119047619402
ts 1.0 0.687022924423 0.829629600048 1.0
a 0.296686083078 0.193496704102 0.134180352092 0.177098706365
b 0.0519236549735 0.0536148659885 0.148161873221 0.071022555232
d 0.369834572077 0.509114801884 0.423042625189 0.451558291912
g 0.0205418709666 0.0446515791118 0.162794783711 0.0158412437886
t 0.261013835669 0.199122041464 0.131820365787 0.28447920084
h 1.0 1.0 1.0 1.0
c 0.0 0 0 0
Aa 1.25358092785 0.495435357094 0.693298220634 1.2682557106
Ab 0.496649026871 -0.061952996999 0.736345767975 0.871436595917
Ad 1.34929132462 0.915577530861 1.19199347496 1.67475414276
Ag 0.093923792243 -0.141401410103 0.77724981308 0.219829544425
At 1.19794726372 0.507881104946 0.685591816902 1.47409081459
as 1.0 0.845360815525 1.0 0.952380955219
bs 1.0 0.827586233616 0.464285701513 0.821428596973
ds 0.86274510622 0.678787887096 1.0 0.798319339752
gs 1.0 0.115384615958 0.517241358757 0.119047619402
ts 1.0 0.671755731106 0.874074101448 1.0
a 0.295533359051 0.202041357756 0.161087810993 0.177098706365
b 0.0481089353561 0.0568804368377 0.135154545307 0.071022555232
d 0.385365366936 0.510937809944 0.418386250734 0.451558291912
g 0.0182068329304 0.0417359322309 0.139762327075 0.0158412437886
t 0.252785503864 0.188404485583 0.145609080791 0.28447920084
h 1.0 1.0 1.0 1.0
c 0.0 0 0 0
Aa 1.31879532337 0.514509141445 0.812952816486 1.2682557106
Ab 0.530414581299 -0.0359681770205 0.7367208004 0.871436595917
Ad 1.43406152725 0.917436957359 1.22746753693 1.67475414276
Ag 0.108423247933 -0.170420989394 0.75128030777 0.219829544425
At 1.25094103813 0.484160155058 0.769078612328 1.47409081459
as 1.0 0.865979373455 1.0 0.952380955219
bs 1.0 0.896551728249 0.464285701513 0.821428596973
ds 1.0 0.678787887096 1.0 0.798319339752
gs 1.0 0.0 0.448275864124 0.119047619402
ts 1.0 0.648854970932 0.940740764141 1.0
a 0.274835854769 0.210555285215 0.159317493439 0.177098706365
b 0.0451103970408 0.0596115365624 0.126688927412 0.071022555232
d 0.416342020035 0.511035203934 0.426871925592 0.451558291912
g 0.0162334311754 0.0393553562462 0.123697936535 0.0158412437886
t 0.247478291392 0.179442614317 0.163423731923 0.28447920084
h 1.0 1.0 1.0 1.0
c 0.0 0 0 0
Aa 1.34687232971 0.533326923847 0.839445769787 1.2682557106
Ab 0.562075614929 -0.014708917588 0.739920973778 0.871436595917
Ad 1.52724921703 0.918411552906 1.26747989655 1.67475414276
Ag 0.118209302425 -0.195035383105 0.729544818401 0.219829544425
At 1.30133605003 0.463886350393 0.850497484207 1.47409081459
as 1.0 0.886597931385 1.0 0.952380955219
bs 1.0 0.965517222881 0.5 0.821428596973
ds 1.0 0.684848487377 1.0 0.798319339752
gs 1.0 0.0 0.357142865658 0.119047619402
ts 1.0 0.633587777615 1.0 1.0
a 0.255517095327 0.200933352113 0.151154741645 0.177098706365
b 0.0422500222921 0.0620982982218 0.121607430279 0.071022555232
d 0.458401203156 0.52118074894 0.435193091631 0.451558291912
g 0.0156928226352 0.0386648587883 0.113835580647 0.0158412437886
t 0.22813886404 0.177122712135 0.178209155798 0.28447920084
h 1.0 1.0 1.0 1.0
c 0.0 0 0 0
Aa 1.33996069431 0.506011605263 0.8401466012 1.2682557106
Ab 0.558367669582 -0.0039607686922 0.745684921741 0.871436595917
Ad 1.59378647804 0.91994792223 1.29940676689 1.67475414276
Ag 0.128241792321 -0.209724023938 0.717002809048 0.219829544425
At 1.29074001312 0.451233804226 0.911654770374 1.47409081459
as 1.0 0.85567009449 1.0 0.952380955219
bs 1.0 1.0 0.5 0.821428596973
ds 1.0 0.68711656332 1.0 0.798319339752
gs 1.0 0.0 0.285714298487 0.119047619402
ts 1.0 0.625954210758 1.0 1.0
a 0.241682589054 0.194897681475 0.146083176136 0.177098706365
b 0.0394082255661 0.0625399947166 0.118927232921 0.071022555232
d 0.491007357836 0.527390658855 0.438715279102 0.451558291912
g 0.0149995908141 0.0386227704585 0.108921639621 0.0158412437886
t 0.212902233005 0.17654889822 0.187352657318 0.28447920084
h 1.0 1.0 1.0 1.0
c 0.0 0 0 0
Aa 1.33996069431 0.489109009504 0.8401466012 1.2682557106
Ab 0.552302181721 -0.00453981012106 0.750827670097 0.871436595917
Ad 1.64780330658 0.921434760094 1.31772911549 1.67475414276
Ag 0.132794767618 -0.21385422349 0.712660551071 0.219829544425
At 1.28489553928 0.446167379618 0.948206245899 1.47409081459
as 1.0 0.845360815525 1.0 0.952380955219
bs 1.0 1.0 0.535714268684 0.821428596973
ds 1.0 0.68711656332 1.0 0.798319339752
gs 1.0 0.0 0.285714298487 0.119047619402
ts 1.0 0.618320584297 1.0 1.0
a 0.233240619302 0.193744584918 0.144038081169 0.177098706365
b 0.0374111495912 0.0615030899644 0.11772210896 0.071022555232
d 0.51092171669 0.528709769249 0.439027577639 0.451558291912
g 0.0144249731675 0.0389522947371 0.107582338154 0.0158412437886
t 0.204001516104 0.177090242505 0.19162991643 0.28447920084
h 1.0 1.0 1.0 1.0
c 0.0 0 0 0
Aa 1.33996069431 0.485437124968 0.8401466012 1.2682557106
Ab 0.545157551765 -0.0128955300897 0.752527296543 0.871436595917
Ad 1.68051087856 0.921424865723 1.3241610527 1.67475414276
Ag 0.131271526217 -0.211259409785 0.713410258293 0.219829544425
At 1.28178989887 0.446402192116 0.964132547379 1.47409081459
as 1.0 0.83505153656 1.0 0.952380955219
bs 1.0 1.0 0.535714268684 0.821428596973
ds 1.0 0.685185194016 1.0 0.798319339752
gs 1.0 0.0 0.285714298487 0.119047619402
ts 1.0 0.623076915741 1.0 1.0
a 0.229891374707 0.194524660707 0.143961429596 0.177098706365
b 0.0363260582089 0.0602370649576 0.11730004847 0.071022555232
d 0.520119309425 0.527302145958 0.437367171049 0.451558291912
g 0.0139500498772 0.0396031960845 0.108497284353 0.0158412437886
t 0.199713200331 0.178332969546 0.192874059081 0.28447920084
h 1.0 1.0 1.0 1.0
c 0.0 0 0 0
Aa 1.33996069431 0.485437124968 0.8401466012 1.2682557106
Ab 0.538656294346 -0.0236737392843 0.751198589802 0.871436595917
Ad 1.69454097748 0.918522000313 1.32274663448 1.67475414276
Ag 0.123013786972 -0.205807283521 0.717319309711 0.219829544425
At 1.27884483337 0.447694122791 0.967174232006 1.47409081459
as 1.0 0.83505153656 1.0 0.952380955219
bs 1.0 0.928571403027 0.535714268684 0.821428596973
ds 1.0 0.685185194016 1.0 0.798319339752
gs 1.0 0.0 0.285714298487 0.119047619402
ts 1.0 0.630769252777 1.0 1.0
a 0.229856416583 0.197003498673 0.145520791411 0.177098706365
b 0.0358894616365 0.059629842639 0.118262849748 0.071022555232
d 0.523641884327 0.521954596043 0.432474046946 0.451558291912
g 0.0134827839211 0.0406691171229 0.111202031374 0.0158412437886
t 0.197129428387 0.180742934346 0.192540287971 0.28447920084
h 1.0 1.0 1.0 1.0
c 0.0 0 0 0
Aa 1.33996069431 0.485437124968 0.8401466012 1.2682557106
Ab 0.533470988274 -0.0335731692612 0.750069856644 0.871436595917
Ad 1.69753849506 0.908595919609 1.31318151951 1.67475414276
Ag 0.108283638954 -0.19977208972 0.723334252834 0.219829544425
At 1.27325546741 0.448024511337 0.961743116379 1.47409081459
as 1.0 0.83505153656 1.0 0.952380955219
bs 1.0 0.892857134342 0.535714268684 0.821428596973
ds 1.0 0.679012358189 1.0 0.798319339752
gs 1.0 0.0 0.321428567171 0.119047619402
ts 1.0 0.62790697813 1.0 1.0
a 0.231585681438 0.202309504151 0.14953006804 0.177098706365
b 0.0357301309705 0.0602739229798 0.121825009584 0.071022555232
d 0.524687290192 0.510692059994 0.421488374472 0.451558291912
g 0.0130104208365 0.0423513390124 0.115672439337 0.0158412437886
t 0.194986462593 0.18437319994 0.191484108567 0.28447920084
h 1.0 1.0 1.0 1.0
c 0.0 0 0 0
Aa 1.33996069431 0.485437124968 0.8401466012 1.2682557106
Ab 0.528283655643 -0.0404496826231 0.751154482365 0.871436595917
Ad 1.6951495409 0.887579917908 1.29020369053 1.67475414276
Ag 0.0895403549075 -0.19371201098 0.728647947311 0.219829544425
At 1.26525342464 0.445118635893 0.947550773621 1.47409081459
as 1.0 0.83505153656 1.0 0.952380955219
bs 1.0 0.892857134342 0.535714268684 0.821428596973
ds 1.0 0.660493850708 1.0 0.798319339752
gs 0.931034505367 0.0 0.357142865658 0.119047619402
ts 1.0 0.620155036449 1.0 1.0
a 0.234243825078 0.210708141327 0.156750813127 0.177098706365
b 0.035551968962 0.0624044090509 0.128577813506 0.071022555232
d 0.524861454964 0.493355542421 0.403273999691 0.451558291912
g 0.012584997341 0.0447000935674 0.121271893382 0.0158412437886
t 0.192757740617 0.188831806183 0.190125480294 0.28447920084
h 1.0 1.0 1.0 1.0
c 0.0 0 0 0
Aa 1.33996069431 0.485437124968 0.8401466012 1.2682557106
Ab 0.521156191826 -0.0430289246142 0.754102826118 0.871436595917
Ad 1.69033718109 0.854915857315 1.25053703785 1.67475414276
Ag 0.0701456740499 -0.187935769558 0.728696942329 0.219829544425
At 1.25530433655 0.43783095479 0.923977077007 1.47409081459
as 1.0 0.83505153656 1.0 0.952380955219
bs 1.0 0.892857134342 0.555555582047 0.821428596973
ds 1.0 0.641975283623 1.0 0.798319339752
gs 0.86206895113 0.0 0.357142865658 0.119047619402
ts 1.0 0.620155036449 1.0 1.0
a 0.237351834774 0.221034541726 0.166908502579 0.177098706365
b 0.0353495441377 0.0656128972769 0.137530192733 0.071022555232
d 0.524442613125 0.473504245281 0.38061645627 0.451558291912
g 0.0122697874904 0.0474912822247 0.126300483942 0.0158412437886
t 0.190586194396 0.19235701859 0.188644364476 0.28447920084
h 1.0 1.0 1.0 1.0
c 0.0 0 0 0
Aa 1.33996069431 0.485437124968 0.8401466012 1.2682557106
Ab 0.512951910496 -0.0420338325202 0.756066143513 0.871436595917
Ad 1.68426609039 0.816300868988 1.19815564156 1.67475414276
Ag 0.0534051470459 -0.182409122586 0.719073116779 0.219829544425
At 1.24465954304 0.425085008144 0.893311977386 1.47409081459
as 1.0 0.83505153656 1.0 0.952380955219
bs 1.0 0.892857134342 0.555555582047 0.821428596973
ds 1.0 0.614906847477 0.967320263386 0.798319339752
gs 0.793103456497 0.0357142873108 0.296296298504 0.119047619402
ts 0.990196049213 0.604651153088 0.99280577898 1.0
a 0.240520104766 0.231134280562 0.176336035132 0.177098706365
b 0.0351801216602 0.0690149739385 0.146414726973 0.071022555232
d 0.52359443903 0.456934243441 0.360834747553 0.451558291912
g 0.0120343212038 0.0500568598509 0.128905490041 0.0158412437886
t 0.188670992851 0.192859634757 0.187508970499 0.28447920084
h 1.0 1.0 1.0 1.0
c 0.0 0 0 0
Aa 1.33996069431 0.485437124968 0.834558188915 1.2682557106
Ab 0.505106627941 -0.0394839160144 0.753801882267 0.871436595917
Ad 1.67780435085 0.781426429749 1.14552545547 1.67475414276
Ag 0.0392309166491 -0.178963661194 0.698488473892 0.219829544425
At 1.23451447487 0.406814098358 0.861239135265 1.47409081459
as 1.0 0.83505153656 0.990099012852 0.952380955219
bs 0.969696998596 0.892857134342 0.555555582047 0.821428596973
ds 1.0 0.596273303032 0.940789461136 0.798319339752
gs 0.758620679379 0.037037037313 0.222222223878 0.119047619402
ts 0.980392158031 0.589147269726 0.971222996712 1.0
a 0.24313993752 0.238654270768 0.185929954052 0.177098706365
b 0.0350728966296 0.0713737681508 0.15144829452 0.071022555232
d 0.523496031761 0.448392033577 0.348947227001 0.451558291912
g 0.0118189221248 0.0514658242464 0.127259626985 0.0158412437886
t 0.18647223711 0.190114110708 0.186414897442 0.28447920084
h 1.0 1.0 1.0 1.0
c 0.0 0 0 0
Aa 1.33996069431 0.485437124968 0.834558188915 1.2682557106
Ab 0.499076038599 -0.0387934409082 0.745473206043 0.871436595917
Ad 1.67301774025 0.759325802326 1.1079685688 1.67475414276
Ag 0.0266822595149 -0.180813148618 0.669899404049 0.219829544425
At 1.22471857071 0.386682271957 0.835689425468 1.47409081459
as 1.0 0.83505153656 0.990099012852 0.952380955219
bs 0.969696998596 0.892857134342 0.518518507481 0.821428596973
ds 1.0 0.5838509202 0.914473712444 0.798319339752
gs 0.689655184746 0.037037037313 0.111111111939 0.119047619402
ts 0.970588207245 0.578125 0.949640274048 1.0
