eeg 852.09979248 815.91027832 835.650024414 866.904663086
eeg 845.519897461 817.555236816 834.005004883 860.324707031
eeg 837.29498291 815.91027832 835.650024414 857.034729004
eeg 840.584960938 812.620300293 835.650024414 857.034729004
eeg 838.940002441 810.975280762 834.005004883 852.09979248
a 0.166918084025 0.356553256512 0.231383323669 0.129374727607
b 0.108498767018 0.120859853923 0.149297326803 0.0494469739497
d 0.487503826618 0.304912060499 0.202667757869 0.612730562687
g 0.026657788083 0.0798931494355 0.0815925300121 0.0208733212203
t 0.210421547294 0.137781709433 0.335059046745 0.187574416399
h 1.0 1.0 1.0 1.0
c 0.0
Aa 0.786480665207 0.0686394944787 0.12237264961 0.689140379429
Ab 0.59940212965 -0.401202827692 -0.0679073631763 0.271430581808
Ad 1.25195527077 0.000689687207341 0.0648252516985 1.36456048489
Ag -0.0101985931396 -0.580975353718 -0.330309003592 -0.103117570281
At 0.887067496777 -0.344293326139 0.283161967993 0.850464463234
as 0.491525411606 0.738095223904 0.291666656733 0.279411762953
bs 0.565217375755 0.0 0.351351350546 0.0
ds 0.592105269432 0.0 0.0 0.693181812763
gs 0.306122452021 0.518518507481 0.538461565971 0.0
ts 0.444444447756 0.0 0.346153855324 0.666666686535
eeg 838.940002441 810.975280762 834.005004883 853.744812012
eeg 835.650024414 812.620300293 825.780151367 847.164855957
eeg 840.584960938 815.91027832 827.425109863 847.164855957
eeg 842.229919434 817.555236816 829.070068359 848.809875488
eeg 840.584960938 814.265258789 829.070068359 850.454833984
eeg 842.229919434 812.620300293 834.005004883 845.519897461
eeg 835.650024414 812.620300293 835.650024414 845.519897461
eeg 834.005004883 812.620300293 835.650024414 845.519897461
eeg 842.229919434 812.620300293 838.940002441 855.389770508
eeg 843.874938965 810.975280762 840.584960938 865.259643555
eeg 858.679748535 812.620300293 838.940002441 865.259643555
eeg 858.679748535 817.555236816 838.940002441 866.904663086
eeg 852.09979248 817.555236816 840.584960938 857.034729004
eeg 843.874938965 819.200195312 837.29498291 853.744812012
eeg 838.940002441 817.555236816 838.940002441 850.454833984
eeg 848.809875488 819.200195312 838.940002441 855.389770508
eeg 843.874938965 820.845214844 834.005004883 848.809875488
eeg 834.005004883 822.49017334 835.650024414 838.940002441
eeg 835.650024414 820.845214844 834.005004883 845.519897461
eeg 837.29498291 820.845214844 830.715087891 840.584960938
eeg 827.425109863 817.555236816 829.070068359 840.584960938
eeg 834.005004883 815.91027832 830.715087891 845.519897461
a 0.150927677751 0.330684006214 0.241997912526 0.127828776836
b 0.103232547641 0.124207086861 0.156619057059 0.0438504219055
d 0.50675290823 0.314385771751 0.211560130119 0.622578024864
g 0.0245226025581 0.0831270217896 0.0837806239724 0.0183753687888
t 0.214564248919 0.147596105933 0.306042283773 0.187367424369
h 1.0 1.0 1.0 1.0
c 0.0
Aa 0.786480665207 0.0260740816593 0.169581159949 0.733250141144
Ab 0.621528446674 -0.399192750454 -0.0193858351558 0.268595308065
Ad 1.31250798702 0.00412375759333 0.111203379929 1.42081534863
Ag -0.00272164936177 -0.573596894741 -0.291086852551 -0.109142430127
At 0.939269125462 -0.324264258146 0.271550983191 0.899315655231
as 0.491525411606 0.619047641754 0.395833343267 0.338235288858
bs 0.652173936367 0.0 0.486486494541 0.0
ds 0.671052634716 0.0 0.0 0.758620679379
gs 0.333333343267 0.518518507481 0.641025662422 0.0
ts 0.527777791023 0.0 0.333333343267 0.722222208977
eeg 840.584960938 815.91027832 827.425109863 848.809875488
eeg 825.780151367 817.555236816 827.425109863 838.940002441
eeg 830.715087891 819.200195312 827.425109863 838.940002441
eeg 847.164855957 820.845214844 827.425109863 843.874938965
eeg 835.650024414 820.845214844 829.070068359 840.584960938
eeg 843.874938965 817.555236816 827.425109863 853.744812012
eeg 868.549621582 820.845214844 824.135131836 871.839599609
eeg 860.324707031 820.845214844 820.845214844 861.969726562
eeg 870.194580078 825.780151367 824.135131836 883.354431152
eeg 883.354431152 830.715087891 827.425109863 884.999450684
eeg 883.354431152 832.360046387 820.845214844 878.419494629
eeg 899.804260254 827.425109863 819.200195312 891.579345703
eeg 896.514282227 824.135131836 817.555236816 888.289367676
eeg 899.804260254 824.135131836 814.265258789 898.159240723
eeg 904.739196777 822.49017334 814.265258789 909.674133301
eeg 908.029174805 824.135131836 812.620300293 904.739196777
eeg 911.319091797 827.425109863 810.975280762 908.029174805
eeg 917.899047852 825.780151367 815.91027832 916.25402832
eeg 924.478942871 824.135131836 819.200195312 921.188964844
eeg 926.123962402 822.49017334 819.200195312 929.413879395
eeg 922.833984375 825.780151367 817.555236816 917.899047852
eeg 924.478942871 827.425109863 814.265258789 927.768920898
a 0.139355480671 0.323992490768 0.240565821528 0.132569029927
b 0.0989354923368 0.12716050446 0.166027829051 0.0392325744033
d 0.521977722645 0.309933871031 0.222139373422 0.628115296364
g 0.0230251029134 0.0832481309772 0.0854923352599 0.01687550731
t 0.216706231236 0.155665010214 0.28577464819 0.183207601309
h 1.0 1.0 1.0 1.0
c 0.0
Aa 0.786480665207 0.0220326930285 0.185412928462 0.793962836266
Ab 0.637708723545 -0.384150028229 0.0243598930538 0.265167534351
Ad 1.36000859737 0.00276681385003 0.150804564357 1.46956014633
Ag 0.0045581930317 -0.56812775135 -0.263893783092 -0.101222425699
At 0.978228032589 -0.29631125927 0.260202676058 0.934464216232
as 0.491525411606 0.619047641754 0.416666656733 0.426470577717
bs 0.727272748947 0.047619048506 0.594594597816 0.0
ds 0.736842095852 0.0 0.0 0.813953459263
gs 0.333333343267 0.555555582047 0.692307710648 0.0
ts 0.591549277306 0.0138888889924 0.320512831211 0.755555570126
eeg 927.768920898 827.425109863 815.91027832 929.413879395
eeg 919.544006348 827.425109863 817.555236816 927.768920898
eeg 927.768920898 825.780151367 820.845214844 934.348815918
eeg 927.768920898 827.425109863 824.135131836 932.703857422
eeg 931.058898926 829.070068359 825.780151367 944.218688965
eeg 935.993835449 827.425109863 827.425109863 954.088623047
eeg 927.768920898 824.135131836 822.49017334 937.638793945
eeg 934.348815918 829.070068359 825.780151367 929.413879395
eeg 927.768920898 829.070068359 825.780151367 934.348815918
eeg 927.768920898 830.715087891 830.715087891 940.928771973
eeg 927.768920898 829.070068359 835.650024414 940.928771973
eeg 924.478942871 824.135131836 830.715087891 934.348815918
eeg 931.058898926 824.135131836 832.360046387 934.348815918
eeg 931.058898926 824.135131836 832.360046387 935.993835449
eeg 924.478942871 824.135131836 832.360046387 934.348815918
eeg 926.123962402 824.135131836 835.650024414 935.993835449
eeg 921.188964844 824.135131836 832.360046387 932.703857422
eeg 916.25402832 822.49017334 829.070068359 927.768920898
eeg 914.609069824 822.49017334 829.070068359 926.123962402
eeg 903.094238281 820.845214844 827.425109863 919.544006348
eeg 904.739196777 819.200195312 829.070068359 919.544006348
eeg 908.029174805 819.200195312 830.715087891 919.544006348
a 0.141086354852 0.330675303936 0.239323347807 0.141937956214
b 0.094682469964 0.131056770682 0.17481482029 0.0360774546862
d 0.527914762497 0.295337438583 0.230159699917 0.628337323666
g 0.0220384616405 0.082433514297 0.0860951840878 0.0163261499256
t 0.214277952909 0.160496965051 0.269606947899 0.177321106195
h 1.0 1.0 1.0 1.0
c 0.0
Aa 0.81817305088 0.0432601943612 0.195456802845 0.856798052788
Ab 0.644957602024 -0.358682096004 0.0590499863029 0.261935412884
Ad 1.39125180244 -0.0058230725117 0.178501024842 1.50289237499
Ag 0.0118692684919 -0.560037732124 -0.248549416661 -0.0824167132378
At 0.999665498734 -0.270674735308 0.247202813625 0.953459918499
as 0.559322059155 0.666666686535 0.4375 0.514705896378
bs 0.727272748947 0.190476194024 0.702702701092 0.0
ds 0.773333311081 0.0 0.0178571436554 0.848837196827
gs 0.354166656733 0.592592597008 0.743589758873 0.03125
ts 0.619718313217 0.0555555559695 0.298701286316 0.777777791023
eeg 914.609069824 820.845214844 827.425109863 903.094238281
eeg 917.899047852 822.49017334 824.135131836 894.86932373
eeg 924.478942871 822.49017334 824.135131836 891.579345703
eeg 922.833984375 822.49017334 825.780151367 893.224304199
eeg 917.899047852 822.49017334 827.425109863 893.224304199
eeg 901.44921875 819.200195312 830.715087891 893.224304199
eeg 889.934387207 817.555236816 832.360046387 896.514282227
eeg 884.999450684 812.620300293 834.005004883 893.224304199
eeg 873.484558105 812.620300293 834.005004883 893.224304199
eeg 875.129516602 810.975280762 834.005004883 889.934387207
eeg 873.484558105 809.330322266 832.360046387 888.289367676
eeg 865.259643555 809.330322266 838.940002441 880.064453125
eeg 861.969726562 809.330322266 838.940002441 876.774536133
eeg 860.324707031 810.975280762 838.940002441 878.419494629
eeg 861.969726562 810.975280762 838.940002441 871.839599609
eeg 860.324707031 807.68536377 835.650024414 871.839599609
eeg 857.034729004 802.750427246 837.29498291 880.064453125
eeg 858.679748535 806.040344238 837.29498291 880.064453125
eeg 858.679748535 807.68536377 838.940002441 881.709472656
eeg 857.034729004 807.68536377 840.584960938 873.484558105
eeg 865.259643555 812.620300293 834.005004883 875.129516602
eeg 883.354431152 820.845214844 830.715087891 893.224304199
a 0.162636041641 0.342082291842 0.235346123576 0.149688228965
b 0.087710916996 0.135727837682 0.181976869702 0.0341538153589
d 0.519612014294 0.279245465994 0.239790320396 0.623777985573
g 0.0209471695125 0.0826063752174 0.0861050114036 0.0162488427013
t 0.209093868732 0.160338044167 0.256781697273 0.176131144166
h 1.0 1.0 1.0 1.0
c 0.0
Aa 0.911998987198 0.0729193612933 0.195456802845 0.905568301678
Ab 0.643835842609 -0.328542262316 0.0837659388781 0.263819843531
Ad 1.41646134853 -0.0152250900865 0.203581392765 1.52541065216
Ag 0.0219075027853 -0.544197678566 -0.241221830249 -0.0587969236076
At 1.02112352848 -0.256174623966 0.233313784003 0.97621679306
as 0.711864411831 0.738095223904 0.4375 0.588235318661
bs 0.727272748947 0.333333343267 0.756756782532 0.0
ds 0.810810804367 0.0 0.0360360369086 0.87209302187
gs 0.382978737354 0.629629611969 0.763157904148 0.09375
ts 0.647887349129 0.0694444477558 0.285714298487 0.797752797604
eeg 880.064453125 819.200195312 830.715087891 894.86932373
eeg 852.09979248 809.330322266 843.874938965 871.839599609
eeg 852.09979248 806.040344238 848.809875488 863.614685059
eeg 860.324707031 804.395385742 845.519897461 871.839599609
eeg 873.484558105 809.330322266 838.940002441 889.934387207
eeg 875.129516602 812.620300293 837.29498291 894.86932373
eeg 863.614685059 807.68536377 842.229919434 888.289367676
eeg 863.614685059 806.040344238 842.229919434 881.709472656
eeg 863.614685059 809.330322266 842.229919434 888.289367676
eeg 858.679748535 810.975280762 835.650024414 889.934387207
eeg 857.034729004 807.68536377 838.940002441 883.354431152
eeg 858.679748535 807.68536377 837.29498291 876.774536133
eeg 863.614685059 809.330322266 835.650024414 880.064453125
eeg 866.904663086 809.330322266 838.940002441 884.999450684
eeg 861.969726562 810.975280762 840.584960938 880.064453125
eeg 861.969726562 812.620300293 840.584960938 883.354431152
eeg 863.614685059 812.620300293 837.29498291 875.129516602
eeg 853.744812012 809.330322266 832.360046387 865.259643555
eeg 852.09979248 810.975280762 830.715087891 866.904663086
eeg 853.744812012 810.975280762 832.360046387 865.259643555
eeg 855.389770508 812.620300293 837.29498291 873.484558105
eeg 858.679748535 812.620300293 840.584960938 873.484558105
a 0.183492153883 0.34582567215 0.229268625379 0.147483542562
b 0.0769428238273 0.139181256294 0.183771044016 0.0322685651481
d 0.519339680672 0.277378350496 0.257572352886 0.625352561474
g 0.0191054325551 0.0840699151158 0.0847312361002 0.0157952383161
t 0.20111989975 0.153544828296 0.244656741619 0.179100126028
h 1.0 1.0 1.0 1.0
c 0.0
Aa 1.01730132103 0.0948017388582 0.195456802845 0.933870971203
Ab 0.639851987362 -0.300474733114 0.099389269948 0.273907065392
Ad 1.46913540363 -0.00098292704206 0.246011421084 1.56125235558
Ag 0.0348407104611 -0.519414842129 -0.236844271421 -0.0363464020193
At 1.05713891983 -0.257820278406 0.22366937995 1.01822328568
as 0.881355941296 0.785714268684 0.4375 0.632352948189
bs 0.727272748947 0.47619047761 0.833333313465 0.0
ds 0.904109597206 0.0 0.0720720738173 0.918604671955
gs 0.413043469191 0.730769217014 0.763157904148 0.15625
ts 0.690140843391 0.0694444477558 0.272727280855 0.85393255949
eeg 858.679748535 812.620300293 840.584960938 875.129516602
eeg 855.389770508 812.620300293 842.229919434 881.709472656
eeg 848.809875488 810.975280762 843.874938965 881.709472656
eeg 857.034729004 812.620300293 845.519897461 884.999450684
eeg 850.454833984 814.265258789 847.164855957 871.839599609
eeg 855.389770508 815.91027832 845.519897461 870.194580078
eeg 857.034729004 817.555236816 843.874938965 878.419494629
eeg 860.324707031 814.265258789 842.229919434 876.774536133
eeg 865.259643555 814.265258789 847.164855957 883.354431152
eeg 857.034729004 812.620300293 847.164855957 880.064453125
eeg 860.324707031 812.620300293 842.229919434 871.839599609
eeg 858.679748535 814.265258789 842.229919434 873.484558105
eeg 853.744812012 812.620300293 837.29498291 875.129516602
eeg 857.034729004 812.620300293 837.29498291 881.709472656
eeg 881.709472656 817.555236816 832.360046387 886.64440918
eeg 868.549621582 814.265258789 837.29498291 893.224304199
eeg 840.584960938 806.040344238 848.809875488 871.839599609
eeg 842.229919434 804.395385742 848.809875488 875.129516602
eeg 834.005004883 802.750427246 852.09979248 873.484558105
eeg 847.164855957 804.395385742 848.809875488 873.484558105
eeg 840.584960938 804.395385742 850.454833984 880.064453125
eeg 827.425109863 801.105407715 857.034729004 876.774536133
a 0.175504788756 0.339440524578 0.218261763453 0.135428518057
b 0.0751835554838 0.137141540647 0.17852909863 0.0294685903937
d 0.529319226742 0.300255477428 0.288113474846 0.642343699932
g 0.0183975957334 0.0841615274549 0.0816349610686 0.0144641362131
t 0.201594829559 0.139000952244 0.233460694551 0.178295046091
h 1.0 1.0 1.0 1.0
c 0.0
Aa 1.01730132103 0.115608558059 0.194917842746 0.954053461552
Ab 0.649135231972 -0.277986109257 0.107649199665 0.29170268774
Ad 1.49672996998 0.0623358078301 0.315503776073 1.63011085987
Ag 0.0377734340727 -0.49004149437 -0.232183620334 -0.0173641797155
At 1.07749176025 -0.272137343884 0.224153965712 1.07348263264
as 0.881355941296 0.833333313465 0.4375 0.661764681339
bs 0.772727251053 0.571428596973 0.861111104488 0.0
ds 0.931506872177 0.0674157291651 0.135135129094 1.0
gs 0.434782594442 0.879999995232 0.810810804367 0.21875
ts 0.718309879303 0.0555555559695 0.276315778494 0.910112380981
eeg 825.780151367 801.105407715 858.679748535 868.549621582
eeg 824.135131836 797.815490723 857.034729004 861.969726562
eeg 832.360046387 797.815490723 857.034729004 871.839599609
eeg 830.715087891 799.460449219 855.389770508 878.419494629
eeg 829.070068359 797.815490723 857.034729004 868.549621582
eeg 830.715087891 799.460449219 848.809875488 875.129516602
eeg 834.005004883 799.460449219 852.09979248 873.484558105
eeg 838.940002441 797.815490723 852.09979248 871.839599609
eeg 837.29498291 799.460449219 852.09979248 873.484558105
eeg 840.584960938 802.750427246 852.09979248 866.904663086
eeg 837.29498291 801.105407715 852.09979248 866.904663086
eeg 837.29498291 797.815490723 855.389770508 868.549621582
eeg 838.940002441 799.460449219 852.09979248 873.484558105
eeg 838.940002441 801.105407715 852.09979248 873.484558105
eeg 835.650024414 801.105407715 848.809875488 866.904663086
eeg 842.229919434 799.460449219 845.519897461 863.614685059
eeg 837.29498291 801.105407715 843.874938965 860.324707031
eeg 840.584960938 801.105407715 845.519897461 858.679748535
eeg 842.229919434 804.395385742 845.519897461 855.389770508
eeg 842.229919434 809.330322266 845.519897461 860.324707031
eeg 838.940002441 807.68536377 842.229919434 858.679748535
eeg 843.874938965 806.040344238 842.229919434 861.969726562
a 0.168079674244 0.327667415142 0.20411247015 0.118738949299
b 0.0585930123925 0.128025978804 0.168076276779 0.0263751484454
d 0.580251812935 0.344091683626 0.327139943838 0.667491972446
g 0.0149068972096 0.0806747153401 0.0775029063225 0.0128336269408
t 0.178168639541 0.119540207088 0.223168417811 0.174560308456
h 1.0 1.0 1.0 1.0
c 0.0
Aa 1.10874128342 0.147186860442 0.194917842746 0.967169523239
Ab 0.65107190609 -0.260948270559 0.11055470258 0.313771247864
Ad 1.64684259892 0.168427795172 0.399781882763 1.71702241898
Ag 0.0566133260727 -0.461508929729 -0.225633710623 0.000925752625335
At 1.1340572834 -0.290732383728 0.233681023121 1.134521842
as 1.0 0.928571403027 0.446808516979 0.676470577717
bs 0.772727251053 0.666666686535 0.861111104488 0.0588235296309
ds 1.0 0.193181812763 0.216216221452 1.0
gs 0.456521749496 1.0 0.810810804367 0.28125
ts 0.802816927433 0.0281690135598 0.289473682642 0.977528095245
eeg 840.584960938 806.040344238 840.584960938 863.614685059
eeg 837.29498291 806.040344238 843.874938965 866.904663086
eeg 845.519897461 807.68536377 847.164855957 866.904663086
eeg 843.874938965 809.330322266 847.164855957 860.324707031
eeg 847.164855957 809.330322266 847.164855957 861.969726562
eeg 847.164855957 810.975280762 847.164855957 865.259643555
eeg 848.809875488 810.975280762 852.09979248 870.194580078
eeg 843.874938965 810.975280762 848.809875488 866.904663086
eeg 848.809875488 809.330322266 847.164855957 866.904663086
eeg 847.164855957 807.68536377 847.164855957 861.969726562
eeg 845.519897461 807.68536377 847.164855957 861.969726562
eeg 845.519897461 806.040344238 847.164855957 871.839599609
eeg 842.229919434 804.395385742 848.809875488 865.259643555
eeg 835.650024414 802.750427246 848.809875488 861.969726562
eeg 834.005004883 804.395385742 845.519897461 858.679748535
eeg 837.29498291 804.395385742 845.519897461 855.389770508
eeg 834.005004883 806.040344238 842.229919434 863.614685059
eeg 840.584960938 807.68536377 840.584960938 863.614685059
eeg 842.229919434 807.68536377 842.229919434 861.969726562
eeg 837.29498291 810.975280762 842.229919434 861.969726562
eeg 838.940002441 812.620300293 843.874938965 855.389770508
eeg 840.584960938 810.975280762 843.874938965 860.324707031
a 0.141450017691 0.306445747614 0.190512150526 0.102584972978
b 0.048148099333 0.11750356108 0.15672442317 0.024043193087
d 0.635539650917 0.395386189222 0.364624887705 0.691973924637
g 0.0128988204524 0.0760619267821 0.0739783346653 0.0116771208122
t 0.161963403225 0.104602575302 0.214160218835 0.16972078383
h 1.0 1.0 1.0 1.0
c 0.0
Aa 1.12036263943 0.169202342629 0.194917842746 0.967169523239
Ab 0.65233874321 -0.247100248933 0.110131844878 0.337077945471
Ad 1.77290225029 0.279870212078 0.476841449738 1.79617547989
Ag 0.080309599638 -0.43598395586 -0.215900301933 0.0234215669334
At 1.17917644978 -0.297608911991 0.245733946562 1.18582081795
as 1.0 0.976190447807 0.446808516979 0.686567187309
bs 0.772727251053 0.714285731316 0.885714292526 0.117647059262
ds 1.0 0.318181812763 0.27927929163 1.0
gs 0.511111140251 1.0 0.837837815285 0.34375
ts 0.873239457607 0.0140845067799 0.30263158679 1.0
eeg 840.584960938 810.975280762 843.874938965 860.324707031
eeg 837.29498291 810.975280762 840.584960938 855.389770508
eeg 834.005004883 814.265258789 840.584960938 860.324707031
eeg 829.070068359 812.620300293 843.874938965 860.324707031
eeg 834.005004883 812.620300293 843.874938965 858.679748535
eeg 838.940002441 815.91027832 848.809875488 855.389770508
eeg 843.874938965 815.91027832 847.164855957 853.744812012
eeg 842.229919434 815.91027832 848.809875488 852.09979248
eeg 835.650024414 815.91027832 850.454833984 855.389770508
eeg 834.005004883 812.620300293 845.519897461 853.744812012
eeg 832.360046387 810.975280762 845.519897461 847.164855957
eeg 835.650024414 809.330322266 842.229919434 843.874938965
eeg 830.715087891 807.68536377 840.584960938 842.229919434
eeg 825.780151367 807.68536377 842.229919434 848.809875488
eeg 829.070068359 807.68536377 843.874938965 845.519897461
eeg 830.715087891 809.330322266 843.874938965 845.519897461
eeg 827.425109863 810.975280762 845.519897461 843.874938965
eeg 830.715087891 810.975280762 842.229919434 843.874938965
eeg 837.29498291 812.620300293 840.584960938 848.809875488
eeg 838.940002441 814.265258789 840.584960938 845.519897461
eeg 834.005004883 814.265258789 843.874938965 847.164855957
eeg 837.29498291 812.620300293 843.874938965 852.09979248
a 0.127624168992 0.268349409103 0.189515918493 0.0927218347788
b 0.0413016527891 0.110780008137 0.146133899689 0.0227995179594
d 0.669072031975 0.445732027292 0.390276104212 0.707073271275
g 0.0120482454076 0.0734571442008 0.0713056921959 0.0113258231431
t 0.149953901768 0.101681411266 0.20276838541 0.16607953608
h 1.0 1.0 1.0 1.0
c 0.0
Aa 1.13767027855 0.148929238319 0.221255138516 0.967169523239
Ab 0.647704720497 -0.235310018063 0.108360432088 0.357913196087
Ad 1.8572101593 0.369302421808 0.534981429577 1.84945189953
Ag 0.112661108375 -0.413737386465 -0.203266337514 0.0540573000908
At 1.20769500732 -0.272529840469 0.250609695911 1.22030365467
as 1.0 0.928571403027 0.5 0.681818187237
bs 0.772727251053 0.761904776096 0.911764681339 0.205882355571
ds 1.0 0.420454531908 0.333333343267 1.0
gs 0.577777802944 1.0 0.864864885807 0.4375
ts 0.901408433914 0.0563380271196 0.30666667223 1.0
eeg 830.715087891 810.975280762 845.519897461 852.09979248
eeg 829.070068359 809.330322266 840.584960938 843.874938965
eeg 829.070068359 809.330322266 840.584960938 843.874938965
eeg 832.360046387 810.975280762 842.229919434 843.874938965
eeg 838.940002441 812.620300293 840.584960938 852.09979248
eeg 832.360046387 812.620300293 840.584960938 847.164855957
eeg 827.425109863 809.330322266 835.650024414 848.809875488
eeg 832.360046387 810.975280762 835.650024414 850.454833984
eeg 827.425109863 809.330322266 837.29498291 850.454833984
eeg 827.425109863 812.620300293 837.29498291 852.09979248
eeg 832.360046387 810.975280762 837.29498291 848.809875488
eeg 835.650024414 809.330322266 840.584960938 850.454833984
eeg 830.715087891 809.330322266 837.29498291 852.09979248
eeg 835.650024414 809.330322266 842.229919434 848.809875488
eeg 837.29498291 809.330322266 840.584960938 847.164855957
eeg 835.650024414 810.975280762 843.874938965 847.164855957
eeg 838.940002441 812.620300293 852.09979248 847.164855957
eeg 827.425109863 810.975280762 847.164855957 845.519897461
eeg 829.070068359 814.265258789 843.874938965 842.229919434
eeg 827.425109863 812.620300293 843.874938965 834.005004883
eeg 829.070068359 812.620300293 845.519897461 832.360046387
eeg 838.940002441 812.620300293 845.519897461 830.715087891
a 0.120249547064 0.225646480918 0.195431321859 0.0883661136031
b 0.0371901467443 0.106987252831 0.138271644711 0.022569546476
d 0.686731517315 0.484847158194 0.406050533056 0.713037073612
g 0.012227284722 0.0725348889828 0.0698598474264 0.0117421085015
t 0.14360152185 0.109984211624 0.190386652946 0.164285138249
h 1.0 1.0 1.0 1.0
c 0.0102635417134
Aa 1.14381527901 0.0980017110705 0.256905078888 0.967169523239
Ab 0.634159684181 -0.226094812155 0.106644049287 0.374406635761
Ad 1.90051877499 0.430177986622 0.574491024017 1.87399590015
Ag 0.151061847806 -0.39487990737 -0.189861446619 0.0906298980117
At 1.22089087963 -0.21409650147 0.245547428727 1.23648202419
as 1.0 0.809523820877 0.565217375755 0.681818187237
bs 0.681818187237 0.809523820877 0.882352948189 0.235294118524
ds 1.0 0.488636374474 0.363636374474 1.0
gs 0.666666686535 1.0 0.918918907642 0.5625
ts 0.929577469826 0.126760557294 0.29333332181 1.0
eeg 843.874938965 812.620300293 845.519897461 820.845214844
eeg 842.229919434 810.975280762 843.874938965 820.845214844
eeg 837.29498291 810.975280762 845.519897461 815.91027832
eeg 837.29498291 812.620300293 850.454833984 817.555236816
eeg 820.845214844 810.975280762 848.809875488 814.265258789
eeg 796.170471191 802.750427246 850.454833984 807.68536377
eeg 786.300598145 804.395385742 848.809875488 809.330322266
eeg 783.010620117 801.105407715 850.454833984 799.460449219
eeg 771.495788574 797.815490723 855.389770508 783.010620117
eeg 764.91583252 794.525512695 853.744812012 779.720703125
eeg 748.466064453 783.010620117 858.679748535 771.495788574
eeg 748.466064453 783.010620117 860.324707031 766.560852051
eeg 748.466064453 789.590576172 853.744812012 758.3359375
eeg 728.726318359 791.235534668 852.09979248 736.951171875
eeg 732.016235352 792.880554199 850.454833984 738.596191406
eeg 732.016235352 796.170471191 847.164855957 740.241149902
eeg 738.596191406 797.815490723 847.164855957 735.306213379
eeg 746.821105957 802.750427246 843.874938965 743.53112793
eeg 748.466064453 806.040344238 840.584960938 738.596191406
eeg 746.821105957 806.040344238 832.360046387 741.886108398
eeg 755.045959473 809.330322266 830.715087891 748.466064453
eeg 768.205810547 812.620300293 827.425109863 750.111022949
a 0.115627929568 0.187847033143 0.196798726916 0.0878399088979
b 0.0349013991654 0.104029528797 0.134018436074 0.022971527651
d 0.695425033569 0.509524524212 0.41886895895 0.711527407169
g 0.0120355328545 0.0718495994806 0.0695465132594 0.0127043891698
t 0.142010092735 0.126749292016 0.180767357349 0.164956778288
h 1.0 1.0 1.0 1.0
c 0.0220723021775
Aa 1.14341652393 0.0363498553634 0.272308558226 0.967169523239
Ab 0.623196601868 -0.22029787302 0.10545078665 0.384667545557
Ad 1.92260408401 0.469710618258 0.60036444664 1.87566936016
Ag 0.16081905365 -0.381030142307 -0.179438382387 0.127431482077
At 1.23267292976 -0.1345089674 0.235406249762 1.240847826
as 1.0 0.634146332741 0.608695626259 0.681818187237
bs 0.636363625526 0.857142865658 0.882352948189 0.264705896378
ds 1.0 0.534090936184 0.390909105539 1.0
gs 0.70454543829 1.0 0.94594591856 0.709677398205
ts 0.943661987782 0.239436626434 0.283783793449 1.0
eeg 771.495788574 815.91027832 822.49017334 756.690979004
eeg 776.430725098 817.555236816 817.555236816 769.850830078
eeg 779.720703125 817.555236816 815.91027832 779.720703125
eeg 781.365661621 819.200195312 815.91027832 778.075683594
eeg 786.300598145 814.265258789 822.49017334 789.590576172
eeg 794.525512695 812.620300293 822.49017334 789.590576172
eeg 794.525512695 815.91027832 820.845214844 791.235534668
eeg 801.105407715 815.91027832 819.200195312 792.880554199
eeg 797.815490723 819.200195312 820.845214844 794.525512695
eeg 801.105407715 819.200195312 820.845214844 802.750427246
eeg 812.620300293 815.91027832 819.200195312 806.040344238
eeg 812.620300293 817.555236816 819.200195312 806.040344238
eeg 812.620300293 819.200195312 822.49017334 812.620300293
eeg 812.620300293 817.555236816 822.49017334 815.91027832
eeg 829.070068359 817.555236816 825.780151367 819.200195312
eeg 835.650024414 819.200195312 825.780151367 825.780151367
eeg 829.070068359 817.555236816 822.49017334 830.715087891
eeg 834.005004883 817.555236816 825.780151367 834.005004883
eeg 838.940002441 819.200195312 825.780151367 837.29498291
eeg 847.164855957 819.200195312 822.49017334 837.29498291
eeg 848.809875488 822.49017334 822.49017334 838.940002441
eeg 853.744812012 820.845214844 820.845214844 852.09979248
a 0.110867850482 0.169413343072 0.212573468685 0.0848330184817
b 0.0331131219864 0.100038975477 0.128919526935 0.0227446425706
d 0.704449474812 0.516769349575 0.418881118298 0.715794444084
g 0.0119117228314 0.0698242411017 0.0677188709378 0.0126077635214
t 0.139657840133 0.143954068422 0.171907022595 0.164020106196
h 1.0 1.0 1.0 1.0
c 0.0344814173877
Aa 1.14190328121 0.0118630342185 0.319671988487 0.967169523239
Ab 0.617097735405 -0.216915354133 0.102481648326 0.395483732224
Ad 1.94494748116 0.496212184429 0.61425369978 1.89339292049
Ag 0.173072203994 -0.373078346252 -0.177127346396 0.13924266398
At 1.24216294289 -0.0588606111705 0.22745655477 1.25350165367
as 1.0 0.600000023842 0.717391312122 0.681818187237
bs 0.590909063816 0.899999976158 0.882352948189 0.303030312061
ds 1.0 0.563218414783 0.403669714928 1.0
gs 0.744186043739 1.0 0.94594591856 0.741935491562
ts 0.971428573132 0.352112680674 0.283783793449 1.0
eeg 852.09979248 819.200195312 822.49017334 860.324707031
eeg 855.389770508 819.200195312 822.49017334 855.389770508
eeg 857.034729004 820.845214844 825.780151367 860.324707031
eeg 860.324707031 820.845214844 827.425109863 853.744812012
eeg 855.389770508 819.200195312 822.49017334 855.389770508
eeg 852.09979248 819.200195312 827.425109863 860.324707031
eeg 857.034729004 820.845214844 825.780151367 858.679748535
eeg 858.679748535 822.49017334 830.715087891 861.969726562
eeg 865.259643555 822.49017334 830.715087891 860.324707031
eeg 861.969726562 820.845214844 834.005004883 868.549621582
eeg 861.969726562 820.845214844 837.29498291 870.194580078
eeg 868.549621582 822.49017334 835.650024414 865.259643555
eeg 858.679748535 824.135131836 834.005004883 857.034729004
eeg 858.679748535 825.780151367 834.005004883 858.679748535
eeg 857.034729004 822.49017334 830.715087891 858.679748535
eeg 853.744812012 822.49017334 835.650024414 861.969726562
eeg 865.259643555 820.845214844 835.650024414 855.389770508
eeg 866.904663086 819.200195312 829.070068359 855.389770508
eeg 858.679748535 819.200195312 827.425109863 861.969726562
eeg 857.034729004 819.200195312 825.780151367 853.744812012
eeg 857.034729004 819.200195312 825.780151367 855.389770508
eeg 863.614685059 817.555236816 829.070068359 845.519897461
a 0.106503747404 0.186049729586 0.22742678225 0.082155905664
b 0.0318551287055 0.0933440551162 0.12353682518 0.0227715149522
d 0.713529884815 0.500338852406 0.413895964622 0.72046661377
g 0.0118484077975 0.0647392645478 0.0646358579397 0.0126343201846
t 0.136262819171 0.155528113246 0.170504555106 0.161971643567
h 1.0 1.0 1.0 1.0
c 0.0477054566145
Aa 1.14190328121 0.0873504802585 0.358845382929 0.967169523239
Ab 0.61771774292 -0.212191879749 0.0938002169132 0.409922689199
Ad 1.96795046329 0.516985654831 0.618894994259 1.91014456749
Ag 0.188198328018 -0.371110796928 -0.187522724271 0.154082641006
At 1.2489156723 0.0095303626731 0.233739763498 1.26196980476
as 1.0 0.800000011921 0.804347813129 0.681818187237
bs 0.636363625526 0.949999988079 0.878787875175 0.363636374474
ds 1.0 0.586206912994 0.412844032049 1.0
gs 0.809523820877 1.0 0.918918907642 0.774193525314
ts 0.985714256763 0.450704216957 0.283783793449 1.0
eeg 861.969726562 817.555236816 825.780151367 850.454833984
eeg 858.679748535 815.91027832 825.780151367 858.679748535
eeg 857.034729004 817.555236816 827.425109863 858.679748535
eeg 857.034729004 820.845214844 825.780151367 860.324707031
eeg 865.259643555 820.845214844 829.070068359 863.614685059
eeg 861.969726562 819.200195312 825.780151367 863.614685059
eeg 858.679748535 820.845214844 832.360046387 868.549621582
eeg 861.969726562 819.200195312 835.650024414 868.549621582
eeg 865.259643555 819.200195312 835.650024414 873.484558105
eeg 861.969726562 820.845214844 837.29498291 876.774536133
eeg 857.034729004 820.845214844 835.650024414 870.194580078
eeg 853.744812012 822.49017334 837.29498291 858.679748535
eeg 853.744812012 822.49017334 842.229919434 857.034729004
eeg 850.454833984 817.555236816 837.29498291 858.679748535
eeg 852.09979248 814.265258789 838.940002441 865.259643555
eeg 848.809875488 812.620300293 842.229919434 865.259643555
eeg 845.519897461 812.620300293 845.519897461 857.034729004
eeg 843.874938965 810.975280762 843.874938965 858.679748535
eeg 845.519897461 815.91027832 843.874938965 865.259643555
eeg 850.454833984 814.265258789 842.229919434 863.614685059
eeg 842.229919434 812.620300293 842.229919434 870.194580078
eeg 850.454833984 814.265258789 847.164855957 865.259643555
a 0.102322027087 0.231420025229 0.238537579775 0.080069154501
b 0.030765498057 0.0842105075717 0.115352034569 0.0230484772474
d 0.723502099514 0.465982347727 0.407838732004 0.724800527096
g 0.0118306977674 0.0570911020041 0.0593498721719 0.0128181381151
t 0.131579697132 0.161295995116 0.178921803832 0.159263730049
h 1.0 1.0 1.0 1.0
c 0.0616670176387
Aa 1.14190328121 0.23486712575 0.391509175301 0.967169523239
Ab 0.619998037815 -0.204167529941 0.0759776234627 0.426346540451
Ad 1.9913738966 0.538835644722 0.624440848827 1.92392277718
Ag 0.204944446683 -0.372965395451 -0.212627857924 0.171529263258
At 1.25112295151 0.0780897811055 0.266615629196 1.26582121849
as 1.0 1.0 0.869565188885 0.681818187237
bs 0.636363625526 0.949999988079 0.84375 0.375
ds 1.0 0.620689630508 0.412844032049 1.0
gs 0.833333313465 1.0 0.864864885807 0.838709652424
ts 0.985714256763 0.549295783043 0.328767120838 1.0
eeg 852.09979248 812.620300293 843.874938965 855.389770508
eeg 847.164855957 809.330322266 843.874938965 861.969726562
eeg 847.164855957 809.330322266 845.519897461 866.904663086
eeg 855.389770508 814.265258789 843.874938965 861.969726562
eeg 842.229919434 817.555236816 838.940002441 847.164855957
eeg 845.519897461 817.555236816 838.940002441 847.164855957
eeg 861.969726562 820.845214844 835.650024414 857.034729004
eeg 860.324707031 820.845214844 832.360046387 865.259643555
eeg 860.324707031 817.555236816 834.005004883 865.259643555
eeg 848.809875488 820.845214844 830.715087891 853.744812012
eeg 847.164855957 817.555236816 829.070068359 847.164855957
eeg 850.454833984 815.91027832 834.005004883 853.744812012
eeg 847.164855957 815.91027832 834.005004883 863.614685059
eeg 840.584960938 817.555236816 834.005004883 858.679748535
eeg 835.650024414 817.555236816 832.360046387 861.969726562
eeg 838.940002441 815.91027832 829.070068359 861.969726562
eeg 838.940002441 815.91027832 829.070068359 858.679748535
eeg 842.229919434 819.200195312 830.715087891 857.034729004
eeg 843.874938965 817.555236816 830.715087891 855.389770508
eeg 845.519897461 820.845214844 832.360046387 857.034729004
eeg 840.584960938 819.200195312 829.070068359 848.809875488
eeg 838.940002441 817.555236816 829.070068359 853.744812012
a 0.0984373539686 0.269329726696 0.237923935056 0.0783310458064
b 0.0293468851596 0.0755890831351 0.103548794985 0.0235003177077
d 0.733954191208 0.438317924738 0.409065842628 0.727121889591
g 0.0118365976959 0.0498432964087 0.0521810166538 0.0131714595482
t 0.126424968243 0.166919976473 0.197280406952 0.157875284553
h 1.0 1.0 1.0 1.0
c 0.0765379667282
Aa 1.14190328121 0.357104092836 0.409883469343 0.96455436945
Ab 0.616305291653 -0.194721087813 0.0485904030502 0.441694140434
Ad 2.01441216469 0.568609058857 0.64523857832 1.93222761154
Ag 0.221970170736 -0.375573426485 -0.249042108655 0.190254330635
At 1.2505761385 0.149328142405 0.328529298306 1.26893460751
as 1.0 1.0 0.913043498993 0.692307710648
bs 0.619047641754 1.0 0.78125 0.4375
ds 1.0 0.655172407627 0.431192666292 1.0
gs 0.880952358246 1.0 0.756756782532 0.899999976158
ts 0.985714256763 0.647887349129 0.430555552244 1.0
eeg 838.940002441 815.91027832 832.360046387 852.09979248
eeg 840.584960938 812.620300293 835.650024414 857.034729004
eeg 842.229919434 814.265258789 837.29498291 860.324707031
eeg 845.519897461 810.975280762 834.005004883 865.259643555
eeg 852.09979248 814.265258789 834.005004883 861.969726562
eeg 848.809875488 815.91027832 832.360046387 858.679748535
eeg 847.164855957 815.91027832 834.005004883 861.969726562
eeg 853.744812012 817.555236816 835.650024414 860.324707031
eeg 848.809875488 817.555236816 835.650024414 865.259643555
eeg 852.09979248 819.200195312 842.229919434 866.904663086
eeg 847.164855957 815.91027832 842.229919434 861.969726562
eeg 847.164855957 815.91027832 842.229919434 852.09979248
eeg 847.164855957 817.555236816 835.650024414 852.09979248
eeg 837.29498291 812.620300293 837.29498291 850.454833984
eeg 835.650024414 814.265258789 837.29498291 848.809875488
eeg 840.584960938 814.265258789 835.650024414 858.679748535
eeg 847.164855957 814.265258789 842.229919434 855.389770508
eeg 847.164855957 814.265258789 838.940002441 857.034729004
eeg 848.809875488 812.620300293 840.584960938 858.679748535
eeg 840.584960938 812.620300293 845.519897461 855.389770508
eeg 834.005004883 810.975280762 840.584960938 850.454833984
eeg 835.650024414 810.975280762 842.229919434 855.389770508
a 0.0943767651916 0.281881868839 0.231929272413 0.0736316069961
b 0.0273149646819 0.0686262696981 0.0880495682359 0.0239648353308
d 0.744500637054 0.430789411068 0.419434249401 0.72871363163
g 0.0118140084669 0.0445260107517 0.0440776348114 0.0136747797951
t 0.121993593872 0.174176454544 0.216509282589 0.160015136003
h 1.0 1.0 1.0 1.0
c 0.0923486575484
Aa 1.14190328121 0.42414227128 0.432660579681 0.940814256668
Ab 0.603438794613 -0.189434453845 0.0120322676376 0.453324407339
Ad 2.03890323639 0.608340144157 0.689968943596 1.93630683422
Ag 0.23943541944 -0.377311080694 -0.288476705551 0.20967027545
At 1.25337517262 0.215064570308 0.402781575918 1.2779109478
as 1.0 1.0 0.956521749496 0.661538481712
bs 0.571428596973 1.0 0.677419364452 0.46875
ds 1.0 0.701149404049 0.477064222097 1.0
gs 0.926829278469 1.0 0.648648619652 0.966666638851
ts 1.0 0.728571414948 0.527777791023 1.0
eeg 835.650024414 812.620300293 838.940002441 852.09979248
eeg 838.940002441 812.620300293 838.940002441 848.809875488
eeg 835.650024414 810.975280762 842.229919434 852.09979248
eeg 835.650024414 812.620300293 842.229919434 852.09979248
eeg 838.940002441 812.620300293 843.874938965 858.679748535
eeg 832.360046387 812.620300293 843.874938965 860.324707031
eeg 840.584960938 810.975280762 850.454833984 858.679748535
eeg 857.034729004 809.330322266 850.454833984 875.129516602
eeg 848.809875488 815.91027832 848.809875488 870.194580078
eeg 825.780151367 814.265258789 840.584960938 838.940002441
eeg 825.780151367 814.265258789 837.29498291 842.229919434
eeg 825.780151367 815.91027832 835.650024414 837.29498291
eeg 829.070068359 814.265258789 830.715087891 835.650024414
eeg 830.715087891 817.555236816 829.070068359 835.650024414
eeg 819.200195312 819.200195312 824.135131836 815.91027832
eeg 817.555236816 817.555236816 820.845214844 814.265258789
eeg 829.070068359 820.845214844 819.200195312 829.070068359
eeg 825.780151367 824.135131836 812.620300293 824.135131836
eeg 822.49017334 822.49017334 814.265258789 819.200195312
eeg 829.070068359 822.49017334 815.91027832 819.200195312
eeg 830.715087891 824.135131836 810.975280762 822.49017334
eeg 843.874938965 825.780151367 809.330322266 822.49017334
a 0.0888928249478 0.279843509197 0.226160436869 0.0671762824059
b 0.0245861988515 0.0627154409885 0.0723500847816 0.0239137392491
d 0.75711786747 0.437389463186 0.434980005026 0.730799436569
g 0.0115862190723 0.0406682901084 0.0370276905596 0.0140590379015
t 0.117816895247 0.179383307695 0.229481786489 0.164051473141
h 1.0 1.0 1.0 1.0
c 0.108641341329
Aa 1.14190328121 0.457279294729 0.464791566133 0.907645046711
Ab 0.583727896214 -0.192261442542 -0.0301860067993 0.459076553583
Ad 2.07220005989 0.651232361794 0.748844265938 1.94422733784
Ag 0.256978273392 -0.380380004644 -0.321098417044 0.228384688497
At 1.26424407959 0.264146089554 0.471123158932 1.29540920258
as 1.0 1.0 1.0 0.600000023842
bs 0.47619047761 1.0 0.548387110233 0.5
ds 1.0 0.747126460075 0.532110095024 1.0
gs 0.951219499111 1.0 0.567567586899 1.0
ts 1.0 0.800000011921 0.625 1.0
eeg 850.454833984 827.425109863 810.975280762 824.135131836
eeg 847.164855957 827.425109863 814.265258789 825.780151367
eeg 858.679748535 829.070068359 820.845214844 832.360046387
eeg 865.259643555 830.715087891 822.49017334 840.584960938
eeg 858.679748535 829.070068359 824.135131836 830.715087891
eeg 848.809875488 829.070068359 822.49017334 840.584960938
eeg 842.229919434 825.780151367 829.070068359 855.389770508
eeg 834.005004883 824.135131836 829.070068359 863.614685059
eeg 834.005004883 825.780151367 832.360046387 870.194580078
eeg 837.29498291 824.135131836 835.650024414 853.744812012
eeg 842.229919434 829.070068359 834.005004883 855.389770508
eeg 840.584960938 829.070068359 835.650024414 858.679748535
eeg 838.940002441 829.070068359 835.650024414 861.969726562
eeg 842.229919434 827.425109863 838.940002441 865.259643555
eeg 843.874938965 825.780151367 837.29498291 857.034729004
eeg 850.454833984 825.780151367 835.650024414 850.454833984
eeg 840.584960938 822.49017334 837.29498291 850.454833984
eeg 829.070068359 820.845214844 834.005004883 848.809875488
eeg 837.29498291 819.200195312 834.005004883 852.09979248
eeg 837.29498291 817.555236816 834.005004883 850.454833984
eeg 840.584960938 815.91027832 832.360046387 850.454833984
eeg 850.454833984 815.91027832 830.715087891 853.744812012
a 0.0810901671648 0.268583506346 0.226845011115 0.0603559613228
b 0.0215311013162 0.0583780221641 0.0594255849719 0.0230517927557
d 0.771153688431 0.452621281147 0.447125941515 0.733757376671
g 0.0110393548384 0.0378890484571 0.0319147668779 0.0141011010855
t 0.115185655653 0.182528138161 0.234688684344 0.168733775616
h 1.0 1.0 1.0 1.0
c 0.125341340899
Aa 1.14190328121 0.459791898727 0.508904993534 0.879596173763
Ab 0.566001236439 -0.203038036823 -0.0728507637978 0.461580723524
Ad 2.12007594109 0.686447560787 0.803605616093 1.96442842484
Ag 0.275878697634 -0.390773713589 -0.342832565308 0.248129040003
At 1.29433345795 0.292042434216 0.523667931557 1.32607805729
as 1.0 1.0 1.0 0.569230794907
bs 0.380952388048 0.952380955219 0.419354826212 0.5
ds 1.0 0.781609177589 0.583333313465 1.0
gs 1.0 0.969696998596 0.513513505459 1.0
ts 1.0 0.842857122421 0.694444417953 1.0
eeg 852.09979248 817.555236816 827.425109863 855.389770508
eeg 838.940002441 819.200195312 825.780151367 847.164855957
eeg 838.940002441 820.845214844 829.070068359 850.454833984
eeg 835.650024414 819.200195312 829.070068359 847.164855957
eeg 837.29498291 817.555236816 827.425109863 848.809875488
eeg 842.229919434 819.200195312 825.780151367 847.164855957
eeg 830.715087891 819.200195312 827.425109863 847.164855957
eeg 832.360046387 820.845214844 829.070068359 843.874938965
eeg 835.650024414 822.49017334 825.780151367 842.229919434
eeg 840.584960938 824.135131836 827.425109863 858.679748535
eeg 835.650024414 824.135131836 825.780151367 855.389770508
eeg 838.940002441 825.780151367 829.070068359 858.679748535
eeg 845.519897461 825.780151367 830.715087891 860.324707031
eeg 838.940002441 825.780151367 829.070068359 857.034729004
eeg 840.584960938 825.780151367 827.425109863 860.324707031
eeg 843.874938965 827.425109863 832.360046387 860.324707031
eeg 832.360046387 825.780151367 832.360046387 865.259643555
eeg 837.29498291 824.135131836 834.005004883 858.679748535
eeg 850.454833984 824.135131836 840.584960938 855.389770508
eeg 843.874938965 822.49017334 835.650024414 853.744812012
eeg 845.519897461 820.845214844 837.29498291 848.809875488
eeg 845.519897461 819.200195312 835.650024414 857.034729004
a 0.0717230737209 0.262468874454 0.226397663355 0.0543758943677
b 0.0189990252256 0.0551823377609 0.0510565303266 0.0215728934854
d 0.788618981838 0.463561028242 0.453160524368 0.741803765297
g 0.0102089410648 0.0350582934916 0.0288654305041 0.0138103645295
t 0.110449962318 0.183729469776 0.240519851446 0.168437093496
h 1.0 1.0 1.0 1.0
c 0.14204134047
Aa 1.14190328121 0.459791898727 0.539194464684 0.864544987679
Ab 0.564975619316 -0.217485785484 -0.107626192272 0.463046938181
Ad 2.18311166763 0.706821024418 0.840574622154 1.99942755699
Ag 0.295225024223 -0.414495140314 -0.355299443007 0.269343674183
At 1.32940983772 0.304892927408 0.565473437309 1.35557627678
as 1.0 1.0 1.0 0.538461565971
bs 0.380952388048 0.857142865658 0.290322571993 0.5
ds 1.0 0.8045976758 0.616822421551 1.0
gs 1.0 0.878787875175 0.459459453821 1.0
ts 1.0 0.857142865658 0.75 1.0
eeg 842.229919434 817.555236816 834.005004883 858.679748535
eeg 842.229919434 819.200195312 838.940002441 852.09979248
eeg 837.29498291 819.200195312 838.940002441 855.389770508
eeg 843.874938965 817.555236816 838.940002441 858.679748535
eeg 842.229919434 817.555236816 834.005004883 852.09979248
eeg 843.874938965 819.200195312 834.005004883 853.744812012
eeg 842.229919434 817.555236816 830.715087891 852.09979248
eeg 838.940002441 817.555236816 830.715087891 850.454833984
eeg 840.584960938 817.555236816 832.360046387 853.744812012
eeg 843.874938965 819.200195312 834.005004883 850.454833984
eeg 840.584960938 819.200195312 832.360046387 850.454833984
eeg 840.584960938 819.200195312 832.360046387 855.389770508
eeg 845.519897461 817.555236816 837.29498291 855.389770508
eeg 838.940002441 817.555236816 837.29498291 847.164855957
eeg 840.584960938 819.200195312 843.874938965 847.164855957
eeg 838.940002441 817.555236816 838.940002441 843.874938965
eeg 832.360046387 819.200195312 837.29498291 848.809875488
eeg 832.360046387 819.200195312 838.940002441 852.09979248
eeg 837.29498291 819.200195312 842.229919434 847.164855957
eeg 838.940002441 820.845214844 843.874938965 847.164855957
eeg 837.29498291 820.845214844 842.229919434 847.164855957
eeg 845.519897461 820.845214844 840.584960938 847.164855957
a 0.0538140907884 0.261106133461 0.230247110128 0.0487808510661
b 0.0177911501378 0.0532907657325 0.0460706949234 0.020402725786
d 0.815852165222 0.466379404068 0.446282058954 0.754695653915
g 0.00958970561624 0.0318320207298 0.0269025024027 0.0136962719262
t 0.102952897549 0.187391668558 0.250497609377 0.162424504757
h 1.0 1.0 1.0 1.0
c 0.158741340041
Aa 1.06703424454 0.459791898727 0.569044470787 0.844694852829
Ab 0.586342215538 -0.230373218656 -0.129724964499 0.46613368392
Ad 2.24774980545 0.711714208126 0.856459736824 2.03421735764
Ag 0.317943513393 -0.454160958529 -0.363357067108 0.293047875166
At 1.34877681732 0.315725117922 0.605653882027 1.36709702015
as 0.857142865658 1.0 1.0 0.507692337036
bs 0.47619047761 0.809523820877 0.225806444883 0.5
ds 1.0 0.816091954708 0.626168251038 1.0
gs 1.0 0.757575750351 0.472222208977 1.0
ts 1.0 0.87142854929 0.814285695553 1.0
eeg 843.874938965 819.200195312 835.650024414 847.164855957
eeg 838.940002441 820.845214844 838.940002441 848.809875488
eeg 837.29498291 819.200195312 837.29498291 845.519897461
eeg 837.29498291 817.555236816 837.29498291 850.454833984
eeg 843.874938965 815.91027832 840.584960938 861.969726562
eeg 842.229919434 817.555236816 840.584960938 863.614685059
eeg 825.780151367 817.555236816 837.29498291 848.809875488
eeg 838.940002441 817.555236816 834.005004883 858.679748535
eeg 835.650024414 819.200195312 830.715087891 855.389770508
eeg 822.49017334 817.555236816 825.780151367 845.519897461
eeg 832.360046387 820.845214844 829.070068359 850.454833984
eeg 830.715087891 822.49017334 830.715087891 840.584960938
eeg 842.229919434 822.49017334 830.715087891 838.940002441
eeg 838.940002441 819.200195312 825.780151367 840.584960938
eeg 842.229919434 819.200195312 824.135131836 838.940002441
eeg 845.519897461 822.49017334 822.49017334 838.940002441
eeg 847.164855957 824.135131836 825.780151367 845.519897461
eeg 850.454833984 824.135131836 824.135131836 842.229919434
eeg 830.715087891 825.780151367 824.135131836 834.005004883
eeg 829.070068359 824.135131836 825.780151367 832.360046387
eeg 827.425109863 820.845214844 827.425109863 834.005004883
eeg 829.070068359 820.845214844 832.360046387 835.650024414
a 0.0538140907884 0.262460440397 0.234478518367 0.0422906503081
b 0.0177911501378 0.0523541308939 0.0434632711112 0.0205477904528
d 0.815852165222 0.46089181304 0.42943122983 0.766008913517
g 0.00958970561624 0.0283399540931 0.0254289675504 0.0144921485335
t 0.102952897549 0.195953652263 0.26719802618 0.15666051209
h 1.0 1.0 1.0 1.0
c 0.175441339612
Aa 1.06703424454 0.459791898727 0.592383384705 0.785400688648
Ab 0.586342215538 -0.240321010351 -0.139597266912 0.471921473742
Ad 2.24774980545 0.704327046871 0.855173945427 2.04339027405
Ag 0.317943513393 -0.50687277317 -0.372390985489 0.320289105177
At 1.34877681732 0.332881391048 0.649113535881 1.35411584377
as 0.854545474052 1.0 1.0 0.415384620428
bs 0.47619047761 0.761904776096 0.193548381329 0.53125
ds 1.0 0.8045976758 0.626168251038 1.0
gs 1.0 0.606060624123 0.444444447756 1.0
ts 1.0 0.899999976158 0.885714292526 1.0
eeg 837.29498291 819.200195312 832.360046387 834.005004883
eeg 832.360046387 817.555236816 832.360046387 835.650024414
eeg 837.29498291 822.49017334 830.715087891 842.229919434
eeg 848.809875488 822.49017334 830.715087891 847.164855957
eeg 843.874938965 819.200195312 829.070068359 838.940002441
eeg 837.29498291 815.91027832 827.425109863 842.229919434
eeg 842.229919434 814.265258789 832.360046387 847.164855957
eeg 848.809875488 814.265258789 834.005004883 845.519897461
eeg 853.744812012 817.555236816 834.005004883 848.809875488
eeg 848.809875488 819.200195312 834.005004883 843.874938965
eeg 843.874938965 817.555236816 830.715087891 847.164855957
eeg 845.519897461 819.200195312 834.005004883 852.09979248
eeg 847.164855957 819.200195312 835.650024414 848.809875488
eeg 843.874938965 815.91027832 834.005004883 840.584960938
eeg 832.360046387 814.265258789 832.360046387 842.229919434
eeg 832.360046387 812.620300293 832.360046387 845.519897461
eeg 832.360046387 815.91027832 834.005004883 843.874938965
eeg 827.425109863 815.91027832 834.005004883 845.519897461
eeg 832.360046387 819.200195312 834.005004883 847.164855957
eeg 832.360046387 819.200195312 832.360046387 847.164855957
eeg 834.005004883 819.200195312 830.715087891 855.389770508
eeg 838.940002441 820.845214844 832.360046387 853.744812012
a 0.0538140907884 0.265871673822 0.242372855544 0.0338333286345
b 0.0177911501378 0.0519016757607 0.0419276505709 0.0227445047349
d 0.815852165222 0.447288393974 0.404591321945 0.773765027523
g 0.00958970561624 0.0250817537308 0.0238684788346 0.0169646665454
t 0.102952897549 0.209856510162 0.287239670753 0.152692481875
h 1.0 1.0 1.0 1.0
c 0.192141339183
Aa 1.06703424454 0.459791898727 0.619496762753 0.64939892292
Ab 0.586342215538 -0.249698773026 -0.142486661673 0.476930677891
Ad 2.24774980545 0.685707449913 0.842029392719 2.00866317749
Ag 0.317943513393 -0.565522253513 -0.387162446976 0.349599510431
At 1.34877681732 0.357042312622 0.693257212639 1.30387187004
as 0.854545474052 1.0 1.0 0.215384617448
bs 0.47619047761 0.714285731316 0.193548381329 0.53125
ds 1.0 0.781609177589 0.616822421551 1.0
gs 1.0 0.424242436886 0.388888895512 1.0
ts 1.0 0.928571403027 0.942857146263 1.0
eeg 843.874938965 822.49017334 827.425109863 845.519897461
eeg 837.29498291 820.845214844 829.070068359 842.229919434
eeg 834.005004883 820.845214844 829.070068359 845.519897461
eeg 838.940002441 819.200195312 825.780151367 847.164855957
eeg 837.29498291 817.555236816 825.780151367 847.164855957
eeg 837.29498291 817.555236816 827.425109863 848.809875488
eeg 838.940002441 817.555236816 829.070068359 848.809875488
eeg 835.650024414 814.265258789 830.715087891 850.454833984
eeg 840.584960938 815.91027832 834.005004883 853.744812012
eeg 840.584960938 819.200195312 832.360046387 853.744812012
eeg 838.940002441 815.91027832 837.29498291 848.809875488
eeg 842.229919434 817.555236816 834.005004883 848.809875488
eeg 838.940002441 814.265258789 832.360046387 858.679748535
eeg 837.29498291 810.975280762 830.715087891 852.09979248
eeg 840.584960938 814.265258789 830.715087891 853.744812012
eeg 835.650024414 812.620300293 830.715087891 850.454833984
eeg 835.650024414 814.265258789 827.425109863 848.809875488
eeg 837.29498291 815.91027832 829.070068359 852.09979248
eeg 838.940002441 812.620300293 830.715087891 847.164855957
eeg 838.940002441 814.265258789 830.715087891 852.09979248
eeg 837.29498291 812.620300293 830.715087891 848.809875488
eeg 835.650024414 812.620300293 829.070068359 855.389770508
a 0.0538140907884 0.271386951208 0.240269392729 0.0622065514326
b 0.0177911501378 0.0514825470746 0.0412091091275 0.0316890701652
d 0.815852165222 0.428630322218 0.385105997324 0.707389652729
g 0.00958970561624 0.0223904754966 0.0223114639521 0.0247383899987
t 0.102952897549 0.226109698415 0.311104059219 0.173976331949
h 1.0 1.0 1.0 1.0
c 0.208841338754
Aa 1.06703424454 0.459246516228 0.619496762753 0.75335007906
Ab 0.586342215538 -0.262682437897 -0.146208450198 0.460423439741
Ad 2.24774980545 0.657740414143 0.824378609657 1.80917263031
Ag 0.317943513393 -0.624279141426 -0.412673592567 0.352885395288
At 1.34877681732 0.379976719618 0.731703996658 1.2000041008
as 0.854545474052 1.0 1.0 0.369230777025
bs 0.47619047761 0.666666686535 0.161290317774 0.5
ds 1.0 0.758620679379 0.598130822182 0.961538434029
gs 1.0 0.242424249649 0.333333343267 1.0
ts 1.0 0.971428573132 1.0 0.930000007153
eeg 827.425109863 814.265258789 834.005004883 865.259643555
eeg 827.425109863 810.975280762 837.29498291 852.09979248
eeg 829.070068359 812.620300293 834.005004883 848.809875488
eeg 837.29498291 812.620300293 837.29498291 850.454833984
eeg 842.229919434 812.620300293 832.360046387 845.519897461
eeg 840.584960938 815.91027832 832.360046387 850.454833984
eeg 835.650024414 817.555236816 830.715087891 852.09979248
eeg 838.940002441 815.91027832 825.780151367 850.454833984
eeg 838.940002441 817.555236816 829.070068359 845.519897461
eeg 829.070068359 814.265258789 825.780151367 845.519897461
eeg 830.715087891 812.620300293 829.070068359 840.584960938
eeg 834.005004883 812.620300293 830.715087891 842.229919434
eeg 829.070068359 809.330322266 830.715087891 848.809875488
eeg 830.715087891 809.330322266 834.005004883 847.164855957
eeg 827.425109863 809.330322266 834.005004883 840.584960938
eeg 829.070068359 809.330322266 834.005004883 838.940002441
eeg 829.070068359 809.330322266 837.29498291 830.715087891
eeg 825.780151367 810.975280762 837.29498291 843.874938965
eeg 830.715087891 809.330322266 837.29498291 843.874938965
eeg 834.005004883 810.975280762 835.650024414 847.164855957
eeg 834.005004883 810.975280762 835.650024414 842.229919434
eeg 827.425109863 810.975280762 834.005004883 847.164855957
a 0.0538140907884 0.278588294983 0.239362210035 0.101683676243
b 0.0177911501378 0.0511914379895 0.0403349064291 0.0467481985688
d 0.815852165222 0.409693717957 0.368858575821 0.589127600193
g 0.00958970561624 0.0203033778816 0.0204134956002 0.0367387868464
t 0.102952897549 0.240223169327 0.33103081584 0.225701719522
h 1.0 1.0 1.0 1.0
c 0.225541338325
Aa 1.06703424454 0.456885248423 0.619496762753 0.759242355824
Ab 0.586342215538 -0.27888032794 -0.153877750039 0.421756029129
Ad 2.24774980545 0.624381661415 0.807301104069 1.52220058441
Ag 0.317943513393 -0.680509328842 -0.449641436338 0.317115932703
At 1.34877681732 0.392537236214 0.760309576988 1.10552597046
as 0.854545474052 1.0 1.0 0.390625
bs 0.47619047761 0.571428596973 0.129032254219 0.375
ds 1.0 0.712643682957 0.579439222813 0.679611623287
gs 1.0 0.0909090936184 0.20000000298 1.0
ts 1.0 0.985714256763 1.0 0.829999983311
eeg 830.715087891 812.620300293 834.005004883 843.874938965
eeg 827.425109863 815.91027832 832.360046387 843.874938965
eeg 824.135131836 814.265258789 834.005004883 850.454833984
eeg 830.715087891 812.620300293 837.29498291 840.584960938
eeg 829.070068359 810.975280762 838.940002441 847.164855957
eeg 824.135131836 810.975280762 838.940002441 843.874938965
eeg 830.715087891 812.620300293 842.229919434 840.584960938
eeg 843.874938965 812.620300293 838.940002441 842.229919434
eeg 845.519897461 814.265258789 838.940002441 840.584960938
eeg 852.09979248 815.91027832 837.29498291 840.584960938
eeg 857.034729004 815.91027832 835.650024414 840.584960938
eeg 860.324707031 819.200195312 838.940002441 838.940002441
eeg 858.679748535 817.555236816 838.940002441 845.519897461
eeg 842.229919434 815.91027832 840.584960938 838.940002441
eeg 832.360046387 814.265258789 842.229919434 848.809875488
eeg 827.425109863 812.620300293 843.874938965 853.744812012
eeg 822.49017334 810.975280762 842.229919434 843.874938965
eeg 822.49017334 810.975280762 840.584960938 847.164855957
eeg 820.845214844 807.68536377 840.584960938 848.809875488
eeg 817.555236816 806.040344238 840.584960938 848.809875488
eeg 815.91027832 807.68536377 843.874938965 848.809875488
eeg 820.845214844 809.330322266 842.229919434 850.454833984
a 0.0538140907884 0.288917005062 0.239516526461 0.161298274994
b 0.0177911501378 0.0512433759868 0.0393240302801 0.065562300384
d 0.815852165222 0.392938554287 0.357388287783 0.415876835585
g 0.00958970561624 0.0186500400305 0.018472680822 0.048132121563
t 0.102952897549 0.248251020908 0.345298469067 0.309130460024
h 1.0 1.0 1.0 1.0
c 0.240887284279
Aa 1.06703424454 0.456885248423 0.619496762753 0.759242355824
Ab 0.586342215538 -0.294250130653 -0.165180683136 0.368266820908
Ad 2.24774980545 0.590436816216 0.793301582336 1.17057740688
Ag 0.317943513393 -0.733208060265 -0.493308752775 0.23404763639
At 1.34877681732 0.391003161669 0.778355956078 1.04175436497
as 0.854545474052 1.0 1.0 0.390625
bs 0.47619047761 0.47619047761 0.0967741906643 0.21875
ds 1.0 0.678160905838 0.58095240593 0.339805811644
gs 1.0 0.0 0.0857142880559 0.837837815285
ts 1.0 0.985714256763 1.0 0.769999980927
eeg 824.135131836 810.975280762 843.874938965 843.874938965
eeg 825.780151367 812.620300293 845.519897461 838.940002441
eeg 824.135131836 814.265258789 845.519897461 845.519897461
eeg 827.425109863 815.91027832 847.164855957 850.454833984
eeg 830.715087891 815.91027832 847.164855957 850.454833984
eeg 832.360046387 815.91027832 850.454833984 850.454833984
eeg 827.425109863 815.91027832 853.744812012 845.519897461
eeg 829.070068359 817.555236816 855.389770508 845.519897461
eeg 830.715087891 815.91027832 848.809875488 840.584960938
eeg 832.360046387 817.555236816 843.874938965 840.584960938
eeg 832.360046387 815.91027832 843.874938965 838.940002441
eeg 830.715087891 815.91027832 840.584960938 847.164855957
eeg 834.005004883 817.555236816 842.229919434 847.164855957
eeg 829.070068359 815.91027832 838.940002441 845.519897461
eeg 835.650024414 820.845214844 837.29498291 850.454833984
eeg 837.29498291 819.200195312 840.584960938 843.874938965
eeg 837.29498291 815.91027832 835.650024414 848.809875488
eeg 843.874938965 817.555236816 837.29498291 850.454833984
eeg 847.164855957 817.555236816 830.715087891 855.389770508
eeg 855.389770508 824.135131836 825.780151367 861.969726562
eeg 873.484558105 827.425109863 827.425109863 871.839599609
eeg 861.969726562 820.845214844 832.360046387 863.614685059
a 0.30942645669 0.300738722086 0.240429535508 0.211255326867
b 0.329965531826 0.052166312933 0.0384841933846 0.0766402631998
d 0.079081274569 0.380479604006 0.350010186434 0.310213178396
g 0.09825412184 0.0175012536347 0.0168451536447 0.0461251027882
t 0.183272629976 0.249114111066 0.354230940342 0.355766147375
h 1.0 1.0 1.0 1.0
c 0.240887284279
Aa 0.610828876495 0.456885248423 0.619496762753 0.759242355824
Ab 0.638740003109 -0.30391395092 -0.176208645105 0.318891704082
Ad 0.0183451026678 0.559027314186 0.782589673996 0.926094949245
Ag 0.112622223794 -0.778234958649 -0.535016059875 0.0983720421791
At 0.383369058371 0.375094234943 0.787795484066 0.985599279404
as 0.0363636352122 1.0 1.0 0.390625
bs 0.761904776096 0.428571432829 0.0333333350718 0.0625
ds 0.0 0.651162803173 0.571428596973 0.0970873758197
gs 0.533333361149 0.0 0.0 0.5
ts 0.0 0.957142829895 1.0 0.709999978542
eeg 834.005004883 815.91027832 838.940002441 848.809875488
eeg 827.425109863 810.975280762 838.940002441 848.809875488
eeg 814.265258789 807.68536377 842.229919434 842.229919434
eeg 824.135131836 804.395385742 842.229919434 847.164855957
eeg 829.070068359 802.750427246 845.519897461 855.389770508
eeg 814.265258789 797.815490723 852.09979248 842.229919434
eeg 804.395385742 797.815490723 848.809875488 843.874938965
eeg 810.975280762 799.460449219 855.389770508 843.874938965
eeg 814.265258789 796.170471191 861.969726562 843.874938965
eeg 806.040344238 794.525512695 863.614685059 850.454833984
eeg 806.040344238 792.880554199 866.904663086 852.09979248
eeg 804.395385742 791.235534668 868.549621582 850.454833984
eeg 804.395385742 787.945556641 870.194580078 855.389770508
eeg 801.105407715 786.300598145 875.129516602 845.519897461
eeg 804.395385742 784.655639648 870.194580078 843.874938965
eeg 814.265258789 786.300598145 870.194580078 853.744812012
eeg 809.330322266 786.300598145 871.839599609 845.519897461
eeg 810.975280762 787.945556641 871.839599609 853.744812012
eeg 814.265258789 791.235534668 875.129516602 855.389770508
eeg 815.91027832 792.880554199 875.129516602 850.454833984
eeg 822.49017334 797.815490723 870.194580078 860.324707031
eeg 827.425109863 797.815490723 870.194580078 865.259643555
a 0.337045401335 0.312249183655 0.241015732288 0.233450189233
b 0.3327254951 0.0540879070759 0.0382422953844 0.0788813531399
d 0.0694861486554 0.371335327625 0.346244513988 0.306527525187
g 0.0890422537923 0.0168606508523 0.0156853459775 0.0455702878535
t 0.171700716019 0.245466917753 0.358812093735 0.335570633411
h 1.0 1.0 1.0 1.0
c 0.230728119612
Aa 0.64223664999 0.456885248423 0.619236588478 0.760655581951
Ab 0.636634349823 -0.304515868425 -0.180264830589 0.289435684681
Ad -0.0435535162687 0.53215020895 0.776574134827 0.878930807114
Ag 0.0641443952918 -0.810741782188 -0.567314684391 0.0511431097984
At 0.349320352077 0.352376908064 0.792058289051 0.918245315552
as 0.0909090936184 1.0 1.0 0.396825402975
bs 0.714285731316 0.428571432829 0.0333333350718 0.0
ds 0.0 0.616279065609 0.561904788017 0.058252427727
gs 0.422222226858 0.0 0.0 0.361111104488
ts 0.0 0.928571403027 1.0 0.649999976158
eeg 827.425109863 797.815490723 871.839599609 857.034729004
eeg 827.425109863 796.170471191 871.839599609 868.549621582
eeg 822.49017334 794.525512695 870.194580078 863.614685059
eeg 824.135131836 797.815490723 870.194580078 863.614685059
eeg 830.715087891 799.460449219 870.194580078 861.969726562
eeg 829.070068359 801.105407715 865.259643555 860.324707031
eeg 830.715087891 802.750427246 863.614685059 860.324707031
eeg 837.29498291 802.750427246 861.969726562 857.034729004
eeg 838.940002441 802.750427246 863.614685059 863.614685059
eeg 838.940002441 804.395385742 865.259643555 857.034729004
eeg 838.940002441 802.750427246 865.259643555 863.614685059
eeg 835.650024414 806.040344238 865.259643555 860.324707031
eeg 834.005004883 807.68536377 863.614685059 853.744812012
eeg 835.650024414 807.68536377 866.904663086 865.259643555
eeg 842.229919434 807.68536377 865.259643555 865.259643555
eeg 840.584960938 807.68536377 863.614685059 857.034729004
eeg 837.29498291 804.395385742 861.969726562 866.904663086
eeg 834.005004883 806.040344238 860.324707031 860.324707031
eeg 834.005004883 806.040344238 858.679748535 852.09979248
eeg 837.29498291 809.330322266 857.034729004 850.454833984
eeg 832.360046387 809.330322266 855.389770508 847.164855957
eeg 832.360046387 810.975280762 852.09979248 847.164855957
a 0.37620189786 0.3223349154 0.239775568247 0.257339566946
b 0.317745238543 0.0566838607192 0.0388770848513 0.080447845161
d 0.0603922046721 0.364751517773 0.345990300179 0.300641328096
g 0.0778103917837 0.0166743807495 0.0149198872969 0.0465899296105
t 0.167850270867 0.239555329084 0.36043715477 0.314981341362
h 1.0 1.0 1.0 1.0
c 0.219316452742
Aa 0.71769797802 0.456885248423 0.615395903587 0.768572509289
Ab 0.644356071949 -0.297962665558 -0.174715325236 0.26358038187
Ad -0.0767421275377 0.510574996471 0.77465492487 0.836114645004
Ag 0.0333145819604 -0.829372346401 -0.590643465519 0.0263580214232
At 0.367199063301 0.327983766794 0.792420566082 0.856350779533
as 0.218181818724 1.0 1.0 0.403225809336
bs 0.761904776096 0.47619047761 0.0333333350718 0.0
ds 0.0 0.593023240566 0.561904788017 0.0
gs 0.355555564165 0.0 0.0 0.277777791023
ts 0.0 0.913043498993 1.0 0.579999983311
eeg 835.650024414 810.975280762 850.454833984 857.034729004
eeg 835.650024414 809.330322266 855.389770508 850.454833984
eeg 837.29498291 810.975280762 853.744812012 847.164855957
eeg 838.940002441 810.975280762 855.389770508 845.519897461
eeg 842.229919434 810.975280762 853.744812012 852.09979248
eeg 842.229919434 814.265258789 850.454833984 857.034729004
eeg 840.584960938 814.265258789 852.09979248 857.034729004
eeg 843.874938965 810.975280762 848.809875488 863.614685059
eeg 842.229919434 812.620300293 847.164855957 858.679748535
eeg 837.29498291 810.975280762 845.519897461 863.614685059
eeg 843.874938965 812.620300293 845.519897461 863.614685059
eeg 845.519897461 812.620300293 845.519897461 863.614685059
eeg 848.809875488 810.975280762 845.519897461 871.839599609
eeg 843.874938965 810.975280762 847.164855957 866.904663086
eeg 845.519897461 807.68536377 842.229919434 863.614685059
eeg 848.809875488 809.330322266 845.519897461 860.324707031
eeg 850.454833984 809.330322266 843.874938965 860.324707031
eeg 848.809875488 807.68536377 842.229919434 853.744812012
eeg 838.940002441 807.68536377 840.584960938 853.744812012
eeg 838.940002441 809.330322266 837.29498291 850.454833984
eeg 830.715087891 807.68536377 834.005004883 843.874938965
eeg 832.360046387 807.68536377 827.425109863 845.519897461
a 0.398253113031 0.329288035631 0.234675124288 0.280409902334
b 0.293517589569 0.0594096891582 0.0405616462231 0.0819800794125
d 0.0573810189962 0.359831959009 0.347598582506 0.292883634567
g 0.0678791105747 0.0167057011276 0.014448502101 0.0494725070894
t 0.182969167829 0.234764620662 0.362716138363 0.295253872871
h 1.0 1.0 1.0 1.0
c 0.208042874932
Aa 0.796021342278 0.456885248423 0.601998984814 0.778076052666
Ab 0.663496315479 -0.286833405495 -0.160352483392 0.243991032243
Ad -0.0453695617616 0.495409041643 0.772609949112 0.796977818012
Ag 0.0275983307511 -0.83782595396 -0.608645260334 0.0246466081589
At 0.458240091801 0.30994194746 0.791098833084 0.800478279591
as 0.363636374474 1.0 1.0 0.419354826212
bs 0.857142865658 0.523809552193 0.10000000149 0.0
ds 0.0 0.569767415524 0.561904788017 0.0
gs 0.37209302187 0.0 0.0 0.277777791023
ts 0.0 0.884057998657 1.0 0.52999997139
eeg 830.715087891 809.330322266 827.425109863 843.874938965
eeg 822.49017334 809.330322266 825.780151367 837.29498291
eeg 820.845214844 810.975280762 825.780151367 837.29498291
eeg 829.070068359 814.265258789 825.780151367 838.940002441
eeg 825.780151367 810.975280762 825.780151367 847.164855957
eeg 822.49017334 812.620300293 824.135131836 850.454833984
eeg 829.070068359 814.265258789 829.070068359 840.584960938
eeg 827.425109863 814.265258789 829.070068359 838.940002441
eeg 829.070068359 814.265258789 829.070068359 829.070068359
eeg 829.070068359 814.265258789 827.425109863 834.005004883
eeg 827.425109863 810.975280762 825.780151367 837.29498291
eeg 825.780151367 810.975280762 824.135131836 837.29498291
eeg 829.070068359 812.620300293 827.425109863 840.584960938
eeg 830.715087891 812.620300293 834.005004883 838.940002441
eeg 832.360046387 812.620300293 832.360046387 843.874938965
eeg 834.005004883 814.265258789 834.005004883 835.650024414
eeg 829.070068359 812.620300293 830.715087891 834.005004883
eeg 820.845214844 812.620300293 830.715087891 829.070068359
eeg 824.135131836 815.91027832 825.780151367 825.780151367
eeg 825.780151367 814.265258789 824.135131836 834.005004883
eeg 824.135131836 810.975280762 829.070068359 838.940002441
eeg 829.070068359 812.620300293 829.070068359 842.229919434
a 0.377123713493 0.323727756739 0.227227419615 0.298599690199
b 0.274028658867 0.0620774514973 0.0421928986907 0.0837101042271
d 0.0674128383398 0.36178740859 0.354332149029 0.286551117897
g 0.0619174391031 0.0167328771204 0.0139430547133 0.0533903986216
t 0.219517350197 0.235674500465 0.362304478884 0.277748674154
h 1.0 1.0 1.0 1.0
c 0.197427377105
Aa 0.828462958336 0.444971680641 0.587729990482 0.78554135561
Ab 0.689775109291 -0.272274374962 -0.143491402268 0.233229875565
Ad 0.080721758306 0.493245214224 0.780679762363 0.767654120922
Ag 0.0437921136618 -0.841637611389 -0.624372839928 0.0379151366651
At 0.593447983265 0.307104349136 0.790342926979 0.754103958607
as 0.436363637447 1.0 1.0 0.419354826212
bs 1.0 0.619047641754 0.133333340287 0.0
ds 0.0 0.569767415524 0.571428596973 0.0
gs 0.395348846912 0.0 0.0 0.333333343267
ts 0.0666666701436 0.869565188885 1.0 0.479999989271
eeg 829.070068359 810.975280762 829.070068359 840.584960938
eeg 832.360046387 810.975280762 830.715087891 840.584960938
eeg 832.360046387 810.975280762 824.135131836 840.584960938
eeg 837.29498291 810.975280762 825.780151367 834.005004883
eeg 830.715087891 809.330322266 827.425109863 829.070068359
eeg 827.425109863 810.975280762 824.135131836 832.360046387
eeg 827.425109863 810.975280762 827.425109863 837.29498291
eeg 825.780151367 809.330322266 829.070068359 845.519897461
eeg 832.360046387 812.620300293 832.360046387 843.874938965
eeg 822.49017334 810.975280762 830.715087891 838.940002441
eeg 817.555236816 809.330322266 827.425109863 840.584960938
eeg 822.49017334 807.68536377 824.135131836 832.360046387
eeg 820.845214844 807.68536377 822.49017334 832.360046387
eeg 819.200195312 807.68536377 825.780151367 830.715087891
eeg 819.200195312 809.330322266 827.425109863 832.360046387
eeg 819.200195312 810.975280762 829.070068359 840.584960938
eeg 824.135131836 810.975280762 825.780151367 829.070068359
eeg 817.555236816 812.620300293 827.425109863 830.715087891
eeg 825.780151367 812.620300293 829.070068359 837.29498291
eeg 829.070068359 812.620300293 827.425109863 832.360046387
eeg 822.49017334 812.620300293 830.715087891 847.164855957
eeg 824.135131836 814.265258789 835.650024414 855.389770508
a 0.336693644524 0.294256359339 0.212256848812 0.311751812696
b 0.254491865635 0.0648854002357 0.04278402403 0.0853355973959
d 0.0904833227396 0.377035021782 0.37464517355 0.284052163363
g 0.0578161366284 0.0167471002787 0.0132676437497 0.0567832663655
t 0.260515034199 0.247076123953 0.357046306133 0.262077152729
h 1.0 1.0 1.0 1.0
c 0.197427377105
Aa 0.834376573563 0.401127189398 0.566747426987 0.794623553753
Ab 0.712815523148 -0.25545167923 -0.128832668066 0.231944799423
Ad 0.263710170984 0.508783042431 0.813505828381 0.754212677479
Ag 0.0691907033324 -0.843659043312 -0.637320458889 0.0550349280238
At 0.722974419594 0.325232118368 0.792610228062 0.719243764877
as 0.436363637447 1.0 0.982758641243 0.43548387289
bs 1.0 0.666666686535 0.20000000298 0.0
ds 0.0 0.593023240566 0.600000023842 0.0
gs 0.452380955219 0.0 0.0 0.371428579092
ts 0.239999994636 0.898550748825 1.0 0.449999988079
eeg 827.425109863 815.91027832 834.005004883 858.679748535
eeg 825.780151367 815.91027832 834.005004883 845.519897461
eeg 824.135131836 814.265258789 834.005004883 847.164855957
eeg 834.005004883 814.265258789 830.715087891 850.454833984
eeg 824.135131836 810.975280762 834.005004883 855.389770508
eeg 820.845214844 812.620300293 837.29498291 850.454833984
eeg 824.135131836 810.975280762 835.650024414 855.389770508
eeg 829.070068359 812.620300293 834.005004883 852.09979248
eeg 835.650024414 812.620300293 837.29498291 850.454833984
eeg 835.650024414 812.620300293 838.940002441 860.324707031
eeg 827.425109863 810.975280762 837.29498291 848.809875488
eeg 837.29498291 809.330322266 837.29498291 843.874938965
eeg 857.034729004 810.975280762 834.005004883 860.324707031
eeg 835.650024414 810.975280762 832.360046387 848.809875488
eeg 837.29498291 812.620300293 830.715087891 858.679748535
eeg 835.650024414 812.620300293 830.715087891 871.839599609
eeg 815.91027832 809.330322266 830.715087891 861.969726562
eeg 825.780151367 810.975280762 829.070068359 845.519897461
eeg 819.200195312 812.620300293 832.360046387 850.454833984
eeg 825.780151367 809.330322266 832.360046387 847.164855957
eeg 840.584960938 807.68536377 830.715087891 848.809875488
eeg 842.229919434 812.620300293 832.360046387 843.874938965
a 0.30497944355 0.244487136602 0.186355993152 0.317295879126
b 0.232704296708 0.0672444924712 0.0418468527496 0.0862900093198
d 0.118968218565 0.402830213308 0.415905803442 0.2893448174
g 0.0540843755007 0.0166965443641 0.0123660145327 0.0584597215056
t 0.289263665676 0.268741607666 0.343525320292 0.248609572649
h 1.0 1.0 1.0 1.0
c 0.197427377105
Aa 0.841492950916 0.320339381695 0.531000673771 0.802765071392
Ab 0.724026739597 -0.24025991559 -0.117679871619 0.237261131406
Ad 0.432653307915 0.537205398083 0.879652321339 0.762716293335
Ag 0.09029417485 -0.845290064812 -0.647112905979 0.0681573599577
At 0.818516254425 0.361418277025 0.796616077423 0.696818470955
as 0.454545468092 0.873015880585 0.931034505367 0.451612889767
bs 1.0 0.800000011921 0.233333334327 0.0
ds 0.0925925895572 0.616279065609 0.666666686535 0.0
gs 0.5 0.0 0.0 0.428571432829
ts 0.373333334923 0.956521749496 1.0 0.419999986887
eeg 852.09979248 817.555236816 830.715087891 838.940002441
eeg 852.09979248 819.200195312 832.360046387 848.809875488
eeg 848.809875488 820.845214844 832.360046387 853.744812012
eeg 834.005004883 817.555236816 834.005004883 863.614685059
eeg 822.49017334 817.555236816 834.005004883 857.034729004
eeg 817.555236816 817.555236816 829.070068359 852.09979248
eeg 817.555236816 817.555236816 827.425109863 853.744812012
eeg 822.49017334 814.265258789 829.070068359 853.744812012
eeg 832.360046387 812.620300293 829.070068359 857.034729004
eeg 837.29498291 810.975280762 829.070068359 860.324707031
eeg 843.874938965 814.265258789 827.425109863 881.709472656
eeg 837.29498291 819.200195312 815.91027832 853.744812012
eeg 827.425109863 819.200195312 817.555236816 832.360046387
eeg 822.49017334 819.200195312 814.265258789 840.584960938
eeg 824.135131836 817.555236816 810.975280762 834.005004883
eeg 819.200195312 815.91027832 810.975280762 838.940002441
eeg 820.845214844 819.200195312 807.68536377 827.425109863
eeg 817.555236816 817.555236816 810.975280762 814.265258789
eeg 822.49017334 814.265258789 812.620300293 827.425109863
eeg 837.29498291 819.200195312 807.68536377 840.584960938
eeg 824.135131836 820.845214844 802.750427246 835.650024414
eeg 815.91027832 819.200195312 806.040344238 825.780151367
a 0.282432585955 0.180494487286 0.166835486889 0.317433029413
b 0.214655682445 0.0692204982042 0.0394645743072 0.0860518664122
d 0.147966966033 0.435902148485 0.463972598314 0.302692830563
g 0.0510149374604 0.0168035496026 0.0112746935338 0.0579210557044
t 0.303929805756 0.297579318285 0.318452656269 0.235901221633
h 1.0 1.0 1.0 1.0
c 0.197427377105
Aa 0.841492950916 0.184562206268 0.518807291985 0.813721477985
Ab 0.722320556641 -0.231667011976 -0.107273705304 0.246829643846
Ad 0.560742914677 0.567487299442 0.963011205196 0.793071508408
Ag 0.0982754826546 -0.846500694752 -0.651376366615 0.0749058350921
At 0.873351454735 0.401701033115 0.799563705921 0.684799551964
as 0.454545468092 0.645161271095 0.913793087006 0.467741936445
bs 1.0 0.850000023842 0.266666680574 0.0
ds 0.172839507461 0.651162803173 0.742857158184 0.0285714287311
gs 0.523809552193 0.0 0.0 0.428571432829
ts 0.432432442904 1.0 1.0 0.409999996424
eeg 819.200195312 819.200195312 809.330322266 819.200195312
eeg 825.780151367 815.91027832 809.330322266 830.715087891
eeg 830.715087891 814.265258789 809.330322266 832.360046387
eeg 829.070068359 815.91027832 807.68536377 820.845214844
eeg 827.425109863 817.555236816 801.105407715 822.49017334
eeg 832.360046387 820.845214844 804.395385742 825.780151367
eeg 835.650024414 817.555236816 801.105407715 824.135131836
eeg 832.360046387 814.265258789 802.750427246 830.715087891
eeg 832.360046387 812.620300293 802.750427246 829.070068359
eeg 834.005004883 814.265258789 801.105407715 830.715087891
eeg 830.715087891 814.265258789 801.105407715 835.650024414
eeg 837.29498291 814.265258789 801.105407715 832.360046387
eeg 838.940002441 814.265258789 802.750427246 832.360046387
eeg 834.005004883 815.91027832 802.750427246 834.005004883
eeg 840.584960938 819.200195312 807.68536377 834.005004883
eeg 838.940002441 819.200195312 806.040344238 830.715087891
eeg 842.229919434 819.200195312 802.750427246 830.715087891
eeg 842.229919434 820.845214844 801.105407715 834.005004883
eeg 847.164855957 822.49017334 801.105407715 842.229919434
eeg 848.809875488 820.845214844 802.750427246 848.809875488
eeg 850.454833984 820.845214844 804.395385742 843.874938965
eeg 848.809875488 819.200195312 799.460449219 845.519897461
a 0.271363198757 0.127924948931 0.150585502386 0.310567051172
b 0.201849520206 0.0698157697916 0.037364397198 0.0860827937722
d 0.172436311841 0.462877839804 0.509344875813 0.322232365608
g 0.0484470948577 0.016970872879 0.010486102663 0.056420404464
t 0.305903881788 0.322410583496 0.292219132185 0.224697381258
h 1.0 1.0 1.0 1.0
c 0.197427377105
Aa 0.841492950916 0.0305406562984 0.506896436214 0.818504154682
Ab 0.712969720364 -0.232461109757 -0.0984287261963 0.261265128851
Ad 0.644570708275 0.589051783085 1.03612530231 0.83451795578
Ag 0.0932097285986 -0.846710443497 -0.650272607803 0.0777849704027
At 0.89352697134 0.431994646788 0.794821918011 0.677946805954
as 0.454545468092 0.403225809336 0.879310369492 0.483870953321
bs 1.0 0.850000023842 0.300000011921 0.0
ds 0.197452232242 0.694117665291 0.809523820877 0.0666666701436
gs 0.5 0.0 0.0 0.457142859697
ts 0.459459453821 1.0 1.0 0.409999996424
eeg 852.09979248 819.200195312 797.815490723 835.650024414
eeg 848.809875488 819.200195312 799.460449219 834.005004883
eeg 837.29498291 820.845214844 801.105407715 829.070068359
eeg 837.29498291 817.555236816 807.68536377 827.425109863
eeg 843.874938965 814.265258789 807.68536377 835.650024414
eeg 845.519897461 815.91027832 807.68536377 834.005004883
eeg 847.164855957 815.91027832 806.040344238 827.425109863
eeg 840.584960938 815.91027832 804.395385742 827.425109863
eeg 835.650024414 817.555236816 807.68536377 819.200195312
eeg 835.650024414 815.91027832 804.395385742 832.360046387
eeg 835.650024414 815.91027832 806.040344238 840.584960938
eeg 838.940002441 810.975280762 809.330322266 834.005004883
eeg 842.229919434 814.265258789 812.620300293 838.940002441
eeg 837.29498291 815.91027832 815.91027832 837.29498291
eeg 838.940002441 815.91027832 810.975280762 838.940002441
eeg 840.584960938 817.555236816 812.620300293 848.809875488
eeg 843.874938965 815.91027832 815.91027832 840.584960938
eeg 834.005004883 812.620300293 814.265258789 843.874938965
eeg 848.809875488 814.265258789 815.91027832 868.549621582
eeg 855.389770508 820.845214844 814.265258789 861.969726562
eeg 824.135131836 820.845214844 809.330322266 830.715087891
eeg 824.135131836 817.555236816 812.620300293 824.135131836
a 0.267932504416 0.110843241215 0.140032470226 0.303447812796
b 0.196377560496 0.0686686486006 0.0363453291357 0.0873163715005
d 0.189530268312 0.470997005701 0.545365512371 0.340908557177
g 0.0463857166469 0.0171628016979 0.0101542333141 0.0549088455737
t 0.299773961306 0.332328289747 0.26810246706 0.213418424129
h 1.0 1.0 1.0 1.0
c 0.197427377105
Aa 0.841492950916 -0.032713573426 0.493635714054 0.824980080128
Ab 0.706559360027 -0.240664288402 -0.0921444445848 0.283991724253
Ad 0.69114613533 0.595595359802 1.08409464359 0.875533938408
Ag 0.0798517987132 -0.84283465147 -0.645945906639 0.0825383812189
At 0.890261411667 0.444144517183 0.775707781315 0.672127962112
as 0.444444447756 0.306451618671 0.86206895113 0.49180328846
bs 0.956521749496 0.800000011921 0.333333343267 0.0303030312061
ds 0.224358975887 0.694117665291 0.855769217014 0.0961538478732
gs 0.487804889679 0.0 0.0 0.457142859697
ts 0.459459453821 1.0 0.973684191704 0.40000000596
eeg 822.49017334 812.620300293 814.265258789 819.200195312
eeg 806.040344238 810.975280762 812.620300293 810.975280762
eeg 802.750427246 820.845214844 806.040344238 815.91027832
eeg 776.430725098 819.200195312 804.395385742 778.075683594
eeg 768.205810547 824.135131836 814.265258789 771.495788574
eeg 761.625915527 817.555236816 804.395385742 776.430725098
eeg 761.625915527 817.555236816 820.845214844 773.14074707
eeg 748.466064453 809.330322266 820.845214844 740.241149902
eeg 745.176086426 807.68536377 812.620300293 738.596191406
eeg 750.111022949 807.68536377 825.780151367 751.75604248
eeg 755.045959473 807.68536377 815.91027832 755.045959473
eeg 769.850830078 814.265258789 820.845214844 783.010620117
eeg 769.850830078 812.620300293 820.845214844 783.010620117
eeg 787.945556641 812.620300293 822.49017334 792.880554199
eeg 792.880554199 812.620300293 820.845214844 801.105407715
eeg 801.105407715 817.555236816 824.135131836 802.750427246
eeg 802.750427246 814.265258789 825.780151367 799.460449219
eeg 801.105407715 817.555236816 820.845214844 809.330322266
eeg 814.265258789 820.845214844 825.780151367 820.845214844
eeg 815.91027832 820.845214844 832.360046387 829.070068359
eeg 825.780151367 820.845214844 832.360046387 830.715087891
eeg 822.49017334 822.49017334 834.005004883 843.874938965
a 0.267009407282 0.112607784569 0.13328486681 0.300439268351
b 0.197406500578 0.0681861490011 0.0363724939525 0.0892373621464
d 0.200041100383 0.467991411686 0.574403703213 0.35351100564
g 0.0445965789258 0.0179517436773 0.0102369906381 0.0538210980594
t 0.290946424007 0.33326292038 0.245701953769 0.202991247177
h 1.0 1.0 1.0 1.0
c 0.197427377105
Aa 0.841492950916 -0.031836822629 0.475490897894 0.841136574745
Ab 0.710327863693 -0.249709069729 -0.0885168612003 0.313926577568
Ad 0.716085612774 0.586832642555 1.10992729664 0.911782801151
Ag 0.0642679259181 -0.829298615456 -0.639117658138 0.094332434237
At 0.878779411316 0.439381748438 0.74111866951 0.670857191086
as 0.444444447756 0.306451618671 0.827586233616 0.524590134621
bs 1.0 0.75 0.333333343267 0.121212124825
ds 0.232258066535 0.68235296011 0.884615361691 0.134615391493
gs 0.43902438879 0.0 0.0 0.485714286566
ts 0.445945948362 1.0 0.933333337307 0.40000000596
eeg 825.780151367 820.845214844 834.005004883 842.229919434
eeg 837.29498291 817.555236816 832.360046387 835.650024414
eeg 835.650024414 820.845214844 830.715087891 829.070068359
eeg 837.29498291 824.135131836 819.200195312 834.005004883
eeg 830.715087891 822.49017334 824.135131836 847.164855957
eeg 837.29498291 822.49017334 834.005004883 842.229919434
eeg 845.519897461 825.780151367 842.229919434 842.229919434
eeg 838.940002441 825.780151367 842.229919434 842.229919434
eeg 842.229919434 812.620300293 824.135131836 842.229919434
eeg 840.584960938 815.91027832 827.425109863 855.389770508
eeg 842.229919434 814.265258789 825.780151367 848.809875488
eeg 852.09979248 817.555236816 832.360046387 848.809875488
eeg 850.454833984 822.49017334 834.005004883 857.034729004
eeg 845.519897461 819.200195312 829.070068359 857.034729004
eeg 852.09979248 819.200195312 835.650024414 865.259643555
eeg 843.874938965 822.49017334 834.005004883 855.389770508
eeg 845.519897461 820.845214844 832.360046387 858.679748535
eeg 853.744812012 817.555236816 838.940002441 871.839599609
eeg 848.809875488 817.555236816 837.29498291 863.614685059
eeg 843.874938965 820.845214844 832.360046387 855.389770508
eeg 843.874938965 819.200195312 832.360046387 850.454833984
eeg 843.874938965 817.555236816 830.715087891 855.389770508
a 0.262876570225 0.119945734739 0.124291606247 0.316935092211
b 0.200030580163 0.06931296736 0.0367663241923 0.0883287042379
d 0.208999678493 0.462229698896 0.607054650784 0.3493270576
g 0.0425149127841 0.0196109395474 0.0105093102902 0.0515154749155
t 0.285578250885 0.328900665045 0.221378102899 0.193893656135
h 1.0 1.0 1.0 1.0
c 0.197427377105
Aa 0.841492950916 -0.0154157588258 0.442868709564 0.901669323444
Ab 0.72283744812 -0.253586083651 -0.0861228853464 0.346800863743
Ad 0.741886675358 0.570457279682 1.13165473938 0.943931221962
Ag 0.0502823442221 -0.80190217495 -0.629998862743 0.112636700273
At 0.877466201782 0.422664195299 0.693561553955 0.688262581825
as 0.433962255716 0.322580635548 0.789473712444 0.633333325386
bs 1.0 0.699999988079 0.333333343267 0.21875
ds 0.210884347558 0.670588254929 0.903846144676 0.163461536169
gs 0.414634138346 0.0 0.0 0.542857170105
ts 0.432432442904 1.0 0.866666674614 0.424242436886
eeg 848.809875488 819.200195312 834.005004883 858.679748535
eeg 850.454833984 819.200195312 838.940002441 865.259643555
eeg 843.874938965 820.845214844 840.584960938 870.194580078
