860.324707031 852.09979248 829.070068359 868.549621582
858.679748535 850.454833984 827.425109863 868.549621582
852.09979248 848.809875488 827.425109863 870.194580078
842.229919434 847.164855957 830.715087891 860.324707031
847.164855957 845.519897461 830.715087891 865.259643555
840.584960938 847.164855957 832.360046387 853.744812012
842.229919434 847.164855957 829.070068359 855.389770508
837.29498291 847.164855957 829.070068359 857.034729004
832.360046387 848.809875488 829.070068359 855.389770508
830.715087891 840.584960938 827.425109863 861.969726562
835.650024414 842.229919434 829.070068359 866.904663086
852.09979248 848.809875488 827.425109863 871.839599609
853.744812012 845.519897461 827.425109863 876.774536133
857.034729004 847.164855957 834.005004883 880.064453125
863.614685059 842.229919434 830.715087891 880.064453125
866.904663086 848.809875488 825.780151367 878.419494629
871.839599609 850.454833984 825.780151367 881.709472656
871.839599609 852.09979248 824.135131836 878.419494629
866.904663086 852.09979248 825.780151367 878.419494629
865.259643555 852.09979248 827.425109863 881.709472656
868.549621582 848.809875488 824.135131836 880.064453125
873.484558105 850.454833984 827.425109863 873.484558105
873.484558105 847.164855957 832.360046387 875.129516602
875.129516602 842.229919434 830.715087891 876.774536133
860.324707031 848.809875488 829.070068359 866.904663086
860.324707031 845.519897461 832.360046387 865.259643555
857.034729004 845.519897461 830.715087891 868.549621582
857.034729004 843.874938965 830.715087891 870.194580078
855.389770508 845.519897461 829.070068359 881.709472656
850.454833984 848.809875488 829.070068359 875.129516602
852.09979248 845.519897461 829.070068359 875.129516602
848.809875488 848.809875488 832.360046387 873.484558105
848.809875488 848.809875488 834.005004883 870.194580078
852.09979248 842.229919434 832.360046387 870.194580078
853.744812012 847.164855957 832.360046387 871.839599609
855.389770508 843.874938965 827.425109863 875.129516602
853.744812012 847.164855957 827.425109863 866.904663086
853.744812012 843.874938965 827.425109863 870.194580078
853.744812012 847.164855957 829.070068359 865.259643555
860.324707031 847.164855957 830.715087891 870.194580078
868.549621582 845.519897461 832.360046387 880.064453125
861.969726562 847.164855957 832.360046387 866.904663086
866.904663086 842.229919434 830.715087891 878.419494629
865.259643555 842.229919434 832.360046387 880.064453125
860.324707031 845.519897461 834.005004883 883.354431152
858.679748535 847.164855957 834.005004883 880.064453125
863.614685059 848.809875488 832.360046387 875.129516602
860.324707031 847.164855957 829.070068359 868.549621582
863.614685059 852.09979248 824.135131836 863.614685059
868.549621582 853.744812012 829.070068359 860.324707031
860.324707031 852.09979248 827.425109863 866.904663086
858.679748535 850.454833984 827.425109863 873.484558105
855.389770508 850.454833984 829.070068359 868.549621582
848.809875488 855.389770508 827.425109863 852.09979248
857.034729004 852.09979248 825.780151367 855.389770508
863.614685059 850.454833984 825.780151367 861.969726562
866.904663086 847.164855957 825.780151367 866.904663086
865.259643555 848.809875488 824.135131836 865.259643555
866.904663086 852.09979248 825.780151367 863.614685059
868.549621582 852.09979248 827.425109863 866.904663086
863.614685059 847.164855957 827.425109863 868.549621582
863.614685059 847.164855957 827.425109863 868.549621582
858.679748535 850.454833984 827.425109863 861.969726562
853.744812012 857.034729004 824.135131836 855.389770508
858.679748535 852.09979248 822.49017334 860.324707031
861.969726562 848.809875488 822.49017334 858.679748535
855.389770508 855.389770508 820.845214844 848.809875488
847.164855957 858.679748535 819.200195312 847.164855957
857.034729004 858.679748535 819.200195312 850.454833984
852.09979248 857.034729004 819.200195312 847.164855957
855.389770508 852.09979248 819.200195312 853.744812012
842.229919434 847.164855957 820.845214844 847.164855957
837.29498291 855.389770508 820.845214844 843.874938965
845.519897461 852.09979248 817.555236816 852.09979248
845.519897461 847.164855957 819.200195312 858.679748535
848.809875488 843.874938965 827.425109863 861.969726562
843.874938965 847.164855957 825.780151367 866.904663086
843.874938965 847.164855957 827.425109863 865.259643555
850.454833984 852.09979248 822.49017334 863.614685059
843.874938965 852.09979248 822.49017334 858.679748535
850.454833984 850.454833984 824.135131836 855.389770508
845.519897461 855.389770508 822.49017334 855.389770508
850.454833984 848.809875488 822.49017334 857.034729004
852.09979248 850.454833984 822.49017334 858.679748535
855.389770508 853.744812012 825.780151367 855.389770508
857.034729004 847.164855957 825.780151367 861.969726562
852.09979248 855.389770508 824.135131836 855.389770508
858.679748535 848.809875488 822.49017334 857.034729004
858.679748535 848.809875488 822.49017334 853.744812012
860.324707031 850.454833984 824.135131836 847.164855957
861.969726562 847.164855957 824.135131836 850.454833984
850.454833984 845.519897461 822.49017334 853.744812012
847.164855957 843.874938965 822.49017334 852.09979248
845.519897461 847.164855957 822.49017334 853.744812012
838.940002441 848.809875488 817.555236816 850.454833984
830.715087891 848.809875488 820.845214844 855.389770508
830.715087891 847.164855957 820.845214844 861.969726562
819.200195312 847.164855957 820.845214844 860.324707031
822.49017334 845.519897461 825.780151367 863.614685059
829.070068359 845.519897461 825.780151367 866.904663086
830.715087891 852.09979248 822.49017334 861.969726562
842.229919434 848.809875488 820.845214844 861.969726562
838.940002441 847.164855957 820.845214844 857.034729004
847.164855957 847.164855957 820.845214844 863.614685059
848.809875488 850.454833984 822.49017334 860.324707031
845.519897461 853.744812012 820.845214844 860.324707031
855.389770508 853.744812012 822.49017334 866.904663086
860.324707031 855.389770508 822.49017334 860.324707031
863.614685059 848.809875488 825.780151367 873.484558105
852.09979248 850.454833984 824.135131836 861.969726562
857.034729004 850.454833984 820.845214844 855.389770508
842.229919434 852.09979248 824.135131836 857.034729004
853.744812012 853.744812012 824.135131836 855.389770508
853.744812012 853.744812012 824.135131836 855.389770508
837.29498291 857.034729004 825.780151367 850.454833984
838.940002441 857.034729004 824.135131836 850.454833984
827.425109863 857.034729004 820.845214844 843.874938965
820.845214844 858.679748535 820.845214844 842.229919434
822.49017334 853.744812012 819.200195312 840.584960938
814.265258789 855.389770508 819.200195312 829.070068359
814.265258789 858.679748535 817.555236816 832.360046387
824.135131836 850.454833984 814.265258789 837.29498291
834.005004883 845.519897461 814.265258789 835.650024414
830.715087891 845.519897461 812.620300293 837.29498291
843.874938965 848.809875488 820.845214844 840.584960938
835.650024414 853.744812012 824.135131836 842.229919434
842.229919434 853.744812012 822.49017334 847.164855957
852.09979248 850.454833984 824.135131836 850.454833984
848.809875488 850.454833984 825.780151367 858.679748535
850.454833984 855.389770508 825.780151367 848.809875488
852.09979248 853.744812012 825.780151367 852.09979248
857.034729004 853.744812012 827.425109863 853.744812012
863.614685059 852.09979248 824.135131836 852.09979248
852.09979248 853.744812012 825.780151367 853.744812012
850.454833984 852.09979248 827.425109863 858.679748535
853.744812012 853.744812012 825.780151367 850.454833984
880.064453125 853.744812012 827.425109863 870.194580078
863.614685059 853.744812012 830.715087891 865.259643555
832.360046387 855.389770508 829.070068359 837.29498291
837.29498291 853.744812012 827.425109863 838.940002441
812.620300293 855.389770508 829.070068359 822.49017334
830.715087891 855.389770508 825.780151367 834.005004883
835.650024414 855.389770508 827.425109863 845.519897461
835.650024414 852.09979248 827.425109863 842.229919434
843.874938965 857.034729004 827.425109863 842.229919434
843.874938965 852.09979248 829.070068359 860.324707031
835.650024414 850.454833984 830.715087891 865.259643555
835.650024414 855.389770508 832.360046387 855.389770508
840.584960938 852.09979248 829.070068359 860.324707031
850.454833984 852.09979248 827.425109863 857.034729004
850.454833984 845.519897461 827.425109863 861.969726562
850.454833984 843.874938965 827.425109863 870.194580078
847.164855957 845.519897461 825.780151367 861.969726562
852.09979248 850.454833984 825.780151367 855.389770508
850.454833984 848.809875488 822.49017334 853.744812012
853.744812012 847.164855957 824.135131836 852.09979248
848.809875488 847.164855957 824.135131836 858.679748535
845.519897461 850.454833984 819.200195312 853.744812012
853.744812012 850.454833984 819.200195312 850.454833984
855.389770508 850.454833984 822.49017334 843.874938965
858.679748535 852.09979248 825.780151367 840.584960938
852.09979248 852.09979248 827.425109863 837.29498291
852.09979248 848.809875488 829.070068359 848.809875488
845.519897461 845.519897461 834.005004883 853.744812012
847.164855957 845.519897461 832.360046387 853.744812012
837.29498291 843.874938965 832.360046387 860.324707031
832.360046387 845.519897461 830.715087891 860.324707031
834.005004883 847.164855957 829.070068359 853.744812012
827.425109863 843.874938965 829.070068359 860.324707031
829.070068359 847.164855957 825.780151367 861.969726562
842.229919434 850.454833984 825.780151367 875.129516602
835.650024414 845.519897461 825.780151367 878.419494629
815.91027832 847.164855957 829.070068359 852.09979248
802.750427246 843.874938965 829.070068359 835.650024414
806.040344238 842.229919434 834.005004883 843.874938965
809.330322266 834.005004883 838.940002441 850.454833984
817.555236816 825.780151367 843.874938965 870.194580078
787.945556641 820.845214844 848.809875488 834.005004883
769.850830078 815.91027832 852.09979248 810.975280762
773.14074707 814.265258789 857.034729004 814.265258789
773.14074707 807.68536377 858.679748535 819.200195312
771.495788574 802.750427246 861.969726562 827.425109863
768.205810547 801.105407715 863.614685059 824.135131836
778.075683594 804.395385742 861.969726562 817.555236816
781.365661621 802.750427246 855.389770508 820.845214844
778.075683594 807.68536377 853.744812012 820.845214844
784.655639648 809.330322266 850.454833984 809.330322266
783.010620117 810.975280762 848.809875488 817.555236816
789.590576172 817.555236816 848.809875488 824.135131836
797.815490723 819.200195312 847.164855957 830.715087891
796.170471191 825.780151367 845.519897461 829.070068359
797.815490723 829.070068359 840.584960938 820.845214844
801.105407715 827.425109863 837.29498291 815.91027832
809.330322266 825.780151367 843.874938965 825.780151367
806.040344238 827.425109863 845.519897461 837.29498291
812.620300293 830.715087891 848.809875488 837.29498291
815.91027832 825.780151367 847.164855957 858.679748535
812.620300293 825.780151367 843.874938965 858.679748535
815.91027832 827.425109863 845.519897461 853.744812012
807.68536377 827.425109863 843.874938965 850.454833984
814.265258789 829.070068359 840.584960938 840.584960938
819.200195312 827.425109863 837.29498291 850.454833984
820.845214844 830.715087891 837.29498291 853.744812012
837.29498291 835.650024414 837.29498291 853.744812012
829.070068359 837.29498291 832.360046387 853.744812012
837.29498291 840.584960938 832.360046387 842.229919434
837.29498291 835.650024414 834.005004883 855.389770508
829.070068359 835.650024414 830.715087891 850.454833984
835.650024414 838.940002441 832.360046387 850.454833984
842.229919434 837.29498291 829.070068359 850.454833984
845.519897461 838.940002441 827.425109863 847.164855957
847.164855957 835.650024414 830.715087891 855.389770508
847.164855957 834.005004883 834.005004883 855.389770508
840.584960938 832.360046387 835.650024414 861.969726562
848.809875488 834.005004883 832.360046387 858.679748535
845.519897461 832.360046387 834.005004883 860.324707031
848.809875488 830.715087891 834.005004883 865.259643555
852.09979248 830.715087891 830.715087891 858.679748535
829.070068359 832.360046387 834.005004883 848.809875488
835.650024414 834.005004883 830.715087891 845.519897461
838.940002441 837.29498291 825.780151367 847.164855957
834.005004883 837.29498291 829.070068359 850.454833984
858.679748535 838.940002441 830.715087891 868.549621582
855.389770508 838.940002441 829.070068359 873.484558105
853.744812012 840.584960938 830.715087891 870.194580078
868.549621582 847.164855957 827.425109863 868.549621582
871.839599609 845.519897461 825.780151367 870.194580078
880.064453125 848.809875488 827.425109863 868.549621582
884.999450684 845.519897461 830.715087891 875.129516602
878.419494629 852.09979248 827.425109863 870.194580078
880.064453125 853.744812012 825.780151367 871.839599609
878.419494629 850.454833984 827.425109863 871.839599609
878.419494629 850.454833984 825.780151367 870.194580078
870.194580078 852.09979248 827.425109863 866.904663086
873.484558105 847.164855957 830.715087891 873.484558105
863.614685059 845.519897461 830.715087891 873.484558105
861.969726562 842.229919434 827.425109863 870.194580078
863.614685059 838.940002441 832.360046387 875.129516602
853.744812012 838.940002441 829.070068359 868.549621582
848.809875488 838.940002441 825.780151367 863.614685059
853.744812012 842.229919434 822.49017334 861.969726562
845.519897461 838.940002441 815.91027832 853.744812012
853.744812012 845.519897461 815.91027832 842.229919434
860.324707031 848.809875488 814.265258789 838.940002441
873.484558105 848.809875488 807.68536377 852.09979248
868.549621582 855.389770508 806.040344238 850.454833984
865.259643555 857.034729004 807.68536377 857.034729004
861.969726562 858.679748535 807.68536377 848.809875488
853.744812012 861.969726562 802.750427246 848.809875488
861.969726562 865.259643555 801.105407715 852.09979248
858.679748535 868.549621582 804.395385742 847.164855957
863.614685059 860.324707031 807.68536377 857.034729004
861.969726562 858.679748535 807.68536377 850.454833984
863.614685059 858.679748535 806.040344238 850.454833984
871.839599609 857.034729004 806.040344238 858.679748535
863.614685059 858.679748535 807.68536377 860.324707031
861.969726562 858.679748535 807.68536377 861.969726562
860.324707031 858.679748535 806.040344238 861.969726562
858.679748535 857.034729004 809.330322266 852.09979248
860.324707031 860.324707031 810.975280762 845.519897461
857.034729004 858.679748535 810.975280762 848.809875488
860.324707031 857.034729004 810.975280762 850.454833984
848.809875488 860.324707031 810.975280762 843.874938965
848.809875488 857.034729004 810.975280762 850.454833984
852.09979248 858.679748535 809.330322266 845.519897461
842.229919434 853.744812012 807.68536377 847.164855957
840.584960938 855.389770508 807.68536377 847.164855957
848.809875488 858.679748535 807.68536377 845.519897461
852.09979248 855.389770508 806.040344238 847.164855957
858.679748535 853.744812012 806.040344238 857.034729004
857.034729004 853.744812012 807.68536377 848.809875488
858.679748535 850.454833984 812.620300293 855.389770508
855.389770508 850.454833984 810.975280762 858.679748535
848.809875488 850.454833984 807.68536377 855.389770508
843.874938965 850.454833984 810.975280762 848.809875488
845.519897461 850.454833984 812.620300293 848.809875488
848.809875488 853.744812012 812.620300293 853.744812012
857.034729004 853.744812012 815.91027832 861.969726562
860.324707031 857.034729004 814.265258789 863.614685059
850.454833984 852.09979248 817.555236816 861.969726562
842.229919434 855.389770508 817.555236816 852.09979248
838.940002441 853.744812012 814.265258789 857.034729004
840.584960938 850.454833984 814.265258789 852.09979248
835.650024414 852.09979248 812.620300293 843.874938965
837.29498291 850.454833984 810.975280762 853.744812012
832.360046387 852.09979248 814.265258789 853.744812012
834.005004883 853.744812012 815.91027832 858.679748535
834.005004883 857.034729004 817.555236816 850.454833984
837.29498291 852.09979248 819.200195312 847.164855957
830.715087891 848.809875488 817.555236816 838.940002441
825.780151367 852.09979248 815.91027832 835.650024414
832.360046387 848.809875488 815.91027832 842.229919434
838.940002441 848.809875488 815.91027832 845.519897461
843.874938965 848.809875488 814.265258789 848.809875488
847.164855957 845.519897461 819.200195312 850.454833984
843.874938965 848.809875488 817.555236816 847.164855957
842.229919434 850.454833984 817.555236816 847.164855957
840.584960938 855.389770508 820.845214844 852.09979248
848.809875488 855.389770508 817.555236816 845.519897461
855.389770508 852.09979248 820.845214844 863.614685059
853.744812012 852.09979248 824.135131836 863.614685059
857.034729004 853.744812012 822.49017334 868.549621582
865.259643555 852.09979248 820.845214844 873.484558105
861.969726562 850.454833984 820.845214844 871.839599609
858.679748535 850.454833984 822.49017334 876.774536133
863.614685059 850.454833984 825.780151367 876.774536133
857.034729004 850.454833984 827.425109863 873.484558105
861.969726562 848.809875488 825.780151367 865.259643555
858.679748535 847.164855957 825.780151367 866.904663086
845.519897461 852.09979248 825.780151367 863.614685059
840.584960938 848.809875488 827.425109863 855.389770508
843.874938965 848.809875488 827.425109863 857.034729004
852.09979248 848.809875488 824.135131836 857.034729004
843.874938965 848.809875488 827.425109863 855.389770508
843.874938965 857.034729004 827.425109863 843.874938965
845.519897461 853.744812012 824.135131836 845.519897461
848.809875488 852.09979248 825.780151367 848.809875488
845.519897461 852.09979248 824.135131836 855.389770508
845.519897461 855.389770508 820.845214844 853.744812012
838.940002441 855.389770508 822.49017334 842.229919434
845.519897461 852.09979248 822.49017334 850.454833984
850.454833984 850.454833984 822.49017334 860.324707031
843.874938965 850.454833984 820.845214844 858.679748535
847.164855957 855.389770508 822.49017334 847.164855957
842.229919434 848.809875488 819.200195312 835.650024414
837.29498291 850.454833984 819.200195312 843.874938965
848.809875488 850.454833984 822.49017334 847.164855957
840.584960938 850.454833984 824.135131836 852.09979248
837.29498291 855.389770508 824.135131836 845.519897461
843.874938965 853.744812012 824.135131836 835.650024414
852.09979248 848.809875488 827.425109863 852.09979248
845.519897461 850.454833984 830.715087891 853.744812012
834.005004883 848.809875488 829.070068359 847.164855957
829.070068359 847.164855957 829.070068359 848.809875488
825.780151367 843.874938965 829.070068359 840.584960938
832.360046387 843.874938965 827.425109863 847.164855957
842.229919434 845.519897461 827.425109863 855.389770508
840.584960938 845.519897461 825.780151367 860.324707031
853.744812012 850.454833984 824.135131836 865.259643555
863.614685059 847.164855957 822.49017334 866.904663086
866.904663086 850.454833984 822.49017334 870.194580078
866.904663086 852.09979248 825.780151367 863.614685059
861.969726562 850.454833984 825.780151367 861.969726562
858.679748535 853.744812012 825.780151367 863.614685059
857.034729004 852.09979248 829.070068359 861.969726562
853.744812012 848.809875488 824.135131836 870.194580078
855.389770508 848.809875488 822.49017334 858.679748535
855.389770508 848.809875488 825.780151367 853.744812012
858.679748535 847.164855957 825.780151367 855.389770508
848.809875488 848.809875488 827.425109863 848.809875488
842.229919434 847.164855957 824.135131836 860.324707031
840.584960938 848.809875488 825.780151367 863.614685059
845.519897461 840.584960938 829.070068359 861.969726562
848.809875488 843.874938965 829.070068359 868.549621582
847.164855957 848.809875488 827.425109863 857.034729004
852.09979248 848.809875488 830.715087891 863.614685059
848.809875488 847.164855957 830.715087891 871.839599609
855.389770508 842.229919434 829.070068359 876.774536133
857.034729004 845.519897461 827.425109863 871.839599609
858.679748535 845.519897461 825.780151367 871.839599609
853.744812012 843.874938965 825.780151367 861.969726562
858.679748535 843.874938965 829.070068359 857.034729004
863.614685059 845.519897461 829.070068359 863.614685059
861.969726562 848.809875488 825.780151367 858.679748535
860.324707031 850.454833984 825.780151367 852.09979248
861.969726562 845.519897461 824.135131836 855.389770508
858.679748535 847.164855957 824.135131836 853.744812012
861.969726562 850.454833984 822.49017334 855.389770508
875.129516602 855.389770508 822.49017334 860.324707031
886.64440918 852.09979248 825.780151367 878.419494629
860.324707031 850.454833984 824.135131836 873.484558105
845.519897461 850.454833984 822.49017334 853.744812012
845.519897461 852.09979248 824.135131836 845.519897461
845.519897461 857.034729004 824.135131836 822.49017334
855.389770508 857.034729004 822.49017334 835.650024414
850.454833984 852.09979248 824.135131836 857.034729004
835.650024414 855.389770508 824.135131836 857.034729004
842.229919434 850.454833984 820.845214844 848.809875488
852.09979248 852.09979248 824.135131836 860.324707031
852.09979248 847.164855957 825.780151367 861.969726562
847.164855957 848.809875488 824.135131836 858.679748535
850.454833984 847.164855957 824.135131836 866.904663086
847.164855957 847.164855957 825.780151367 850.454833984
845.519897461 850.454833984 820.845214844 852.09979248
850.454833984 843.874938965 819.200195312 861.969726562
842.229919434 847.164855957 819.200195312 853.744812012
853.744812012 852.09979248 819.200195312 852.09979248
853.744812012 848.809875488 819.200195312 837.29498291
840.584960938 848.809875488 819.200195312 830.715087891
842.229919434 852.09979248 817.555236816 827.425109863
840.584960938 847.164855957 814.265258789 827.425109863
838.940002441 847.164855957 817.555236816 842.229919434
847.164855957 848.809875488 819.200195312 838.940002441
843.874938965 848.809875488 819.200195312 845.519897461
837.29498291 850.454833984 819.200195312 842.229919434
838.940002441 850.454833984 819.200195312 847.164855957
837.29498291 850.454833984 817.555236816 860.324707031
848.809875488 848.809875488 822.49017334 880.064453125
850.454833984 845.519897461 827.425109863 888.289367676
830.715087891 842.229919434 830.715087891 860.324707031
827.425109863 837.29498291 835.650024414 857.034729004
815.91027832 830.715087891 847.164855957 858.679748535
804.395385742 830.715087891 852.09979248 858.679748535
806.040344238 824.135131836 858.679748535 875.129516602
794.525512695 820.845214844 863.614685059 848.809875488
791.235534668 817.555236816 866.904663086 837.29498291
786.300598145 812.620300293 870.194580078 847.164855957
796.170471191 810.975280762 873.484558105 861.969726562
796.170471191 810.975280762 881.709472656 866.904663086
791.235534668 807.68536377 881.709472656 855.389770508
797.815490723 804.395385742 881.709472656 855.389770508
799.460449219 807.68536377 883.354431152 857.034729004
806.040344238 806.040344238 878.419494629 858.679748535
817.555236816 804.395385742 880.064453125 876.774536133
814.265258789 807.68536377 876.774536133 871.839599609
812.620300293 810.975280762 870.194580078 865.259643555
814.265258789 814.265258789 866.904663086 870.194580078
817.555236816 819.200195312 865.259643555 876.774536133
822.49017334 820.845214844 863.614685059 886.64440918
829.070068359 824.135131836 857.034729004 884.999450684
840.584960938 825.780151367 857.034729004 883.354431152
835.650024414 834.005004883 855.389770508 880.064453125
845.519897461 830.715087891 853.744812012 878.419494629
843.874938965 832.360046387 850.454833984 868.549621582
845.519897461 834.005004883 852.09979248 865.259643555
848.809875488 830.715087891 850.454833984 865.259643555
845.519897461 829.070068359 848.809875488 873.484558105
838.940002441 829.070068359 847.164855957 880.064453125
834.005004883 832.360046387 840.584960938 875.129516602
840.584960938 834.005004883 840.584960938 861.969726562
835.650024414 837.29498291 840.584960938 848.809875488
835.650024414 837.29498291 837.29498291 848.809875488
840.584960938 834.005004883 835.650024414 848.809875488
847.164855957 837.29498291 832.360046387 852.09979248
848.809875488 838.940002441 830.715087891 875.129516602
845.519897461 843.874938965 830.715087891 860.324707031
860.324707031 842.229919434 827.425109863 855.389770508
847.164855957 843.874938965 827.425109863 850.454833984
857.034729004 843.874938965 824.135131836 850.454833984
857.034729004 842.229919434 824.135131836 857.034729004
857.034729004 845.519897461 825.780151367 870.194580078
857.034729004 838.940002441 825.780151367 870.194580078
845.519897461 842.229919434 825.780151367 865.259643555
848.809875488 840.584960938 825.780151367 863.614685059
845.519897461 842.229919434 824.135131836 871.839599609
855.389770508 840.584960938 822.49017334 881.709472656
853.744812012 845.519897461 820.845214844 871.839599609
857.034729004 848.809875488 819.200195312 865.259643555
863.614685059 852.09979248 817.555236816 865.259643555
861.969726562 852.09979248 817.555236816 870.194580078
860.324707031 843.874938965 820.845214844 880.064453125
852.09979248 843.874938965 820.845214844 868.549621582
858.679748535 840.584960938 819.200195312 860.324707031
857.034729004 843.874938965 824.135131836 858.679748535
855.389770508 850.454833984 819.200195312 848.809875488
858.679748535 847.164855957 819.200195312 847.164855957
853.744812012 848.809875488 817.555236816 842.229919434
850.454833984 845.519897461 817.555236816 842.229919434
852.09979248 848.809875488 819.200195312 850.454833984
858.679748535 850.454833984 817.555236816 850.454833984
858.679748535 848.809875488 819.200195312 853.744812012
861.969726562 852.09979248 815.91027832 857.034729004
855.389770508 848.809875488 814.265258789 861.969726562
850.454833984 853.744812012 814.265258789 853.744812012
855.389770508 848.809875488 812.620300293 861.969726562
858.679748535 850.454833984 814.265258789 858.679748535
863.614685059 850.454833984 817.555236816 858.679748535
858.679748535 845.519897461 817.555236816 858.679748535
857.034729004 845.519897461 815.91027832 863.614685059
863.614685059 843.874938965 817.555236816 871.839599609
852.09979248 848.809875488 819.200195312 871.839599609
860.324707031 845.519897461 819.200195312 873.484558105
863.614685059 845.519897461 822.49017334 861.969726562
857.034729004 840.584960938 819.200195312 870.194580078
857.034729004 843.874938965 815.91027832 863.614685059
850.454833984 845.519897461 817.555236816 858.679748535
845.519897461 843.874938965 815.91027832 860.324707031
847.164855957 845.519897461 815.91027832 853.744812012
845.519897461 843.874938965 815.91027832 857.034729004
852.09979248 842.229919434 812.620300293 855.389770508
845.519897461 845.519897461 812.620300293 853.744812012
852.09979248 843.874938965 812.620300293 850.454833984
847.164855957 845.519897461 817.555236816 847.164855957
850.454833984 847.164855957 814.265258789 850.454833984
853.744812012 847.164855957 817.555236816 850.454833984
860.324707031 847.164855957 815.91027832 855.389770508
858.679748535 848.809875488 810.975280762 860.324707031
848.809875488 848.809875488 810.975280762 857.034729004
855.389770508 845.519897461 807.68536377 861.969726562
847.164855957 847.164855957 812.620300293 852.09979248
842.229919434 847.164855957 812.620300293 845.519897461
843.874938965 842.229919434 814.265258789 860.324707031
835.650024414 845.519897461 815.91027832 847.164855957
843.874938965 838.940002441 810.975280762 848.809875488
842.229919434 838.940002441 807.68536377 850.454833984
835.650024414 838.940002441 810.975280762 847.164855957
838.940002441 838.940002441 809.330322266 858.679748535
832.360046387 842.229919434 810.975280762 855.389770508
843.874938965 845.519897461 810.975280762 845.519897461
842.229919434 847.164855957 810.975280762 845.519897461
850.454833984 850.454833984 812.620300293 855.389770508
860.324707031 843.874938965 814.265258789 865.259643555
863.614685059 843.874938965 817.555236816 866.904663086
853.744812012 845.519897461 817.555236816 865.259643555
852.09979248 845.519897461 814.265258789 860.324707031
866.904663086 847.164855957 814.265258789 855.389770508
853.744812012 843.874938965 817.555236816 855.389770508
858.679748535 843.874938965 815.91027832 860.324707031
842.229919434 843.874938965 824.135131836 858.679748535
834.005004883 848.809875488 822.49017334 855.389770508
853.744812012 850.454833984 820.845214844 855.389770508
852.09979248 843.874938965 822.49017334 848.809875488
837.29498291 848.809875488 820.845214844 850.454833984
825.780151367 847.164855957 820.845214844 852.09979248
822.49017334 848.809875488 820.845214844 848.809875488
832.360046387 850.454833984 820.845214844 847.164855957
837.29498291 850.454833984 819.200195312 840.584960938
842.229919434 848.809875488 819.200195312 842.229919434
842.229919434 850.454833984 822.49017334 829.070068359
838.940002441 850.454833984 824.135131836 835.650024414
834.005004883 850.454833984 824.135131836 838.940002441
838.940002441 848.809875488 820.845214844 842.229919434
835.650024414 845.519897461 820.845214844 845.519897461
830.715087891 848.809875488 822.49017334 840.584960938
835.650024414 847.164855957 824.135131836 843.874938965
830.715087891 847.164855957 824.135131836 835.650024414
834.005004883 843.874938965 822.49017334 842.229919434
837.29498291 842.229919434 827.425109863 855.389770508
853.744812012 840.584960938 827.425109863 868.549621582
832.360046387 843.874938965 825.780151367 845.519897461
830.715087891 847.164855957 829.070068359 832.360046387
829.070068359 843.874938965 829.070068359 832.360046387
824.135131836 847.164855957 827.425109863 830.715087891
832.360046387 847.164855957 827.425109863 847.164855957
829.070068359 845.519897461 825.780151367 850.454833984
829.070068359 848.809875488 822.49017334 825.780151367
829.070068359 847.164855957 824.135131836 825.780151367
832.360046387 848.809875488 825.780151367 830.715087891
835.650024414 852.09979248 822.49017334 825.780151367
830.715087891 850.454833984 825.780151367 838.940002441
825.780151367 850.454833984 825.780151367 838.940002441
824.135131836 848.809875488 824.135131836 834.005004883
825.780151367 852.09979248 824.135131836 827.425109863
827.425109863 852.09979248 824.135131836 832.360046387
827.425109863 847.164855957 825.780151367 834.005004883
834.005004883 847.164855957 824.135131836 837.29498291
829.070068359 845.519897461 824.135131836 838.940002441
830.715087891 848.809875488 825.780151367 837.29498291
834.005004883 847.164855957 825.780151367 840.584960938
830.715087891 840.584960938 829.070068359 852.09979248
834.005004883 837.29498291 829.070068359 866.904663086
842.229919434 847.164855957 827.425109863 865.259643555
837.29498291 848.809875488 822.49017334 853.744812012
835.650024414 853.744812012 819.200195312 845.519897461
850.454833984 852.09979248 819.200195312 838.940002441
845.519897461 852.09979248 815.91027832 838.940002441
840.584960938 855.389770508 814.265258789 827.425109863
843.874938965 853.744812012 812.620300293 824.135131836
838.940002441 858.679748535 815.91027832 820.845214844
848.809875488 852.09979248 815.91027832 835.650024414
857.034729004 850.454833984 820.845214844 843.874938965
848.809875488 848.809875488 819.200195312 845.519897461
847.164855957 848.809875488 817.555236816 845.519897461
855.389770508 850.454833984 819.200195312 847.164855957
850.454833984 848.809875488 820.845214844 852.09979248
850.454833984 848.809875488 820.845214844 861.969726562
847.164855957 848.809875488 817.555236816 857.034729004
853.744812012 850.454833984 819.200195312 857.034729004
871.839599609 853.744812012 819.200195312 868.549621582
883.354431152 853.744812012 814.265258789 876.774536133
855.389770508 853.744812012 817.555236816 860.324707031
848.809875488 858.679748535 814.265258789 852.09979248
852.09979248 857.034729004 817.555236816 842.229919434
855.389770508 852.09979248 820.845214844 857.034729004
866.904663086 852.09979248 817.555236816 870.194580078
866.904663086 853.744812012 817.555236816 850.454833984
860.324707031 857.034729004 815.91027832 842.229919434
863.614685059 857.034729004 815.91027832 845.519897461
861.969726562 852.09979248 817.555236816 858.679748535
858.679748535 847.164855957 817.555236816 865.259643555
857.034729004 850.454833984 815.91027832 848.809875488
860.324707031 850.454833984 815.91027832 843.874938965
866.904663086 852.09979248 817.555236816 853.744812012
870.194580078 853.744812012 820.845214844 860.324707031
865.259643555 855.389770508 817.555236816 865.259643555
868.549621582 855.389770508 820.845214844 865.259643555
865.259643555 853.744812012 819.200195312 866.904663086
868.549621582 852.09979248 817.555236816 868.549621582
868.549621582 848.809875488 820.845214844 866.904663086
863.614685059 853.744812012 819.200195312 865.259643555
866.904663086 848.809875488 820.845214844 873.484558105
863.614685059 852.09979248 827.425109863 868.549621582
870.194580078 848.809875488 824.135131836 880.064453125
865.259643555 852.09979248 825.780151367 875.129516602
863.614685059 847.164855957 822.49017334 870.194580078
855.389770508 848.809875488 819.200195312 868.549621582
845.519897461 850.454833984 819.200195312 857.034729004
848.809875488 852.09979248 824.135131836 853.744812012
843.874938965 852.09979248 825.780151367 853.744812012
852.09979248 853.744812012 825.780151367 855.389770508
855.389770508 850.454833984 820.845214844 858.679748535
845.519897461 848.809875488 822.49017334 853.744812012
857.034729004 850.454833984 820.845214844 861.969726562
857.034729004 852.09979248 819.200195312 858.679748535
857.034729004 853.744812012 820.845214844 858.679748535
858.679748535 853.744812012 819.200195312 861.969726562
853.744812012 855.389770508 820.845214844 852.09979248
860.324707031 847.164855957 820.845214844 860.324707031
853.744812012 848.809875488 820.845214844 858.679748535
855.389770508 852.09979248 820.845214844 858.679748535
852.09979248 847.164855957 825.780151367 848.809875488
857.034729004 848.809875488 822.49017334 853.744812012
855.389770508 848.809875488 820.845214844 857.034729004
842.229919434 845.519897461 824.135131836 857.034729004
842.229919434 845.519897461 820.845214844 860.324707031
845.519897461 845.519897461 820.845214844 845.519897461
850.454833984 842.229919434 814.265258789 843.874938965
857.034729004 842.229919434 814.265258789 850.454833984
848.809875488 845.519897461 817.555236816 848.809875488
852.09979248 843.874938965 817.555236816 857.034729004
845.519897461 847.164855957 815.91027832 855.389770508
850.454833984 847.164855957 815.91027832 860.324707031
847.164855957 857.034729004 815.91027832 858.679748535
850.454833984 855.389770508 817.555236816 852.09979248
848.809875488 857.034729004 817.555236816 848.809875488
843.874938965 858.679748535 817.555236816 840.584960938
852.09979248 855.389770508 820.845214844 850.454833984
857.034729004 861.969726562 820.845214844 850.454833984
865.259643555 860.324707031 820.845214844 860.324707031
860.324707031 853.744812012 820.845214844 865.259643555
865.259643555 850.454833984 822.49017334 880.064453125
866.904663086 850.454833984 825.780151367 893.224304199
868.549621582 850.454833984 824.135131836 873.484558105
876.774536133 853.744812012 822.49017334 865.259643555
865.259643555 852.09979248 820.845214844 855.389770508
871.839599609 848.809875488 819.200195312 855.389770508
875.129516602 850.454833984 817.555236816 850.454833984
857.034729004 852.09979248 815.91027832 843.874938965
860.324707031 853.744812012 819.200195312 847.164855957
860.324707031 847.164855957 819.200195312 860.324707031
860.324707031 847.164855957 819.200195312 871.839599609
866.904663086 847.164855957 814.265258789 868.549621582
863.614685059 845.519897461 817.555236816 865.259643555
850.454833984 848.809875488 819.200195312 861.969726562
852.09979248 847.164855957 819.200195312 863.614685059
848.809875488 847.164855957 822.49017334 866.904663086
842.229919434 852.09979248 817.555236816 865.259643555
843.874938965 850.454833984 819.200195312 868.549621582
847.164855957 853.744812012 820.845214844 866.904663086
852.09979248 852.09979248 820.845214844 863.614685059
847.164855957 852.09979248 819.200195312 858.679748535
840.584960938 857.034729004 822.49017334 850.454833984
843.874938965 853.744812012 824.135131836 853.744812012
843.874938965 855.389770508 829.070068359 843.874938965
843.874938965 860.324707031 825.780151367 837.29498291
850.454833984 855.389770508 820.845214844 842.229919434
842.229919434 855.389770508 822.49017334 838.940002441
837.29498291 850.454833984 824.135131836 848.809875488
837.29498291 848.809875488 824.135131836 853.744812012
834.005004883 850.454833984 822.49017334 848.809875488
832.360046387 853.744812012 820.845214844 848.809875488
832.360046387 848.809875488 824.135131836 847.164855957
829.070068359 845.519897461 824.135131836 842.229919434
827.425109863 843.874938965 820.845214844 845.519897461
824.135131836 845.519897461 819.200195312 837.29498291
817.555236816 847.164855957 814.265258789 840.584960938
824.135131836 845.519897461 812.620300293 842.229919434
829.070068359 848.809875488 810.975280762 837.29498291
837.29498291 843.874938965 810.975280762 837.29498291
837.29498291 845.519897461 814.265258789 830.715087891
830.715087891 845.519897461 815.91027832 834.005004883
843.874938965 843.874938965 815.91027832 838.940002441
838.940002441 843.874938965 817.555236816 840.584960938
847.164855957 847.164855957 815.91027832 837.29498291
848.809875488 850.454833984 815.91027832 838.940002441
850.454833984 852.09979248 815.91027832 847.164855957
852.09979248 855.389770508 815.91027832 843.874938965
850.454833984 850.454833984 819.200195312 852.09979248
843.874938965 855.389770508 820.845214844 850.454833984
852.09979248 853.744812012 820.845214844 850.454833984
843.874938965 852.09979248 822.49017334 855.389770508
847.164855957 853.744812012 822.49017334 852.09979248
840.584960938 850.454833984 822.49017334 857.034729004
837.29498291 850.454833984 824.135131836 858.679748535
837.29498291 852.09979248 824.135131836 852.09979248
827.425109863 848.809875488 825.780151367 850.454833984
832.360046387 847.164855957 827.425109863 845.519897461
830.715087891 843.874938965 827.425109863 852.09979248
832.360046387 840.584960938 825.780151367 843.874938965
829.070068359 843.874938965 825.780151367 832.360046387
822.49017334 848.809875488 822.49017334 829.070068359
825.780151367 842.229919434 822.49017334 829.070068359
832.360046387 842.229919434 819.200195312 847.164855957
838.940002441 840.584960938 819.200195312 842.229919434
834.005004883 843.874938965 819.200195312 830.715087891
835.650024414 842.229919434 820.845214844 830.715087891
824.135131836 843.874938965 822.49017334 830.715087891
832.360046387 842.229919434 822.49017334 837.29498291
835.650024414 842.229919434 820.845214844 842.229919434
827.425109863 843.874938965 824.135131836 838.940002441
824.135131836 845.519897461 824.135131836 824.135131836
834.005004883 845.519897461 824.135131836 822.49017334
835.650024414 845.519897461 827.425109863 830.715087891
845.519897461 848.809875488 824.135131836 834.005004883
857.034729004 848.809875488 822.49017334 848.809875488
857.034729004 847.164855957 824.135131836 857.034729004
824.135131836 855.389770508 822.49017334 810.975280762
832.360046387 852.09979248 825.780151367 822.49017334
817.555236816 852.09979248 825.780151367 824.135131836
815.91027832 852.09979248 824.135131836 822.49017334
827.425109863 848.809875488 824.135131836 845.519897461
814.265258789 850.454833984 822.49017334 829.070068359
819.200195312 850.454833984 825.780151367 829.070068359
824.135131836 850.454833984 825.780151367 830.715087891
819.200195312 848.809875488 827.425109863 837.29498291
810.975280762 848.809875488 825.780151367 840.584960938
814.265258789 842.229919434 825.780151367 848.809875488
820.845214844 845.519897461 824.135131836 852.09979248
834.005004883 843.874938965 819.200195312 850.454833984
830.715087891 847.164855957 824.135131836 838.940002441
837.29498291 850.454833984 824.135131836 837.29498291
843.874938965 847.164855957 820.845214844 837.29498291
845.519897461 848.809875488 820.845214844 840.584960938
847.164855957 848.809875488 820.845214844 835.650024414
842.229919434 843.874938965 820.845214844 830.715087891
840.584960938 848.809875488 822.49017334 838.940002441
840.584960938 848.809875488 817.555236816 832.360046387
845.519897461 848.809875488 817.555236816 822.49017334
847.164855957 850.454833984 825.780151367 832.360046387
845.519897461 848.809875488 827.425109863 842.229919434
857.034729004 847.164855957 827.425109863 850.454833984
843.874938965 843.874938965 824.135131836 848.809875488
843.874938965 847.164855957 825.780151367 843.874938965
837.29498291 847.164855957 824.135131836 850.454833984
834.005004883 853.744812012 820.845214844 852.09979248
843.874938965 852.09979248 822.49017334 848.809875488
843.874938965 845.519897461 820.845214844 847.164855957
840.584960938 843.874938965 824.135131836 865.259643555
838.940002441 845.519897461 820.845214844 868.549621582
840.584960938 842.229919434 817.555236816 855.389770508
845.519897461 847.164855957 822.49017334 847.164855957
847.164855957 845.519897461 820.845214844 850.454833984
840.584960938 845.519897461 815.91027832 850.454833984
842.229919434 847.164855957 812.620300293 863.614685059
842.229919434 842.229919434 812.620300293 850.454833984
845.519897461 848.809875488 812.620300293 837.29498291
863.614685059 850.454833984 814.265258789 860.324707031
868.549621582 850.454833984 815.91027832 863.614685059
853.744812012 850.454833984 817.555236816 850.454833984
853.744812012 845.519897461 819.200195312 861.969726562
847.164855957 847.164855957 822.49017334 848.809875488
860.324707031 850.454833984 815.91027832 858.679748535
858.679748535 848.809875488 815.91027832 871.839599609
863.614685059 853.744812012 819.200195312 870.194580078
870.194580078 848.809875488 819.200195312 878.419494629
863.614685059 850.454833984 822.49017334 886.64440918
866.904663086 852.09979248 822.49017334 884.999450684
861.969726562 847.164855957 822.49017334 889.934387207
861.969726562 847.164855957 824.135131836 883.354431152
860.324707031 848.809875488 822.49017334 873.484558105
861.969726562 842.229919434 822.49017334 875.129516602
860.324707031 847.164855957 824.135131836 883.354431152
852.09979248 843.874938965 822.49017334 883.354431152
868.549621582 842.229919434 820.845214844 886.64440918
858.679748535 843.874938965 822.49017334 881.709472656
834.005004883 847.164855957 817.555236816 861.969726562
850.454833984 848.809875488 820.845214844 857.034729004
845.519897461 847.164855957 820.845214844 852.09979248
847.164855957 845.519897461 819.200195312 861.969726562
855.389770508 845.519897461 820.845214844 866.904663086
847.164855957 848.809875488 819.200195312 865.259643555
838.940002441 850.454833984 819.200195312 865.259643555
845.519897461 852.09979248 819.200195312 858.679748535
852.09979248 843.874938965 819.200195312 860.324707031
852.09979248 848.809875488 815.91027832 858.679748535
860.324707031 850.454833984 817.555236816 860.324707031
853.744812012 848.809875488 822.49017334 871.839599609
852.09979248 848.809875488 820.845214844 866.904663086
853.744812012 845.519897461 820.845214844 870.194580078
850.454833984 847.164855957 815.91027832 866.904663086
855.389770508 852.09979248 817.555236816 852.09979248
855.389770508 853.744812012 820.845214844 863.614685059
857.034729004 857.034729004 820.845214844 852.09979248
861.969726562 852.09979248 817.555236816 861.969726562
853.744812012 850.454833984 819.200195312 870.194580078
853.744812012 852.09979248 820.845214844 866.904663086
860.324707031 850.454833984 819.200195312 863.614685059
863.614685059 848.809875488 820.845214844 858.679748535
857.034729004 850.454833984 820.845214844 858.679748535
855.389770508 847.164855957 824.135131836 861.969726562
843.874938965 850.454833984 827.425109863 857.034729004
838.940002441 848.809875488 825.780151367 853.744812012
847.164855957 848.809875488 824.135131836 858.679748535
850.454833984 848.809875488 822.49017334 847.164855957
852.09979248 847.164855957 822.49017334 840.584960938
852.09979248 850.454833984 825.780151367 843.874938965
855.389770508 843.874938965 825.780151367 853.744812012
857.034729004 840.584960938 829.070068359 868.549621582
848.809875488 847.164855957 825.780151367 866.904663086
853.744812012 850.454833984 827.425109863 861.969726562
860.324707031 850.454833984 829.070068359 857.034729004
863.614685059 850.454833984 822.49017334 847.164855957
865.259643555 848.809875488 822.49017334 861.969726562
857.034729004 845.519897461 819.200195312 866.904663086
853.744812012 847.164855957 820.845214844 870.194580078
858.679748535 848.809875488 824.135131836 868.549621582
860.324707031 845.519897461 822.49017334 861.969726562
853.744812012 845.519897461 820.845214844 858.679748535
852.09979248 845.519897461 822.49017334 865.259643555
843.874938965 843.874938965 820.845214844 865.259643555
850.454833984 848.809875488 820.845214844 861.969726562
845.519897461 848.809875488 819.200195312 865.259643555
838.940002441 848.809875488 819.200195312 858.679748535
845.519897461 852.09979248 819.200195312 843.874938965
843.874938965 852.09979248 819.200195312 848.809875488
850.454833984 852.09979248 819.200195312 858.679748535
850.454833984 850.454833984 815.91027832 861.969726562
847.164855957 845.519897461 820.845214844 861.969726562
847.164855957 848.809875488 822.49017334 853.744812012
842.229919434 847.164855957 825.780151367 852.09979248
847.164855957 845.519897461 822.49017334 853.744812012
848.809875488 845.519897461 822.49017334 855.389770508
850.454833984 850.454833984 822.49017334 855.389770508
858.679748535 850.454833984 822.49017334 857.034729004
853.744812012 852.09979248 824.135131836 860.324707031
853.744812012 850.454833984 824.135131836 863.614685059
858.679748535 848.809875488 822.49017334 860.324707031
852.09979248 850.454833984 824.135131836 853.744812012
848.809875488 848.809875488 822.49017334 861.969726562
843.874938965 847.164855957 819.200195312 853.744812012
847.164855957 848.809875488 819.200195312 853.744812012
857.034729004 848.809875488 819.200195312 863.614685059
855.389770508 850.454833984 819.200195312 853.744812012
853.744812012 847.164855957 819.200195312 861.969726562
850.454833984 848.809875488 819.200195312 860.324707031
848.809875488 850.454833984 819.200195312 843.874938965
852.09979248 843.874938965 819.200195312 847.164855957
845.519897461 848.809875488 819.200195312 852.09979248
840.584960938 847.164855957 817.555236816 850.454833984
850.454833984 850.454833984 817.555236816 858.679748535
847.164855957 850.454833984 814.265258789 853.744812012
845.519897461 845.519897461 820.845214844 842.229919434
845.519897461 847.164855957 819.200195312 838.940002441
840.584960938 847.164855957 819.200195312 840.584960938
840.584960938 845.519897461 819.200195312 835.650024414
838.940002441 842.229919434 814.265258789 842.229919434
834.005004883 845.519897461 819.200195312 852.09979248
838.940002441 845.519897461 822.49017334 857.034729004
845.519897461 848.809875488 822.49017334 853.744812012
850.454833984 848.809875488 822.49017334 853.744812012
855.389770508 845.519897461 820.845214844 858.679748535
853.744812012 847.164855957 820.845214844 866.904663086
855.389770508 847.164855957 822.49017334 875.129516602
850.454833984 847.164855957 824.135131836 875.129516602
852.09979248 845.519897461 827.425109863 868.549621582
852.09979248 847.164855957 825.780151367 860.324707031
845.519897461 845.519897461 825.780151367 860.324707031
843.874938965 848.809875488 824.135131836 853.744812012
835.650024414 850.454833984 824.135131836 845.519897461
838.940002441 843.874938965 825.780151367 847.164855957
832.360046387 848.809875488 822.49017334 840.584960938
832.360046387 845.519897461 825.780151367 840.584960938
830.715087891 843.874938965 825.780151367 850.454833984
832.360046387 848.809875488 825.780151367 842.229919434
830.715087891 848.809875488 824.135131836 840.584960938
829.070068359 847.164855957 825.780151367 840.584960938
834.005004883 848.809875488 824.135131836 843.874938965
835.650024414 847.164855957 824.135131836 845.519897461
837.29498291 842.229919434 827.425109863 847.164855957
840.584960938 845.519897461 824.135131836 840.584960938
832.360046387 847.164855957 824.135131836 832.360046387
832.360046387 845.519897461 824.135131836 840.584960938
824.135131836 848.809875488 827.425109863 847.164855957
827.425109863 848.809875488 829.070068359 858.679748535
838.940002441 847.164855957 832.360046387 863.614685059
825.780151367 852.09979248 834.005004883 863.614685059
848.809875488 853.744812012 832.360046387 873.484558105
855.389770508 853.744812012 832.360046387 884.999450684
830.715087891 852.09979248 835.650024414 853.744812012
819.200195312 855.389770508 832.360046387 819.200195312
824.135131836 857.034729004 830.715087891 815.91027832
820.845214844 858.679748535 832.360046387 817.555236816
832.360046387 857.034729004 830.715087891 838.940002441
827.425109863 852.09979248 832.360046387 842.229919434
809.330322266 855.389770508 829.070068359 822.49017334
817.555236816 860.324707031 827.425109863 822.49017334
822.49017334 860.324707031 829.070068359 830.715087891
824.135131836 860.324707031 830.715087891 829.070068359
817.555236816 863.614685059 830.715087891 830.715087891
824.135131836 866.904663086 830.715087891 832.360046387
825.780151367 866.904663086 829.070068359 835.650024414
822.49017334 873.484558105 827.425109863 824.135131836
824.135131836 870.194580078 829.070068359 832.360046387
824.135131836 880.064453125 830.715087891 837.29498291
830.715087891 893.224304199 829.070068359 853.744812012
840.584960938 901.44921875 829.070068359 860.324707031
850.454833984 909.674133301 829.070068359 865.259643555
842.229919434 914.609069824 829.070068359 858.679748535
848.809875488 917.899047852 832.360046387 861.969726562
840.584960938 921.188964844 827.425109863 861.969726562
843.874938965 926.123962402 824.135131836 858.679748535
847.164855957 924.478942871 822.49017334 868.549621582
832.360046387 919.544006348 824.135131836 858.679748535
