a 0.133241057396 0.0616828612983 0.160013630986 0.226304426789
b 0.0507844798267 0.0937291681767 0.228474318981 0.0545858629048
d 0.389949858189 0.552177131176 0.161187186837 0.470121234655
g 0.0127709330991 0.0902267098427 0.310745626688 0.0145956138149
t 0.413253694773 0.202184125781 0.139579251409 0.234392851591
h 1.0 1.0 4.0 1.0
c 0.0 0 0 0
Aa 0.933708488941 -0.285814106464 1.24838352203 1.16994130611
Ab 0.514801383018 -0.104103840888 1.40306389332 0.552328407764
Ad 1.40007913113 0.666099786758 1.25155699253 1.48745810986
Ag -0.0847069770098 -0.120643496513 1.53663158417 -0.0205294042826
At 1.42528712749 0.229768440127 1.18904745579 1.18519258499
as 0.492753624916 0.0 1.0 1.0
bs 0.333333343267 0.360000014305 1.0 0.765957474709
ds 1.0 0.441860467196 0.609090924263 0.96875
gs 0.0 0.620689630508 1.0 0.047619048506
ts 1.0 0.589285731316 1.0 0.907407402992
a 0.119804412127 0.0634357109666 0.160013630986 0.213358432055
b 0.0483667738736 0.0966724157333 0.228474318981 0.0523255430162
d 0.399052768946 0.535293757915 0.161187186837 0.479816198349
g 0.0122141903266 0.0891221389174 0.310745626688 0.0140728158876
t 0.420561879873 0.215475976467 0.139579251409 0.240427002311
h 1.0 1.0 4.0 1.0
c 0.0 0 0 0
Aa 0.904130935669 -0.268984854221 1.24838352203 1.16266095638
Ab 0.510205209255 -0.0860160663724 1.40306389332 0.552264869213
Ad 1.42668843269 0.65727353096 1.25155699253 1.51462602615
Ag -0.0874772071838 -0.121333025396 1.53663158417 -0.0180678609759
At 1.44948804379 0.262080222368 1.18904745579 1.21453440189
as 0.449275374413 0.0 1.0 1.0
bs 0.333333343267 0.40000000596 1.0 0.765957474709
ds 1.0 0.430232554674 0.609090924263 1.0
gs 0.0 0.620689630508 1.0 0.047619048506
ts 1.0 0.654545426369 1.0 0.943925261497
a 0.109191693366 0.0673013105989 0.160013630986 0.201528429985
b 0.0457602329552 0.0996921211481 0.228474318981 0.0499596223235
d 0.407669872046 0.519734978676 0.161187186837 0.490326851606
g 0.0116237141192 0.087670840323 0.310745626688 0.0134027153254
t 0.425754487514 0.225600719452 0.139579251409 0.24478238821
h 1.0 1.0 4.0 1.0
c 0.0 0 0 0
Aa 0.88765758276 -0.240004360676 1.24838352203 1.16266095638
Ab 0.509956240654 -0.0693670511246 1.40306389332 0.556943774223
Ad 1.45977663994 0.647754073143 1.25155699253 1.54881024361
Ag -0.0851870924234 -0.125172719359 1.53663158417 -0.0144825782627
At 1.4786272049 0.285312592983 1.18904745579 1.24710476398
as 0.426470577717 0.0 1.0 1.0
bs 0.333333343267 0.439999997616 1.0 0.765957474709
ds 1.0 0.430232554674 0.609090924263 1.0
gs 0.0 0.586206912994 1.0 0.0483870953321
ts 1.0 0.690909087658 1.0 0.971962630749
a 0.101549647748 0.0724616646767 0.160013630986 0.188377648592
b 0.0430619046092 0.102219492197 0.228474318981 0.0476747825742
d 0.414587259293 0.507824599743 0.161187186837 0.502165496349
g 0.0110776275396 0.0866036042571 0.310745626688 0.0126184578985
t 0.42972356081 0.230890616775 0.139579251409 0.249163612723
h 1.0 1.0 4.0 1.0
c 0.0 0 0 0
Aa 0.886743843555 -0.205903351307 1.24838352203 1.16266095638
Ab 0.514158666134 -0.0564779676497 1.40306389332 0.565920293331
Ad 1.49768137932 0.63970208168 1.25155699253 1.58847844601
Ag -0.0754877850413 -0.12847571075 1.53663158417 -0.0113621456549
At 1.51325464249 0.297394633293 1.18904745579 1.28411614895
as 0.432835817337 0.0153846153989 1.0 1.0
bs 0.333333343267 0.489361703396 1.0 0.804347813129
ds 1.0 0.418604642153 0.609090924263 1.0
gs 0.0 0.586206912994 1.0 0.049180328846
ts 1.0 0.722222208977 1.0 1.0
a 0.093796223402 0.0739993229508 0.160013630986 0.173893854022
b 0.0399454049766 0.104187563062 0.228474318981 0.0449512191117
d 0.421829879284 0.501702129841 0.161187186837 0.515058755875
g 0.0106037789956 0.086889885366 0.310745626688 0.0117452358827
t 0.433824688196 0.233221083879 0.139579251409 0.254350960255
h 1.0 1.0 4.0 1.0
c 0.0 0 0 0
Aa 0.886743843555 -0.198867052794 1.24838352203 1.16139745712
Ab 0.516025364399 -0.0502789355814 1.40306389332 0.573854625225
Ad 1.53969585896 0.632351160049 1.25155699253 1.63296997547
Ag -0.0599808245897 -0.129125595093 1.53663158417 -0.00902508851141
At 1.55187273026 0.299672991037 1.18904745579 1.3265465498
as 0.432835817337 0.0307692307979 1.0 1.0
bs 0.333333343267 0.510638296604 1.0 0.826086938381
ds 1.0 0.406976729631 0.609090924263 1.0
gs 0.0322580635548 0.586206912994 1.0 0.049180328846
ts 1.0 0.722222208977 1.0 1.0
a 0.0862690582871 0.0766323804855 0.160013630986 0.158041879535
b 0.0360754393041 0.105133287609 0.228474318981 0.0413888767362
d 0.431122988462 0.497857421637 0.161187186837 0.528467059135
g 0.0101437363774 0.0884551629424 0.310745626688 0.0108259357512
t 0.436388790607 0.231921732426 0.139579251409 0.261276245117
h 1.0 1.0 4.0 1.0
c 0.0 0 0 0
Aa 0.886743843555 -0.190172731876 1.24838352203 1.15631115437
Ab 0.508100450039 -0.0528448261321 1.40306389332 0.57442265749
Ad 1.58548998833 0.622519910336 1.25155699253 1.68055689335
Ag -0.0429132431746 -0.127861902118 1.53663158417 -0.00799556169659
At 1.59076237679 0.290756374598 1.18904745579 1.37463891506
as 0.432835817337 0.0461538471282 1.0 1.0
bs 0.333333343267 0.510638296604 1.0 0.826086938381
ds 1.0 0.404761910439 0.609090924263 1.0
gs 0.0645161271095 0.586206912994 1.0 0.049180328846
ts 1.0 0.703703701496 1.0 1.0
a 0.0789421126246 0.0792416408658 0.160013630986 0.144696980715
b 0.0316903702915 0.10559823364 0.228474318981 0.0370151549578
d 0.444620788097 0.494700402021 0.161187186837 0.539609611034
g 0.00971486605704 0.0916761606932 0.310745626688 0.00996153149754
t 0.435031861067 0.228783562779 0.139579251409 0.268716722727
h 1.0 1.0 4.0 1.0
c 0.0 0 0 0
Aa 0.883099079132 -0.190172731876 1.24838352203 1.15631115437
Ab 0.486717671156 -0.0654695630074 1.40306389332 0.564231216908
Ad 1.6337801218 0.605216026306 1.25155699253 1.72793138027
Ag -0.026772832498 -0.126869797707 1.53663158417 -0.00582220964134
At 1.62431144714 0.270298600197 1.18904745579 1.42514646053
as 0.432835817337 0.0461538471282 1.0 1.0
bs 0.27500000596 0.478260874748 1.0 0.804347813129
ds 1.0 0.385542154312 0.609090924263 1.0
gs 0.0806451588869 0.586206912994 1.0 0.049180328846
ts 1.0 0.666666686535 1.0 1.0
a 0.0739296004176 0.0827051177621 0.160013630986 0.134510174394
b 0.027766732499 0.10603427887 0.228474318981 0.0329803936183
d 0.46082508564 0.489636600018 0.161187186837 0.547048211098
g 0.0094136800617 0.0962923914194 0.310745626688 0.00937176030129
t 0.428064882755 0.225331619382 0.139579251409 0.276089459658
h 1.0 1.0 4.0 1.0
c 0.0 0 0 0
Aa 0.883099079132 -0.194461911917 1.24838352203 1.15631115437
Ab 0.457805484533 -0.0865480303764 1.40306389332 0.545811831951
Ad 1.67781686783 0.577879548073 1.25155699253 1.76558160782
Ag -0.011959833093 -0.128402337432 1.53663158417 -0.000622786523309
At 1.64579033852 0.240827828646 1.18904745579 1.46860587597
as 0.432835817337 0.0307692307979 1.0 1.0
bs 0.22499999404 0.434782594442 1.0 0.760869562626
ds 1.0 0.361445784569 0.609090924263 1.0
gs 0.116666667163 0.586206912994 1.0 0.0500000007451
ts 1.0 0.611111104488 1.0 1.0
a 0.0715796649456 0.0890331864357 0.160013630986 0.130274832249
b 0.0255107227713 0.106716006994 0.228474318981 0.0304078049958
d 0.478183031082 0.479278236628 0.161187186837 0.548904299736
g 0.00941793899983 0.101652078331 0.310745626688 0.00929947011173
t 0.415308654308 0.223320484161 0.139579251409 0.281113624573
h 1.0 1.0 4.0 1.0
c 0.0 0 0 0
Aa 0.881858050823 -0.190650686622 1.24838352203 1.15631115437
Ab 0.433791160583 -0.111973039806 1.40306389332 0.524435758591
Ad 1.70666253567 0.540385127068 1.25155699253 1.78094732761
Ag 0.00102430291008 -0.133086338639 1.53663158417 0.0099088801071
At 1.64543938637 0.20872592926 1.18904745579 1.49033260345
as 0.424242436886 0.0461538471282 1.0 1.0
bs 0.15000000596 0.391304343939 1.0 0.717391312122
ds 1.0 0.31325301528 0.609090924263 1.0
gs 0.133333340287 0.586206912994 1.0 0.0666666701436
ts 1.0 0.555555582047 1.0 1.0
a 0.0725376904011 0.0965110138059 0.160013630986 0.134799852967
b 0.0259303227067 0.107920102775 0.228474318981 0.0300368256867
d 0.492432504892 0.463153600693 0.161187186837 0.543937146664
g 0.00993087980896 0.10726492852 0.310745626688 0.0100721521303
t 0.39916858077 0.225150346756 0.139579251409 0.281154036522
h 1.0 1.0 4.0 1.0
c 0.0 0 0 0
Aa 0.874247968197 -0.186051905155 1.24838352203 1.15631115437
Ab 0.427492141724 -0.137526452541 1.40306389332 0.504275798798
Ad 1.70603096485 0.49509626627 1.25155699253 1.762170434
Ag 0.0106719732285 -0.140171036124 1.53663158417 0.0297440420836
At 1.61484062672 0.181843832135 1.18904745579 1.47556602955
as 0.415384620428 0.0461538471282 1.0 1.0
bs 0.15000000596 0.333333343267 1.0 0.688888907433
ds 1.0 0.253012061119 0.609090924263 1.0
gs 0.15000000596 0.551724135876 1.0 0.10000000149
ts 1.0 0.5 1.0 1.0
a 0.0725376904011 0.108042344451 0.160013630986 0.18184812367
b 0.0259303227067 0.10943081975 0.228474318981 0.0347094871104
d 0.492432504892 0.438903480768 0.161187186837 0.514652431011
g 0.00993087980896 0.112473785877 0.310745626688 0.0146787771955
t 0.39916858077 0.231149569154 0.139579251409 0.254111170769
h 1.0 1.0 4.0 1.0
c 0.0 0 0 0
Aa 0.874247968197 -0.165850892663 1.24838352203 1.15662109852
Ab 0.427492141724 -0.16030523181 1.40306389332 0.437360405922
Ad 1.70603096485 0.442924112082 1.25155699253 1.60842621326
Ag 0.0106719732285 -0.148393571377 1.53663158417 0.0636020973325
At 1.61484062672 0.164448201656 1.18904745579 1.30193591118
as 0.415384620428 0.0769230797887 1.0 1.0
bs 0.15000000596 0.288888901472 1.0 0.533333361149
ds 1.0 0.192771077156 0.609090924263 0.953703701496
gs 0.15000000596 0.517241358757 1.0 0.152542367578
ts 1.0 0.462962955236 1.0 0.923076927662
a 0.0725376904011 0.120958089828 0.160013630986 0.248516023159
b 0.0259303227067 0.111508905888 0.228474318981 0.0422977767885
d 0.492432504892 0.410720139742 0.161187186837 0.48329859972
g 0.00993087980896 0.11787571013 0.310745626688 0.02521472238
t 0.39916858077 0.238937154412 0.139579251409 0.200672879815
h 1.0 1.0 4.0 1.0
c 0.0 0 0 0
Aa 0.874247968197 -0.143994167447 1.24838352203 1.14116072655
Ab 0.427492141724 -0.179319530725 1.40306389332 0.372123897076
Ad 1.70603096485 0.386916905642 1.25155699253 1.43002188206
Ag 0.0106719732285 -0.15520478785 1.53663158417 0.147460505366
At 1.61484062672 0.151654571295 1.18904745579 1.04829502106
as 0.415384620428 0.107692308724 1.0 0.987341761589
bs 0.15000000596 0.244444444776 1.0 0.409090906382
ds 1.0 0.120481930673 0.609090924263 0.803738296032
gs 0.15000000596 0.482758611441 1.0 0.305084735155
ts 1.0 0.444444447756 1.0 0.715517222881
a 0.0725376904011 0.138316094875 0.160013630986 0.292367100716
b 0.0259303227067 0.112439334393 0.228474318981 0.049971036613
d 0.492432504892 0.386060148478 0.161187186837 0.487466096878
g 0.00993087980896 0.122767791152 0.310745626688 0.0420444533229
t 0.39916858077 0.240416631103 0.139579251409 0.12815131247
h 1.0 1.0 4.0 1.0
c 0.0 0 0 0
Aa 0.874247968197 -0.105153985322 1.24838352203 1.09176456928
Ab 0.427492141724 -0.195108428597 1.40306389332 0.324554383755
Ad 1.70603096485 0.340628266335 1.25155699253 1.31378042698
Ag 0.0106719732285 -0.156942263246 1.53663158417 0.249544739723
At 1.61484062672 0.134937822819 1.18904745579 0.733559131622
as 0.415384620428 0.169230774045 1.0 0.924050629139
bs 0.15000000596 0.219512194395 1.0 0.295454531908
ds 1.0 0.0722891539335 0.609090924263 0.691588759422
gs 0.15000000596 0.482758611441 1.0 0.482758611441
ts 1.0 0.396226406097 1.0 0.443478256464
a 0.0725376904011 0.167351916432 0.160013630986 0.0837907716632
b 0.0259303227067 0.108305282891 0.228474318981 0.0629514977336
d 0.492432504892 0.372351258993 0.161187186837 0.688153684139
g 0.00993087980896 0.123886018991 0.310745626688 0.0711670517921
t 0.39916858077 0.228105530143 0.139579251409 0.0939369872212
h 1.0 1.0 4.0 1.0
c 0.0 0 0 0
Aa 0.874247968197 -0.0205689333379 1.24838352203 0.410214066505
Ab 0.427492141724 -0.209549978375 1.40306389332 0.286023914814
Ad 1.70603096485 0.3267531991 1.25155699253 1.32470333576
Ag 0.0106719732285 -0.151177331805 1.53663158417 0.339296847582
At 1.61484062672 0.113936178386 1.18904745579 0.459854513407
as 0.415384620428 0.307692319155 1.0 0.0632911399007
bs 0.15000000596 0.195121943951 1.0 0.204545453191
ds 1.0 0.048192769289 0.609090924263 0.698113203049
gs 0.15000000596 0.5 1.0 0.63793104887
ts 1.0 0.358490556479 1.0 0.208695650101
a 0.153562828898 0.179598763585 0.160013630986 0.0809744521976
b 0.0606757327914 0.0999847277999 0.228474318981 0.0628553926945
d 0.614374697208 0.386994123459 0.161187186837 0.689884245396
g 0.0210779197514 0.122385919094 0.310745626688 0.0729579403996
t 0.150308832526 0.211036458611 0.139579251409 0.093327999115
h 1.0 1.0 4.0 1.0
c 0.0 0 0 0
Aa 1.00498270988 0.0282906927168 1.24838352203 0.418680846691
Ab 0.601711690426 -0.226078957319 1.40306389332 0.308675378561
Ad 1.60712993145 0.361691743135 1.25155699253 1.34910905361
Ag 0.142524406314 -0.138281181455 1.53663158417 0.373405426741
At 0.995681166649 0.0983448550105 1.18904745579 0.480344772339
as 0.615384638309 0.384615391493 1.0 0.0759493634105
bs 0.574999988079 0.146341457963 1.0 0.272727280855
ds 1.0 0.096385538578 0.609090924263 0.726415097713
gs 0.366666674614 0.535714268684 1.0 0.689655184746
ts 0.577319562435 0.33962264657 1.0 0.226086959243
a 0.157928302884 0.172011166811 0.160013630986 0.0824312344193
b 0.060616672039 0.088414311409 0.228474318981 0.0649452805519
d 0.610404074192 0.426216542721 0.161187186837 0.682014763355
g 0.0271602217108 0.11769335717 0.310745626688 0.0756989344954
t 0.143890708685 0.195664614439 0.139579251409 0.0949098095298
h 1.0 1.0 4.0 1.0
c 0.0104338396341 0 0 0
Aa 1.00590646267 0.0416645817459 1.24838352203 0.425010889769
Ab 0.590038597584 -0.247369498014 1.40306389332 0.321466654539
Ad 1.59306395054 0.435738265514 1.25155699253 1.34271275997
Ag 0.241379827261 -0.123140119016 1.53663158417 0.388008832932
At 0.965479254723 0.0976202189922 1.18904745579 0.486230164766
as 0.615384638309 0.40000000596 1.0 0.0759493634105
bs 0.550000011921 0.105263158679 1.0 0.295454531908
ds 1.0 0.180722892284 0.609090924263 0.716981112957
gs 0.525423705578 0.571428596973 1.0 0.72413790226
ts 0.54639172554 0.33962264657 1.0 0.226086959243
