860.324707031 855.389770508 806.040344238 861.969726562
873.484558105 850.454833984 817.555236816 881.709472656
829.070068359 842.229919434 822.49017334 845.519897461
817.555236816 834.005004883 819.200195312 825.780151367
810.975280762 825.780151367 824.135131836 835.650024414
794.525512695 824.135131836 819.200195312 827.425109863
809.330322266 820.845214844 820.845214844 842.229919434
802.750427246 819.200195312 825.780151367 837.29498291
799.460449219 814.265258789 834.005004883 838.940002441
806.040344238 817.555236816 840.584960938 837.29498291
817.555236816 812.620300293 845.519897461 852.09979248
807.68536377 806.040344238 848.809875488 853.744812012
812.620300293 807.68536377 848.809875488 853.744812012
829.070068359 806.040344238 850.454833984 863.614685059
842.229919434 806.040344238 857.034729004 861.969726562
840.584960938 807.68536377 868.549621582 881.709472656
842.229919434 799.460449219 866.904663086 886.64440918
868.549621582 791.235534668 863.614685059 899.804260254
875.129516602 796.170471191 866.904663086 921.188964844
896.514282227 794.525512695 863.614685059 919.544006348
909.674133301 797.815490723 870.194580078 934.348815918
911.319091797 789.590576172 878.419494629 954.088623047
919.544006348 792.880554199 875.129516602 945.863708496
921.188964844 794.525512695 871.839599609 952.443603516
922.833984375 804.395385742 870.194580078 965.60345459
931.058898926 810.975280762 865.259643555 947.508666992
919.544006348 792.880554199 865.259643555 942.573730469
914.609069824 797.815490723 861.969726562 940.928771973
917.899047852 801.105407715 861.969726562 942.573730469
908.029174805 809.330322266 866.904663086 954.088623047
903.094238281 812.620300293 865.259643555 947.508666992
914.609069824 820.845214844 860.324707031 926.123962402
906.384155273 824.135131836 857.034729004 921.188964844
899.804260254 822.49017334 855.389770508 909.674133301
891.579345703 815.91027832 850.454833984 906.384155273
888.289367676 817.555236816 842.229919434 908.029174805
898.159240723 830.715087891 842.229919434 903.094238281
896.514282227 832.360046387 845.519897461 906.384155273
893.224304199 832.360046387 842.229919434 901.44921875
880.064453125 827.425109863 842.229919434 901.44921875
870.194580078 827.425109863 837.29498291 901.44921875
880.064453125 829.070068359 837.29498291 903.094238281
876.774536133 827.425109863 835.650024414 904.739196777
880.064453125 829.070068359 838.940002441 906.384155273
875.129516602 825.780151367 835.650024414 896.514282227
870.194580078 834.005004883 837.29498291 899.804260254
855.389770508 832.360046387 837.29498291 891.579345703
857.034729004 827.425109863 832.360046387 888.289367676
858.679748535 834.005004883 832.360046387 888.289367676
858.679748535 834.005004883 832.360046387 883.354431152
853.744812012 835.650024414 830.715087891 891.579345703
842.229919434 835.650024414 830.715087891 880.064453125
848.809875488 838.940002441 830.715087891 875.129516602
858.679748535 843.874938965 832.360046387 878.419494629
847.164855957 837.29498291 832.360046387 873.484558105
857.034729004 840.584960938 827.425109863 878.419494629
855.389770508 840.584960938 825.780151367 883.354431152
853.744812012 840.584960938 822.49017334 873.484558105
850.454833984 845.519897461 825.780151367 866.904663086
842.229919434 843.874938965 827.425109863 866.904663086
838.940002441 837.29498291 820.845214844 852.09979248
842.229919434 838.940002441 817.555236816 857.034729004
843.874938965 837.29498291 817.555236816 860.324707031
842.229919434 838.940002441 812.620300293 852.09979248
840.584960938 840.584960938 822.49017334 865.259643555
834.005004883 838.940002441 822.49017334 865.259643555
843.874938965 840.584960938 819.200195312 845.519897461
834.005004883 838.940002441 825.780151367 853.744812012
837.29498291 840.584960938 822.49017334 852.09979248
830.715087891 840.584960938 824.135131836 855.389770508
829.070068359 840.584960938 824.135131836 866.904663086
835.650024414 842.229919434 820.845214844 852.09979248
837.29498291 843.874938965 824.135131836 853.744812012
845.519897461 842.229919434 825.780151367 863.614685059
847.164855957 837.29498291 825.780151367 865.259643555
843.874938965 835.650024414 824.135131836 865.259643555
848.809875488 835.650024414 822.49017334 857.034729004
848.809875488 834.005004883 822.49017334 855.389770508
843.874938965 838.940002441 825.780151367 860.324707031
843.874938965 838.940002441 824.135131836 858.679748535
847.164855957 837.29498291 824.135131836 850.454833984
838.940002441 842.229919434 825.780151367 860.324707031
837.29498291 840.584960938 822.49017334 857.034729004
840.584960938 842.229919434 819.200195312 847.164855957
837.29498291 842.229919434 819.200195312 852.09979248
840.584960938 842.229919434 815.91027832 845.519897461
845.519897461 845.519897461 819.200195312 843.874938965
824.135131836 843.874938965 819.200195312 845.519897461
824.135131836 847.164855957 815.91027832 843.874938965
832.360046387 845.519897461 819.200195312 838.940002441
832.360046387 837.29498291 820.845214844 840.584960938
843.874938965 837.29498291 819.200195312 842.229919434
837.29498291 834.005004883 822.49017334 847.164855957
832.360046387 837.29498291 820.845214844 855.389770508
832.360046387 845.519897461 819.200195312 858.679748535
837.29498291 848.809875488 819.200195312 857.034729004
843.874938965 852.09979248 817.555236816 840.584960938
860.324707031 853.744812012 812.620300293 850.454833984
878.419494629 858.679748535 814.265258789 858.679748535
853.744812012 845.519897461 835.650024414 858.679748535
838.940002441 842.229919434 838.940002441 857.034729004
842.229919434 847.164855957 840.584960938 861.969726562
827.425109863 842.229919434 842.229919434 853.744812012
837.29498291 843.874938965 840.584960938 858.679748535
825.780151367 838.940002441 848.809875488 863.614685059
822.49017334 835.650024414 845.519897461 850.454833984
838.940002441 837.29498291 840.584960938 858.679748535
840.584960938 834.005004883 838.940002441 843.874938965
838.940002441 830.715087891 840.584960938 838.940002441
820.845214844 822.49017334 855.389770508 853.744812012
820.845214844 814.265258789 848.809875488 855.389770508
832.360046387 807.68536377 850.454833984 871.839599609
820.845214844 802.750427246 847.164855957 861.969726562
830.715087891 799.460449219 843.874938965 868.549621582
830.715087891 797.815490723 845.519897461 868.549621582
837.29498291 799.460449219 845.519897461 870.194580078
842.229919434 796.170471191 845.519897461 876.774536133
842.229919434 796.170471191 842.229919434 865.259643555
848.809875488 796.170471191 840.584960938 863.614685059
827.425109863 792.880554199 843.874938965 863.614685059
843.874938965 801.105407715 843.874938965 861.969726562
847.164855957 807.68536377 845.519897461 878.419494629
842.229919434 814.265258789 845.519897461 866.904663086
848.809875488 819.200195312 840.584960938 871.839599609
843.874938965 819.200195312 842.229919434 881.709472656
843.874938965 822.49017334 838.940002441 883.354431152
857.034729004 824.135131836 837.29498291 880.064453125
868.549621582 832.360046387 842.229919434 870.194580078
866.904663086 834.005004883 837.29498291 857.034729004
866.904663086 835.650024414 832.360046387 857.034729004
873.484558105 838.940002441 835.650024414 861.969726562
873.484558105 840.584960938 834.005004883 853.744812012
866.904663086 840.584960938 832.360046387 853.744812012
870.194580078 843.874938965 837.29498291 861.969726562
852.09979248 840.584960938 840.584960938 863.614685059
830.715087891 838.940002441 840.584960938 863.614685059
825.780151367 835.650024414 835.650024414 861.969726562
822.49017334 837.29498291 834.005004883 857.034729004
832.360046387 843.874938965 834.005004883 860.324707031
824.135131836 845.519897461 835.650024414 857.034729004
792.880554199 845.519897461 832.360046387 838.940002441
786.300598145 837.29498291 827.425109863 843.874938965
806.040344238 834.005004883 825.780151367 853.744812012
820.845214844 834.005004883 830.715087891 853.744812012
835.650024414 834.005004883 829.070068359 843.874938965
827.425109863 834.005004883 830.715087891 843.874938965
819.200195312 834.005004883 832.360046387 845.519897461
825.780151367 835.650024414 829.070068359 852.09979248
834.005004883 835.650024414 829.070068359 858.679748535
835.650024414 835.650024414 829.070068359 858.679748535
832.360046387 835.650024414 829.070068359 860.324707031
835.650024414 837.29498291 827.425109863 860.324707031
835.650024414 835.650024414 829.070068359 865.259643555
837.29498291 835.650024414 830.715087891 860.324707031
847.164855957 837.29498291 824.135131836 850.454833984
848.809875488 835.650024414 824.135131836 857.034729004
845.519897461 838.940002441 832.360046387 857.034729004
845.519897461 838.940002441 830.715087891 858.679748535
838.940002441 834.005004883 837.29498291 863.614685059
842.229919434 834.005004883 834.005004883 861.969726562
843.874938965 834.005004883 824.135131836 860.324707031
845.519897461 837.29498291 822.49017334 860.324707031
842.229919434 835.650024414 830.715087891 865.259643555
847.164855957 835.650024414 825.780151367 853.744812012
843.874938965 834.005004883 817.555236816 845.519897461
838.940002441 834.005004883 815.91027832 853.744812012
848.809875488 837.29498291 819.200195312 848.809875488
847.164855957 838.940002441 825.780151367 857.034729004
847.164855957 838.940002441 825.780151367 852.09979248
860.324707031 847.164855957 827.425109863 857.034729004
858.679748535 847.164855957 830.715087891 873.484558105
842.229919434 845.519897461 827.425109863 870.194580078
820.845214844 845.519897461 825.780151367 871.839599609
824.135131836 840.584960938 824.135131836 858.679748535
827.425109863 843.874938965 819.200195312 861.969726562
843.874938965 845.519897461 824.135131836 857.034729004
845.519897461 840.584960938 822.49017334 852.09979248
843.874938965 837.29498291 820.845214844 852.09979248
847.164855957 834.005004883 819.200195312 843.874938965
855.389770508 832.360046387 820.845214844 853.744812012
850.454833984 835.650024414 825.780151367 861.969726562
853.744812012 835.650024414 819.200195312 853.744812012
850.454833984 835.650024414 820.845214844 855.389770508
850.454833984 834.005004883 815.91027832 853.744812012
857.034729004 835.650024414 814.265258789 857.034729004
855.389770508 835.650024414 814.265258789 858.679748535
855.389770508 834.005004883 819.200195312 853.744812012
853.744812012 835.650024414 822.49017334 860.324707031
852.09979248 840.584960938 814.265258789 858.679748535
857.034729004 843.874938965 815.91027832 857.034729004
861.969726562 845.519897461 819.200195312 858.679748535
865.259643555 843.874938965 824.135131836 847.164855957
852.09979248 837.29498291 824.135131836 845.519897461
863.614685059 840.584960938 820.845214844 853.744812012
871.839599609 842.229919434 822.49017334 857.034729004
870.194580078 843.874938965 824.135131836 858.679748535
866.904663086 845.519897461 827.425109863 865.259643555
855.389770508 840.584960938 827.425109863 871.839599609
855.389770508 842.229919434 820.845214844 852.09979248
857.034729004 845.519897461 824.135131836 852.09979248
865.259643555 843.874938965 830.715087891 858.679748535
850.454833984 845.519897461 825.780151367 855.389770508
852.09979248 845.519897461 829.070068359 868.549621582
860.324707031 845.519897461 832.360046387 868.549621582
853.744812012 847.164855957 829.070068359 858.679748535
871.839599609 848.809875488 827.425109863 858.679748535
866.904663086 847.164855957 832.360046387 866.904663086
865.259643555 847.164855957 829.070068359 868.549621582
866.904663086 848.809875488 827.425109863 861.969726562
866.904663086 847.164855957 830.715087891 860.324707031
868.549621582 843.874938965 827.425109863 858.679748535
865.259643555 848.809875488 825.780151367 863.614685059
868.549621582 853.744812012 834.005004883 870.194580078
870.194580078 852.09979248 830.715087891 868.549621582
878.419494629 852.09979248 829.070068359 865.259643555
863.614685059 853.744812012 834.005004883 857.034729004
853.744812012 850.454833984 827.425109863 852.09979248
860.324707031 850.454833984 829.070068359 861.969726562
863.614685059 852.09979248 829.070068359 865.259643555
871.839599609 853.744812012 824.135131836 866.904663086
868.549621582 857.034729004 819.200195312 863.614685059
861.969726562 857.034729004 829.070068359 863.614685059
855.389770508 857.034729004 834.005004883 858.679748535
861.969726562 853.744812012 829.070068359 860.324707031
857.034729004 853.744812012 834.005004883 855.389770508
852.09979248 853.744812012 824.135131836 852.09979248
843.874938965 845.519897461 820.845214844 857.034729004
840.584960938 840.584960938 817.555236816 845.519897461
840.584960938 840.584960938 815.91027832 830.715087891
840.584960938 842.229919434 815.91027832 840.584960938
848.809875488 843.874938965 817.555236816 840.584960938
852.09979248 847.164855957 817.555236816 850.454833984
847.164855957 847.164855957 822.49017334 853.744812012
853.744812012 843.874938965 819.200195312 840.584960938
853.744812012 845.519897461 822.49017334 857.034729004
858.679748535 845.519897461 827.425109863 865.259643555
855.389770508 843.874938965 822.49017334 860.324707031
858.679748535 838.940002441 824.135131836 847.164855957
865.259643555 834.005004883 832.360046387 847.164855957
853.744812012 832.360046387 830.715087891 845.519897461
858.679748535 835.650024414 827.425109863 843.874938965
857.034729004 838.940002441 824.135131836 848.809875488
852.09979248 843.874938965 824.135131836 835.650024414
848.809875488 842.229919434 824.135131836 840.584960938
845.519897461 837.29498291 820.845214844 834.005004883
840.584960938 830.715087891 819.200195312 835.650024414
842.229919434 830.715087891 817.555236816 838.940002441
835.650024414 830.715087891 819.200195312 827.425109863
832.360046387 834.005004883 822.49017334 834.005004883
834.005004883 837.29498291 824.135131836 835.650024414
838.940002441 834.005004883 824.135131836 838.940002441
842.229919434 837.29498291 827.425109863 843.874938965
850.454833984 845.519897461 829.070068359 853.744812012
848.809875488 845.519897461 827.425109863 857.034729004
843.874938965 843.874938965 824.135131836 845.519897461
845.519897461 842.229919434 825.780151367 848.809875488
845.519897461 840.584960938 822.49017334 843.874938965
835.650024414 837.29498291 822.49017334 845.519897461
834.005004883 832.360046387 822.49017334 848.809875488
835.650024414 832.360046387 822.49017334 843.874938965
835.650024414 830.715087891 822.49017334 825.780151367
832.360046387 834.005004883 819.200195312 840.584960938
827.425109863 838.940002441 822.49017334 838.940002441
825.780151367 835.650024414 820.845214844 840.584960938
824.135131836 837.29498291 819.200195312 838.940002441
825.780151367 838.940002441 810.975280762 829.070068359
843.874938965 843.874938965 815.91027832 842.229919434
832.360046387 847.164855957 820.845214844 847.164855957
840.584960938 848.809875488 819.200195312 847.164855957
847.164855957 847.164855957 824.135131836 857.034729004
835.650024414 840.584960938 829.070068359 858.679748535
848.809875488 840.584960938 824.135131836 861.969726562
837.29498291 843.874938965 824.135131836 866.904663086
817.555236816 842.229919434 824.135131836 860.324707031
824.135131836 842.229919434 819.200195312 855.389770508
825.780151367 837.29498291 820.845214844 857.034729004
837.29498291 835.650024414 820.845214844 853.744812012
847.164855957 837.29498291 812.620300293 843.874938965
845.519897461 837.29498291 810.975280762 848.809875488
843.874938965 834.005004883 819.200195312 857.034729004
847.164855957 835.650024414 822.49017334 858.679748535
847.164855957 834.005004883 827.425109863 873.484558105
843.874938965 832.360046387 817.555236816 857.034729004
855.389770508 830.715087891 814.265258789 857.034729004
855.389770508 827.425109863 817.555236816 847.164855957
857.034729004 829.070068359 814.265258789 840.584960938
860.324707031 827.425109863 815.91027832 855.389770508
857.034729004 825.780151367 812.620300293 842.229919434
842.229919434 824.135131836 804.395385742 840.584960938
847.164855957 825.780151367 810.975280762 847.164855957
850.454833984 824.135131836 814.265258789 845.519897461
860.324707031 830.715087891 810.975280762 845.519897461
861.969726562 834.005004883 814.265258789 853.744812012
853.744812012 835.650024414 817.555236816 853.744812012
860.324707031 837.29498291 817.555236816 852.09979248
860.324707031 840.584960938 819.200195312 861.969726562
855.389770508 837.29498291 817.555236816 848.809875488
847.164855957 835.650024414 815.91027832 838.940002441
853.744812012 838.940002441 819.200195312 848.809875488
850.454833984 835.650024414 815.91027832 845.519897461
860.324707031 835.650024414 817.555236816 852.09979248
858.679748535 834.005004883 817.555236816 845.519897461
863.614685059 837.29498291 819.200195312 845.519897461
865.259643555 837.29498291 822.49017334 845.519897461
852.09979248 835.650024414 822.49017334 842.229919434
852.09979248 834.005004883 819.200195312 840.584960938
843.874938965 829.070068359 819.200195312 843.874938965
855.389770508 829.070068359 817.555236816 835.650024414
861.969726562 829.070068359 820.845214844 830.715087891
845.519897461 827.425109863 815.91027832 832.360046387
857.034729004 827.425109863 812.620300293 834.005004883
861.969726562 832.360046387 819.200195312 843.874938965
855.389770508 832.360046387 817.555236816 847.164855957
863.614685059 832.360046387 822.49017334 847.164855957
845.519897461 830.715087891 824.135131836 837.29498291
852.09979248 830.715087891 824.135131836 847.164855957
853.744812012 834.005004883 825.780151367 858.679748535
857.034729004 834.005004883 825.780151367 860.324707031
878.419494629 838.940002441 824.135131836 863.614685059
868.549621582 842.229919434 829.070068359 863.614685059
843.874938965 842.229919434 834.005004883 845.519897461
850.454833984 842.229919434 835.650024414 845.519897461
840.584960938 848.809875488 835.650024414 848.809875488
847.164855957 843.874938965 830.715087891 840.584960938
858.679748535 842.229919434 827.425109863 843.874938965
853.744812012 845.519897461 830.715087891 847.164855957
842.229919434 845.519897461 825.780151367 838.940002441
847.164855957 847.164855957 827.425109863 850.454833984
838.940002441 847.164855957 829.070068359 847.164855957
837.29498291 843.874938965 825.780151367 843.874938965
837.29498291 840.584960938 822.49017334 843.874938965
852.09979248 840.584960938 824.135131836 848.809875488
853.744812012 840.584960938 822.49017334 852.09979248
853.744812012 840.584960938 827.425109863 853.744812012
861.969726562 845.519897461 830.715087891 857.034729004
870.194580078 843.874938965 832.360046387 868.549621582
880.064453125 843.874938965 830.715087891 875.129516602
875.129516602 843.874938965 829.070068359 853.744812012
868.549621582 843.874938965 824.135131836 863.614685059
866.904663086 847.164855957 825.780151367 848.809875488
871.839599609 845.519897461 830.715087891 847.164855957
876.774536133 847.164855957 829.070068359 861.969726562
868.549621582 843.874938965 829.070068359 850.454833984
861.969726562 840.584960938 825.780151367 861.969726562
857.034729004 840.584960938 825.780151367 866.904663086
866.904663086 838.940002441 830.715087891 861.969726562
873.484558105 837.29498291 830.715087891 863.614685059
866.904663086 835.650024414 829.070068359 866.904663086
861.969726562 835.650024414 827.425109863 863.614685059
865.259643555 837.29498291 825.780151367 870.194580078
871.839599609 837.29498291 827.425109863 865.259643555
876.774536133 837.29498291 829.070068359 848.809875488
876.774536133 835.650024414 829.070068359 852.09979248
878.419494629 837.29498291 824.135131836 852.09979248
871.839599609 837.29498291 820.845214844 850.454833984
875.129516602 842.229919434 822.49017334 861.969726562
884.999450684 843.874938965 817.555236816 865.259643555
883.354431152 843.874938965 814.265258789 858.679748535
880.064453125 842.229919434 815.91027832 861.969726562
876.774536133 838.940002441 819.200195312 858.679748535
873.484558105 840.584960938 824.135131836 855.389770508
873.484558105 842.229919434 824.135131836 863.614685059
884.999450684 847.164855957 820.845214844 865.259643555
880.064453125 842.229919434 819.200195312 860.324707031
883.354431152 838.940002441 819.200195312 863.614685059
896.514282227 840.584960938 822.49017334 876.774536133
878.419494629 842.229919434 820.845214844 855.389770508
875.129516602 843.874938965 822.49017334 847.164855957
876.774536133 845.519897461 820.845214844 847.164855957
871.839599609 843.874938965 824.135131836 848.809875488
870.194580078 842.229919434 824.135131836 861.969726562
863.614685059 837.29498291 822.49017334 843.874938965
866.904663086 840.584960938 824.135131836 853.744812012
861.969726562 840.584960938 822.49017334 861.969726562
868.549621582 842.229919434 825.780151367 868.549621582
861.969726562 843.874938965 824.135131836 861.969726562
850.454833984 843.874938965 827.425109863 848.809875488
853.744812012 843.874938965 827.425109863 861.969726562
853.744812012 842.229919434 827.425109863 866.904663086
860.324707031 845.519897461 832.360046387 866.904663086
868.549621582 843.874938965 825.780151367 858.679748535
866.904663086 847.164855957 822.49017334 855.389770508
855.389770508 845.519897461 822.49017334 861.969726562
848.809875488 847.164855957 820.845214844 863.614685059
865.259643555 850.454833984 817.555236816 855.389770508
880.064453125 852.09979248 820.845214844 857.034729004
863.614685059 848.809875488 820.845214844 858.679748535
870.194580078 847.164855957 817.555236816 855.389770508
873.484558105 848.809875488 825.780151367 863.614685059
880.064453125 847.164855957 825.780151367 861.969726562
894.86932373 847.164855957 827.425109863 860.324707031
886.64440918 838.940002441 835.650024414 870.194580078
898.159240723 835.650024414 830.715087891 883.354431152
914.609069824 855.389770508 817.555236816 873.484558105
896.514282227 863.614685059 809.330322266 847.164855957
888.289367676 860.324707031 809.330322266 847.164855957
881.709472656 857.034729004 807.68536377 847.164855957
880.064453125 853.744812012 807.68536377 845.519897461
889.934387207 863.614685059 796.170471191 834.005004883
898.159240723 871.839599609 786.300598145 817.555236816
881.709472656 866.904663086 787.945556641 810.975280762
871.839599609 858.679748535 789.590576172 820.845214844
881.709472656 850.454833984 786.300598145 825.780151367
881.709472656 853.744812012 786.300598145 815.91027832
883.354431152 855.389770508 789.590576172 822.49017334
883.354431152 858.679748535 787.945556641 822.49017334
888.289367676 858.679748535 787.945556641 814.265258789
886.64440918 855.389770508 789.590576172 819.200195312
894.86932373 855.389770508 789.590576172 824.135131836
893.224304199 853.744812012 791.235534668 829.070068359
880.064453125 853.744812012 789.590576172 825.780151367
888.289367676 855.389770508 792.880554199 819.200195312
898.159240723 853.744812012 801.105407715 835.650024414
888.289367676 848.809875488 806.040344238 838.940002441
880.064453125 852.09979248 806.040344238 845.519897461
876.774536133 850.454833984 806.040344238 843.874938965
876.774536133 847.164855957 809.330322266 848.809875488
881.709472656 847.164855957 809.330322266 853.744812012
871.839599609 843.874938965 809.330322266 853.744812012
871.839599609 845.519897461 815.91027832 852.09979248
865.259643555 848.809875488 815.91027832 848.809875488
858.679748535 848.809875488 809.330322266 845.519897461
868.549621582 845.519897461 806.040344238 845.519897461
866.904663086 842.229919434 801.105407715 840.584960938
868.549621582 845.519897461 809.330322266 847.164855957
861.969726562 842.229919434 817.555236816 832.360046387
866.904663086 845.519897461 819.200195312 845.519897461
865.259643555 843.874938965 819.200195312 852.09979248
866.904663086 843.874938965 819.200195312 842.229919434
860.324707031 847.164855957 820.845214844 847.164855957
860.324707031 848.809875488 819.200195312 848.809875488
861.969726562 847.164855957 819.200195312 842.229919434
863.614685059 850.454833984 820.845214844 857.034729004
858.679748535 850.454833984 817.555236816 853.744812012
866.904663086 850.454833984 820.845214844 847.164855957
860.324707031 852.09979248 825.780151367 860.324707031
848.809875488 847.164855957 822.49017334 847.164855957
852.09979248 845.519897461 824.135131836 852.09979248
845.519897461 843.874938965 820.845214844 858.679748535
850.454833984 842.229919434 817.555236816 848.809875488
860.324707031 847.164855957 815.91027832 850.454833984
853.744812012 847.164855957 815.91027832 853.744812012
850.454833984 845.519897461 817.555236816 843.874938965
852.09979248 845.519897461 817.555236816 843.874938965
860.324707031 847.164855957 815.91027832 847.164855957
865.259643555 848.809875488 814.265258789 852.09979248
861.969726562 852.09979248 812.620300293 850.454833984
857.034729004 852.09979248 817.555236816 853.744812012
842.229919434 848.809875488 819.200195312 852.09979248
850.454833984 848.809875488 819.200195312 848.809875488
863.614685059 852.09979248 820.845214844 855.389770508
863.614685059 850.454833984 822.49017334 860.324707031
858.679748535 848.809875488 824.135131836 847.164855957
847.164855957 843.874938965 824.135131836 848.809875488
847.164855957 845.519897461 820.845214844 843.874938965
853.744812012 848.809875488 820.845214844 852.09979248
855.389770508 850.454833984 822.49017334 857.034729004
857.034729004 855.389770508 824.135131836 860.324707031
847.164855957 852.09979248 824.135131836 855.389770508
852.09979248 853.744812012 824.135131836 855.389770508
853.744812012 850.454833984 819.200195312 857.034729004
848.809875488 848.809875488 819.200195312 858.679748535
837.29498291 847.164855957 822.49017334 857.034729004
838.940002441 848.809875488 819.200195312 850.454833984
843.874938965 848.809875488 822.49017334 848.809875488
852.09979248 845.519897461 822.49017334 850.454833984
857.034729004 848.809875488 825.780151367 855.389770508
843.874938965 848.809875488 835.650024414 852.09979248
838.940002441 847.164855957 834.005004883 857.034729004
843.874938965 843.874938965 834.005004883 860.324707031
835.650024414 842.229919434 832.360046387 861.969726562
840.584960938 842.229919434 829.070068359 860.324707031
843.874938965 843.874938965 832.360046387 863.614685059
845.519897461 848.809875488 827.425109863 858.679748535
852.09979248 852.09979248 830.715087891 861.969726562
855.389770508 850.454833984 829.070068359 853.744812012
852.09979248 850.454833984 825.780151367 855.389770508
847.164855957 848.809875488 827.425109863 863.614685059
847.164855957 847.164855957 827.425109863 863.614685059
843.874938965 850.454833984 827.425109863 855.389770508
845.519897461 852.09979248 830.715087891 860.324707031
838.940002441 850.454833984 830.715087891 850.454833984
847.164855957 853.744812012 829.070068359 852.09979248
857.034729004 853.744812012 829.070068359 858.679748535
850.454833984 852.09979248 830.715087891 860.324707031
843.874938965 852.09979248 832.360046387 860.324707031
835.650024414 847.164855957 834.005004883 855.389770508
830.715087891 847.164855957 829.070068359 848.809875488
845.519897461 848.809875488 829.070068359 857.034729004
840.584960938 847.164855957 829.070068359 860.324707031
837.29498291 845.519897461 830.715087891 866.904663086
845.519897461 848.809875488 830.715087891 861.969726562
845.519897461 852.09979248 830.715087891 860.324707031
852.09979248 855.389770508 830.715087891 868.549621582
853.744812012 855.389770508 832.360046387 865.259643555
855.389770508 855.389770508 829.070068359 863.614685059
852.09979248 850.454833984 820.845214844 852.09979248
852.09979248 850.454833984 825.780151367 850.454833984
845.519897461 850.454833984 825.780151367 860.324707031
855.389770508 847.164855957 824.135131836 860.324707031
857.034729004 852.09979248 820.845214844 845.519897461
860.324707031 853.744812012 822.49017334 852.09979248
865.259643555 852.09979248 819.200195312 848.809875488
853.744812012 850.454833984 820.845214844 850.454833984
852.09979248 852.09979248 825.780151367 857.034729004
842.229919434 853.744812012 827.425109863 857.034729004
852.09979248 853.744812012 830.715087891 858.679748535
853.744812012 853.744812012 827.425109863 865.259643555
850.454833984 848.809875488 822.49017334 865.259643555
855.389770508 847.164855957 819.200195312 850.454833984
840.584960938 847.164855957 817.555236816 855.389770508
843.874938965 843.874938965 814.265258789 850.454833984
848.809875488 842.229919434 809.330322266 853.744812012
853.744812012 843.874938965 812.620300293 857.034729004
861.969726562 843.874938965 815.91027832 848.809875488
863.614685059 845.519897461 820.845214844 858.679748535
855.389770508 845.519897461 822.49017334 857.034729004
860.324707031 843.874938965 827.425109863 866.904663086
857.034729004 843.874938965 827.425109863 865.259643555
855.389770508 847.164855957 829.070068359 852.09979248
848.809875488 842.229919434 829.070068359 845.519897461
850.454833984 842.229919434 825.780151367 843.874938965
857.034729004 843.874938965 829.070068359 842.229919434
857.034729004 840.584960938 824.135131836 852.09979248
832.360046387 840.584960938 822.49017334 847.164855957
820.845214844 835.650024414 825.780151367 843.874938965
830.715087891 835.650024414 822.49017334 840.584960938
830.715087891 834.005004883 822.49017334 847.164855957
837.29498291 834.005004883 820.845214844 838.940002441
830.715087891 835.650024414 820.845214844 834.005004883
837.29498291 834.005004883 819.200195312 840.584960938
847.164855957 834.005004883 820.845214844 838.940002441
843.874938965 835.650024414 824.135131836 855.389770508
815.91027832 835.650024414 824.135131836 857.034729004
779.720703125 835.650024414 827.425109863 848.809875488
789.590576172 842.229919434 834.005004883 850.454833984
802.750427246 845.519897461 834.005004883 847.164855957
820.845214844 845.519897461 832.360046387 848.809875488
832.360046387 848.809875488 835.650024414 853.744812012
822.49017334 845.519897461 832.360046387 850.454833984
827.425109863 845.519897461 827.425109863 852.09979248
830.715087891 845.519897461 830.715087891 855.389770508
824.135131836 842.229919434 824.135131836 838.940002441
822.49017334 845.519897461 825.780151367 829.070068359
801.105407715 843.874938965 829.070068359 834.005004883
810.975280762 848.809875488 832.360046387 845.519897461
824.135131836 848.809875488 830.715087891 852.09979248
835.650024414 847.164855957 825.780151367 855.389770508
827.425109863 843.874938965 824.135131836 832.360046387
827.425109863 845.519897461 824.135131836 819.200195312
829.070068359 845.519897461 827.425109863 834.005004883
837.29498291 848.809875488 825.780151367 827.425109863
858.679748535 852.09979248 827.425109863 832.360046387
843.874938965 850.454833984 829.070068359 825.780151367
835.650024414 850.454833984 827.425109863 829.070068359
832.360046387 847.164855957 825.780151367 837.29498291
814.265258789 847.164855957 829.070068359 847.164855957
801.105407715 848.809875488 832.360046387 852.09979248
796.170471191 853.744812012 834.005004883 840.584960938
807.68536377 855.389770508 838.940002441 853.744812012
814.265258789 853.744812012 835.650024414 855.389770508
819.200195312 853.744812012 834.005004883 855.389770508
822.49017334 852.09979248 834.005004883 855.389770508
807.68536377 852.09979248 825.780151367 852.09979248
807.68536377 850.454833984 829.070068359 852.09979248
804.395385742 850.454833984 832.360046387 850.454833984
820.845214844 847.164855957 827.425109863 852.09979248
832.360046387 847.164855957 829.070068359 857.034729004
822.49017334 843.874938965 829.070068359 848.809875488
825.780151367 847.164855957 824.135131836 857.034729004
819.200195312 848.809875488 820.845214844 853.744812012
822.49017334 845.519897461 817.555236816 845.519897461
827.425109863 840.584960938 815.91027832 852.09979248
830.715087891 842.229919434 819.200195312 853.744812012
829.070068359 840.584960938 819.200195312 848.809875488
837.29498291 843.874938965 814.265258789 837.29498291
827.425109863 843.874938965 812.620300293 840.584960938
829.070068359 842.229919434 814.265258789 847.164855957
832.360046387 842.229919434 817.555236816 847.164855957
842.229919434 842.229919434 819.200195312 860.324707031
847.164855957 838.940002441 819.200195312 853.744812012
837.29498291 835.650024414 815.91027832 842.229919434
840.584960938 838.940002441 815.91027832 860.324707031
835.650024414 838.940002441 819.200195312 850.454833984
842.229919434 842.229919434 825.780151367 853.744812012
858.679748535 845.519897461 827.425109863 866.904663086
857.034729004 845.519897461 829.070068359 865.259643555
863.614685059 850.454833984 825.780151367 865.259643555
871.839599609 850.454833984 824.135131836 866.904663086
876.774536133 853.744812012 824.135131836 870.194580078
857.034729004 852.09979248 825.780151367 868.549621582
855.389770508 855.389770508 830.715087891 866.904663086
850.454833984 855.389770508 835.650024414 865.259643555
865.259643555 852.09979248 830.715087891 863.614685059
876.774536133 855.389770508 827.425109863 861.969726562
870.194580078 855.389770508 829.070068359 865.259643555
868.549621582 857.034729004 830.715087891 860.324707031
878.419494629 857.034729004 832.360046387 861.969726562
871.839599609 857.034729004 834.005004883 875.129516602
871.839599609 857.034729004 830.715087891 865.259643555
875.129516602 857.034729004 830.715087891 871.839599609
875.129516602 857.034729004 827.425109863 870.194580078
883.354431152 857.034729004 824.135131836 870.194580078
871.839599609 855.389770508 824.135131836 858.679748535
876.774536133 858.679748535 824.135131836 842.229919434
875.129516602 858.679748535 829.070068359 863.614685059
876.774536133 857.034729004 830.715087891 860.324707031
875.129516602 855.389770508 827.425109863 866.904663086
866.904663086 852.09979248 827.425109863 863.614685059
858.679748535 850.454833984 824.135131836 850.454833984
857.034729004 853.744812012 824.135131836 855.389770508
858.679748535 848.809875488 820.845214844 857.034729004
861.969726562 852.09979248 822.49017334 858.679748535
858.679748535 852.09979248 824.135131836 861.969726562
861.969726562 850.454833984 824.135131836 860.324707031
865.259643555 852.09979248 824.135131836 860.324707031
870.194580078 848.809875488 825.780151367 865.259643555
866.904663086 845.519897461 825.780151367 860.324707031
865.259643555 843.874938965 825.780151367 860.324707031
868.549621582 842.229919434 822.49017334 858.679748535
866.904663086 838.940002441 817.555236816 857.034729004
873.484558105 838.940002441 827.425109863 860.324707031
873.484558105 838.940002441 820.845214844 858.679748535
866.904663086 842.229919434 820.845214844 852.09979248
863.614685059 835.650024414 822.49017334 857.034729004
857.034729004 834.005004883 817.555236816 858.679748535
866.904663086 838.940002441 825.780151367 865.259643555
868.549621582 843.874938965 825.780151367 866.904663086
871.839599609 843.874938965 820.845214844 855.389770508
866.904663086 842.229919434 819.200195312 853.744812012
840.584960938 835.650024414 817.555236816 847.164855957
853.744812012 835.650024414 814.265258789 847.164855957
858.679748535 838.940002441 812.620300293 850.454833984
845.519897461 837.29498291 814.265258789 843.874938965
852.09979248 838.940002441 817.555236816 843.874938965
857.034729004 838.940002441 814.265258789 850.454833984
855.389770508 842.229919434 819.200195312 858.679748535
850.454833984 843.874938965 820.845214844 860.324707031
853.744812012 847.164855957 822.49017334 858.679748535
848.809875488 847.164855957 822.49017334 847.164855957
850.454833984 847.164855957 817.555236816 850.454833984
852.09979248 848.809875488 819.200195312 860.324707031
850.454833984 843.874938965 814.265258789 850.454833984
852.09979248 840.584960938 814.265258789 852.09979248
847.164855957 842.229919434 812.620300293 850.454833984
855.389770508 842.229919434 812.620300293 845.519897461
835.650024414 840.584960938 815.91027832 850.454833984
840.584960938 845.519897461 822.49017334 853.744812012
843.874938965 842.229919434 814.265258789 845.519897461
855.389770508 843.874938965 814.265258789 853.744812012
860.324707031 847.164855957 814.265258789 845.519897461
845.519897461 845.519897461 809.330322266 845.519897461
843.874938965 843.874938965 814.265258789 837.29498291
847.164855957 842.229919434 812.620300293 838.940002441
857.034729004 842.229919434 815.91027832 848.809875488
865.259643555 840.584960938 814.265258789 848.809875488
860.324707031 842.229919434 814.265258789 857.034729004
850.454833984 838.940002441 807.68536377 855.389770508
852.09979248 840.584960938 806.040344238 845.519897461
858.679748535 842.229919434 810.975280762 845.519897461
870.194580078 845.519897461 812.620300293 850.454833984
861.969726562 845.519897461 815.91027832 850.454833984
865.259643555 847.164855957 817.555236816 855.389770508
860.324707031 842.229919434 817.555236816 857.034729004
845.519897461 842.229919434 817.555236816 852.09979248
857.034729004 843.874938965 817.555236816 848.809875488
853.744812012 840.584960938 819.200195312 858.679748535
847.164855957 843.874938965 820.845214844 855.389770508
853.744812012 843.874938965 820.845214844 848.809875488
848.809875488 845.519897461 820.845214844 853.744812012
857.034729004 845.519897461 819.200195312 838.940002441
858.679748535 848.809875488 820.845214844 847.164855957
853.744812012 848.809875488 820.845214844 852.09979248
860.324707031 848.809875488 825.780151367 852.09979248
853.744812012 848.809875488 824.135131836 848.809875488
855.389770508 850.454833984 822.49017334 842.229919434
855.389770508 848.809875488 820.845214844 850.454833984
861.969726562 852.09979248 819.200195312 850.454833984
858.679748535 853.744812012 819.200195312 853.744812012
850.454833984 850.454833984 819.200195312 847.164855957
852.09979248 852.09979248 825.780151367 852.09979248
850.454833984 848.809875488 825.780151367 855.389770508
855.389770508 847.164855957 827.425109863 853.744812012
855.389770508 845.519897461 829.070068359 852.09979248
857.034729004 845.519897461 825.780151367 843.874938965
865.259643555 845.519897461 825.780151367 855.389770508
861.969726562 848.809875488 830.715087891 863.614685059
868.549621582 855.389770508 829.070068359 876.774536133
858.679748535 853.744812012 822.49017334 863.614685059
863.614685059 853.744812012 820.845214844 848.809875488
852.09979248 848.809875488 815.91027832 857.034729004
843.874938965 852.09979248 815.91027832 858.679748535
853.744812012 855.389770508 822.49017334 860.324707031
847.164855957 855.389770508 825.780151367 850.454833984
858.679748535 855.389770508 827.425109863 848.809875488
857.034729004 852.09979248 830.715087891 848.809875488
858.679748535 853.744812012 829.070068359 860.324707031
858.679748535 855.389770508 827.425109863 865.259643555
858.679748535 848.809875488 824.135131836 857.034729004
847.164855957 848.809875488 829.070068359 861.969726562
837.29498291 847.164855957 827.425109863 865.259643555
848.809875488 847.164855957 829.070068359 847.164855957
850.454833984 853.744812012 830.715087891 853.744812012
848.809875488 852.09979248 825.780151367 847.164855957
853.744812012 845.519897461 820.845214844 838.940002441
855.389770508 847.164855957 817.555236816 848.809875488
847.164855957 842.229919434 817.555236816 837.29498291
861.969726562 840.584960938 819.200195312 848.809875488
843.874938965 842.229919434 825.780151367 853.744812012
825.780151367 842.229919434 829.070068359 847.164855957
829.070068359 843.874938965 829.070068359 852.09979248
817.555236816 848.809875488 829.070068359 847.164855957
827.425109863 847.164855957 827.425109863 852.09979248
842.229919434 847.164855957 825.780151367 848.809875488
829.070068359 845.519897461 825.780151367 852.09979248
825.780151367 842.229919434 824.135131836 845.519897461
830.715087891 837.29498291 820.845214844 845.519897461
835.650024414 838.940002441 822.49017334 847.164855957
835.650024414 838.940002441 830.715087891 850.454833984
827.425109863 840.584960938 832.360046387 857.034729004
834.005004883 842.229919434 834.005004883 861.969726562
832.360046387 843.874938965 832.360046387 863.614685059
832.360046387 843.874938965 827.425109863 860.324707031
835.650024414 842.229919434 827.425109863 845.519897461
827.425109863 838.940002441 824.135131836 848.809875488
827.425109863 838.940002441 819.200195312 848.809875488
835.650024414 840.584960938 820.845214844 852.09979248
830.715087891 842.229919434 817.555236816 857.034729004
827.425109863 843.874938965 817.555236816 852.09979248
838.940002441 842.229919434 819.200195312 858.679748535
840.584960938 842.229919434 822.49017334 858.679748535
835.650024414 842.229919434 825.780151367 855.389770508
834.005004883 840.584960938 825.780151367 853.744812012
825.780151367 840.584960938 822.49017334 848.809875488
840.584960938 840.584960938 822.49017334 848.809875488
837.29498291 838.940002441 819.200195312 842.229919434
835.650024414 837.29498291 820.845214844 845.519897461
830.715087891 835.650024414 824.135131836 847.164855957
835.650024414 837.29498291 819.200195312 837.29498291
843.874938965 837.29498291 824.135131836 848.809875488
845.519897461 838.940002441 824.135131836 855.389770508
843.874938965 838.940002441 822.49017334 858.679748535
842.229919434 838.940002441 820.845214844 855.389770508
843.874938965 838.940002441 814.265258789 853.744812012
853.744812012 840.584960938 810.975280762 855.389770508
855.389770508 843.874938965 810.975280762 847.164855957
857.034729004 847.164855957 814.265258789 848.809875488
875.129516602 848.809875488 814.265258789 857.034729004
875.129516602 848.809875488 812.620300293 860.324707031
853.744812012 847.164855957 814.265258789 860.324707031
863.614685059 847.164855957 812.620300293 852.09979248
863.614685059 853.744812012 815.91027832 845.519897461
861.969726562 850.454833984 820.845214844 857.034729004
868.549621582 852.09979248 819.200195312 868.549621582
865.259643555 850.454833984 820.845214844 857.034729004
866.904663086 848.809875488 822.49017334 857.034729004
871.839599609 847.164855957 819.200195312 858.679748535
870.194580078 845.519897461 820.845214844 858.679748535
855.389770508 845.519897461 822.49017334 857.034729004
850.454833984 843.874938965 822.49017334 843.874938965
860.324707031 847.164855957 825.780151367 852.09979248
850.454833984 847.164855957 825.780151367 857.034729004
837.29498291 845.519897461 820.845214844 860.324707031
837.29498291 842.229919434 822.49017334 860.324707031
802.750427246 837.29498291 820.845214844 857.034729004
787.945556641 837.29498291 817.555236816 857.034729004
809.330322266 840.584960938 820.845214844 850.454833984
802.750427246 843.874938965 820.845214844 850.454833984
799.460449219 847.164855957 819.200195312 848.809875488
792.880554199 845.519897461 819.200195312 852.09979248
789.590576172 845.519897461 819.200195312 853.744812012
794.525512695 845.519897461 819.200195312 860.324707031
802.750427246 845.519897461 824.135131836 861.969726562
799.460449219 840.584960938 819.200195312 855.389770508
801.105407715 842.229919434 820.845214844 857.034729004
812.620300293 845.519897461 817.555236816 850.454833984
829.070068359 845.519897461 815.91027832 847.164855957
837.29498291 847.164855957 820.845214844 850.454833984
840.584960938 847.164855957 819.200195312 852.09979248
834.005004883 843.874938965 820.845214844 852.09979248
817.555236816 847.164855957 824.135131836 857.034729004
812.620300293 842.229919434 820.845214844 858.679748535
830.715087891 840.584960938 810.975280762 861.969726562
853.744812012 838.940002441 814.265258789 857.034729004
850.454833984 840.584960938 810.975280762 843.874938965
847.164855957 838.940002441 812.620300293 847.164855957
847.164855957 840.584960938 814.265258789 850.454833984
850.454833984 837.29498291 810.975280762 843.874938965
861.969726562 838.940002441 807.68536377 840.584960938
853.744812012 842.229919434 809.330322266 845.519897461
852.09979248 843.874938965 814.265258789 845.519897461
861.969726562 845.519897461 809.330322266 850.454833984
860.324707031 845.519897461 815.91027832 855.389770508
852.09979248 842.229919434 814.265258789 845.519897461
858.679748535 843.874938965 814.265258789 845.519897461
858.679748535 845.519897461 817.555236816 848.809875488
865.259643555 843.874938965 815.91027832 847.164855957
861.969726562 843.874938965 824.135131836 852.09979248
865.259643555 842.229919434 824.135131836 847.164855957
866.904663086 845.519897461 825.780151367 845.519897461
860.324707031 843.874938965 827.425109863 845.519897461
871.839599609 845.519897461 824.135131836 845.519897461
866.904663086 845.519897461 830.715087891 858.679748535
863.614685059 842.229919434 827.425109863 858.679748535
868.549621582 843.874938965 827.425109863 855.389770508
857.034729004 843.874938965 827.425109863 845.519897461
852.09979248 843.874938965 822.49017334 842.229919434
835.650024414 838.940002441 819.200195312 848.809875488
810.975280762 843.874938965 815.91027832 850.454833984
799.460449219 845.519897461 814.265258789 850.454833984
799.460449219 843.874938965 814.265258789 842.229919434
806.040344238 845.519897461 817.555236816 842.229919434
809.330322266 843.874938965 819.200195312 848.809875488
806.040344238 848.809875488 820.845214844 847.164855957
797.815490723 848.809875488 822.49017334 848.809875488
806.040344238 848.809875488 820.845214844 845.519897461
815.91027832 853.744812012 820.845214844 848.809875488
817.555236816 852.09979248 824.135131836 855.389770508
827.425109863 855.389770508 822.49017334 853.744812012
830.715087891 852.09979248 819.200195312 857.034729004
829.070068359 848.809875488 820.845214844 857.034729004
837.29498291 852.09979248 820.845214844 845.519897461
840.584960938 855.389770508 825.780151367 843.874938965
838.940002441 853.744812012 825.780151367 845.519897461
834.005004883 853.744812012 825.780151367 858.679748535
819.200195312 853.744812012 825.780151367 871.839599609
819.200195312 852.09979248 824.135131836 847.164855957
832.360046387 850.454833984 824.135131836 842.229919434
840.584960938 848.809875488 822.49017334 843.874938965
845.519897461 848.809875488 824.135131836 845.519897461
858.679748535 852.09979248 820.845214844 855.389770508
857.034729004 848.809875488 825.780151367 857.034729004
857.034729004 847.164855957 824.135131836 852.09979248
861.969726562 845.519897461 822.49017334 858.679748535
860.324707031 845.519897461 827.425109863 860.324707031
857.034729004 843.874938965 822.49017334 853.744812012
868.549621582 843.874938965 824.135131836 852.09979248
870.194580078 845.519897461 824.135131836 850.454833984
868.549621582 843.874938965 819.200195312 840.584960938
878.419494629 842.229919434 817.555236816 840.584960938
876.774536133 842.229919434 815.91027832 848.809875488
875.129516602 843.874938965 817.555236816 838.940002441
873.484558105 847.164855957 825.780151367 842.229919434
868.549621582 845.519897461 830.715087891 857.034729004
865.259643555 845.519897461 830.715087891 853.744812012
860.324707031 847.164855957 832.360046387 858.679748535
857.034729004 848.809875488 829.070068359 857.034729004
861.969726562 847.164855957 830.715087891 847.164855957
863.614685059 842.229919434 830.715087891 855.389770508
865.259643555 843.874938965 827.425109863 858.679748535
865.259643555 842.229919434 819.200195312 848.809875488
865.259643555 840.584960938 820.845214844 857.034729004
863.614685059 840.584960938 819.200195312 855.389770508
865.259643555 840.584960938 824.135131836 853.744812012
870.194580078 843.874938965 829.070068359 857.034729004
875.129516602 850.454833984 830.715087891 860.324707031
871.839599609 850.454833984 834.005004883 866.904663086
873.484558105 842.229919434 824.135131836 861.969726562
873.484558105 843.874938965 825.780151367 868.549621582
863.614685059 843.874938965 822.49017334 866.904663086
863.614685059 843.874938965 825.780151367 860.324707031
855.389770508 845.519897461 832.360046387 860.324707031
837.29498291 838.940002441 822.49017334 848.809875488
850.454833984 837.29498291 822.49017334 853.744812012
848.809875488 835.650024414 825.780151367 865.259643555
852.09979248 832.360046387 829.070068359 866.904663086
863.614685059 834.005004883 830.715087891 858.679748535
861.969726562 830.715087891 825.780151367 853.744812012
848.809875488 832.360046387 825.780151367 866.904663086
840.584960938 837.29498291 829.070068359 865.259643555
842.229919434 837.29498291 829.070068359 868.549621582
842.229919434 842.229919434 830.715087891 860.324707031
853.744812012 845.519897461 824.135131836 850.454833984
850.454833984 837.29498291 822.49017334 863.614685059
842.229919434 837.29498291 824.135131836 860.324707031
853.744812012 837.29498291 830.715087891 861.969726562
848.809875488 838.940002441 830.715087891 857.034729004
855.389770508 843.874938965 824.135131836 847.164855957
861.969726562 845.519897461 825.780151367 857.034729004
858.679748535 840.584960938 824.135131836 866.904663086
857.034729004 842.229919434 827.425109863 853.744812012
861.969726562 840.584960938 827.425109863 857.034729004
860.324707031 838.940002441 822.49017334 858.679748535
853.744812012 840.584960938 820.845214844 845.519897461
857.034729004 840.584960938 819.200195312 853.744812012
855.389770508 840.584960938 820.845214844 855.389770508
858.679748535 837.29498291 820.845214844 858.679748535
853.744812012 835.650024414 820.845214844 865.259643555
855.389770508 840.584960938 820.845214844 861.969726562
863.614685059 838.940002441 822.49017334 840.584960938
848.809875488 837.29498291 819.200195312 840.584960938
855.389770508 837.29498291 817.555236816 840.584960938
850.454833984 835.650024414 817.555236816 843.874938965
855.389770508 837.29498291 815.91027832 847.164855957
868.549621582 835.650024414 817.555236816 840.584960938
858.679748535 832.360046387 817.555236816 843.874938965
853.744812012 835.650024414 819.200195312 847.164855957
852.09979248 838.940002441 815.91027832 850.454833984
855.389770508 837.29498291 814.265258789 850.454833984
853.744812012 835.650024414 817.555236816 857.034729004
852.09979248 834.005004883 814.265258789 855.389770508
855.389770508 834.005004883 820.845214844 858.679748535
845.519897461 837.29498291 825.780151367 861.969726562
838.940002441 837.29498291 824.135131836 858.679748535
845.519897461 840.584960938 819.200195312 850.454833984
848.809875488 843.874938965 819.200195312 861.969726562
855.389770508 845.519897461 819.200195312 853.744812012
875.129516602 845.519897461 815.91027832 866.904663086
871.839599609 845.519897461 815.91027832 865.259643555
847.164855957 848.809875488 815.91027832 842.229919434
848.809875488 848.809875488 815.91027832 842.229919434
837.29498291 848.809875488 815.91027832 832.360046387
842.229919434 848.809875488 819.200195312 838.940002441
850.454833984 850.454833984 814.265258789 847.164855957
835.650024414 850.454833984 814.265258789 840.584960938
830.715087891 850.454833984 814.265258789 847.164855957
837.29498291 847.164855957 817.555236816 847.164855957
843.874938965 843.874938965 817.555236816 850.454833984
837.29498291 845.519897461 819.200195312 847.164855957
840.584960938 845.519897461 812.620300293 852.09979248
850.454833984 847.164855957 810.975280762 834.005004883
842.229919434 842.229919434 814.265258789 840.584960938
845.519897461 840.584960938 814.265258789 847.164855957
847.164855957 842.229919434 815.91027832 853.744812012
840.584960938 842.229919434 812.620300293 858.679748535
847.164855957 845.519897461 814.265258789 855.389770508
842.229919434 848.809875488 810.975280762 853.744812012
842.229919434 848.809875488 810.975280762 850.454833984
848.809875488 845.519897461 814.265258789 855.389770508
845.519897461 842.229919434 814.265258789 852.09979248
840.584960938 840.584960938 814.265258789 847.164855957
843.874938965 842.229919434 812.620300293 843.874938965
845.519897461 847.164855957 814.265258789 845.519897461
850.454833984 847.164855957 814.265258789 847.164855957
842.229919434 845.519897461 817.555236816 857.034729004
834.005004883 845.519897461 812.620300293 855.389770508
837.29498291 843.874938965 809.330322266 861.969726562
832.360046387 840.584960938 812.620300293 855.389770508
843.874938965 840.584960938 814.265258789 848.809875488
850.454833984 838.940002441 815.91027832 847.164855957
843.874938965 837.29498291 810.975280762 842.229919434
840.584960938 837.29498291 814.265258789 855.389770508
842.229919434 838.940002441 819.200195312 860.324707031
852.09979248 838.940002441 820.845214844 863.614685059
853.744812012 837.29498291 819.200195312 853.744812012
853.744812012 837.29498291 814.265258789 850.454833984
850.454833984 835.650024414 810.975280762 857.034729004
848.809875488 832.360046387 810.975280762 861.969726562
845.519897461 834.005004883 814.265258789 860.324707031
858.679748535 832.360046387 819.200195312 865.259643555
865.259643555 834.005004883 819.200195312 880.064453125
840.584960938 834.005004883 819.200195312 858.679748535
855.389770508 835.650024414 822.49017334 842.229919434
847.164855957 837.29498291 827.425109863 847.164855957
845.519897461 838.940002441 825.780151367 840.584960938
865.259643555 843.874938965 822.49017334 857.034729004
857.034729004 843.874938965 819.200195312 860.324707031
855.389770508 840.584960938 817.555236816 850.454833984
860.324707031 840.584960938 819.200195312 852.09979248
863.614685059 837.29498291 819.200195312 857.034729004
857.034729004 835.650024414 815.91027832 857.034729004
845.519897461 834.005004883 815.91027832 847.164855957
842.229919434 832.360046387 812.620300293 855.389770508
842.229919434 830.715087891 815.91027832 853.744812012
842.229919434 830.715087891 807.68536377 842.229919434
855.389770508 827.425109863 810.975280762 843.874938965
848.809875488 829.070068359 814.265258789 852.09979248
850.454833984 825.780151367 807.68536377 848.809875488
847.164855957 829.070068359 814.265258789 855.389770508
838.940002441 832.360046387 817.555236816 855.389770508
852.09979248 834.005004883 817.555236816 852.09979248
848.809875488 835.650024414 815.91027832 850.454833984
860.324707031 837.29498291 819.200195312 858.679748535
853.744812012 835.650024414 819.200195312 855.389770508
848.809875488 837.29498291 824.135131836 873.484558105
845.519897461 835.650024414 817.555236816 860.324707031
848.809875488 835.650024414 812.620300293 838.940002441
847.164855957 834.005004883 812.620300293 840.584960938
840.584960938 834.005004883 817.555236816 843.874938965
840.584960938 835.650024414 824.135131836 850.454833984
842.229919434 835.650024414 817.555236816 847.164855957
848.809875488 840.584960938 824.135131836 855.389770508
838.940002441 840.584960938 820.845214844 847.164855957
835.650024414 843.874938965 822.49017334 845.519897461
850.454833984 847.164855957 822.49017334 845.519897461
868.549621582 850.454833984 824.135131836 840.584960938
873.484558105 855.389770508 825.780151367 843.874938965
871.839599609 855.389770508 825.780151367 857.034729004
871.839599609 853.744812012 827.425109863 850.454833984
871.839599609 855.389770508 829.070068359 857.034729004
870.194580078 858.679748535 830.715087891 866.904663086
860.324707031 860.324707031 830.715087891 858.679748535
857.034729004 853.744812012 830.715087891 857.034729004
857.034729004 853.744812012 825.780151367 850.454833984
857.034729004 853.744812012 835.650024414 855.389770508
857.034729004 850.454833984 835.650024414 857.034729004
850.454833984 852.09979248 832.360046387 861.969726562
868.549621582 855.389770508 835.650024414 865.259643555
863.614685059 852.09979248 832.360046387 865.259643555
870.194580078 853.744812012 832.360046387 871.839599609
870.194580078 855.389770508 834.005004883 870.194580078
860.324707031 855.389770508 825.780151367 861.969726562
866.904663086 863.614685059 827.425109863 868.549621582
863.614685059 858.679748535 825.780151367 863.614685059
857.034729004 855.389770508 825.780151367 866.904663086
866.904663086 853.744812012 824.135131836 868.549621582
870.194580078 855.389770508 830.715087891 863.614685059
868.549621582 855.389770508 829.070068359 853.744812012
865.259643555 852.09979248 829.070068359 865.259643555
860.324707031 850.454833984 832.360046387 861.969726562
865.259643555 853.744812012 825.780151367 855.389770508
857.034729004 853.744812012 819.200195312 852.09979248
861.969726562 853.744812012 820.845214844 863.614685059
850.454833984 850.454833984 819.200195312 860.324707031
848.809875488 848.809875488 824.135131836 855.389770508
847.164855957 847.164855957 825.780151367 863.614685059
848.809875488 850.454833984 819.200195312 850.454833984
848.809875488 850.454833984 814.265258789 855.389770508
850.454833984 848.809875488 812.620300293 860.324707031
842.229919434 848.809875488 817.555236816 848.809875488
837.29498291 850.454833984 819.200195312 850.454833984
850.454833984 848.809875488 815.91027832 842.229919434
845.519897461 850.454833984 819.200195312 847.164855957
845.519897461 850.454833984 817.555236816 847.164855957
855.389770508 848.809875488 817.555236816 842.229919434
855.389770508 848.809875488 814.265258789 843.874938965
855.389770508 848.809875488 815.91027832 843.874938965
842.229919434 847.164855957 817.555236816 847.164855957
847.164855957 845.519897461 810.975280762 845.519897461
843.874938965 847.164855957 812.620300293 850.454833984
848.809875488 847.164855957 810.975280762 845.519897461
845.519897461 847.164855957 812.620300293 852.09979248
838.940002441 848.809875488 820.845214844 853.744812012
837.29498291 848.809875488 820.845214844 837.29498291
848.809875488 843.874938965 817.555236816 838.940002441
853.744812012 843.874938965 820.845214844 840.584960938
848.809875488 843.874938965 820.845214844 848.809875488
848.809875488 845.519897461 824.135131836 852.09979248
847.164855957 848.809875488 819.200195312 842.229919434
845.519897461 848.809875488 817.555236816 842.229919434
852.09979248 852.09979248 817.555236816 842.229919434
863.614685059 855.389770508 819.200195312 845.519897461
850.454833984 850.454833984 820.845214844 845.519897461
847.164855957 847.164855957 814.265258789 845.519897461
843.874938965 842.229919434 815.91027832 843.874938965
840.584960938 840.584960938 817.555236816 843.874938965
850.454833984 843.874938965 820.845214844 852.09979248
853.744812012 843.874938965 822.49017334 853.744812012
850.454833984 840.584960938 817.555236816 852.09979248
845.519897461 840.584960938 815.91027832 850.454833984
835.650024414 838.940002441 815.91027832 845.519897461
835.650024414 842.229919434 820.845214844 845.519897461
842.229919434 843.874938965 819.200195312 845.519897461
853.744812012 845.519897461 820.845214844 852.09979248
852.09979248 840.584960938 820.845214844 855.389770508
843.874938965 840.584960938 815.91027832 863.614685059
850.454833984 840.584960938 812.620300293 850.454833984
840.584960938 843.874938965 814.265258789 847.164855957
842.229919434 843.874938965 815.91027832 853.744812012
842.229919434 840.584960938 815.91027832 848.809875488
847.164855957 843.874938965 819.200195312 853.744812012
843.874938965 843.874938965 819.200195312 843.874938965
847.164855957 848.809875488 820.845214844 845.519897461
850.454833984 848.809875488 820.845214844 852.09979248
853.744812012 847.164855957 820.845214844 855.389770508
857.034729004 845.519897461 819.200195312 858.679748535
852.09979248 845.519897461 824.135131836 860.324707031
852.09979248 840.584960938 824.135131836 850.454833984
850.454833984 840.584960938 825.780151367 858.679748535
842.229919434 842.229919434 825.780151367 853.744812012
842.229919434 843.874938965 822.49017334 850.454833984
834.005004883 840.584960938 822.49017334 853.744812012
845.519897461 843.874938965 817.555236816 845.519897461
837.29498291 843.874938965 814.265258789 842.229919434
837.29498291 840.584960938 814.265258789 853.744812012
848.809875488 845.519897461 817.555236816 863.614685059
834.005004883 840.584960938 812.620300293 840.584960938
840.584960938 838.940002441 810.975280762 850.454833984
845.519897461 838.940002441 814.265258789 848.809875488
835.650024414 840.584960938 815.91027832 852.09979248
842.229919434 840.584960938 815.91027832 860.324707031
842.229919434 835.650024414 814.265258789 848.809875488
832.360046387 840.584960938 817.555236816 847.164855957
845.519897461 840.584960938 820.845214844 853.744812012
857.034729004 842.229919434 825.780151367 863.614685059
835.650024414 840.584960938 822.49017334 850.454833984
827.425109863 830.715087891 815.91027832 842.229919434
835.650024414 832.360046387 812.620300293 843.874938965
838.940002441 835.650024414 815.91027832 843.874938965
848.809875488 835.650024414 819.200195312 843.874938965
834.005004883 832.360046387 817.555236816 850.454833984
832.360046387 830.715087891 817.555236816 848.809875488
834.005004883 830.715087891 819.200195312 853.744812012
840.584960938 835.650024414 820.845214844 850.454833984
843.874938965 840.584960938 817.555236816 850.454833984
845.519897461 840.584960938 822.49017334 848.809875488
838.940002441 837.29498291 822.49017334 845.519897461
842.229919434 837.29498291 820.845214844 850.454833984
835.650024414 832.360046387 827.425109863 852.09979248
832.360046387 830.715087891 820.845214844 838.940002441
838.940002441 832.360046387 817.555236816 843.874938965
834.005004883 830.715087891 817.555236816 838.940002441
837.29498291 830.715087891 815.91027832 840.584960938
832.360046387 829.070068359 815.91027832 847.164855957
829.070068359 834.005004883 817.555236816 848.809875488
829.070068359 834.005004883 815.91027832 835.650024414
834.005004883 834.005004883 815.91027832 838.940002441
852.09979248 835.650024414 815.91027832 848.809875488
865.259643555 835.650024414 815.91027832 870.194580078
845.519897461 837.29498291 819.200195312 861.969726562
840.584960938 837.29498291 820.845214844 853.744812012
822.49017334 835.650024414 820.845214844 848.809875488
829.070068359 834.005004883 814.265258789 837.29498291
837.29498291 835.650024414 812.620300293 847.164855957
829.070068359 837.29498291 809.330322266 842.229919434
824.135131836 832.360046387 814.265258789 852.09979248
807.68536377 832.360046387 814.265258789 852.09979248
815.91027832 837.29498291 814.265258789 850.454833984
817.555236816 840.584960938 815.91027832 840.584960938
827.425109863 847.164855957 815.91027832 838.940002441
850.454833984 845.519897461 815.91027832 847.164855957
837.29498291 838.940002441 817.555236816 852.09979248
840.584960938 835.650024414 819.200195312 850.454833984
838.940002441 835.650024414 817.555236816 852.09979248
832.360046387 834.005004883 814.265258789 860.324707031
840.584960938 835.650024414 809.330322266 853.744812012
835.650024414 832.360046387 809.330322266 843.874938965
832.360046387 830.715087891 814.265258789 845.519897461
827.425109863 835.650024414 815.91027832 848.809875488
829.070068359 834.005004883 812.620300293 852.09979248
830.715087891 834.005004883 812.620300293 855.389770508
829.070068359 837.29498291 814.265258789 845.519897461
827.425109863 834.005004883 812.620300293 845.519897461
824.135131836 835.650024414 810.975280762 843.874938965
830.715087891 835.650024414 806.040344238 827.425109863
837.29498291 834.005004883 802.750427246 834.005004883
847.164855957 837.29498291 804.395385742 825.780151367
840.584960938 840.584960938 806.040344238 822.49017334
834.005004883 840.584960938 807.68536377 827.425109863
822.49017334 837.29498291 807.68536377 830.715087891
820.845214844 840.584960938 807.68536377 829.070068359
822.49017334 835.650024414 810.975280762 843.874938965
832.360046387 838.940002441 812.620300293 847.164855957
835.650024414 832.360046387 812.620300293 838.940002441
829.070068359 829.070068359 817.555236816 845.519897461
827.425109863 829.070068359 809.330322266 847.164855957
838.940002441 832.360046387 812.620300293 840.584960938
832.360046387 834.005004883 812.620300293 852.09979248
838.940002441 827.425109863 809.330322266 857.034729004
845.519897461 830.715087891 812.620300293 850.454833984
840.584960938 830.715087891 815.91027832 855.389770508
845.519897461 830.715087891 814.265258789 860.324707031
853.744812012 834.005004883 815.91027832 857.034729004
853.744812012 834.005004883 819.200195312 858.679748535
861.969726562 835.650024414 817.555236816 858.679748535
870.194580078 835.650024414 824.135131836 868.549621582
865.259643555 835.650024414 825.780151367 866.904663086
843.874938965 832.360046387 824.135131836 858.679748535
842.229919434 832.360046387 815.91027832 852.09979248
843.874938965 834.005004883 814.265258789 837.29498291
847.164855957 832.360046387 812.620300293 845.519897461
852.09979248 830.715087891 812.620300293 848.809875488
853.744812012 832.360046387 815.91027832 845.519897461
847.164855957 834.005004883 817.555236816 848.809875488
850.454833984 830.715087891 819.200195312 852.09979248
860.324707031 832.360046387 820.845214844 850.454833984
863.614685059 835.650024414 822.49017334 857.034729004
857.034729004 834.005004883 820.845214844 853.744812012
848.809875488 835.650024414 820.845214844 848.809875488
850.454833984 838.940002441 820.845214844 865.259643555
847.164855957 838.940002441 824.135131836 858.679748535
860.324707031 838.940002441 822.49017334 858.679748535
866.904663086 835.650024414 819.200195312 865.259643555
848.809875488 837.29498291 817.555236816 850.454833984
848.809875488 837.29498291 812.620300293 866.904663086
865.259643555 843.874938965 814.265258789 870.194580078
863.614685059 847.164855957 819.200195312 847.164855957
858.679748535 847.164855957 824.135131836 853.744812012
863.614685059 848.809875488 827.425109863 850.454833984
850.454833984 850.454833984 824.135131836 853.744812012
853.744812012 845.519897461 820.845214844 852.09979248
855.389770508 847.164855957 820.845214844 857.034729004
852.09979248 847.164855957 822.49017334 847.164855957
857.034729004 848.809875488 827.425109863 857.034729004
848.809875488 852.09979248 829.070068359 858.679748535
840.584960938 847.164855957 822.49017334 843.874938965
845.519897461 847.164855957 827.425109863 857.034729004
840.584960938 842.229919434 825.780151367 850.454833984
847.164855957 842.229919434 820.845214844 857.034729004
845.519897461 843.874938965 820.845214844 861.969726562
847.164855957 845.519897461 820.845214844 852.09979248
852.09979248 847.164855957 820.845214844 852.09979248
865.259643555 852.09979248 817.555236816 858.679748535
858.679748535 843.874938965 820.845214844 865.259643555
840.584960938 835.650024414 825.780151367 858.679748535
830.715087891 837.29498291 832.360046387 857.034729004
814.265258789 830.715087891 834.005004883 847.164855957
820.845214844 827.425109863 830.715087891 837.29498291
824.135131836 822.49017334 840.584960938 857.034729004
801.105407715 809.330322266 843.874938965 843.874938965
804.395385742 807.68536377 847.164855957 845.519897461
804.395385742 809.330322266 847.164855957 855.389770508
814.265258789 810.975280762 845.519897461 858.679748535
832.360046387 815.91027832 845.519897461 865.259643555
829.070068359 819.200195312 845.519897461 861.969726562
829.070068359 824.135131836 842.229919434 857.034729004
843.874938965 827.425109863 838.940002441 870.194580078
852.09979248 825.780151367 842.229919434 875.129516602
852.09979248 825.780151367 837.29498291 886.64440918
843.874938965 829.070068359 830.715087891 873.484558105
847.164855957 825.780151367 835.650024414 863.614685059
838.940002441 825.780151367 835.650024414 857.034729004
847.164855957 827.425109863 829.070068359 853.744812012
847.164855957 832.360046387 837.29498291 871.839599609
830.715087891 835.650024414 835.650024414 868.549621582
852.09979248 840.584960938 837.29498291 863.614685059
855.389770508 840.584960938 837.29498291 858.679748535
866.904663086 838.940002441 834.005004883 865.259643555
855.389770508 835.650024414 824.135131836 855.389770508
848.809875488 830.715087891 827.425109863 853.744812012
857.034729004 834.005004883 837.29498291 861.969726562
840.584960938 834.005004883 834.005004883 847.164855957
850.454833984 835.650024414 837.29498291 865.259643555
852.09979248 837.29498291 834.005004883 870.194580078
830.715087891 835.650024414 824.135131836 863.614685059
843.874938965 837.29498291 825.780151367 855.389770508
847.164855957 838.940002441 829.070068359 855.389770508
842.229919434 840.584960938 825.780151367 860.324707031
850.454833984 838.940002441 829.070068359 857.034729004
855.389770508 842.229919434 825.780151367 863.614685059
852.09979248 837.29498291 815.91027832 842.229919434
855.389770508 837.29498291 819.200195312 847.164855957
842.229919434 837.29498291 815.91027832 843.874938965
843.874938965 842.229919434 817.555236816 840.584960938
847.164855957 845.519897461 824.135131836 847.164855957
852.09979248 838.940002441 815.91027832 832.360046387
861.969726562 840.584960938 817.555236816 842.229919434
853.744812012 840.584960938 814.265258789 843.874938965
861.969726562 843.874938965 814.265258789 845.519897461
860.324707031 848.809875488 815.91027832 838.940002441
860.324707031 853.744812012 814.265258789 843.874938965
863.614685059 850.454833984 814.265258789 858.679748535
858.679748535 847.164855957 810.975280762 847.164855957
860.324707031 848.809875488 814.265258789 842.229919434
857.034729004 845.519897461 809.330322266 842.229919434
863.614685059 850.454833984 819.200195312 848.809875488
865.259643555 852.09979248 820.845214844 860.324707031
858.679748535 847.164855957 815.91027832 848.809875488
861.969726562 845.519897461 817.555236816 848.809875488
857.034729004 843.874938965 819.200195312 845.519897461
860.324707031 847.164855957 819.200195312 857.034729004
865.259643555 843.874938965 817.555236816 858.679748535
857.034729004 843.874938965 817.555236816 850.454833984
850.454833984 843.874938965 815.91027832 837.29498291
857.034729004 838.940002441 822.49017334 834.005004883
848.809875488 837.29498291 829.070068359 848.809875488
843.874938965 838.940002441 827.425109863 848.809875488
852.09979248 838.940002441 825.780151367 842.229919434
848.809875488 842.229919434 829.070068359 848.809875488
863.614685059 848.809875488 832.360046387 852.09979248
871.839599609 845.519897461 830.715087891 858.679748535
860.324707031 843.874938965 829.070068359 860.324707031
858.679748535 845.519897461 830.715087891 847.164855957
858.679748535 848.809875488 830.715087891 852.09979248
860.324707031 852.09979248 835.650024414 861.969726562
857.034729004 850.454833984 832.360046387 863.614685059
855.389770508 845.519897461 824.135131836 845.519897461
858.679748535 842.229919434 827.425109863 845.519897461
858.679748535 847.164855957 829.070068359 852.09979248
853.744812012 847.164855957 829.070068359 850.454833984
848.809875488 845.519897461 827.425109863 855.389770508
852.09979248 840.584960938 825.780151367 850.454833984
855.389770508 837.29498291 822.49017334 845.519897461
861.969726562 842.229919434 822.49017334 857.034729004
858.679748535 838.940002441 822.49017334 865.259643555
857.034729004 837.29498291 817.555236816 868.549621582
850.454833984 838.940002441 822.49017334 857.034729004
847.164855957 838.940002441 820.845214844 847.164855957
847.164855957 840.584960938 820.845214844 848.809875488
840.584960938 842.229919434 824.135131836 852.09979248
847.164855957 838.940002441 822.49017334 853.744812012
853.744812012 840.584960938 829.070068359 852.09979248
850.454833984 837.29498291 824.135131836 853.744812012
853.744812012 835.650024414 824.135131836 847.164855957
842.229919434 835.650024414 824.135131836 853.744812012
842.229919434 835.650024414 820.845214844 838.940002441
848.809875488 838.940002441 814.265258789 832.360046387
858.679748535 842.229919434 814.265258789 838.940002441
868.549621582 840.584960938 820.845214844 840.584960938
858.679748535 842.229919434 822.49017334 842.229919434
865.259643555 842.229919434 819.200195312 850.454833984
861.969726562 840.584960938 820.845214844 845.519897461
845.519897461 837.29498291 819.200195312 850.454833984
845.519897461 838.940002441 820.845214844 853.744812012
843.874938965 837.29498291 824.135131836 837.29498291
848.809875488 837.29498291 820.845214844 847.164855957
857.034729004 840.584960938 824.135131836 837.29498291
853.744812012 840.584960938 824.135131836 837.29498291
852.09979248 842.229919434 824.135131836 848.809875488
853.744812012 843.874938965 825.780151367 852.09979248
852.09979248 840.584960938 825.780151367 852.09979248
840.584960938 838.940002441 824.135131836 847.164855957
847.164855957 838.940002441 822.49017334 852.09979248
853.744812012 840.584960938 822.49017334 842.229919434
850.454833984 843.874938965 830.715087891 858.679748535
850.454833984 850.454833984 834.005004883 853.744812012
845.519897461 852.09979248 829.070068359 855.389770508
857.034729004 845.519897461 824.135131836 858.679748535
857.034729004 842.229919434 820.845214844 855.389770508
847.164855957 840.584960938 824.135131836 857.034729004
847.164855957 843.874938965 827.425109863 847.164855957
840.584960938 845.519897461 829.070068359 853.744812012
845.519897461 843.874938965 824.135131836 853.744812012
837.29498291 843.874938965 820.845214844 850.454833984
843.874938965 847.164855957 819.200195312 855.389770508
850.454833984 848.809875488 822.49017334 843.874938965
858.679748535 848.809875488 829.070068359 853.744812012
861.969726562 843.874938965 827.425109863 848.809875488
850.454833984 840.584960938 827.425109863 850.454833984
852.09979248 840.584960938 827.425109863 852.09979248
860.324707031 842.229919434 829.070068359 852.09979248
850.454833984 835.650024414 830.715087891 845.519897461
848.809875488 835.650024414 830.715087891 845.519897461
852.09979248 835.650024414 830.715087891 848.809875488
834.005004883 835.650024414 824.135131836 852.09979248
819.200195312 837.29498291 819.200195312 853.744812012
812.620300293 837.29498291 819.200195312 845.519897461
799.460449219 840.584960938 822.49017334 853.744812012
802.750427246 843.874938965 822.49017334 845.519897461
804.395385742 843.874938965 824.135131836 852.09979248
794.525512695 840.584960938 820.845214844 852.09979248
792.880554199 838.940002441 820.845214844 852.09979248
799.460449219 834.005004883 819.200195312 850.454833984
809.330322266 838.940002441 822.49017334 845.519897461
810.975280762 840.584960938 820.845214844 838.940002441
820.845214844 840.584960938 817.555236816 848.809875488
834.005004883 843.874938965 820.845214844 852.09979248
858.679748535 848.809875488 819.200195312 861.969726562
861.969726562 852.09979248 817.555236816 863.614685059
842.229919434 852.09979248 822.49017334 837.29498291
842.229919434 848.809875488 824.135131836 843.874938965
845.519897461 845.519897461 822.49017334 842.229919434
842.229919434 842.229919434 819.200195312 832.360046387
843.874938965 843.874938965 820.845214844 852.09979248
842.229919434 845.519897461 820.845214844 850.454833984
842.229919434 847.164855957 822.49017334 848.809875488
845.519897461 845.519897461 825.780151367 858.679748535
853.744812012 847.164855957 824.135131836 860.324707031
848.809875488 848.809875488 827.425109863 852.09979248
860.324707031 847.164855957 825.780151367 852.09979248
853.744812012 847.164855957 819.200195312 855.389770508
850.454833984 848.809875488 822.49017334 848.809875488
845.519897461 847.164855957 824.135131836 850.454833984
848.809875488 848.809875488 827.425109863 855.389770508
850.454833984 843.874938965 822.49017334 842.229919434
845.519897461 840.584960938 819.200195312 838.940002441
847.164855957 837.29498291 817.555236816 840.584960938
852.09979248 840.584960938 827.425109863 852.09979248
855.389770508 845.519897461 829.070068359 850.454833984
852.09979248 842.229919434 825.780151367 852.09979248
848.809875488 842.229919434 827.425109863 845.519897461
843.874938965 845.519897461 827.425109863 848.809875488
858.679748535 845.519897461 830.715087891 866.904663086
850.454833984 843.874938965 829.070068359 858.679748535
865.259643555 845.519897461 829.070068359 857.034729004
860.324707031 842.229919434 824.135131836 860.324707031
857.034729004 845.519897461 825.780151367 865.259643555
848.809875488 847.164855957 829.070068359 868.549621582
853.744812012 842.229919434 825.780151367 852.09979248
852.09979248 834.005004883 829.070068359 860.324707031
857.034729004 834.005004883 830.715087891 866.904663086
863.614685059 852.09979248 817.555236816 860.324707031
858.679748535 855.389770508 809.330322266 857.034729004
852.09979248 853.744812012 815.91027832 853.744812012
843.874938965 857.034729004 812.620300293 850.454833984
847.164855957 850.454833984 815.91027832 861.969726562
853.744812012 852.09979248 814.265258789 860.324707031
863.614685059 853.744812012 809.330322266 853.744812012
847.164855957 843.874938965 812.620300293 853.744812012
855.389770508 845.519897461 814.265258789 860.324707031
860.324707031 853.744812012 815.91027832 860.324707031
866.904663086 853.744812012 814.265258789 863.614685059
878.419494629 848.809875488 814.265258789 866.904663086
858.679748535 848.809875488 817.555236816 865.259643555
840.584960938 848.809875488 810.975280762 861.969726562
852.09979248 848.809875488 814.265258789 852.09979248
855.389770508 853.744812012 822.49017334 845.519897461
865.259643555 852.09979248 819.200195312 857.034729004
863.614685059 847.164855957 817.555236816 855.389770508
860.324707031 847.164855957 819.200195312 855.389770508
861.969726562 845.519897461 817.555236816 861.969726562
853.744812012 845.519897461 820.845214844 863.614685059
850.454833984 847.164855957 822.49017334 855.389770508
850.454833984 847.164855957 825.780151367 870.194580078
858.679748535 845.519897461 820.845214844 860.324707031
863.614685059 840.584960938 822.49017334 855.389770508
847.164855957 840.584960938 824.135131836 852.09979248
842.229919434 837.29498291 820.845214844 850.454833984
838.940002441 835.650024414 824.135131836 855.389770508
840.584960938 838.940002441 822.49017334 848.809875488
845.519897461 842.229919434 819.200195312 870.194580078
848.809875488 840.584960938 820.845214844 860.324707031
845.519897461 838.940002441 825.780151367 847.164855957
850.454833984 842.229919434 827.425109863 853.744812012
855.389770508 840.584960938 825.780151367 852.09979248
853.744812012 838.940002441 820.845214844 853.744812012
850.454833984 837.29498291 815.91027832 853.744812012
857.034729004 834.005004883 819.200195312 860.324707031
860.324707031 835.650024414 819.200195312 855.389770508
865.259643555 838.940002441 819.200195312 848.809875488
858.679748535 840.584960938 817.555236816 858.679748535
865.259643555 843.874938965 810.975280762 847.164855957
858.679748535 842.229919434 812.620300293 852.09979248
868.549621582 842.229919434 820.845214844 860.324707031
870.194580078 838.940002441 819.200195312 855.389770508
865.259643555 837.29498291 817.555236816 855.389770508
875.129516602 840.584960938 810.975280762 855.389770508
871.839599609 838.940002441 810.975280762 857.034729004
881.709472656 838.940002441 809.330322266 853.744812012
886.64440918 840.584960938 814.265258789 853.744812012
881.709472656 840.584960938 817.555236816 861.969726562
889.934387207 840.584960938 815.91027832 861.969726562
883.354431152 842.229919434 825.780151367 866.904663086
873.484558105 842.229919434 824.135131836 861.969726562
886.64440918 843.874938965 820.845214844 860.324707031
883.354431152 848.809875488 820.845214844 858.679748535
883.354431152 848.809875488 820.845214844 863.614685059
875.129516602 842.229919434 822.49017334 860.324707031
889.934387207 825.780151367 829.070068359 863.614685059
906.384155273 834.005004883 825.780151367 876.774536133
891.579345703 855.389770508 812.620300293 852.09979248
875.129516602 855.389770508 812.620300293 827.425109863
847.164855957 855.389770508 810.975280762 810.975280762
832.360046387 855.389770508 806.040344238 802.750427246
829.070068359 850.454833984 802.750427246 807.68536377
825.780151367 865.259643555 794.525512695 809.330322266
817.555236816 866.904663086 786.300598145 794.525512695
820.845214844 866.904663086 786.300598145 779.720703125
822.49017334 868.549621582 784.655639648 796.170471191
834.005004883 871.839599609 784.655639648 796.170471191
829.070068359 870.194580078 791.235534668 801.105407715
840.584960938 861.969726562 791.235534668 814.265258789
848.809875488 865.259643555 786.300598145 817.555236816
855.389770508 873.484558105 787.945556641 827.425109863
857.034729004 866.904663086 791.235534668 820.845214844
865.259643555 865.259643555 794.525512695 827.425109863
873.484558105 870.194580078 796.170471191 832.360046387
860.324707031 863.614685059 797.815490723 840.584960938
863.614685059 860.324707031 797.815490723 842.229919434
860.324707031 860.324707031 796.170471191 840.584960938
866.904663086 858.679748535 794.525512695 837.29498291
875.129516602 860.324707031 791.235534668 837.29498291
868.549621582 858.679748535 791.235534668 835.650024414
861.969726562 857.034729004 794.525512695 834.005004883
861.969726562 857.034729004 794.525512695 843.874938965
868.549621582 857.034729004 802.750427246 845.519897461
870.194580078 853.744812012 810.975280762 852.09979248
873.484558105 857.034729004 809.330322266 852.09979248
865.259643555 852.09979248 806.040344238 845.519897461
871.839599609 852.09979248 806.040344238 843.874938965
858.679748535 848.809875488 810.975280762 845.519897461
857.034729004 848.809875488 814.265258789 843.874938965
860.324707031 853.744812012 809.330322266 850.454833984
852.09979248 853.744812012 806.040344238 847.164855957
857.034729004 852.09979248 810.975280762 850.454833984
857.034729004 847.164855957 806.040344238 827.425109863
852.09979248 845.519897461 806.040344238 815.91027832
857.034729004 848.809875488 809.330322266 820.845214844
858.679748535 848.809875488 806.040344238 822.49017334
858.679748535 848.809875488 810.975280762 837.29498291
858.679748535 850.454833984 815.91027832 837.29498291
863.614685059 847.164855957 812.620300293 829.070068359
860.324707031 848.809875488 815.91027832 835.650024414
855.389770508 850.454833984 819.200195312 843.874938965
852.09979248 845.519897461 814.265258789 845.519897461
858.679748535 845.519897461 814.265258789 830.715087891
855.389770508 847.164855957 817.555236816 840.584960938
852.09979248 843.874938965 819.200195312 838.940002441
850.454833984 847.164855957 824.135131836 848.809875488
861.969726562 848.809875488 827.425109863 853.744812012
857.034729004 843.874938965 824.135131836 843.874938965
840.584960938 840.584960938 817.555236816 835.650024414
837.29498291 838.940002441 817.555236816 840.584960938
825.780151367 842.229919434 822.49017334 835.650024414
838.940002441 843.874938965 825.780151367 837.29498291
832.360046387 842.229919434 829.070068359 838.940002441
832.360046387 840.584960938 824.135131836 834.005004883
845.519897461 845.519897461 820.845214844 832.360046387
853.744812012 845.519897461 824.135131836 847.164855957
832.360046387 845.519897461 824.135131836 834.005004883
829.070068359 843.874938965 819.200195312 847.164855957
840.584960938 838.940002441 817.555236816 842.229919434
847.164855957 840.584960938 815.91027832 843.874938965
855.389770508 845.519897461 825.780151367 861.969726562
843.874938965 847.164855957 825.780151367 850.454833984
838.940002441 853.744812012 824.135131836 852.09979248
845.519897461 853.744812012 822.49017334 858.679748535
855.389770508 852.09979248 820.845214844 855.389770508
857.034729004 850.454833984 822.49017334 853.744812012
848.809875488 847.164855957 824.135131836 868.549621582
852.09979248 845.519897461 820.845214844 863.614685059
843.874938965 843.874938965 824.135131836 860.324707031
845.519897461 845.519897461 820.845214844 858.679748535
853.744812012 847.164855957 815.91027832 843.874938965
847.164855957 850.454833984 812.620300293 853.744812012
840.584960938 843.874938965 810.975280762 860.324707031
850.454833984 842.229919434 817.555236816 857.034729004
843.874938965 843.874938965 819.200195312 853.744812012
852.09979248 843.874938965 819.200195312 845.519897461
850.454833984 842.229919434 820.845214844 850.454833984
852.09979248 838.940002441 815.91027832 847.164855957
847.164855957 837.29498291 814.265258789 850.454833984
835.650024414 837.29498291 812.620300293 850.454833984
840.584960938 838.940002441 810.975280762 850.454833984
838.940002441 832.360046387 810.975280762 857.034729004
