848.809875488 860.324707031 830.715087891 857.034729004
857.034729004 863.614685059 806.040344238 857.034729004
858.679748535 861.969726562 820.845214844 850.454833984
852.09979248 838.940002441 824.135131836 857.034729004
857.034729004 827.425109863 822.49017334 868.549621582
855.389770508 853.744812012 820.845214844 863.614685059
843.874938965 858.679748535 822.49017334 857.034729004
845.519897461 850.454833984 824.135131836 853.744812012
842.229919434 819.200195312 824.135131836 848.809875488
837.29498291 845.519897461 842.229919434 857.034729004
845.519897461 852.09979248 842.229919434 866.904663086
834.005004883 852.09979248 830.715087891 855.389770508
838.940002441 845.519897461 832.360046387 855.389770508
838.940002441 834.005004883 820.845214844 860.324707031
840.584960938 843.874938965 819.200195312 853.744812012
840.584960938 848.809875488 824.135131836 842.229919434
835.650024414 832.360046387 812.620300293 850.454833984
835.650024414 809.330322266 789.590576172 845.519897461
835.650024414 827.425109863 799.460449219 847.164855957
832.360046387 829.070068359 820.845214844 843.874938965
829.070068359 832.360046387 863.614685059 843.874938965
834.005004883 860.324707031 848.809875488 837.29498291
837.29498291 861.969726562 820.845214844 842.229919434
837.29498291 857.034729004 822.49017334 850.454833984
820.845214844 858.679748535 825.780151367 825.780151367
834.005004883 852.09979248 830.715087891 837.29498291
835.650024414 819.200195312 806.040344238 847.164855957
832.360046387 830.715087891 807.68536377 852.09979248
827.425109863 834.005004883 820.845214844 848.809875488
827.425109863 843.874938965 829.070068359 845.519897461
842.229919434 847.164855957 809.330322266 847.164855957
850.454833984 842.229919434 814.265258789 835.650024414
837.29498291 852.09979248 829.070068359 845.519897461
830.715087891 834.005004883 825.780151367 843.874938965
843.874938965 842.229919434 822.49017334 843.874938965
837.29498291 837.29498291 799.460449219 852.09979248
845.519897461 840.584960938 807.68536377 858.679748535
843.874938965 835.650024414 834.005004883 865.259643555
840.584960938 820.845214844 840.584960938 847.164855957
850.454833984 819.200195312 819.200195312 840.584960938
848.809875488 873.484558105 807.68536377 840.584960938
847.164855957 876.774536133 822.49017334 853.744812012
855.389770508 876.774536133 797.815490723 847.164855957
858.679748535 866.904663086 791.235534668 855.389770508
848.809875488 822.49017334 824.135131836 853.744812012
848.809875488 845.519897461 829.070068359 850.454833984
848.809875488 845.519897461 840.584960938 855.389770508
852.09979248 822.49017334 847.164855957 858.679748535
843.874938965 847.164855957 819.200195312 850.454833984
858.679748535 858.679748535 802.750427246 848.809875488
850.454833984 847.164855957 814.265258789 855.389770508
850.454833984 852.09979248 799.460449219 855.389770508
863.614685059 847.164855957 807.68536377 850.454833984
850.454833984 871.839599609 806.040344238 875.129516602
870.194580078 834.005004883 807.68536377 847.164855957
860.324707031 814.265258789 845.519897461 840.584960938
834.005004883 860.324707031 838.940002441 842.229919434
843.874938965 858.679748535 814.265258789 848.809875488
838.940002441 860.324707031 787.945556641 847.164855957
847.164855957 840.584960938 773.14074707 840.584960938
853.744812012 824.135131836 810.975280762 834.005004883
847.164855957 824.135131836 850.454833984 829.070068359
850.454833984 817.555236816 827.425109863 842.229919434
845.519897461 883.354431152 796.170471191 847.164855957
843.874938965 855.389770508 799.460449219 858.679748535
832.360046387 858.679748535 812.620300293 853.744812012
842.229919434 876.774536133 792.880554199 853.744812012
832.360046387 835.650024414 825.780151367 834.005004883
832.360046387 814.265258789 842.229919434 838.940002441
832.360046387 835.650024414 832.360046387 848.809875488
825.780151367 850.454833984 830.715087891 848.809875488
832.360046387 832.360046387 792.880554199 842.229919434
827.425109863 861.969726562 779.720703125 837.29498291
830.715087891 850.454833984 796.170471191 840.584960938
834.005004883 809.330322266 820.845214844 848.809875488
837.29498291 794.525512695 804.395385742 865.259643555
838.940002441 838.940002441 815.91027832 866.904663086
834.005004883 866.904663086 837.29498291 845.519897461
842.229919434 845.519897461 809.330322266 832.360046387
843.874938965 880.064453125 792.880554199 848.809875488
843.874938965 838.940002441 835.650024414 852.09979248
837.29498291 809.330322266 834.005004883 857.034729004
845.519897461 812.620300293 822.49017334 848.809875488
837.29498291 820.845214844 806.040344238 838.940002441
847.164855957 876.774536133 819.200195312 842.229919434
852.09979248 878.419494629 822.49017334 865.259643555
845.519897461 868.549621582 817.555236816 863.614685059
857.034729004 835.650024414 774.785766602 863.614685059
855.389770508 817.555236816 791.235534668 858.679748535
848.809875488 809.330322266 850.454833984 855.389770508
840.584960938 843.874938965 815.91027832 847.164855957
848.809875488 873.484558105 815.91027832 852.09979248
845.519897461 860.324707031 825.780151367 843.874938965
852.09979248 893.224304199 809.330322266 857.034729004
829.070068359 875.129516602 835.650024414 847.164855957
807.68536377 860.324707031 832.360046387 817.555236816
810.975280762 868.549621582 799.460449219 814.265258789
773.14074707 863.614685059 852.09979248 784.655639648
761.625915527 845.519897461 848.809875488 769.850830078
748.466064453 830.715087891 852.09979248 750.111022949
725.436340332 837.29498291 787.945556641 728.726318359
704.051574707 873.484558105 863.614685059 713.921447754
666.217041016 850.454833984 931.058898926 679.37689209
653.057189941 825.780151367 870.194580078 677.731872559
621.80255127 807.68536377 917.899047852 654.702148438
585.612976074 883.354431152 914.609069824 618.512634277
577.388122559 955.733581543 898.159240723 602.062805176
580.678039551 949.153686523 909.674133301 606.997741699
603.707763672 901.44921875 881.709472656 633.317443848
611.932678223 819.200195312 982.053283691 621.80255127
616.867614746 926.123962402 962.313476562 639.897338867
606.997741699 952.443603516 1014.95288086 628.382507324
631.672424316 904.739196777 982.053283691 651.412231445
659.637145996 857.034729004 888.289367676 695.826660156
679.37689209 815.91027832 908.029174805 694.18170166
699.116638184 860.324707031 896.514282227 715.566467285
727.081298828 868.549621582 909.674133301 738.596191406
736.951171875 881.709472656 909.674133301 750.111022949
759.980895996 875.129516602 924.478942871 769.850830078
771.495788574 866.904663086 914.609069824 776.430725098
786.300598145 830.715087891 881.709472656 789.590576172
819.200195312 797.815490723 873.484558105 815.91027832
834.005004883 847.164855957 893.224304199 830.715087891
843.874938965 876.774536133 875.129516602 842.229919434
853.744812012 880.064453125 889.934387207 852.09979248
861.969726562 838.940002441 931.058898926 865.259643555
870.194580078 820.845214844 878.419494629 875.129516602
883.354431152 837.29498291 889.934387207 888.289367676
891.579345703 835.650024414 868.549621582 906.384155273
899.804260254 838.940002441 888.289367676 904.739196777
914.609069824 863.614685059 898.159240723 917.899047852
921.188964844 884.999450684 871.839599609 931.058898926
919.544006348 894.86932373 871.839599609 921.188964844
909.674133301 886.64440918 912.964111328 906.384155273
909.674133301 858.679748535 916.25402832 912.964111328
924.478942871 852.09979248 899.804260254 901.44921875
919.544006348 880.064453125 901.44921875 908.029174805
927.768920898 873.484558105 908.029174805 911.319091797
912.964111328 875.129516602 934.348815918 896.514282227
908.029174805 857.034729004 916.25402832 901.44921875
911.319091797 857.034729004 906.384155273 901.44921875
911.319091797 858.679748535 911.319091797 906.384155273
908.029174805 865.259643555 903.094238281 906.384155273
909.674133301 875.129516602 899.804260254 916.25402832
903.094238281 860.324707031 881.709472656 903.094238281
894.86932373 880.064453125 916.25402832 898.159240723
891.579345703 891.579345703 929.413879395 896.514282227
898.159240723 868.549621582 929.413879395 901.44921875
898.159240723 850.454833984 894.86932373 908.029174805
898.159240723 837.29498291 886.64440918 903.094238281
893.224304199 853.744812012 901.44921875 906.384155273
886.64440918 876.774536133 899.804260254 891.579345703
878.419494629 875.129516602 896.514282227 884.999450684
891.579345703 871.839599609 873.484558105 884.999450684
896.514282227 840.584960938 876.774536133 894.86932373
881.709472656 848.809875488 871.839599609 898.159240723
883.354431152 876.774536133 883.354431152 894.86932373
871.839599609 866.904663086 906.384155273 881.709472656
863.614685059 870.194580078 891.579345703 875.129516602
871.839599609 866.904663086 868.549621582 878.419494629
838.940002441 865.259643555 914.609069824 857.034729004
835.650024414 857.034729004 861.969726562 865.259643555
837.29498291 878.419494629 809.330322266 857.034729004
817.555236816 847.164855957 888.289367676 819.200195312
799.460449219 860.324707031 855.389770508 817.555236816
778.075683594 919.544006348 901.44921875 792.880554199
733.661254883 891.579345703 960.668518066 748.466064453
732.016235352 888.289367676 927.768920898 741.886108398
718.856384277 861.969726562 960.668518066 735.306213379
713.921447754 889.934387207 954.088623047 727.081298828
727.081298828 912.964111328 901.44921875 727.081298828
730.371276855 871.839599609 875.129516602 741.886108398
758.3359375 815.91027832 888.289367676 764.91583252
764.91583252 852.09979248 927.768920898 769.850830078
768.205810547 894.86932373 980.40826416 783.010620117
773.14074707 912.964111328 934.348815918 778.075683594
764.91583252 896.514282227 934.348815918 764.91583252
774.785766602 832.360046387 914.609069824 783.010620117
779.720703125 871.839599609 939.283752441 773.14074707
794.525512695 875.129516602 952.443603516 786.300598145
806.040344238 842.229919434 965.60345459 792.880554199
829.070068359 814.265258789 929.413879395 822.49017334
852.09979248 810.975280762 903.094238281 850.454833984
852.09979248 850.454833984 921.188964844 861.969726562
881.709472656 840.584960938 898.159240723 889.934387207
881.709472656 838.940002441 894.86932373 896.514282227
883.354431152 812.620300293 917.899047852 888.289367676
888.289367676 812.620300293 922.833984375 880.064453125
880.064453125 822.49017334 934.348815918 883.354431152
886.64440918 817.555236816 950.79864502 891.579345703
883.354431152 837.29498291 942.573730469 886.64440918
906.384155273 802.750427246 932.703857422 908.029174805
889.934387207 858.679748535 914.609069824 903.094238281
901.44921875 868.549621582 926.123962402 903.094238281
906.384155273 852.09979248 937.638793945 914.609069824
881.709472656 857.034729004 924.478942871 899.804260254
893.224304199 817.555236816 929.413879395 891.579345703
891.579345703 830.715087891 914.609069824 896.514282227
893.224304199 837.29498291 916.25402832 883.354431152
904.739196777 827.425109863 921.188964844 893.224304199
891.579345703 837.29498291 908.029174805 903.094238281
881.709472656 830.715087891 914.609069824 893.224304199
889.934387207 843.874938965 911.319091797 894.86932373
888.289367676 848.809875488 899.804260254 896.514282227
903.094238281 837.29498291 893.224304199 898.159240723
883.354431152 834.005004883 912.964111328 894.86932373
873.484558105 837.29498291 932.703857422 889.934387207
884.999450684 817.555236816 916.25402832 893.224304199
880.064453125 825.780151367 896.514282227 886.64440918
863.614685059 853.744812012 894.86932373 891.579345703
861.969726562 847.164855957 893.224304199 875.129516602
861.969726562 850.454833984 896.514282227 873.484558105
866.904663086 855.389770508 891.579345703 871.839599609
881.709472656 834.005004883 878.419494629 891.579345703
861.969726562 825.780151367 888.289367676 884.999450684
850.454833984 820.845214844 878.419494629 875.129516602
855.389770508 822.49017334 908.029174805 861.969726562
866.904663086 830.715087891 914.609069824 850.454833984
868.549621582 840.584960938 898.159240723 858.679748535
868.549621582 838.940002441 880.064453125 868.549621582
863.614685059 830.715087891 878.419494629 860.324707031
845.519897461 845.519897461 898.159240723 843.874938965
853.744812012 829.070068359 888.289367676 843.874938965
853.744812012 824.135131836 876.774536133 860.324707031
857.034729004 817.555236816 865.259643555 868.549621582
858.679748535 787.945556641 848.809875488 863.614685059
858.679748535 771.495788574 865.259643555 861.969726562
848.809875488 814.265258789 878.419494629 845.519897461
835.650024414 819.200195312 889.934387207 838.940002441
835.650024414 855.389770508 891.579345703 842.229919434
835.650024414 870.194580078 884.999450684 835.650024414
835.650024414 827.425109863 861.969726562 843.874938965
848.809875488 832.360046387 870.194580078 852.09979248
832.360046387 806.040344238 878.419494629 843.874938965
822.49017334 812.620300293 842.229919434 832.360046387
830.715087891 820.845214844 853.744812012 843.874938965
829.070068359 804.395385742 880.064453125 842.229919434
832.360046387 796.170471191 891.579345703 847.164855957
829.070068359 776.430725098 886.64440918 834.005004883
830.715087891 809.330322266 876.774536133 827.425109863
830.715087891 809.330322266 852.09979248 832.360046387
830.715087891 789.590576172 857.034729004 837.29498291
830.715087891 883.354431152 866.904663086 848.809875488
830.715087891 898.159240723 868.549621582 853.744812012
843.874938965 873.484558105 858.679748535 855.389770508
852.09979248 889.934387207 855.389770508 863.614685059
866.904663086 840.584960938 843.874938965 875.129516602
863.614685059 824.135131836 868.549621582 880.064453125
848.809875488 827.425109863 866.904663086 878.419494629
852.09979248 861.969726562 865.259643555 871.839599609
842.229919434 853.744812012 866.904663086 860.324707031
863.614685059 875.129516602 834.005004883 870.194580078
848.809875488 891.579345703 834.005004883 871.839599609
848.809875488 858.679748535 825.780151367 865.259643555
847.164855957 824.135131836 792.880554199 860.324707031
825.780151367 817.555236816 819.200195312 847.164855957
810.975280762 868.549621582 908.029174805 820.845214844
806.040344238 848.809875488 904.739196777 817.555236816
771.495788574 904.739196777 878.419494629 781.365661621
758.3359375 931.058898926 870.194580078 771.495788574
741.886108398 922.833984375 881.709472656 759.980895996
732.016235352 903.094238281 853.744812012 750.111022949
746.821105957 894.86932373 927.768920898 769.850830078
743.53112793 893.224304199 982.053283691 748.466064453
741.886108398 858.679748535 889.934387207 748.466064453
773.14074707 871.839599609 860.324707031 801.105407715
778.075683594 888.289367676 810.975280762 807.68536377
741.886108398 906.384155273 842.229919434 761.625915527
732.016235352 929.413879395 934.348815918 748.466064453
730.371276855 967.248413086 921.188964844 727.081298828
750.111022949 968.893432617 922.833984375 751.75604248
758.3359375 904.739196777 819.200195312 773.14074707
794.525512695 926.123962402 797.815490723 799.460449219
789.590576172 911.319091797 886.64440918 802.750427246
786.300598145 883.354431152 858.679748535 797.815490723
796.170471191 901.44921875 898.159240723 807.68536377
781.365661621 880.064453125 914.609069824 784.655639648
787.945556641 845.519897461 870.194580078 789.590576172
824.135131836 873.484558105 868.549621582 824.135131836
825.780151367 924.478942871 935.993835449 825.780151367
806.040344238 921.188964844 908.029174805 824.135131836
819.200195312 942.573730469 894.86932373 824.135131836
832.360046387 853.744812012 934.348815918 837.29498291
848.809875488 876.774536133 912.964111328 852.09979248
837.29498291 970.538391113 932.703857422 834.005004883
842.229919434 935.993835449 932.703857422 853.744812012
840.584960938 942.573730469 914.609069824 847.164855957
838.940002441 881.709472656 937.638793945 829.070068359
853.744812012 863.614685059 973.828369141 848.809875488
855.389770508 876.774536133 939.283752441 855.389770508
832.360046387 891.579345703 939.283752441 840.584960938
825.780151367 880.064453125 1018.24285889 832.360046387
830.715087891 870.194580078 965.60345459 827.425109863
819.200195312 870.194580078 991.923156738 824.135131836
838.940002441 852.09979248 965.60345459 837.29498291
843.874938965 889.934387207 912.964111328 848.809875488
827.425109863 917.899047852 939.283752441 847.164855957
814.265258789 898.159240723 1018.24285889 829.070068359
809.330322266 894.86932373 1097.2019043 807.68536377
817.555236816 870.194580078 1044.5625 809.330322266
820.845214844 878.419494629 1044.5625 820.845214844
827.425109863 875.129516602 991.923156738 832.360046387
824.135131836 889.934387207 965.60345459 840.584960938
825.780151367 908.029174805 965.60345459 858.679748535
822.49017334 904.739196777 1018.24285889 850.454833984
832.360046387 914.609069824 1018.24285889 855.389770508
843.874938965 901.44921875 965.60345459 860.324707031
855.389770508 908.029174805 965.60345459 861.969726562
871.839599609 922.833984375 912.964111328 888.289367676
852.09979248 912.964111328 1018.24285889 855.389770508
834.005004883 922.833984375 1070.88220215 847.164855957
845.519897461 903.094238281 1018.24285889 845.519897461
848.809875488 916.25402832 1018.24285889 861.969726562
843.874938965 893.224304199 1018.24285889 870.194580078
848.809875488 912.964111328 1018.24285889 865.259643555
848.809875488 959.02355957 912.964111328 865.259643555
837.29498291 942.573730469 965.60345459 857.034729004
827.425109863 916.25402832 1070.88220215 866.904663086
804.395385742 889.934387207 1176.16088867 829.070068359
802.750427246 899.804260254 1176.16088867 814.265258789
827.425109863 906.384155273 1070.88220215 850.454833984
822.49017334 912.964111328 1070.88220215 835.650024414
829.070068359 868.549621582 1047.85253906 843.874938965
835.650024414 889.934387207 1044.5625 845.519897461
824.135131836 931.058898926 1136.68139648 824.135131836
804.395385742 934.348815918 1139.97143555 827.425109863
801.105407715 955.733581543 1213.9954834 829.070068359
812.620300293 932.703857422 1184.38586426 837.29498291
797.815490723 924.478942871 1136.68139648 829.070068359
819.200195312 909.674133301 1141.61633301 843.874938965
804.395385742 876.774536133 1279.79467773 843.874938965
802.750427246 893.224304199 1301.17944336 820.845214844
824.135131836 927.768920898 1248.54003906 817.555236816
799.460449219 939.283752441 1283.0847168 812.620300293
809.330322266 947.508666992 1253.47497559 824.135131836
810.975280762 916.25402832 1276.50476074 822.49017334
807.68536377 909.674133301 1253.47497559 817.555236816
797.815490723 929.413879395 1289.66455078 815.91027832
802.750427246 914.609069824 1264.98986816 825.780151367
797.815490723 914.609069824 1343.94897461 824.135131836
802.750427246 919.544006348 1370.26867676 812.620300293
810.975280762 909.674133301 1317.62927246 817.555236816
799.460449219 911.319091797 1291.30957031 812.620300293
827.425109863 899.804260254 1264.98986816 847.164855957
825.780151367 886.64440918 1291.30957031 852.09979248
819.200195312 873.484558105 1343.94897461 827.425109863
815.91027832 873.484558105 1317.62927246 848.809875488
822.49017334 855.389770508 1291.30957031 830.715087891
827.425109863 858.679748535 1291.30957031 852.09979248
840.584960938 871.839599609 1238.67016602 863.614685059
838.940002441 848.809875488 1264.98986816 861.969726562
822.49017334 855.389770508 1291.30957031 848.809875488
825.780151367 884.999450684 1264.98986816 857.034729004
830.715087891 848.809875488 1317.62927246 865.259643555
843.874938965 832.360046387 1238.67016602 870.194580078
860.324707031 825.780151367 1192.61071777 884.999450684
858.679748535 834.005004883 1274.85974121 884.999450684
860.324707031 829.070068359 1238.67016602 876.774536133
866.904663086 822.49017334 1274.85974121 893.224304199
881.709472656 779.720703125 1281.43969727 908.029174805
901.44921875 792.880554199 1212.35046387 921.188964844
901.44921875 829.070068359 1166.29101562 947.508666992
931.058898926 810.975280762 1126.81152344 965.60345459
937.638793945 807.68536377 1156.42114258 968.893432617
942.573730469 759.980895996 1159.71118164 982.053283691
973.828369141 766.560852051 1222.22033691 996.858093262
963.958496094 727.081298828 1179.45092773 991.923156738
983.698242188 766.560852051 1146.55126953 1005.08300781
1006.72796631 768.205810547 1139.97143555 1024.82275391
990.278137207 783.010620117 1123.52160645 1023.17779541
991.923156738 783.010620117 1146.55126953 1016.59783936
1005.08300781 745.176086426 1139.97143555 1011.66290283
1005.08300781 771.495788574 1164.64611816 1014.95288086
1011.66290283 783.010620117 1154.77624512 1031.40270996
1026.46777344 779.720703125 1130.10144043 1039.62756348
1028.1126709 784.655639648 1082.39709473 1041.27258301
1034.69262695 784.655639648 1069.23718262 1052.78747559
1057.72241211 771.495788574 991.923156738 1065.94726562
1046.20751953 773.14074707 1064.30224609 1065.94726562
1041.27258301 773.14074707 1177.8059082 1046.20751953
1044.5625 778.075683594 1148.19628906 1051.14245605
1039.62756348 801.105407715 1138.32641602 1052.78747559
1051.14245605 783.010620117 1047.85253906 1062.65734863
1029.75769043 756.690979004 1074.17211914 1037.98254395
1039.62756348 796.170471191 1093.9119873 1033.04760742
1046.20751953 796.170471191 1057.72241211 1028.1126709
1041.27258301 806.040344238 1008.3729248 1042.91748047
1044.5625 802.750427246 1029.75769043 1046.20751953
1033.04760742 801.105407715 1051.14245605 1037.98254395
1018.24285889 783.010620117 1057.72241211 1037.98254395
1028.1126709 794.525512695 1014.95288086 1033.04760742
1036.33764648 799.460449219 977.118347168 1044.5625
1018.24285889 804.395385742 993.568115234 1037.98254395
1021.53277588 804.395385742 990.278137207 1029.75769043
1018.24285889 776.430725098 970.538391113 1028.1126709
1005.08300781 764.91583252 1011.66290283 1016.59783936
1003.43798828 817.555236816 998.503051758 998.503051758
988.633178711 835.650024414 972.183410645 991.923156738
977.118347168 830.715087891 998.503051758 972.183410645
967.248413086 804.395385742 980.40826416 970.538391113
973.828369141 786.300598145 980.40826416 963.958496094
967.248413086 822.49017334 988.633178711 962.313476562
967.248413086 825.780151367 950.79864502 962.313476562
947.508666992 820.845214844 954.088623047 955.733581543
932.703857422 812.620300293 970.538391113 947.508666992
921.188964844 815.91027832 980.40826416 917.899047852
901.44921875 822.49017334 962.313476562 912.964111328
878.419494629 825.780151367 982.053283691 886.64440918
840.584960938 827.425109863 977.118347168 848.809875488
807.68536377 842.229919434 962.313476562 825.780151367
776.430725098 834.005004883 965.60345459 781.365661621
745.176086426 804.395385742 972.183410645 746.821105957
725.436340332 832.360046387 1034.69262695 730.371276855
699.116638184 820.845214844 1075.81713867 717.211425781
694.18170166 787.945556641 1049.49743652 723.791320801
702.406616211 850.454833984 1092.26696777 725.436340332
718.856384277 847.164855957 1056.07739258 727.081298828
712.276489258 857.034729004 1014.95288086 715.566467285
710.631530762 850.454833984 957.378540039 733.661254883
722.146362305 843.874938965 1062.65734863 738.596191406
728.726318359 883.354431152 1036.33764648 761.625915527
758.3359375 843.874938965 1036.33764648 781.365661621
766.560852051 845.519897461 1115.29663086 787.945556641
778.075683594 857.034729004 1010.01794434 809.330322266
797.815490723 842.229919434 1062.65734863 825.780151367
810.975280762 824.135131836 1062.65734863 829.070068359
843.874938965 799.460449219 931.058898926 855.389770508
863.614685059 791.235534668 904.739196777 884.999450684
850.454833984 817.555236816 983.698242188 860.324707031
866.904663086 842.229919434 1036.33764648 865.259643555
871.839599609 822.49017334 983.698242188 894.86932373
878.419494629 842.229919434 983.698242188 886.64440918
898.159240723 884.999450684 931.058898926 903.094238281
903.094238281 848.809875488 931.058898926 909.674133301
912.964111328 799.460449219 931.058898926 906.384155273
937.638793945 763.270874023 991.923156738 934.348815918
922.833984375 858.679748535 965.60345459 940.928771973
921.188964844 876.774536133 945.863708496 931.058898926
935.993835449 843.874938965 917.899047852 945.863708496
947.508666992 802.750427246 916.25402832 939.283752441
937.638793945 829.070068359 986.988220215 932.703857422
942.573730469 842.229919434 982.053283691 942.573730469
945.863708496 812.620300293 978.763305664 939.283752441
937.638793945 817.555236816 889.934387207 957.378540039
950.79864502 827.425109863 911.319091797 949.153686523
940.928771973 853.744812012 906.384155273 945.863708496
962.313476562 817.555236816 906.384155273 955.733581543
952.443603516 796.170471191 944.218688965 935.993835449
950.79864502 817.555236816 931.058898926 947.508666992
942.573730469 853.744812012 972.183410645 939.283752441
935.993835449 861.969726562 919.544006348 934.348815918
954.088623047 878.419494629 873.484558105 947.508666992
942.573730469 842.229919434 899.804260254 929.413879395
934.348815918 840.584960938 926.123962402 932.703857422
935.993835449 819.200195312 908.029174805 935.993835449
939.283752441 817.555236816 911.319091797 937.638793945
924.478942871 847.164855957 924.478942871 929.413879395
911.319091797 858.679748535 944.218688965 926.123962402
927.768920898 848.809875488 912.964111328 939.283752441
924.478942871 787.945556641 893.224304199 927.768920898
942.573730469 827.425109863 820.845214844 939.283752441
931.058898926 868.549621582 870.194580078 926.123962402
901.44921875 852.09979248 926.123962402 914.609069824
908.029174805 827.425109863 921.188964844 906.384155273
901.44921875 820.845214844 921.188964844 911.319091797
904.739196777 852.09979248 893.224304199 908.029174805
901.44921875 850.454833984 848.809875488 914.609069824
896.514282227 843.874938965 875.129516602 898.159240723
891.579345703 815.91027832 965.60345459 888.289367676
904.739196777 817.555236816 935.993835449 901.44921875
898.159240723 827.425109863 929.413879395 908.029174805
893.224304199 815.91027832 889.934387207 904.739196777
903.094238281 819.200195312 850.454833984 906.384155273
898.159240723 847.164855957 857.034729004 899.804260254
899.804260254 852.09979248 875.129516602 894.86932373
889.934387207 852.09979248 888.289367676 891.579345703
876.774536133 868.549621582 904.739196777 880.064453125
884.999450684 840.584960938 911.319091797 886.64440918
886.64440918 820.845214844 926.123962402 901.44921875
888.289367676 843.874938965 880.064453125 903.094238281
881.709472656 842.229919434 899.804260254 891.579345703
871.839599609 835.650024414 906.384155273 883.354431152
865.259643555 852.09979248 871.839599609 883.354431152
876.774536133 827.425109863 893.224304199 883.354431152
883.354431152 822.49017334 863.614685059 891.579345703
875.129516602 824.135131836 886.64440918 881.709472656
868.549621582 830.715087891 889.934387207 875.129516602
865.259643555 832.360046387 876.774536133 880.064453125
861.969726562 840.584960938 904.739196777 878.419494629
875.129516602 855.389770508 906.384155273 884.999450684
865.259643555 830.715087891 921.188964844 873.484558105
866.904663086 824.135131836 875.129516602 878.419494629
868.549621582 804.395385742 886.64440918 871.839599609
860.324707031 817.555236816 863.614685059 878.419494629
860.324707031 817.555236816 860.324707031 880.064453125
850.454833984 842.229919434 878.419494629 865.259643555
847.164855957 857.034729004 853.744812012 860.324707031
860.324707031 843.874938965 888.289367676 860.324707031
853.744812012 827.425109863 883.354431152 863.614685059
857.034729004 827.425109863 884.999450684 858.679748535
858.679748535 838.940002441 878.419494629 853.744812012
858.679748535 819.200195312 820.845214844 870.194580078
870.194580078 799.460449219 825.780151367 871.839599609
848.809875488 840.584960938 860.324707031 857.034729004
852.09979248 857.034729004 896.514282227 853.744812012
852.09979248 845.519897461 875.129516602 860.324707031
855.389770508 834.005004883 863.614685059 863.614685059
861.969726562 825.780151367 840.584960938 873.484558105
847.164855957 832.360046387 853.744812012 847.164855957
863.614685059 837.29498291 852.09979248 850.454833984
853.744812012 830.715087891 814.265258789 870.194580078
852.09979248 829.070068359 843.874938965 853.744812012
855.389770508 792.880554199 863.614685059 860.324707031
843.874938965 794.525512695 886.64440918 845.519897461
860.324707031 840.584960938 863.614685059 850.454833984
853.744812012 860.324707031 840.584960938 860.324707031
843.874938965 855.389770508 829.070068359 850.454833984
840.584960938 871.839599609 827.425109863 855.389770508
840.584960938 819.200195312 858.679748535 843.874938965
855.389770508 815.91027832 847.164855957 850.454833984
845.519897461 853.744812012 843.874938965 858.679748535
852.09979248 824.135131836 838.940002441 855.389770508
857.034729004 802.750427246 845.519897461 863.614685059
835.650024414 835.650024414 848.809875488 848.809875488
837.29498291 835.650024414 834.005004883 855.389770508
843.874938965 814.265258789 835.650024414 852.09979248
843.874938965 824.135131836 791.235534668 852.09979248
848.809875488 812.620300293 822.49017334 863.614685059
855.389770508 861.969726562 855.389770508 852.09979248
845.519897461 861.969726562 845.519897461 848.809875488
843.874938965 852.09979248 858.679748535 845.519897461
848.809875488 835.650024414 815.91027832 850.454833984
835.650024414 820.845214844 834.005004883 855.389770508
845.519897461 822.49017334 825.780151367 848.809875488
853.744812012 840.584960938 815.91027832 852.09979248
850.454833984 825.780151367 814.265258789 855.389770508
855.389770508 815.91027832 820.845214844 850.454833984
842.229919434 840.584960938 801.105407715 857.034729004
834.005004883 837.29498291 820.845214844 845.519897461
843.874938965 819.200195312 834.005004883 843.874938965
847.164855957 797.815490723 832.360046387 850.454833984
848.809875488 843.874938965 815.91027832 853.744812012
848.809875488 847.164855957 794.525512695 852.09979248
842.229919434 832.360046387 801.105407715 850.454833984
838.940002441 843.874938965 832.360046387 853.744812012
845.519897461 832.360046387 843.874938965 848.809875488
845.519897461 812.620300293 834.005004883 847.164855957
843.874938965 817.555236816 804.395385742 843.874938965
832.360046387 865.259643555 804.395385742 840.584960938
838.940002441 845.519897461 779.720703125 848.809875488
830.715087891 850.454833984 797.815490723 853.744812012
827.425109863 853.744812012 792.880554199 838.940002441
842.229919434 810.975280762 809.330322266 840.584960938
838.940002441 830.715087891 848.809875488 834.005004883
842.229919434 860.324707031 814.265258789 842.229919434
842.229919434 832.360046387 802.750427246 857.034729004
834.005004883 824.135131836 786.300598145 850.454833984
838.940002441 819.200195312 776.430725098 835.650024414
847.164855957 825.780151367 794.525512695 837.29498291
840.584960938 837.29498291 799.460449219 843.874938965
825.780151367 843.874938965 827.425109863 835.650024414
822.49017334 853.744812012 817.555236816 837.29498291
827.425109863 837.29498291 809.330322266 840.584960938
837.29498291 825.780151367 804.395385742 842.229919434
845.519897461 819.200195312 783.010620117 843.874938965
834.005004883 827.425109863 791.235534668 845.519897461
835.650024414 827.425109863 763.270874023 843.874938965
847.164855957 822.49017334 755.045959473 858.679748535
850.454833984 827.425109863 768.205810547 863.614685059
835.650024414 802.750427246 789.590576172 857.034729004
822.49017334 804.395385742 838.940002441 832.360046387
829.070068359 825.780151367 825.780151367 834.005004883
850.454833984 827.425109863 804.395385742 853.744812012
857.034729004 835.650024414 781.365661621 847.164855957
850.454833984 827.425109863 802.750427246 848.809875488
848.809875488 830.715087891 787.945556641 848.809875488
857.034729004 832.360046387 764.91583252 860.324707031
857.034729004 837.29498291 819.200195312 883.354431152
855.389770508 822.49017334 810.975280762 891.579345703
835.650024414 829.070068359 797.815490723 837.29498291
843.874938965 850.454833984 806.040344238 842.229919434
845.519897461 837.29498291 771.495788574 843.874938965
838.940002441 834.005004883 789.590576172 842.229919434
843.874938965 837.29498291 779.720703125 857.034729004
843.874938965 834.005004883 759.980895996 850.454833984
843.874938965 819.200195312 771.495788574 848.809875488
845.519897461 789.590576172 789.590576172 855.389770508
838.940002441 809.330322266 806.040344238 855.389770508
845.519897461 858.679748535 789.590576172 843.874938965
857.034729004 850.454833984 764.91583252 860.324707031
845.519897461 863.614685059 761.625915527 863.614685059
847.164855957 837.29498291 766.560852051 860.324707031
855.389770508 819.200195312 810.975280762 853.744812012
842.229919434 819.200195312 815.91027832 860.324707031
835.650024414 834.005004883 802.750427246 861.969726562
840.584960938 819.200195312 776.430725098 861.969726562
840.584960938 825.780151367 761.625915527 857.034729004
842.229919434 847.164855957 779.720703125 848.809875488
835.650024414 837.29498291 801.105407715 850.454833984
837.29498291 824.135131836 794.525512695 845.519897461
838.940002441 834.005004883 781.365661621 848.809875488
843.874938965 817.555236816 778.075683594 853.744812012
835.650024414 814.265258789 761.625915527 852.09979248
845.519897461 850.454833984 776.430725098 848.809875488
837.29498291 848.809875488 787.945556641 840.584960938
820.845214844 845.519897461 797.815490723 825.780151367
806.040344238 837.29498291 809.330322266 817.555236816
792.880554199 829.070068359 815.91027832 814.265258789
778.075683594 838.940002441 825.780151367 794.525512695
759.980895996 842.229919434 817.555236816 769.850830078
730.371276855 838.940002441 837.29498291 740.241149902
684.311828613 843.874938965 797.815490723 713.921447754
664.57208252 847.164855957 870.194580078 681.021850586
630.02746582 843.874938965 891.579345703 646.477294922
625.092529297 822.49017334 873.484558105 643.187316895
623.447570801 819.200195312 891.579345703 634.962402344
597.127868652 866.904663086 880.064453125 626.737487793
608.642700195 853.744812012 903.094238281 636.607421875
610.287719727 871.839599609 899.804260254 636.607421875
625.092529297 914.609069824 883.354431152 649.767211914
654.702148438 863.614685059 883.354431152 664.57208252
644.832275391 852.09979248 922.833984375 666.217041016
677.731872559 830.715087891 903.094238281 694.18170166
704.051574707 842.229919434 881.709472656 725.436340332
738.596191406 797.815490723 838.940002441 751.75604248
746.821105957 842.229919434 845.519897461 759.980895996
743.53112793 853.744812012 880.064453125 755.045959473
769.850830078 848.809875488 827.425109863 771.495788574
781.365661621 852.09979248 853.744812012 792.880554199
806.040344238 815.91027832 848.809875488 806.040344238
820.845214844 842.229919434 852.09979248 822.49017334
840.584960938 832.360046387 783.010620117 835.650024414
853.744812012 842.229919434 794.525512695 855.389770508
850.454833984 840.584960938 817.555236816 855.389770508
858.679748535 843.874938965 792.880554199 857.034729004
873.484558105 852.09979248 791.235534668 883.354431152
889.934387207 842.229919434 750.111022949 898.159240723
908.029174805 802.750427246 769.850830078 893.224304199
908.029174805 787.945556641 840.584960938 893.224304199
891.579345703 837.29498291 806.040344238 883.354431152
898.159240723 827.425109863 783.010620117 896.514282227
903.094238281 852.09979248 755.045959473 904.739196777
909.674133301 830.715087891 810.975280762 912.964111328
906.384155273 878.419494629 834.005004883 899.804260254
912.964111328 868.549621582 804.395385742 916.25402832
919.544006348 835.650024414 789.590576172 929.413879395
917.899047852 843.874938965 779.720703125 924.478942871
940.928771973 832.360046387 733.661254883 944.218688965
944.218688965 820.845214844 740.241149902 935.993835449
929.413879395 812.620300293 783.010620117 934.348815918
926.123962402 824.135131836 812.620300293 932.703857422
917.899047852 827.425109863 819.200195312 924.478942871
919.544006348 840.584960938 810.975280762 935.993835449
926.123962402 863.614685059 771.495788574 940.928771973
932.703857422 843.874938965 791.235534668 934.348815918
927.768920898 835.650024414 791.235534668 932.703857422
934.348815918 834.005004883 794.525512695 931.058898926
924.478942871 822.49017334 792.880554199 932.703857422
908.029174805 807.68536377 781.365661621 934.348815918
919.544006348 819.200195312 796.170471191 927.768920898
914.609069824 850.454833984 787.945556641 922.833984375
922.833984375 835.650024414 766.560852051 937.638793945
909.674133301 871.839599609 769.850830078 919.544006348
908.029174805 848.809875488 776.430725098 916.25402832
906.384155273 847.164855957 814.265258789 903.094238281
912.964111328 840.584960938 824.135131836 909.674133301
929.413879395 824.135131836 774.785766602 921.188964844
901.44921875 822.49017334 783.010620117 911.319091797
889.934387207 834.005004883 766.560852051 914.609069824
901.44921875 829.070068359 781.365661621 908.029174805
884.999450684 825.780151367 792.880554199 903.094238281
894.86932373 825.780151367 784.655639648 906.384155273
894.86932373 837.29498291 789.590576172 881.709472656
896.514282227 850.454833984 773.14074707 903.094238281
880.064453125 843.874938965 810.975280762 896.514282227
893.224304199 838.940002441 791.235534668 881.709472656
899.804260254 827.425109863 774.785766602 888.289367676
878.419494629 825.780151367 774.785766602 886.64440918
880.064453125 819.200195312 789.590576172 883.354431152
880.064453125 812.620300293 791.235534668 886.64440918
876.774536133 835.650024414 815.91027832 878.419494629
878.419494629 845.519897461 799.460449219 871.839599609
878.419494629 822.49017334 802.750427246 881.709472656
873.484558105 829.070068359 786.300598145 878.419494629
865.259643555 835.650024414 794.525512695 881.709472656
875.129516602 820.845214844 809.330322266 876.774536133
878.419494629 806.040344238 776.430725098 884.999450684
860.324707031 848.809875488 763.270874023 870.194580078
865.259643555 855.389770508 786.300598145 871.839599609
866.904663086 853.744812012 796.170471191 878.419494629
866.904663086 840.584960938 799.460449219 861.969726562
870.194580078 809.330322266 810.975280762 857.034729004
861.969726562 822.49017334 773.14074707 865.259643555
858.679748535 835.650024414 751.75604248 866.904663086
857.034729004 825.780151367 794.525512695 871.839599609
857.034729004 796.170471191 843.874938965 865.259643555
850.454833984 796.170471191 832.360046387 863.614685059
855.389770508 840.584960938 825.780151367 857.034729004
850.454833984 853.744812012 807.68536377 865.259643555
853.744812012 842.229919434 774.785766602 860.324707031
861.969726562 840.584960938 773.14074707 860.324707031
857.034729004 817.555236816 792.880554199 865.259643555
875.129516602 806.040344238 792.880554199 871.839599609
860.324707031 809.330322266 781.365661621 871.839599609
840.584960938 794.525512695 819.200195312 866.904663086
842.229919434 806.040344238 824.135131836 852.09979248
848.809875488 860.324707031 824.135131836 848.809875488
857.034729004 848.809875488 812.620300293 850.454833984
857.034729004 845.519897461 801.105407715 863.614685059
857.034729004 827.425109863 761.625915527 865.259643555
853.744812012 794.525512695 776.430725098 860.324707031
853.744812012 819.200195312 804.395385742 866.904663086
850.454833984 837.29498291 801.105407715 863.614685059
852.09979248 847.164855957 820.845214844 863.614685059
845.519897461 858.679748535 809.330322266 857.034729004
852.09979248 845.519897461 781.365661621 863.614685059
852.09979248 832.360046387 779.720703125 876.774536133
845.519897461 825.780151367 806.040344238 865.259643555
866.904663086 825.780151367 809.330322266 855.389770508
868.549621582 812.620300293 794.525512695 860.324707031
845.519897461 817.555236816 814.265258789 850.454833984
848.809875488 820.845214844 792.880554199 853.744812012
842.229919434 834.005004883 784.655639648 860.324707031
842.229919434 838.940002441 783.010620117 860.324707031
847.164855957 842.229919434 801.105407715 857.034729004
834.005004883 848.809875488 797.815490723 853.744812012
847.164855957 840.584960938 787.945556641 855.389770508
848.809875488 842.229919434 801.105407715 866.904663086
842.229919434 834.005004883 801.105407715 870.194580078
842.229919434 832.360046387 804.395385742 843.874938965
840.584960938 835.650024414 806.040344238 845.519897461
838.940002441 820.845214844 787.945556641 843.874938965
840.584960938 802.750427246 799.460449219 848.809875488
832.360046387 812.620300293 822.49017334 850.454833984
838.940002441 827.425109863 801.105407715 843.874938965
847.164855957 835.650024414 761.625915527 847.164855957
845.519897461 852.09979248 784.655639648 858.679748535
850.454833984 842.229919434 801.105407715 852.09979248
830.715087891 840.584960938 804.395385742 847.164855957
840.584960938 837.29498291 806.040344238 853.744812012
847.164855957 824.135131836 791.235534668 863.614685059
840.584960938 815.91027832 817.555236816 852.09979248
843.874938965 838.940002441 809.330322266 855.389770508
852.09979248 830.715087891 768.205810547 868.549621582
837.29498291 845.519897461 783.010620117 848.809875488
858.679748535 845.519897461 796.170471191 860.324707031
850.454833984 820.845214844 810.975280762 852.09979248
829.070068359 820.845214844 822.49017334 848.809875488
850.454833984 815.91027832 774.785766602 860.324707031
845.519897461 812.620300293 796.170471191 861.969726562
852.09979248 832.360046387 796.170471191 866.904663086
848.809875488 842.229919434 804.395385742 861.969726562
850.454833984 843.874938965 814.265258789 853.744812012
861.969726562 838.940002441 817.555236816 855.389770508
847.164855957 829.070068359 804.395385742 855.389770508
845.519897461 853.744812012 774.785766602 848.809875488
850.454833984 847.164855957 778.075683594 855.389770508
842.229919434 845.519897461 791.235534668 847.164855957
858.679748535 837.29498291 804.395385742 853.744812012
850.454833984 814.265258789 799.460449219 860.324707031
843.874938965 801.105407715 789.590576172 852.09979248
855.389770508 812.620300293 784.655639648 847.164855957
850.454833984 848.809875488 781.365661621 853.744812012
847.164855957 861.969726562 797.815490723 855.389770508
843.874938965 861.969726562 776.430725098 855.389770508
848.809875488 853.744812012 776.430725098 855.389770508
838.940002441 830.715087891 814.265258789 848.809875488
842.229919434 832.360046387 809.330322266 853.744812012
834.005004883 840.584960938 801.105407715 843.874938965
843.874938965 834.005004883 792.880554199 830.715087891
852.09979248 827.425109863 799.460449219 845.519897461
848.809875488 809.330322266 812.620300293 852.09979248
861.969726562 809.330322266 806.040344238 868.549621582
847.164855957 835.650024414 773.14074707 868.549621582
848.809875488 848.809875488 738.596191406 860.324707031
847.164855957 858.679748535 778.075683594 860.324707031
848.809875488 829.070068359 807.68536377 857.034729004
842.229919434 817.555236816 852.09979248 865.259643555
850.454833984 842.229919434 817.555236816 865.259643555
834.005004883 857.034729004 786.300598145 842.229919434
832.360046387 850.454833984 802.750427246 848.809875488
842.229919434 835.650024414 791.235534668 852.09979248
845.519897461 817.555236816 796.170471191 848.809875488
838.940002441 819.200195312 779.720703125 857.034729004
850.454833984 810.975280762 750.111022949 866.904663086
838.940002441 848.809875488 804.395385742 857.034729004
842.229919434 863.614685059 834.005004883 860.324707031
852.09979248 845.519897461 801.105407715 855.389770508
845.519897461 842.229919434 771.495788574 853.744812012
843.874938965 827.425109863 779.720703125 852.09979248
850.454833984 834.005004883 799.460449219 852.09979248
825.780151367 842.229919434 801.105407715 847.164855957
830.715087891 827.425109863 797.815490723 835.650024414
838.940002441 802.750427246 791.235534668 842.229919434
848.809875488 815.91027832 773.14074707 845.519897461
857.034729004 840.584960938 773.14074707 853.744812012
847.164855957 873.484558105 786.300598145 853.744812012
842.229919434 868.549621582 789.590576172 853.744812012
835.650024414 857.034729004 797.815490723 848.809875488
848.809875488 838.940002441 797.815490723 847.164855957
857.034729004 806.040344238 768.205810547 852.09979248
852.09979248 815.91027832 768.205810547 848.809875488
842.229919434 850.454833984 806.040344238 860.324707031
850.454833984 848.809875488 807.68536377 855.389770508
835.650024414 860.324707031 784.655639648 840.584960938
847.164855957 855.389770508 778.075683594 847.164855957
848.809875488 832.360046387 783.010620117 860.324707031
835.650024414 814.265258789 794.525512695 855.389770508
845.519897461 822.49017334 796.170471191 865.259643555
842.229919434 810.975280762 792.880554199 857.034729004
840.584960938 824.135131836 801.105407715 843.874938965
847.164855957 832.360046387 817.555236816 857.034729004
840.584960938 847.164855957 791.235534668 845.519897461
845.519897461 853.744812012 809.330322266 848.809875488
842.229919434 845.519897461 764.91583252 860.324707031
853.744812012 832.360046387 763.270874023 855.389770508
852.09979248 806.040344238 806.040344238 861.969726562
842.229919434 815.91027832 789.590576172 852.09979248
838.940002441 847.164855957 781.365661621 850.454833984
824.135131836 835.650024414 758.3359375 855.389770508
834.005004883 825.780151367 779.720703125 847.164855957
838.940002441 815.91027832 806.040344238 842.229919434
834.005004883 815.91027832 796.170471191 837.29498291
834.005004883 863.614685059 778.075683594 842.229919434
842.229919434 845.519897461 784.655639648 853.744812012
838.940002441 819.200195312 806.040344238 855.389770508
853.744812012 819.200195312 783.010620117 868.549621582
847.164855957 822.49017334 750.111022949 857.034729004
848.809875488 853.744812012 738.596191406 843.874938965
830.715087891 838.940002441 796.170471191 848.809875488
829.070068359 837.29498291 832.360046387 837.29498291
829.070068359 825.780151367 820.845214844 847.164855957
825.780151367 824.135131836 786.300598145 838.940002441
835.650024414 843.874938965 771.495788574 853.744812012
840.584960938 832.360046387 799.460449219 848.809875488
840.584960938 827.425109863 771.495788574 845.519897461
838.940002441 814.265258789 753.401000977 860.324707031
850.454833984 787.945556641 745.176086426 858.679748535
840.584960938 820.845214844 791.235534668 863.614685059
834.005004883 840.584960938 822.49017334 845.519897461
830.715087891 852.09979248 797.815490723 845.519897461
824.135131836 845.519897461 796.170471191 847.164855957
827.425109863 814.265258789 771.495788574 847.164855957
837.29498291 802.750427246 764.91583252 857.034729004
845.519897461 822.49017334 791.235534668 845.519897461
830.715087891 819.200195312 784.655639648 847.164855957
842.229919434 838.940002441 791.235534668 863.614685059
842.229919434 853.744812012 783.010620117 860.324707031
845.519897461 842.229919434 776.430725098 868.549621582
853.744812012 845.519897461 784.655639648 861.969726562
845.519897461 838.940002441 778.075683594 855.389770508
838.940002441 835.650024414 801.105407715 848.809875488
842.229919434 830.715087891 784.655639648 843.874938965
848.809875488 809.330322266 768.205810547 857.034729004
834.005004883 834.005004883 792.880554199 847.164855957
848.809875488 840.584960938 773.14074707 852.09979248
840.584960938 837.29498291 769.850830078 850.454833984
827.425109863 834.005004883 792.880554199 843.874938965
832.360046387 829.070068359 799.460449219 852.09979248
838.940002441 829.070068359 794.525512695 850.454833984
835.650024414 830.715087891 807.68536377 857.034729004
838.940002441 820.845214844 797.815490723 857.034729004
845.519897461 820.845214844 781.365661621 860.324707031
834.005004883 848.809875488 789.590576172 843.874938965
835.650024414 835.650024414 771.495788574 855.389770508
829.070068359 832.360046387 773.14074707 852.09979248
825.780151367 835.650024414 801.105407715 845.519897461
832.360046387 838.940002441 817.555236816 850.454833984
835.650024414 843.874938965 791.235534668 848.809875488
835.650024414 835.650024414 786.300598145 857.034729004
837.29498291 815.91027832 774.785766602 858.679748535
842.229919434 802.750427246 778.075683594 865.259643555
842.229919434 829.070068359 755.045959473 858.679748535
837.29498291 842.229919434 771.495788574 850.454833984
834.005004883 842.229919434 786.300598145 853.744812012
838.940002441 829.070068359 807.68536377 850.454833984
843.874938965 799.460449219 815.91027832 847.164855957
838.940002441 837.29498291 801.105407715 857.034729004
837.29498291 838.940002441 792.880554199 861.969726562
837.29498291 832.360046387 769.850830078 861.969726562
848.809875488 835.650024414 753.401000977 861.969726562
858.679748535 843.874938965 774.785766602 855.389770508
857.034729004 850.454833984 789.590576172 852.09979248
835.650024414 852.09979248 801.105407715 861.969726562
843.874938965 827.425109863 801.105407715 865.259643555
843.874938965 815.91027832 787.945556641 857.034729004
840.584960938 834.005004883 774.785766602 852.09979248
852.09979248 835.650024414 783.010620117 857.034729004
845.519897461 838.940002441 761.625915527 868.549621582
842.229919434 843.874938965 787.945556641 866.904663086
855.389770508 825.780151367 778.075683594 861.969726562
848.809875488 819.200195312 799.460449219 838.940002441
837.29498291 842.229919434 812.620300293 848.809875488
838.940002441 835.650024414 796.170471191 845.519897461
840.584960938 842.229919434 776.430725098 853.744812012
848.809875488 824.135131836 763.270874023 857.034729004
840.584960938 827.425109863 786.300598145 853.744812012
847.164855957 847.164855957 806.040344238 847.164855957
838.940002441 850.454833984 822.49017334 850.454833984
848.809875488 850.454833984 781.365661621 855.389770508
848.809875488 825.780151367 771.495788574 855.389770508
838.940002441 837.29498291 766.560852051 852.09979248
837.29498291 847.164855957 787.945556641 853.744812012
827.425109863 842.229919434 799.460449219 840.584960938
838.940002441 842.229919434 776.430725098 842.229919434
843.874938965 834.005004883 784.655639648 857.034729004
837.29498291 820.845214844 794.525512695 855.389770508
848.809875488 824.135131836 783.010620117 865.259643555
840.584960938 840.584960938 776.430725098 852.09979248
837.29498291 815.91027832 791.235534668 840.584960938
835.650024414 835.650024414 799.460449219 843.874938965
834.005004883 855.389770508 789.590576172 847.164855957
845.519897461 838.940002441 781.365661621 863.614685059
838.940002441 852.09979248 776.430725098 868.549621582
835.650024414 832.360046387 781.365661621 845.519897461
845.519897461 817.555236816 789.590576172 840.584960938
847.164855957 837.29498291 799.460449219 850.454833984
838.940002441 855.389770508 776.430725098 848.809875488
843.874938965 835.650024414 776.430725098 853.744812012
838.940002441 850.454833984 764.91583252 857.034729004
838.940002441 847.164855957 781.365661621 838.940002441
845.519897461 829.070068359 789.590576172 857.034729004
835.650024414 837.29498291 784.655639648 861.969726562
845.519897461 830.715087891 797.815490723 848.809875488
850.454833984 819.200195312 801.105407715 866.904663086
857.034729004 814.265258789 783.010620117 865.259643555
842.229919434 832.360046387 789.590576172 847.164855957
838.940002441 855.389770508 755.045959473 852.09979248
843.874938965 865.259643555 745.176086426 852.09979248
847.164855957 848.809875488 746.821105957 845.519897461
853.744812012 832.360046387 815.91027832 857.034729004
842.229919434 843.874938965 842.229919434 847.164855957
845.519897461 829.070068359 817.555236816 848.809875488
845.519897461 802.750427246 801.105407715 848.809875488
840.584960938 801.105407715 769.850830078 858.679748535
850.454833984 852.09979248 756.690979004 853.744812012
847.164855957 848.809875488 746.821105957 850.454833984
838.940002441 858.679748535 771.495788574 847.164855957
830.715087891 857.034729004 778.075683594 845.519897461
829.070068359 843.874938965 779.720703125 837.29498291
845.519897461 850.454833984 776.430725098 852.09979248
842.229919434 835.650024414 806.040344238 853.744812012
834.005004883 817.555236816 810.975280762 835.650024414
840.584960938 814.265258789 827.425109863 835.650024414
838.940002441 845.519897461 789.590576172 830.715087891
842.229919434 865.259643555 783.010620117 838.940002441
840.584960938 858.679748535 802.750427246 847.164855957
817.555236816 857.034729004 802.750427246 837.29498291
824.135131836 852.09979248 797.815490723 830.715087891
819.200195312 842.229919434 796.170471191 812.620300293
804.395385742 840.584960938 814.265258789 820.845214844
783.010620117 847.164855957 806.040344238 806.040344238
776.430725098 852.09979248 814.265258789 791.235534668
745.176086426 855.389770508 825.780151367 769.850830078
741.886108398 870.194580078 807.68536377 735.306213379
700.76159668 876.774536133 866.904663086 707.341552734
666.217041016 861.969726562 894.86932373 694.18170166
639.897338867 855.389770508 899.804260254 657.992126465
615.22265625 852.09979248 916.25402832 648.122253418
620.157592773 858.679748535 924.478942871 636.607421875
600.41784668 860.324707031 934.348815918 625.092529297
605.352783203 855.389770508 912.964111328 631.672424316
621.80255127 857.034729004 888.289367676 649.767211914
628.382507324 886.64440918 880.064453125 657.992126465
639.897338867 868.549621582 883.354431152 656.347167969
661.282104492 875.129516602 952.443603516 669.507019043
664.57208252 868.549621582 939.283752441 681.021850586
682.666870117 809.330322266 873.484558105 699.116638184
720.501403809 779.720703125 889.934387207 740.241149902
725.436340332 917.899047852 914.609069824 741.886108398
730.371276855 881.709472656 880.064453125 745.176086426
769.850830078 894.86932373 848.809875488 781.365661621
786.300598145 860.324707031 786.300598145 784.655639648
801.105407715 815.91027832 835.650024414 810.975280762
824.135131836 845.519897461 824.135131836 820.845214844
825.780151367 848.809875488 825.780151367 825.780151367
827.425109863 824.135131836 866.904663086 838.940002441
847.164855957 810.975280762 804.395385742 858.679748535
858.679748535 857.034729004 755.045959473 886.64440918
873.484558105 871.839599609 774.785766602 868.549621582
868.549621582 817.555236816 794.525512695 865.259643555
875.129516602 784.655639648 774.785766602 883.354431152
884.999450684 847.164855957 840.584960938 888.289367676
886.64440918 886.64440918 778.075683594 889.934387207
903.094238281 857.034729004 702.406616211 903.094238281
898.159240723 863.614685059 759.980895996 898.159240723
889.934387207 847.164855957 789.590576172 889.934387207
899.804260254 855.389770508 761.625915527 908.029174805
914.609069824 850.454833984 776.430725098 903.094238281
906.384155273 832.360046387 784.655639648 894.86932373
908.029174805 804.395385742 745.176086426 914.609069824
912.964111328 827.425109863 740.241149902 909.674133301
914.609069824 853.744812012 769.850830078 899.804260254
917.899047852 820.845214844 743.53112793 919.544006348
911.319091797 810.975280762 751.75604248 919.544006348
912.964111328 840.584960938 740.241149902 927.768920898
919.544006348 857.034729004 736.951171875 935.993835449
922.833984375 848.809875488 781.365661621 919.544006348
926.123962402 843.874938965 768.205810547 921.188964844
926.123962402 827.425109863 792.880554199 922.833984375
939.283752441 815.91027832 763.270874023 922.833984375
932.703857422 832.360046387 746.821105957 922.833984375
911.319091797 837.29498291 766.560852051 927.768920898
922.833984375 835.650024414 761.625915527 921.188964844
916.25402832 830.715087891 718.856384277 931.058898926
931.058898926 837.29498291 751.75604248 934.348815918
931.058898926 837.29498291 776.430725098 935.993835449
916.25402832 830.715087891 763.270874023 929.413879395
917.899047852 838.940002441 740.241149902 924.478942871
922.833984375 829.070068359 750.111022949 917.899047852
924.478942871 812.620300293 771.495788574 921.188964844
916.25402832 843.874938965 778.075683594 912.964111328
914.609069824 861.969726562 769.850830078 922.833984375
909.674133301 853.744812012 759.980895996 909.674133301
914.609069824 861.969726562 769.850830078 911.319091797
908.029174805 834.005004883 779.720703125 917.899047852
912.964111328 827.425109863 781.365661621 912.964111328
904.739196777 825.780151367 764.91583252 901.44921875
903.094238281 827.425109863 751.75604248 901.44921875
914.609069824 840.584960938 713.921447754 914.609069824
898.159240723 835.650024414 778.075683594 898.159240723
886.64440918 807.68536377 796.170471191 891.579345703
894.86932373 830.715087891 776.430725098 880.064453125
875.129516602 837.29498291 801.105407715 881.709472656
878.419494629 834.005004883 776.430725098 886.64440918
886.64440918 848.809875488 761.625915527 896.514282227
876.774536133 843.874938965 779.720703125 888.289367676
884.999450684 837.29498291 771.495788574 876.774536133
888.289367676 847.164855957 738.596191406 898.159240723
873.484558105 842.229919434 764.91583252 883.354431152
878.419494629 834.005004883 792.880554199 871.839599609
883.354431152 837.29498291 784.655639648 883.354431152
881.709472656 853.744812012 792.880554199 876.774536133
876.774536133 820.845214844 787.945556641 893.224304199
889.934387207 843.874938965 759.980895996 891.579345703
878.419494629 847.164855957 756.690979004 894.86932373
865.259643555 845.519897461 786.300598145 880.064453125
860.324707031 830.715087891 787.945556641 878.419494629
860.324707031 832.360046387 776.430725098 880.064453125
873.484558105 832.360046387 784.655639648 876.774536133
858.679748535 824.135131836 763.270874023 863.614685059
865.259643555 847.164855957 783.010620117 870.194580078
847.164855957 840.584960938 801.105407715 873.484558105
853.744812012 850.454833984 784.655639648 858.679748535
865.259643555 840.584960938 784.655639648 868.549621582
861.969726562 827.425109863 786.300598145 861.969726562
857.034729004 827.425109863 773.14074707 866.904663086
866.904663086 829.070068359 779.720703125 876.774536133
857.034729004 837.29498291 776.430725098 871.839599609
857.034729004 835.650024414 778.075683594 860.324707031
858.679748535 835.650024414 787.945556641 860.324707031
840.584960938 840.584960938 806.040344238 855.389770508
850.454833984 847.164855957 783.010620117 850.454833984
855.389770508 834.005004883 789.590576172 860.324707031
855.389770508 829.070068359 781.365661621 858.679748535
848.809875488 812.620300293 797.815490723 871.839599609
855.389770508 804.395385742 810.975280762 876.774536133
857.034729004 835.650024414 771.495788574 878.419494629
873.484558105 830.715087891 763.270874023 865.259643555
865.259643555 832.360046387 797.815490723 861.969726562
850.454833984 843.874938965 802.750427246 873.484558105
847.164855957 850.454833984 832.360046387 853.744812012
847.164855957 857.034729004 815.91027832 871.839599609
853.744812012 835.650024414 781.365661621 881.709472656
860.324707031 824.135131836 776.430725098 880.064453125
868.549621582 834.005004883 789.590576172 876.774536133
853.744812012 838.940002441 783.010620117 863.614685059
865.259643555 835.650024414 741.886108398 866.904663086
873.484558105 799.460449219 773.14074707 878.419494629
855.389770508 809.330322266 837.29498291 878.419494629
863.614685059 855.389770508 838.940002441 860.324707031
866.904663086 870.194580078 810.975280762 870.194580078
847.164855957 863.614685059 776.430725098 858.679748535
857.034729004 845.519897461 769.850830078 865.259643555
858.679748535 832.360046387 802.750427246 858.679748535
848.809875488 830.715087891 812.620300293 855.389770508
843.874938965 830.715087891 802.750427246 863.614685059
850.454833984 843.874938965 794.525512695 861.969726562
847.164855957 835.650024414 791.235534668 861.969726562
840.584960938 835.650024414 797.815490723 847.164855957
855.389770508 827.425109863 794.525512695 861.969726562
853.744812012 843.874938965 748.466064453 857.034729004
853.744812012 852.09979248 766.560852051 855.389770508
860.324707031 848.809875488 787.945556641 855.389770508
857.034729004 838.940002441 817.555236816 863.614685059
834.005004883 822.49017334 812.620300293 861.969726562
853.744812012 840.584960938 794.525512695 855.389770508
847.164855957 835.650024414 807.68536377 853.744812012
843.874938965 801.105407715 776.430725098 850.454833984
855.389770508 815.91027832 779.720703125 861.969726562
842.229919434 880.064453125 804.395385742 853.744812012
842.229919434 886.64440918 789.590576172 852.09979248
838.940002441 873.484558105 799.460449219 848.809875488
842.229919434 850.454833984 817.555236816 852.09979248
850.454833984 830.715087891 773.14074707 871.839599609
848.809875488 825.780151367 769.850830078 866.904663086
848.809875488 814.265258789 783.010620117 858.679748535
827.425109863 817.555236816 804.395385742 850.454833984
838.940002441 838.940002441 819.200195312 843.874938965
838.940002441 858.679748535 776.430725098 847.164855957
842.229919434 857.034729004 802.750427246 850.454833984
847.164855957 830.715087891 796.170471191 850.454833984
852.09979248 815.91027832 799.460449219 857.034729004
840.584960938 842.229919434 822.49017334 853.744812012
830.715087891 847.164855957 806.040344238 860.324707031
838.940002441 832.360046387 779.720703125 838.940002441
845.519897461 837.29498291 778.075683594 848.809875488
835.650024414 824.135131836 815.91027832 852.09979248
842.229919434 822.49017334 801.105407715 838.940002441
834.005004883 840.584960938 781.365661621 845.519897461
840.584960938 847.164855957 771.495788574 848.809875488
855.389770508 845.519897461 786.300598145 853.744812012
832.360046387 842.229919434 820.845214844 845.519897461
834.005004883 860.324707031 807.68536377 835.650024414
845.519897461 845.519897461 799.460449219 843.874938965
837.29498291 838.940002441 778.075683594 848.809875488
847.164855957 825.780151367 797.815490723 863.614685059
840.584960938 820.845214844 819.200195312 850.454833984
830.715087891 832.360046387 801.105407715 837.29498291
852.09979248 825.780151367 787.945556641 845.519897461
855.389770508 812.620300293 779.720703125 855.389770508
837.29498291 861.969726562 778.075683594 861.969726562
834.005004883 865.259643555 794.525512695 855.389770508
832.360046387 850.454833984 810.975280762 845.519897461
848.809875488 845.519897461 774.785766602 852.09979248
845.519897461 829.070068359 804.395385742 838.940002441
835.650024414 842.229919434 827.425109863 838.940002441
834.005004883 850.454833984 794.525512695 842.229919434
840.584960938 827.425109863 806.040344238 845.519897461
853.744812012 806.040344238 759.980895996 861.969726562
838.940002441 847.164855957 745.176086426 858.679748535
837.29498291 861.969726562 804.395385742 850.454833984
843.874938965 850.454833984 814.265258789 853.744812012
845.519897461 832.360046387 794.525512695 850.454833984
848.809875488 825.780151367 783.010620117 853.744812012
842.229919434 825.780151367 779.720703125 842.229919434
832.360046387 837.29498291 802.750427246 842.229919434
843.874938965 848.809875488 822.49017334 840.584960938
850.454833984 847.164855957 802.750427246 847.164855957
842.229919434 843.874938965 797.815490723 852.09979248
853.744812012 832.360046387 791.235534668 858.679748535
852.09979248 806.040344238 794.525512695 863.614685059
835.650024414 812.620300293 789.590576172 863.614685059
852.09979248 850.454833984 783.010620117 858.679748535
840.584960938 866.904663086 750.111022949 850.454833984
842.229919434 853.744812012 807.68536377 848.809875488
850.454833984 840.584960938 835.650024414 861.969726562
843.874938965 824.135131836 820.845214844 857.034729004
845.519897461 835.650024414 809.330322266 852.09979248
855.389770508 843.874938965 751.75604248 861.969726562
845.519897461 842.229919434 769.850830078 853.744812012
840.584960938 840.584960938 784.655639648 843.874938965
848.809875488 827.425109863 792.880554199 860.324707031
842.229919434 825.780151367 806.040344238 850.454833984
840.584960938 827.425109863 801.105407715 853.744812012
845.519897461 834.005004883 799.460449219 855.389770508
845.519897461 837.29498291 820.845214844 853.744812012
850.454833984 820.845214844 797.815490723 853.744812012
857.034729004 824.135131836 776.430725098 861.969726562
845.519897461 834.005004883 766.560852051 860.324707031
837.29498291 850.454833984 787.945556641 857.034729004
