860.324707031 850.454833984 738.596191406 894.86932373
853.744812012 850.454833984 730.371276855 894.86932373
855.389770508 848.809875488 738.596191406 908.029174805
857.034729004 845.519897461 745.176086426 903.094238281
860.324707031 855.389770508 740.241149902 891.579345703
858.679748535 850.454833984 746.821105957 891.579345703
860.324707031 840.584960938 756.690979004 883.354431152
868.549621582 842.229919434 727.081298828 903.094238281
852.09979248 845.519897461 764.91583252 880.064453125
858.679748535 857.034729004 802.750427246 883.354431152
852.09979248 853.744812012 776.430725098 886.64440918
861.969726562 852.09979248 769.850830078 889.934387207
868.549621582 847.164855957 773.14074707 901.44921875
860.324707031 843.874938965 773.14074707 891.579345703
863.614685059 848.809875488 789.590576172 886.64440918
860.324707031 847.164855957 789.590576172 883.354431152
865.259643555 843.874938965 786.300598145 888.289367676
871.839599609 848.809875488 804.395385742 889.934387207
857.034729004 852.09979248 832.360046387 889.934387207
857.034729004 843.874938965 810.975280762 886.64440918
860.324707031 842.229919434 806.040344238 875.129516602
858.679748535 847.164855957 806.040344238 866.904663086
860.324707031 838.940002441 787.945556641 876.774536133
857.034729004 850.454833984 837.29498291 865.259643555
855.389770508 850.454833984 791.235534668 871.839599609
843.874938965 840.584960938 812.620300293 863.614685059
853.744812012 850.454833984 857.034729004 866.904663086
858.679748535 853.744812012 845.519897461 881.709472656
858.679748535 852.09979248 847.164855957 875.129516602
860.324707031 848.809875488 855.389770508 868.549621582
857.034729004 848.809875488 840.584960938 865.259643555
858.679748535 852.09979248 860.324707031 868.549621582
866.904663086 852.09979248 838.940002441 863.614685059
868.549621582 843.874938965 817.555236816 883.354431152
860.324707031 852.09979248 865.259643555 865.259643555
853.744812012 843.874938965 838.940002441 860.324707031
860.324707031 850.454833984 848.809875488 870.194580078
853.744812012 842.229919434 832.360046387 861.969726562
852.09979248 843.874938965 870.194580078 860.324707031
847.164855957 838.940002441 840.584960938 853.744812012
848.809875488 853.744812012 883.354431152 848.809875488
855.389770508 837.29498291 850.454833984 866.904663086
853.744812012 847.164855957 837.29498291 857.034729004
804.395385742 860.324707031 855.389770508 809.330322266
786.300598145 858.679748535 853.744812012 786.300598145
778.075683594 871.839599609 830.715087891 756.690979004
738.596191406 868.549621582 822.49017334 732.016235352
728.726318359 871.839599609 827.425109863 720.501403809
707.341552734 888.289367676 838.940002441 685.956787109
694.18170166 888.289367676 835.650024414 666.217041016
689.246765137 903.094238281 853.744812012 661.282104492
677.731872559 898.159240723 781.365661621 653.057189941
659.637145996 904.739196777 783.010620117 636.607421875
633.317443848 904.739196777 783.010620117 606.997741699
648.122253418 899.804260254 797.815490723 605.352783203
634.962402344 901.44921875 789.590576172 598.772827148
611.932678223 916.25402832 820.845214844 560.938293457
602.062805176 934.348815918 829.070068359 551.06842041
603.707763672 931.058898926 802.750427246 559.293334961
583.968017578 929.413879395 786.300598145 541.198547363
588.902954102 927.768920898 786.300598145 544.488464355
595.482910156 937.638793945 812.620300293 544.488464355
560.938293457 939.283752441 817.555236816 523.103759766
575.743103027 937.638793945 829.070068359 518.168823242
595.482910156 931.058898926 783.010620117 547.778442383
600.41784668 931.058898926 787.945556641 547.778442383
615.22265625 940.928771973 843.874938965 562.583251953
618.512634277 934.348815918 796.170471191 575.743103027
630.02746582 929.413879395 801.105407715 582.323059082
639.897338867 917.899047852 789.590576172 592.192932129
666.217041016 919.544006348 812.620300293 618.512634277
674.441955566 916.25402832 870.194580078 638.252380371
708.98651123 919.544006348 807.68536377 661.282104492
715.566467285 929.413879395 827.425109863 656.347167969
732.016235352 909.674133301 837.29498291 687.601806641
738.596191406 894.86932373 848.809875488 697.471679688
759.980895996 898.159240723 873.484558105 720.501403809
784.655639648 891.579345703 814.265258789 745.176086426
791.235534668 898.159240723 840.584960938 751.75604248
810.975280762 881.709472656 810.975280762 781.365661621
819.200195312 880.064453125 838.940002441 797.815490723
827.425109863 871.839599609 837.29498291 801.105407715
843.874938965 876.774536133 835.650024414 809.330322266
840.584960938 865.259643555 848.809875488 809.330322266
845.519897461 858.679748535 829.070068359 820.845214844
852.09979248 860.324707031 847.164855957 834.005004883
853.744812012 868.549621582 866.904663086 838.940002441
875.129516602 860.324707031 843.874938965 842.229919434
880.064453125 853.744812012 824.135131836 853.744812012
873.484558105 861.969726562 832.360046387 857.034729004
863.614685059 855.389770508 830.715087891 857.034729004
866.904663086 855.389770508 843.874938965 861.969726562
889.934387207 868.549621582 857.034729004 870.194580078
889.934387207 843.874938965 802.750427246 873.484558105
893.224304199 850.454833984 834.005004883 881.709472656
901.44921875 855.389770508 853.744812012 881.709472656
896.514282227 852.09979248 829.070068359 884.999450684
896.514282227 850.454833984 832.360046387 886.64440918
893.224304199 852.09979248 858.679748535 875.129516602
884.999450684 835.650024414 794.525512695 878.419494629
889.934387207 843.874938965 822.49017334 878.419494629
886.64440918 850.454833984 822.49017334 873.484558105
889.934387207 840.584960938 796.170471191 881.709472656
889.934387207 840.584960938 807.68536377 873.484558105
876.774536133 845.519897461 830.715087891 876.774536133
891.579345703 840.584960938 792.880554199 886.64440918
881.709472656 852.09979248 845.519897461 876.774536133
883.354431152 847.164855957 845.519897461 876.774536133
880.064453125 829.070068359 794.525512695 878.419494629
870.194580078 834.005004883 815.91027832 886.64440918
883.354431152 850.454833984 830.715087891 881.709472656
894.86932373 848.809875488 809.330322266 886.64440918
893.224304199 842.229919434 801.105407715 880.064453125
888.289367676 837.29498291 797.815490723 878.419494629
878.419494629 832.360046387 784.655639648 883.354431152
878.419494629 834.005004883 815.91027832 871.839599609
884.999450684 852.09979248 855.389770508 878.419494629
884.999450684 838.940002441 801.105407715 884.999450684
878.419494629 835.650024414 802.750427246 875.129516602
889.934387207 843.874938965 827.425109863 878.419494629
889.934387207 842.229919434 824.135131836 880.064453125
889.934387207 857.034729004 860.324707031 870.194580078
886.64440918 847.164855957 794.525512695 870.194580078
876.774536133 834.005004883 797.815490723 870.194580078
866.904663086 834.005004883 810.975280762 861.969726562
865.259643555 843.874938965 820.845214844 870.194580078
866.904663086 835.650024414 804.395385742 878.419494629
868.549621582 842.229919434 796.170471191 870.194580078
875.129516602 845.519897461 824.135131836 868.549621582
880.064453125 842.229919434 801.105407715 873.484558105
873.484558105 848.809875488 820.845214844 868.549621582
863.614685059 834.005004883 802.750427246 865.259643555
861.969726562 830.715087891 817.555236816 871.839599609
870.194580078 834.005004883 824.135131836 871.839599609
875.129516602 853.744812012 809.330322266 881.709472656
880.064453125 848.809875488 802.750427246 889.934387207
871.839599609 834.005004883 773.14074707 876.774536133
878.419494629 861.969726562 850.454833984 880.064453125
883.354431152 853.744812012 840.584960938 880.064453125
888.289367676 843.874938965 804.395385742 881.709472656
883.354431152 840.584960938 791.235534668 891.579345703
878.419494629 834.005004883 763.270874023 880.064453125
880.064453125 838.940002441 810.975280762 876.774536133
871.839599609 842.229919434 827.425109863 880.064453125
875.129516602 838.940002441 815.91027832 880.064453125
880.064453125 838.940002441 797.815490723 883.354431152
871.839599609 845.519897461 817.555236816 878.419494629
875.129516602 840.584960938 817.555236816 878.419494629
871.839599609 835.650024414 815.91027832 878.419494629
861.969726562 845.519897461 804.395385742 870.194580078
870.194580078 832.360046387 764.91583252 880.064453125
866.904663086 838.940002441 768.205810547 880.064453125
865.259643555 832.360046387 794.525512695 876.774536133
870.194580078 840.584960938 820.845214844 870.194580078
876.774536133 847.164855957 807.68536377 871.839599609
868.549621582 848.809875488 845.519897461 866.904663086
865.259643555 847.164855957 796.170471191 871.839599609
868.549621582 852.09979248 792.880554199 866.904663086
860.324707031 848.809875488 819.200195312 852.09979248
863.614685059 835.650024414 787.945556641 858.679748535
861.969726562 835.650024414 799.460449219 860.324707031
861.969726562 838.940002441 817.555236816 858.679748535
855.389770508 842.229919434 804.395385742 860.324707031
861.969726562 845.519897461 791.235534668 866.904663086
870.194580078 845.519897461 776.430725098 868.549621582
875.129516602 838.940002441 759.980895996 871.839599609
870.194580078 837.29498291 804.395385742 870.194580078
861.969726562 840.584960938 794.525512695 865.259643555
873.484558105 848.809875488 794.525512695 873.484558105
870.194580078 845.519897461 845.519897461 866.904663086
870.194580078 852.09979248 783.010620117 873.484558105
861.969726562 842.229919434 804.395385742 875.129516602
860.324707031 840.584960938 804.395385742 870.194580078
857.034729004 838.940002441 771.495788574 868.549621582
865.259643555 835.650024414 796.170471191 868.549621582
855.389770508 840.584960938 804.395385742 868.549621582
858.679748535 843.874938965 792.880554199 868.549621582
857.034729004 842.229919434 783.010620117 870.194580078
847.164855957 827.425109863 786.300598145 860.324707031
860.324707031 829.070068359 791.235534668 865.259643555
860.324707031 842.229919434 812.620300293 870.194580078
858.679748535 829.070068359 799.460449219 865.259643555
858.679748535 838.940002441 810.975280762 855.389770508
860.324707031 835.650024414 774.785766602 868.549621582
860.324707031 840.584960938 789.590576172 868.549621582
850.454833984 842.229919434 801.105407715 853.744812012
842.229919434 829.070068359 789.590576172 855.389770508
840.584960938 842.229919434 827.425109863 848.809875488
850.454833984 834.005004883 783.010620117 852.09979248
860.324707031 845.519897461 807.68536377 855.389770508
858.679748535 840.584960938 794.525512695 857.034729004
845.519897461 840.584960938 815.91027832 845.519897461
855.389770508 843.874938965 791.235534668 857.034729004
861.969726562 845.519897461 802.750427246 866.904663086
860.324707031 847.164855957 807.68536377 860.324707031
853.744812012 840.584960938 801.105407715 861.969726562
857.034729004 843.874938965 815.91027832 865.259643555
853.744812012 840.584960938 797.815490723 860.324707031
853.744812012 835.650024414 764.91583252 860.324707031
848.809875488 837.29498291 774.785766602 865.259643555
850.454833984 847.164855957 825.780151367 853.744812012
850.454833984 842.229919434 820.845214844 853.744812012
845.519897461 843.874938965 830.715087891 853.744812012
848.809875488 857.034729004 848.809875488 848.809875488
847.164855957 847.164855957 794.525512695 845.519897461
838.940002441 855.389770508 814.265258789 843.874938965
850.454833984 840.584960938 787.945556641 853.744812012
850.454833984 842.229919434 819.200195312 843.874938965
857.034729004 842.229919434 796.170471191 858.679748535
855.389770508 850.454833984 820.845214844 858.679748535
855.389770508 848.809875488 822.49017334 860.324707031
852.09979248 852.09979248 822.49017334 863.614685059
860.324707031 852.09979248 837.29498291 860.324707031
852.09979248 847.164855957 834.005004883 858.679748535
853.744812012 850.454833984 815.91027832 876.774536133
860.324707031 853.744812012 827.425109863 866.904663086
855.389770508 843.874938965 789.590576172 873.484558105
848.809875488 840.584960938 817.555236816 870.194580078
837.29498291 848.809875488 824.135131836 847.164855957
837.29498291 837.29498291 807.68536377 853.744812012
840.584960938 855.389770508 852.09979248 847.164855957
850.454833984 847.164855957 814.265258789 855.389770508
847.164855957 848.809875488 825.780151367 866.904663086
861.969726562 857.034729004 840.584960938 870.194580078
852.09979248 853.744812012 845.519897461 855.389770508
852.09979248 850.454833984 824.135131836 850.454833984
835.650024414 847.164855957 858.679748535 848.809875488
848.809875488 827.425109863 786.300598145 852.09979248
847.164855957 838.940002441 792.880554199 855.389770508
850.454833984 848.809875488 838.940002441 855.389770508
855.389770508 840.584960938 820.845214844 858.679748535
861.969726562 850.454833984 820.845214844 858.679748535
875.129516602 848.809875488 827.425109863 861.969726562
866.904663086 848.809875488 820.845214844 861.969726562
866.904663086 852.09979248 829.070068359 868.549621582
853.744812012 847.164855957 815.91027832 863.614685059
858.679748535 830.715087891 753.401000977 861.969726562
848.809875488 855.389770508 852.09979248 850.454833984
848.809875488 852.09979248 834.005004883 850.454833984
848.809875488 847.164855957 868.549621582 843.874938965
852.09979248 843.874938965 802.750427246 850.454833984
858.679748535 842.229919434 792.880554199 845.519897461
842.229919434 845.519897461 843.874938965 832.360046387
855.389770508 853.744812012 825.780151367 847.164855957
847.164855957 853.744812012 837.29498291 834.005004883
829.070068359 834.005004883 786.300598145 834.005004883
830.715087891 843.874938965 801.105407715 837.29498291
824.135131836 848.809875488 829.070068359 822.49017334
837.29498291 837.29498291 789.590576172 835.650024414
842.229919434 837.29498291 773.14074707 842.229919434
837.29498291 830.715087891 773.14074707 847.164855957
825.780151367 847.164855957 840.584960938 850.454833984
840.584960938 852.09979248 865.259643555 848.809875488
845.519897461 847.164855957 843.874938965 850.454833984
850.454833984 843.874938965 817.555236816 853.744812012
847.164855957 832.360046387 791.235534668 861.969726562
842.229919434 834.005004883 796.170471191 858.679748535
850.454833984 853.744812012 840.584960938 860.324707031
848.809875488 835.650024414 797.815490723 860.324707031
861.969726562 845.519897461 794.525512695 861.969726562
855.389770508 838.940002441 810.975280762 860.324707031
855.389770508 837.29498291 830.715087891 855.389770508
861.969726562 848.809875488 824.135131836 870.194580078
857.034729004 843.874938965 815.91027832 865.259643555
853.744812012 834.005004883 784.655639648 860.324707031
843.874938965 855.389770508 820.845214844 857.034729004
848.809875488 842.229919434 814.265258789 852.09979248
853.744812012 842.229919434 809.330322266 861.969726562
850.454833984 850.454833984 838.940002441 863.614685059
857.034729004 838.940002441 809.330322266 868.549621582
853.744812012 853.744812012 842.229919434 863.614685059
855.389770508 840.584960938 797.815490723 865.259643555
853.744812012 843.874938965 806.040344238 861.969726562
861.969726562 853.744812012 819.200195312 866.904663086
855.389770508 840.584960938 797.815490723 873.484558105
855.389770508 852.09979248 850.454833984 865.259643555
863.614685059 838.940002441 796.170471191 873.484558105
861.969726562 848.809875488 829.070068359 866.904663086
868.549621582 843.874938965 810.975280762 875.129516602
871.839599609 838.940002441 769.850830078 875.129516602
860.324707031 848.809875488 817.555236816 866.904663086
863.614685059 845.519897461 809.330322266 876.774536133
861.969726562 857.034729004 837.29498291 875.129516602
865.259643555 852.09979248 835.650024414 865.259643555
865.259643555 832.360046387 807.68536377 868.549621582
847.164855957 832.360046387 796.170471191 850.454833984
853.744812012 847.164855957 819.200195312 855.389770508
857.034729004 843.874938965 804.395385742 866.904663086
847.164855957 845.519897461 817.555236816 857.034729004
847.164855957 842.229919434 807.68536377 858.679748535
842.229919434 840.584960938 824.135131836 850.454833984
843.874938965 838.940002441 820.845214844 852.09979248
847.164855957 852.09979248 822.49017334 848.809875488
860.324707031 838.940002441 796.170471191 858.679748535
847.164855957 848.809875488 835.650024414 860.324707031
842.229919434 837.29498291 807.68536377 858.679748535
845.519897461 835.650024414 806.040344238 857.034729004
840.584960938 842.229919434 796.170471191 855.389770508
838.940002441 834.005004883 801.105407715 852.09979248
843.874938965 840.584960938 802.750427246 852.09979248
850.454833984 847.164855957 829.070068359 855.389770508
843.874938965 852.09979248 835.650024414 863.614685059
850.454833984 842.229919434 784.655639648 866.904663086
848.809875488 850.454833984 827.425109863 868.549621582
852.09979248 852.09979248 820.845214844 857.034729004
852.09979248 843.874938965 797.815490723 855.389770508
845.519897461 837.29498291 812.620300293 855.389770508
852.09979248 834.005004883 820.845214844 858.679748535
855.389770508 842.229919434 830.715087891 863.614685059
850.454833984 857.034729004 825.780151367 865.259643555
860.324707031 848.809875488 802.750427246 865.259643555
863.614685059 848.809875488 799.460449219 871.839599609
868.549621582 837.29498291 773.14074707 876.774536133
863.614685059 853.744812012 837.29498291 858.679748535
868.549621582 858.679748535 852.09979248 868.549621582
868.549621582 848.809875488 829.070068359 866.904663086
863.614685059 834.005004883 792.880554199 868.549621582
853.744812012 834.005004883 796.170471191 865.259643555
857.034729004 857.034729004 801.105407715 868.549621582
847.164855957 850.454833984 822.49017334 857.034729004
855.389770508 850.454833984 815.91027832 861.969726562
865.259643555 843.874938965 799.460449219 861.969726562
863.614685059 837.29498291 802.750427246 861.969726562
857.034729004 847.164855957 820.845214844 860.324707031
858.679748535 850.454833984 806.040344238 863.614685059
853.744812012 842.229919434 809.330322266 858.679748535
842.229919434 830.715087891 787.945556641 848.809875488
855.389770508 838.940002441 806.040344238 855.389770508
848.809875488 850.454833984 847.164855957 857.034729004
837.29498291 837.29498291 804.395385742 861.969726562
838.940002441 853.744812012 842.229919434 855.389770508
840.584960938 838.940002441 807.68536377 852.09979248
838.940002441 838.940002441 809.330322266 848.809875488
845.519897461 843.874938965 825.780151367 853.744812012
847.164855957 835.650024414 791.235534668 860.324707031
847.164855957 850.454833984 820.845214844 855.389770508
848.809875488 855.389770508 815.91027832 860.324707031
824.135131836 847.164855957 817.555236816 835.650024414
824.135131836 837.29498291 820.845214844 834.005004883
820.845214844 837.29498291 797.815490723 834.005004883
819.200195312 838.940002441 791.235534668 827.425109863
834.005004883 847.164855957 812.620300293 843.874938965
827.425109863 850.454833984 802.750427246 840.584960938
815.91027832 845.519897461 807.68536377 830.715087891
812.620300293 858.679748535 820.845214844 822.49017334
812.620300293 848.809875488 791.235534668 817.555236816
797.815490723 853.744812012 829.070068359 807.68536377
796.170471191 850.454833984 822.49017334 807.68536377
802.750427246 857.034729004 842.229919434 809.330322266
789.590576172 873.484558105 840.584960938 804.395385742
779.720703125 865.259643555 796.170471191 791.235534668
763.270874023 866.904663086 796.170471191 778.075683594
750.111022949 870.194580078 827.425109863 758.3359375
740.241149902 870.194580078 820.845214844 748.466064453
723.791320801 878.419494629 802.750427246 740.241149902
710.631530762 871.839599609 814.265258789 727.081298828
690.891723633 880.064453125 799.460449219 707.341552734
674.441955566 883.354431152 810.975280762 694.18170166
662.927062988 894.86932373 878.419494629 676.086914062
648.122253418 899.804260254 825.780151367 666.217041016
623.447570801 899.804260254 815.91027832 648.122253418
606.997741699 901.44921875 853.744812012 616.867614746
588.902954102 911.319091797 863.614685059 600.41784668
567.518188477 894.86932373 838.940002441 587.257995605
565.87322998 894.86932373 840.584960938 588.902954102
577.388122559 891.579345703 807.68536377 602.062805176
579.033081055 884.999450684 824.135131836 598.772827148
585.612976074 891.579345703 863.614685059 608.642700195
600.41784668 876.774536133 842.229919434 623.447570801
600.41784668 857.034729004 825.780151367 628.382507324
626.737487793 866.904663086 847.164855957 646.477294922
633.317443848 861.969726562 834.005004883 657.992126465
662.927062988 858.679748535 822.49017334 682.666870117
682.666870117 860.324707031 815.91027832 705.696594238
687.601806641 852.09979248 845.519897461 710.631530762
712.276489258 848.809875488 866.904663086 730.371276855
725.436340332 842.229919434 853.744812012 750.111022949
748.466064453 838.940002441 840.584960938 773.14074707
743.53112793 814.265258789 799.460449219 776.430725098
753.401000977 824.135131836 848.809875488 783.010620117
763.270874023 832.360046387 880.064453125 784.655639648
776.430725098 819.200195312 835.650024414 796.170471191
789.590576172 822.49017334 834.005004883 815.91027832
789.590576172 814.265258789 824.135131836 814.265258789
801.105407715 804.395385742 797.815490723 822.49017334
801.105407715 812.620300293 837.29498291 820.845214844
822.49017334 819.200195312 843.874938965 838.940002441
820.845214844 806.040344238 809.330322266 847.164855957
837.29498291 824.135131836 843.874938965 863.614685059
850.454833984 834.005004883 845.519897461 875.129516602
857.034729004 817.555236816 806.040344238 880.064453125
871.839599609 824.135131836 824.135131836 889.934387207
888.289367676 829.070068359 797.815490723 899.804260254
899.804260254 819.200195312 799.460449219 911.319091797
899.804260254 840.584960938 861.969726562 912.964111328
911.319091797 837.29498291 853.744812012 919.544006348
917.899047852 825.780151367 819.200195312 922.833984375
919.544006348 835.650024414 834.005004883 927.768920898
917.899047852 829.070068359 796.170471191 932.703857422
911.319091797 817.555236816 802.750427246 931.058898926
911.319091797 827.425109863 822.49017334 927.768920898
912.964111328 824.135131836 778.075683594 927.768920898
911.319091797 817.555236816 781.365661621 931.058898926
916.25402832 832.360046387 830.715087891 927.768920898
917.899047852 837.29498291 820.845214844 927.768920898
911.319091797 843.874938965 837.29498291 922.833984375
932.703857422 834.005004883 802.750427246 934.348815918
917.899047852 830.715087891 802.750427246 934.348815918
921.188964844 827.425109863 832.360046387 927.768920898
914.609069824 832.360046387 832.360046387 932.703857422
914.609069824 830.715087891 835.650024414 926.123962402
922.833984375 847.164855957 855.389770508 921.188964844
932.703857422 834.005004883 802.750427246 922.833984375
916.25402832 829.070068359 810.975280762 911.319091797
912.964111328 830.715087891 810.975280762 917.899047852
916.25402832 830.715087891 827.425109863 917.899047852
912.964111328 827.425109863 814.265258789 921.188964844
912.964111328 832.360046387 834.005004883 922.833984375
908.029174805 834.005004883 824.135131836 919.544006348
909.674133301 832.360046387 807.68536377 929.413879395
904.739196777 834.005004883 842.229919434 911.319091797
912.964111328 834.005004883 822.49017334 917.899047852
911.319091797 822.49017334 783.010620117 924.478942871
909.674133301 827.425109863 829.070068359 916.25402832
914.609069824 838.940002441 812.620300293 927.768920898
911.319091797 830.715087891 796.170471191 922.833984375
891.579345703 817.555236816 796.170471191 911.319091797
894.86932373 829.070068359 824.135131836 909.674133301
911.319091797 830.715087891 801.105407715 912.964111328
903.094238281 845.519897461 845.519897461 908.029174805
904.739196777 843.874938965 802.750427246 919.544006348
908.029174805 832.360046387 787.945556641 914.609069824
906.384155273 832.360046387 807.68536377 903.094238281
899.804260254 834.005004883 812.620300293 896.514282227
896.514282227 830.715087891 804.395385742 903.094238281
889.934387207 835.650024414 804.395385742 894.86932373
884.999450684 842.229919434 809.330322266 889.934387207
883.354431152 835.650024414 783.010620117 883.354431152
886.64440918 835.650024414 817.555236816 881.709472656
880.064453125 837.29498291 812.620300293 878.419494629
888.289367676 835.650024414 786.300598145 884.999450684
881.709472656 845.519897461 820.845214844 881.709472656
865.259643555 852.09979248 830.715087891 870.194580078
870.194580078 838.940002441 815.91027832 875.129516602
871.839599609 832.360046387 809.330322266 873.484558105
873.484558105 829.070068359 792.880554199 875.129516602
861.969726562 832.360046387 787.945556641 870.194580078
858.679748535 835.650024414 810.975280762 865.259643555
857.034729004 834.005004883 824.135131836 866.904663086
863.614685059 845.519897461 809.330322266 871.839599609
857.034729004 837.29498291 779.720703125 866.904663086
845.519897461 842.229919434 820.845214844 858.679748535
852.09979248 843.874938965 797.815490723 853.744812012
842.229919434 834.005004883 801.105407715 848.809875488
838.940002441 838.940002441 824.135131836 852.09979248
832.360046387 842.229919434 830.715087891 847.164855957
830.715087891 827.425109863 802.750427246 840.584960938
830.715087891 840.584960938 817.555236816 834.005004883
830.715087891 837.29498291 786.300598145 842.229919434
817.555236816 834.005004883 799.460449219 834.005004883
819.200195312 850.454833984 852.09979248 829.070068359
822.49017334 843.874938965 824.135131836 832.360046387
819.200195312 822.49017334 801.105407715 827.425109863
822.49017334 834.005004883 789.590576172 829.070068359
804.395385742 840.584960938 806.040344238 822.49017334
807.68536377 830.715087891 799.460449219 824.135131836
807.68536377 843.874938965 838.940002441 817.555236816
804.395385742 835.650024414 825.780151367 830.715087891
817.555236816 825.780151367 817.555236816 827.425109863
804.395385742 834.005004883 809.330322266 824.135131836
814.265258789 843.874938965 830.715087891 830.715087891
802.750427246 843.874938965 829.070068359 819.200195312
801.105407715 835.650024414 817.555236816 814.265258789
802.750427246 832.360046387 819.200195312 824.135131836
799.460449219 830.715087891 815.91027832 819.200195312
802.750427246 837.29498291 834.005004883 820.845214844
812.620300293 847.164855957 829.070068359 830.715087891
829.070068359 858.679748535 884.999450684 820.845214844
820.845214844 842.229919434 835.650024414 829.070068359
822.49017334 834.005004883 822.49017334 829.070068359
807.68536377 834.005004883 850.454833984 819.200195312
807.68536377 830.715087891 807.68536377 825.780151367
812.620300293 837.29498291 817.555236816 830.715087891
819.200195312 857.034729004 875.129516602 829.070068359
812.620300293 829.070068359 792.880554199 832.360046387
810.975280762 838.940002441 822.49017334 830.715087891
822.49017334 837.29498291 838.940002441 834.005004883
822.49017334 827.425109863 797.815490723 835.650024414
807.68536377 835.650024414 804.395385742 842.229919434
802.750427246 830.715087891 845.519897461 838.940002441
812.620300293 842.229919434 848.809875488 837.29498291
820.845214844 840.584960938 843.874938965 848.809875488
830.715087891 835.650024414 825.780151367 848.809875488
825.780151367 832.360046387 786.300598145 853.744812012
834.005004883 837.29498291 817.555236816 857.034729004
853.744812012 853.744812012 855.389770508 850.454833984
832.360046387 838.940002441 825.780151367 842.229919434
840.584960938 835.650024414 819.200195312 857.034729004
830.715087891 840.584960938 825.780151367 843.874938965
835.650024414 847.164855957 837.29498291 842.229919434
861.969726562 847.164855957 842.229919434 858.679748535
855.389770508 842.229919434 830.715087891 857.034729004
852.09979248 847.164855957 822.49017334 855.389770508
853.744812012 847.164855957 820.845214844 852.09979248
853.744812012 838.940002441 815.91027832 857.034729004
847.164855957 843.874938965 819.200195312 860.324707031
855.389770508 835.650024414 791.235534668 868.549621582
850.454833984 840.584960938 815.91027832 861.969726562
840.584960938 848.809875488 847.164855957 845.519897461
837.29498291 842.229919434 809.330322266 852.09979248
848.809875488 829.070068359 774.785766602 857.034729004
845.519897461 857.034729004 832.360046387 845.519897461
847.164855957 840.584960938 801.105407715 850.454833984
845.519897461 847.164855957 847.164855957 842.229919434
843.874938965 863.614685059 853.744812012 848.809875488
845.519897461 843.874938965 804.395385742 858.679748535
847.164855957 843.874938965 807.68536377 850.454833984
850.454833984 853.744812012 832.360046387 850.454833984
850.454833984 847.164855957 825.780151367 847.164855957
842.229919434 840.584960938 807.68536377 840.584960938
843.874938965 847.164855957 824.135131836 842.229919434
843.874938965 829.070068359 783.010620117 843.874938965
837.29498291 845.519897461 820.845214844 837.29498291
838.940002441 847.164855957 794.525512695 835.650024414
838.940002441 845.519897461 835.650024414 835.650024414
838.940002441 845.519897461 835.650024414 832.360046387
842.229919434 842.229919434 814.265258789 840.584960938
824.135131836 855.389770508 848.809875488 842.229919434
843.874938965 837.29498291 796.170471191 843.874938965
845.519897461 847.164855957 819.200195312 845.519897461
843.874938965 832.360046387 806.040344238 834.005004883
852.09979248 820.845214844 761.625915527 840.584960938
829.070068359 829.070068359 799.460449219 842.229919434
830.715087891 835.650024414 829.070068359 840.584960938
843.874938965 847.164855957 827.425109863 848.809875488
843.874938965 853.744812012 853.744812012 850.454833984
847.164855957 847.164855957 837.29498291 848.809875488
858.679748535 832.360046387 797.815490723 858.679748535
853.744812012 832.360046387 827.425109863 852.09979248
845.519897461 830.715087891 806.040344238 855.389770508
843.874938965 838.940002441 807.68536377 855.389770508
840.584960938 843.874938965 822.49017334 848.809875488
829.070068359 842.229919434 806.040344238 845.519897461
834.005004883 848.809875488 835.650024414 835.650024414
837.29498291 832.360046387 801.105407715 840.584960938
837.29498291 832.360046387 814.265258789 845.519897461
842.229919434 843.874938965 850.454833984 847.164855957
843.874938965 850.454833984 843.874938965 848.809875488
837.29498291 842.229919434 817.555236816 848.809875488
840.584960938 843.874938965 809.330322266 843.874938965
845.519897461 842.229919434 812.620300293 843.874938965
843.874938965 845.519897461 820.845214844 852.09979248
847.164855957 845.519897461 817.555236816 845.519897461
853.744812012 843.874938965 817.555236816 860.324707031
848.809875488 837.29498291 809.330322266 863.614685059
847.164855957 847.164855957 840.584960938 850.454833984
857.034729004 850.454833984 817.555236816 866.904663086
847.164855957 842.229919434 819.200195312 853.744812012
865.259643555 842.229919434 830.715087891 861.969726562
865.259643555 847.164855957 812.620300293 875.129516602
870.194580078 853.744812012 830.715087891 876.774536133
865.259643555 850.454833984 824.135131836 860.324707031
847.164855957 847.164855957 806.040344238 857.034729004
847.164855957 842.229919434 827.425109863 853.744812012
847.164855957 837.29498291 820.845214844 852.09979248
857.034729004 850.454833984 837.29498291 861.969726562
860.324707031 843.874938965 835.650024414 873.484558105
858.679748535 842.229919434 847.164855957 865.259643555
866.904663086 842.229919434 817.555236816 868.549621582
843.874938965 830.715087891 797.815490723 860.324707031
845.519897461 845.519897461 806.040344238 853.744812012
853.744812012 845.519897461 812.620300293 866.904663086
847.164855957 847.164855957 824.135131836 857.034729004
857.034729004 845.519897461 825.780151367 855.389770508
853.744812012 840.584960938 838.940002441 855.389770508
848.809875488 845.519897461 837.29498291 858.679748535
857.034729004 847.164855957 837.29498291 855.389770508
858.679748535 842.229919434 815.91027832 860.324707031
847.164855957 837.29498291 794.525512695 857.034729004
850.454833984 837.29498291 815.91027832 853.744812012
850.454833984 843.874938965 832.360046387 861.969726562
853.744812012 840.584960938 814.265258789 860.324707031
850.454833984 850.454833984 822.49017334 857.034729004
845.519897461 845.519897461 812.620300293 853.744812012
852.09979248 848.809875488 824.135131836 855.389770508
847.164855957 838.940002441 817.555236816 852.09979248
858.679748535 845.519897461 806.040344238 857.034729004
857.034729004 840.584960938 773.14074707 868.549621582
842.229919434 847.164855957 824.135131836 852.09979248
852.09979248 860.324707031 876.774536133 857.034729004
850.454833984 845.519897461 824.135131836 857.034729004
843.874938965 834.005004883 789.590576172 858.679748535
848.809875488 829.070068359 789.590576172 860.324707031
843.874938965 843.874938965 807.68536377 848.809875488
850.454833984 853.744812012 845.519897461 852.09979248
845.519897461 850.454833984 810.975280762 850.454833984
848.809875488 852.09979248 801.105407715 855.389770508
838.940002441 840.584960938 797.815490723 860.324707031
838.940002441 835.650024414 802.750427246 853.744812012
842.229919434 852.09979248 804.395385742 848.809875488
822.49017334 845.519897461 806.040344238 843.874938965
838.940002441 848.809875488 797.815490723 845.519897461
835.650024414 838.940002441 807.68536377 847.164855957
838.940002441 847.164855957 863.614685059 848.809875488
850.454833984 838.940002441 810.975280762 855.389770508
830.715087891 850.454833984 855.389770508 840.584960938
829.070068359 850.454833984 807.68536377 837.29498291
829.070068359 845.519897461 797.815490723 838.940002441
812.620300293 848.809875488 810.975280762 827.425109863
801.105407715 855.389770508 842.229919434 819.200195312
797.815490723 852.09979248 834.005004883 814.265258789
766.560852051 845.519897461 817.555236816 791.235534668
758.3359375 861.969726562 835.650024414 773.14074707
735.306213379 870.194580078 842.229919434 748.466064453
710.631530762 866.904663086 820.845214844 723.791320801
699.116638184 876.774536133 840.584960938 713.921447754
685.956787109 868.549621582 786.300598145 707.341552734
671.151977539 891.579345703 809.330322266 684.311828613
651.412231445 911.319091797 865.259643555 664.57208252
641.542358398 912.964111328 835.650024414 648.122253418
616.867614746 922.833984375 863.614685059 628.382507324
620.157592773 926.123962402 853.744812012 628.382507324
613.577697754 931.058898926 842.229919434 613.577697754
585.612976074 906.384155273 840.584960938 593.837890625
597.127868652 911.319091797 870.194580078 605.352783203
595.482910156 904.739196777 829.070068359 606.997741699
618.512634277 906.384155273 838.940002441 618.512634277
648.122253418 912.964111328 868.549621582 644.832275391
657.992126465 906.384155273 837.29498291 654.702148438
695.826660156 898.159240723 848.809875488 697.471679688
705.696594238 891.579345703 838.940002441 718.856384277
717.211425781 884.999450684 824.135131836 728.726318359
748.466064453 876.774536133 807.68536377 753.401000977
769.850830078 875.129516602 834.005004883 769.850830078
791.235534668 878.419494629 827.425109863 791.235534668
812.620300293 863.614685059 810.975280762 814.265258789
829.070068359 868.549621582 871.839599609 819.200195312
834.005004883 868.549621582 843.874938965 829.070068359
850.454833984 857.034729004 812.620300293 843.874938965
853.744812012 850.454833984 801.105407715 852.09979248
858.679748535 840.584960938 791.235534668 861.969726562
878.419494629 842.229919434 799.460449219 876.774536133
889.934387207 838.940002441 801.105407715 893.224304199
888.289367676 855.389770508 848.809875488 889.934387207
898.159240723 842.229919434 789.590576172 899.804260254
909.674133301 848.809875488 822.49017334 903.094238281
911.319091797 857.034729004 838.940002441 901.44921875
916.25402832 842.229919434 797.815490723 914.609069824
914.609069824 845.519897461 842.229919434 916.25402832
917.899047852 829.070068359 806.040344238 924.478942871
914.609069824 822.49017334 807.68536377 922.833984375
916.25402832 834.005004883 830.715087891 917.899047852
919.544006348 835.650024414 801.105407715 919.544006348
926.123962402 842.229919434 845.519897461 921.188964844
926.123962402 837.29498291 819.200195312 922.833984375
922.833984375 835.650024414 819.200195312 924.478942871
931.058898926 832.360046387 815.91027832 929.413879395
927.768920898 825.780151367 784.655639648 937.638793945
935.993835449 838.940002441 824.135131836 940.928771973
934.348815918 830.715087891 791.235534668 945.863708496
924.478942871 835.650024414 845.519897461 931.058898926
932.703857422 829.070068359 810.975280762 937.638793945
931.058898926 822.49017334 802.750427246 937.638793945
934.348815918 824.135131836 827.425109863 937.638793945
939.283752441 825.780151367 830.715087891 942.573730469
939.283752441 830.715087891 815.91027832 942.573730469
937.638793945 840.584960938 819.200195312 937.638793945
944.218688965 832.360046387 794.525512695 939.283752441
934.348815918 825.780151367 794.525512695 934.348815918
927.768920898 838.940002441 843.874938965 927.768920898
929.413879395 829.070068359 810.975280762 934.348815918
922.833984375 842.229919434 848.809875488 917.899047852
922.833984375 829.070068359 797.815490723 916.25402832
914.609069824 829.070068359 802.750427246 917.899047852
916.25402832 832.360046387 819.200195312 914.609069824
912.964111328 834.005004883 834.005004883 914.609069824
908.029174805 832.360046387 832.360046387 911.319091797
909.674133301 832.360046387 838.940002441 908.029174805
906.384155273 832.360046387 814.265258789 909.674133301
903.094238281 822.49017334 779.720703125 919.544006348
901.44921875 830.715087891 835.650024414 908.029174805
904.739196777 837.29498291 806.040344238 909.674133301
901.44921875 827.425109863 802.750427246 906.384155273
888.289367676 827.425109863 824.135131836 894.86932373
883.354431152 829.070068359 797.815490723 894.86932373
878.419494629 830.715087891 812.620300293 889.934387207
883.354431152 847.164855957 842.229919434 883.354431152
881.709472656 835.650024414 804.395385742 891.579345703
881.709472656 834.005004883 807.68536377 884.999450684
876.774536133 825.780151367 810.975280762 880.064453125
873.484558105 838.940002441 834.005004883 880.064453125
876.774536133 834.005004883 820.845214844 889.934387207
876.774536133 832.360046387 827.425109863 881.709472656
870.194580078 830.715087891 819.200195312 876.774536133
875.129516602 830.715087891 807.68536377 878.419494629
863.614685059 829.070068359 807.68536377 866.904663086
861.969726562 834.005004883 807.68536377 875.129516602
866.904663086 830.715087891 797.815490723 884.999450684
861.969726562 835.650024414 842.229919434 871.839599609
875.129516602 838.940002441 829.070068359 884.999450684
868.549621582 834.005004883 834.005004883 878.419494629
866.904663086 838.940002441 832.360046387 875.129516602
865.259643555 824.135131836 810.975280762 878.419494629
868.549621582 830.715087891 829.070068359 873.484558105
875.129516602 838.940002441 824.135131836 878.419494629
870.194580078 834.005004883 827.425109863 875.129516602
863.614685059 827.425109863 824.135131836 875.129516602
857.034729004 838.940002441 840.584960938 870.194580078
858.679748535 838.940002441 822.49017334 863.614685059
858.679748535 834.005004883 802.750427246 865.259643555
852.09979248 842.229919434 825.780151367 858.679748535
860.324707031 819.200195312 784.655639648 871.839599609
858.679748535 820.845214844 819.200195312 855.389770508
847.164855957 850.454833984 866.904663086 843.874938965
848.809875488 827.425109863 812.620300293 853.744812012
858.679748535 837.29498291 829.070068359 860.324707031
857.034729004 838.940002441 809.330322266 866.904663086
858.679748535 840.584960938 829.070068359 863.614685059
850.454833984 829.070068359 825.780151367 850.454833984
852.09979248 842.229919434 855.389770508 857.034729004
855.389770508 837.29498291 807.68536377 863.614685059
860.324707031 840.584960938 830.715087891 858.679748535
865.259643555 843.874938965 827.425109863 866.904663086
860.324707031 817.555236816 794.525512695 868.549621582
861.969726562 834.005004883 810.975280762 863.614685059
868.549621582 842.229919434 804.395385742 866.904663086
857.034729004 848.809875488 848.809875488 857.034729004
863.614685059 847.164855957 834.005004883 861.969726562
855.389770508 825.780151367 825.780151367 865.259643555
860.324707031 838.940002441 848.809875488 863.614685059
855.389770508 829.070068359 783.010620117 861.969726562
845.519897461 835.650024414 807.68536377 852.09979248
847.164855957 840.584960938 829.070068359 850.454833984
838.940002441 848.809875488 845.519897461 843.874938965
843.874938965 840.584960938 852.09979248 845.519897461
843.874938965 832.360046387 806.040344238 848.809875488
840.584960938 842.229919434 794.525512695 847.164855957
834.005004883 838.940002441 809.330322266 843.874938965
830.715087891 842.229919434 834.005004883 840.584960938
838.940002441 835.650024414 820.845214844 845.519897461
842.229919434 827.425109863 806.040344238 845.519897461
840.584960938 838.940002441 829.070068359 848.809875488
840.584960938 845.519897461 819.200195312 857.034729004
838.940002441 830.715087891 810.975280762 853.744812012
830.715087891 840.584960938 824.135131836 847.164855957
845.519897461 847.164855957 827.425109863 853.744812012
843.874938965 835.650024414 819.200195312 853.744812012
842.229919434 842.229919434 838.940002441 860.324707031
848.809875488 830.715087891 791.235534668 863.614685059
837.29498291 830.715087891 812.620300293 855.389770508
842.229919434 843.874938965 848.809875488 852.09979248
837.29498291 842.229919434 809.330322266 852.09979248
842.229919434 848.809875488 838.940002441 855.389770508
840.584960938 834.005004883 817.555236816 857.034729004
834.005004883 837.29498291 815.91027832 852.09979248
830.715087891 842.229919434 843.874938965 850.454833984
830.715087891 832.360046387 837.29498291 842.229919434
835.650024414 843.874938965 820.845214844 848.809875488
842.229919434 838.940002441 819.200195312 852.09979248
843.874938965 843.874938965 824.135131836 855.389770508
847.164855957 857.034729004 824.135131836 860.324707031
840.584960938 847.164855957 832.360046387 860.324707031
840.584960938 838.940002441 820.845214844 853.744812012
852.09979248 835.650024414 787.945556641 860.324707031
847.164855957 843.874938965 820.845214844 852.09979248
852.09979248 848.809875488 830.715087891 853.744812012
850.454833984 845.519897461 842.229919434 860.324707031
848.809875488 848.809875488 852.09979248 858.679748535
853.744812012 843.874938965 802.750427246 868.549621582
860.324707031 850.454833984 812.620300293 868.549621582
858.679748535 842.229919434 814.265258789 860.324707031
857.034729004 845.519897461 834.005004883 865.259643555
861.969726562 840.584960938 825.780151367 870.194580078
852.09979248 835.650024414 815.91027832 873.484558105
850.454833984 850.454833984 817.555236816 868.549621582
853.744812012 840.584960938 830.715087891 861.969726562
850.454833984 832.360046387 835.650024414 863.614685059
857.034729004 843.874938965 837.29498291 868.549621582
852.09979248 842.229919434 835.650024414 868.549621582
853.744812012 832.360046387 817.555236816 870.194580078
852.09979248 850.454833984 817.555236816 868.549621582
860.324707031 843.874938965 776.430725098 871.839599609
850.454833984 843.874938965 809.330322266 866.904663086
848.809875488 853.744812012 861.969726562 865.259643555
852.09979248 845.519897461 838.940002441 861.969726562
857.034729004 834.005004883 835.650024414 875.129516602
858.679748535 832.360046387 804.395385742 873.484558105
855.389770508 843.874938965 817.555236816 865.259643555
857.034729004 840.584960938 832.360046387 868.549621582
857.034729004 842.229919434 843.874938965 863.614685059
853.744812012 830.715087891 781.365661621 876.774536133
852.09979248 835.650024414 817.555236816 870.194580078
863.614685059 843.874938965 820.845214844 870.194580078
857.034729004 850.454833984 815.91027832 873.484558105
858.679748535 847.164855957 858.679748535 865.259643555
857.034729004 827.425109863 809.330322266 863.614685059
852.09979248 829.070068359 799.460449219 861.969726562
857.034729004 848.809875488 825.780151367 857.034729004
857.034729004 847.164855957 807.68536377 858.679748535
853.744812012 848.809875488 834.005004883 863.614685059
852.09979248 850.454833984 855.389770508 860.324707031
845.519897461 842.229919434 807.68536377 868.549621582
843.874938965 840.584960938 797.815490723 858.679748535
850.454833984 830.715087891 771.495788574 868.549621582
853.744812012 838.940002441 806.040344238 866.904663086
857.034729004 850.454833984 865.259643555 861.969726562
845.519897461 852.09979248 875.129516602 860.324707031
852.09979248 842.229919434 827.425109863 868.549621582
865.259643555 837.29498291 829.070068359 868.549621582
858.679748535 832.360046387 807.68536377 866.904663086
865.259643555 850.454833984 810.975280762 866.904663086
858.679748535 847.164855957 812.620300293 866.904663086
853.744812012 848.809875488 817.555236816 870.194580078
863.614685059 847.164855957 797.815490723 878.419494629
865.259643555 842.229919434 796.170471191 875.129516602
850.454833984 855.389770508 842.229919434 860.324707031
858.679748535 853.744812012 838.940002441 868.549621582
863.614685059 845.519897461 824.135131836 871.839599609
855.389770508 847.164855957 875.129516602 855.389770508
861.969726562 837.29498291 801.105407715 863.614685059
845.519897461 838.940002441 812.620300293 861.969726562
850.454833984 855.389770508 852.09979248 855.389770508
853.744812012 850.454833984 837.29498291 861.969726562
843.874938965 840.584960938 804.395385742 853.744812012
853.744812012 855.389770508 832.360046387 855.389770508
853.744812012 853.744812012 830.715087891 857.034729004
832.360046387 853.744812012 829.070068359 845.519897461
830.715087891 845.519897461 812.620300293 837.29498291
814.265258789 858.679748535 819.200195312 822.49017334
807.68536377 858.679748535 794.525512695 822.49017334
769.850830078 876.774536133 817.555236816 791.235534668
763.270874023 903.094238281 871.839599609 761.625915527
735.306213379 891.579345703 827.425109863 745.176086426
723.791320801 894.86932373 832.360046387 727.081298828
718.856384277 894.86932373 819.200195312 723.791320801
657.992126465 894.86932373 824.135131836 704.051574707
659.637145996 921.188964844 853.744812012 669.507019043
661.282104492 931.058898926 861.969726562 661.282104492
623.447570801 921.188964844 838.940002441 644.832275391
634.962402344 914.609069824 825.780151367 625.092529297
595.482910156 911.319091797 832.360046387 616.867614746
595.482910156 909.674133301 834.005004883 608.642700195
592.192932129 924.478942871 875.129516602 593.837890625
592.192932129 911.319091797 845.519897461 593.837890625
606.997741699 880.064453125 809.330322266 606.997741699
615.22265625 888.289367676 845.519897461 628.382507324
657.992126465 896.514282227 845.519897461 649.767211914
677.731872559 891.579345703 838.940002441 676.086914062
699.116638184 903.094238281 884.999450684 705.696594238
722.146362305 891.579345703 870.194580078 713.921447754
728.726318359 865.259643555 842.229919434 740.241149902
763.270874023 871.839599609 875.129516602 766.560852051
764.91583252 852.09979248 812.620300293 779.720703125
794.525512695 861.969726562 852.09979248 801.105407715
820.845214844 858.679748535 838.940002441 819.200195312
822.49017334 870.194580078 871.839599609 827.425109863
873.484558105 855.389770508 840.584960938 847.164855957
868.549621582 850.454833984 830.715087891 868.549621582
871.839599609 847.164855957 815.91027832 875.129516602
883.354431152 845.519897461 802.750427246 883.354431152
891.579345703 853.744812012 845.519897461 899.804260254
921.188964844 842.229919434 819.200195312 914.609069824
906.384155273 852.09979248 858.679748535 904.739196777
924.478942871 852.09979248 824.135131836 914.609069824
912.964111328 842.229919434 822.49017334 919.544006348
914.609069824 829.070068359 820.845214844 921.188964844
924.478942871 838.940002441 852.09979248 927.768920898
919.544006348 827.425109863 842.229919434 922.833984375
924.478942871 830.715087891 817.555236816 932.703857422
922.833984375 840.584960938 855.389770508 921.188964844
924.478942871 827.425109863 815.91027832 926.123962402
916.25402832 835.650024414 832.360046387 927.768920898
929.413879395 842.229919434 840.584960938 926.123962402
940.928771973 834.005004883 794.525512695 939.283752441
929.413879395 837.29498291 822.49017334 929.413879395
917.899047852 827.425109863 789.590576172 926.123962402
908.029174805 817.555236816 791.235534668 931.058898926
917.899047852 815.91027832 792.880554199 932.703857422
922.833984375 825.780151367 835.650024414 935.993835449
932.703857422 832.360046387 852.09979248 940.928771973
934.348815918 837.29498291 858.679748535 937.638793945
926.123962402 824.135131836 834.005004883 942.573730469
935.993835449 806.040344238 773.14074707 945.863708496
942.573730469 835.650024414 838.940002441 937.638793945
926.123962402 829.070068359 814.265258789 937.638793945
940.928771973 850.454833984 860.324707031 934.348815918
944.218688965 838.940002441 835.650024414 934.348815918
931.058898926 829.070068359 814.265258789 942.573730469
939.283752441 845.519897461 860.324707031 934.348815918
927.768920898 835.650024414 807.68536377 927.768920898
909.674133301 822.49017334 806.040344238 921.188964844
917.899047852 825.780151367 812.620300293 921.188964844
911.319091797 825.780151367 814.265258789 916.25402832
911.319091797 843.874938965 866.904663086 912.964111328
898.159240723 840.584960938 825.780151367 904.739196777
884.999450684 835.650024414 835.650024414 888.289367676
888.289367676 838.940002441 814.265258789 884.999450684
891.579345703 850.454833984 822.49017334 889.934387207
878.419494629 853.744812012 834.005004883 880.064453125
855.389770508 857.034729004 832.360046387 857.034729004
825.780151367 847.164855957 815.91027832 835.650024414
799.460449219 857.034729004 810.975280762 806.040344238
766.560852051 853.744812012 837.29498291 768.205810547
776.430725098 888.289367676 835.650024414 779.720703125
753.401000977 886.64440918 835.650024414 756.690979004
727.081298828 873.484558105 842.229919434 732.016235352
712.276489258 881.709472656 843.874938965 710.631530762
674.441955566 870.194580078 850.454833984 676.086914062
644.832275391 857.034729004 876.774536133 649.767211914
651.412231445 878.419494629 861.969726562 649.767211914
644.832275391 868.549621582 860.324707031 653.057189941
615.22265625 865.259643555 932.703857422 628.382507324
631.672424316 888.289367676 901.44921875 633.317443848
621.80255127 865.259643555 917.899047852 626.737487793
610.287719727 858.679748535 935.993835449 626.737487793
638.252380371 848.809875488 908.029174805 648.122253418
651.412231445 848.809875488 965.60345459 651.412231445
669.507019043 834.005004883 937.638793945 682.666870117
705.696594238 850.454833984 959.02355957 704.051574707
715.566467285 837.29498291 954.088623047 722.146362305
722.146362305 827.425109863 952.443603516 740.241149902
748.466064453 842.229919434 959.02355957 758.3359375
771.495788574 825.780151367 934.348815918 784.655639648
786.300598145 827.425109863 937.638793945 799.460449219
791.235534668 819.200195312 909.674133301 820.845214844
810.975280762 810.975280762 880.064453125 832.360046387
814.265258789 822.49017334 927.768920898 832.360046387
827.425109863 822.49017334 927.768920898 843.874938965
843.874938965 829.070068359 942.573730469 850.454833984
852.09979248 810.975280762 912.964111328 868.549621582
868.549621582 815.91027832 889.934387207 886.64440918
876.774536133 819.200195312 889.934387207 903.094238281
881.709472656 825.780151367 898.159240723 903.094238281
884.999450684 825.780151367 871.839599609 904.739196777
894.86932373 820.845214844 853.744812012 917.899047852
914.609069824 829.070068359 865.259643555 924.478942871
911.319091797 829.070068359 863.614685059 929.413879395
917.899047852 829.070068359 858.679748535 929.413879395
921.188964844 827.425109863 855.389770508 931.058898926
919.544006348 810.975280762 801.105407715 935.993835449
919.544006348 819.200195312 814.265258789 931.058898926
922.833984375 832.360046387 850.454833984 935.993835449
927.768920898 829.070068359 827.425109863 939.283752441
922.833984375 834.005004883 863.614685059 937.638793945
932.703857422 832.360046387 820.845214844 947.508666992
929.413879395 830.715087891 812.620300293 949.153686523
937.638793945 830.715087891 829.070068359 940.928771973
927.768920898 832.360046387 802.750427246 940.928771973
935.993835449 832.360046387 817.555236816 949.153686523
931.058898926 829.070068359 809.330322266 947.508666992
931.058898926 838.940002441 822.49017334 952.443603516
927.768920898 827.425109863 819.200195312 947.508666992
934.348815918 830.715087891 792.880554199 949.153686523
944.218688965 832.360046387 794.525512695 955.733581543
939.283752441 825.780151367 756.690979004 959.02355957
932.703857422 837.29498291 819.200195312 947.508666992
929.413879395 834.005004883 834.005004883 935.993835449
932.703857422 824.135131836 784.655639648 939.283752441
942.573730469 840.584960938 829.070068359 939.283752441
937.638793945 843.874938965 822.49017334 942.573730469
926.123962402 837.29498291 809.330322266 934.348815918
916.25402832 832.360046387 843.874938965 926.123962402
919.544006348 827.425109863 810.975280762 924.478942871
912.964111328 830.715087891 781.365661621 922.833984375
909.674133301 832.360046387 789.590576172 922.833984375
911.319091797 834.005004883 771.495788574 919.544006348
906.384155273 838.940002441 784.655639648 914.609069824
912.964111328 840.584960938 832.360046387 916.25402832
912.964111328 830.715087891 834.005004883 916.25402832
906.384155273 835.650024414 847.164855957 914.609069824
911.319091797 829.070068359 801.105407715 914.609069824
903.094238281 845.519897461 802.750427246 911.319091797
912.964111328 845.519897461 786.300598145 919.544006348
914.609069824 838.940002441 809.330322266 919.544006348
911.319091797 842.229919434 810.975280762 916.25402832
904.739196777 827.425109863 784.655639648 917.899047852
908.029174805 852.09979248 843.874938965 911.319091797
911.319091797 840.584960938 794.525512695 912.964111328
909.674133301 842.229919434 838.940002441 908.029174805
904.739196777 829.070068359 799.460449219 903.094238281
889.934387207 835.650024414 807.68536377 901.44921875
901.44921875 840.584960938 807.68536377 908.029174805
899.804260254 843.874938965 802.750427246 906.384155273
883.354431152 858.679748535 838.940002441 896.514282227
888.289367676 835.650024414 794.525512695 894.86932373
881.709472656 830.715087891 820.845214844 889.934387207
888.289367676 835.650024414 789.590576172 894.86932373
888.289367676 835.650024414 774.785766602 898.159240723
884.999450684 838.940002441 832.360046387 886.64440918
880.064453125 845.519897461 820.845214844 886.64440918
884.999450684 840.584960938 830.715087891 891.579345703
884.999450684 842.229919434 838.940002441 886.64440918
893.224304199 842.229919434 789.590576172 894.86932373
873.484558105 840.584960938 829.070068359 888.289367676
873.484558105 843.874938965 824.135131836 878.419494629
878.419494629 838.940002441 815.91027832 886.64440918
876.774536133 838.940002441 812.620300293 888.289367676
886.64440918 848.809875488 822.49017334 889.934387207
875.129516602 852.09979248 837.29498291 883.354431152
875.129516602 847.164855957 824.135131836 883.354431152
871.839599609 850.454833984 853.744812012 880.064453125
875.129516602 838.940002441 812.620300293 878.419494629
878.419494629 842.229919434 812.620300293 881.709472656
858.679748535 832.360046387 819.200195312 875.129516602
861.969726562 838.940002441 812.620300293 870.194580078
875.129516602 845.519897461 807.68536377 876.774536133
876.774536133 845.519897461 812.620300293 880.064453125
858.679748535 853.744812012 822.49017334 871.839599609
866.904663086 840.584960938 817.555236816 876.774536133
858.679748535 852.09979248 848.809875488 871.839599609
863.614685059 843.874938965 815.91027832 880.064453125
868.549621582 845.519897461 834.005004883 880.064453125
880.064453125 832.360046387 812.620300293 878.419494629
863.614685059 843.874938965 848.809875488 871.839599609
861.969726562 845.519897461 814.265258789 863.614685059
857.034729004 834.005004883 804.395385742 870.194580078
863.614685059 845.519897461 842.229919434 861.969726562
857.034729004 834.005004883 810.975280762 870.194580078
861.969726562 853.744812012 848.809875488 866.904663086
860.324707031 840.584960938 817.555236816 871.839599609
847.164855957 825.780151367 783.010620117 868.549621582
857.034729004 832.360046387 802.750427246 861.969726562
860.324707031 847.164855957 822.49017334 871.839599609
870.194580078 853.744812012 840.584960938 870.194580078
870.194580078 847.164855957 819.200195312 873.484558105
863.614685059 858.679748535 857.034729004 865.259643555
861.969726562 843.874938965 832.360046387 858.679748535
838.940002441 838.940002441 806.040344238 858.679748535
847.164855957 845.519897461 814.265258789 861.969726562
863.614685059 838.940002441 797.815490723 861.969726562
850.454833984 847.164855957 815.91027832 860.324707031
875.129516602 857.034729004 835.650024414 861.969726562
860.324707031 847.164855957 809.330322266 871.839599609
861.969726562 843.874938965 801.105407715 873.484558105
861.969726562 852.09979248 829.070068359 870.194580078
850.454833984 853.744812012 843.874938965 865.259643555
857.034729004 847.164855957 817.555236816 865.259643555
853.744812012 843.874938965 824.135131836 861.969726562
855.389770508 838.940002441 794.525512695 865.259643555
848.809875488 843.874938965 820.845214844 861.969726562
855.389770508 853.744812012 829.070068359 857.034729004
853.744812012 852.09979248 806.040344238 865.259643555
858.679748535 852.09979248 840.584960938 857.034729004
853.744812012 842.229919434 807.68536377 860.324707031
850.454833984 842.229919434 814.265258789 857.034729004
870.194580078 843.874938965 787.945556641 870.194580078
848.809875488 845.519897461 834.005004883 853.744812012
842.229919434 845.519897461 827.425109863 852.09979248
848.809875488 840.584960938 824.135131836 853.744812012
840.584960938 850.454833984 847.164855957 847.164855957
850.454833984 845.519897461 799.460449219 860.324707031
845.519897461 838.940002441 824.135131836 852.09979248
842.229919434 843.874938965 815.91027832 848.809875488
852.09979248 838.940002441 806.040344238 855.389770508
842.229919434 843.874938965 817.555236816 842.229919434
842.229919434 852.09979248 806.040344238 848.809875488
847.164855957 857.034729004 837.29498291 848.809875488
847.164855957 853.744812012 832.360046387 847.164855957
857.034729004 843.874938965 815.91027832 853.744812012
837.29498291 845.519897461 825.780151367 840.584960938
829.070068359 848.809875488 835.650024414 840.584960938
825.780151367 850.454833984 812.620300293 835.650024414
817.555236816 853.744812012 801.105407715 830.715087891
812.620300293 858.679748535 819.200195312 820.845214844
810.975280762 863.614685059 825.780151367 806.040344238
807.68536377 868.549621582 822.49017334 809.330322266
787.945556641 868.549621582 868.549621582 791.235534668
750.111022949 845.519897461 801.105407715 773.14074707
748.466064453 843.874938965 809.330322266 763.270874023
741.886108398 858.679748535 837.29498291 750.111022949
732.016235352 868.549621582 834.005004883 748.466064453
728.726318359 876.774536133 832.360046387 741.886108398
704.051574707 871.839599609 847.164855957 722.146362305
705.696594238 873.484558105 870.194580078 722.146362305
700.76159668 878.419494629 847.164855957 717.211425781
687.601806641 883.354431152 884.999450684 707.341552734
700.76159668 878.419494629 843.874938965 717.211425781
702.406616211 886.64440918 861.969726562 718.856384277
700.76159668 871.839599609 871.839599609 712.276489258
717.211425781 865.259643555 878.419494629 732.016235352
713.921447754 853.744812012 860.324707031 735.306213379
728.726318359 850.454833984 845.519897461 745.176086426
761.625915527 845.519897461 815.91027832 774.785766602
769.850830078 847.164855957 842.229919434 786.300598145
784.655639648 853.744812012 883.354431152 801.105407715
791.235534668 843.874938965 893.224304199 825.780151367
838.940002441 825.780151367 855.389770508 858.679748535
855.389770508 830.715087891 896.514282227 870.194580078
876.774536133 822.49017334 894.86932373 896.514282227
922.833984375 824.135131836 888.289367676 927.768920898
912.964111328 817.555236816 847.164855957 940.928771973
942.573730469 801.105407715 834.005004883 970.538391113
980.40826416 799.460449219 832.360046387 995.213134766
972.183410645 801.105407715 817.555236816 996.858093262
993.568115234 801.105407715 838.940002441 1013.30786133
1011.66290283 802.750427246 824.135131836 1018.24285889
1013.30786133 812.620300293 855.389770508 1018.24285889
1028.1126709 822.49017334 893.224304199 1033.04760742
1018.24285889 829.070068359 865.259643555 1023.17779541
1018.24285889 801.105407715 827.425109863 1028.1126709
1028.1126709 809.330322266 830.715087891 1029.75769043
1024.82275391 804.395385742 812.620300293 1034.69262695
1011.66290283 807.68536377 830.715087891 1026.46777344
1013.30786133 815.91027832 835.650024414 1024.82275391
1008.3729248 810.975280762 830.715087891 1016.59783936
1003.43798828 820.845214844 857.034729004 1006.72796631
995.213134766 807.68536377 819.200195312 1011.66290283
982.053283691 817.555236816 842.229919434 1000.14807129
982.053283691 832.360046387 873.484558105 990.278137207
980.40826416 820.845214844 815.91027832 990.278137207
972.183410645 822.49017334 827.425109863 986.988220215
955.733581543 817.555236816 835.650024414 963.958496094
955.733581543 827.425109863 845.519897461 968.893432617
960.668518066 827.425109863 840.584960938 965.60345459
960.668518066 832.360046387 832.360046387 962.313476562
960.668518066 837.29498291 837.29498291 972.183410645
947.508666992 837.29498291 840.584960938 954.088623047
942.573730469 829.070068359 824.135131836 944.218688965
942.573730469 835.650024414 838.940002441 955.733581543
926.123962402 810.975280762 789.590576172 947.508666992
922.833984375 834.005004883 840.584960938 932.703857422
919.544006348 830.715087891 824.135131836 931.058898926
912.964111328 830.715087891 822.49017334 917.899047852
916.25402832 842.229919434 837.29498291 917.899047852
914.609069824 835.650024414 810.975280762 924.478942871
909.674133301 843.874938965 843.874938965 917.899047852
908.029174805 835.650024414 825.780151367 912.964111328
903.094238281 835.650024414 837.29498291 906.384155273
893.224304199 835.650024414 814.265258789 903.094238281
898.159240723 842.229919434 830.715087891 901.44921875
898.159240723 842.229919434 834.005004883 901.44921875
899.804260254 837.29498291 817.555236816 909.674133301
889.934387207 830.715087891 852.09979248 903.094238281
903.094238281 825.780151367 832.360046387 921.188964844
909.674133301 827.425109863 829.070068359 934.348815918
922.833984375 838.940002441 871.839599609 932.703857422
916.25402832 832.360046387 875.129516602 922.833984375
911.319091797 820.845214844 835.650024414 919.544006348
909.674133301 824.135131836 837.29498291 919.544006348
909.674133301 825.780151367 820.845214844 921.188964844
904.739196777 835.650024414 829.070068359 924.478942871
893.224304199 837.29498291 860.324707031 901.44921875
901.44921875 832.360046387 845.519897461 904.739196777
899.804260254 834.005004883 819.200195312 906.384155273
906.384155273 845.519897461 845.519897461 908.029174805
899.804260254 832.360046387 840.584960938 911.319091797
896.514282227 834.005004883 845.519897461 911.319091797
888.289367676 832.360046387 829.070068359 903.094238281
883.354431152 832.360046387 824.135131836 901.44921875
884.999450684 837.29498291 843.874938965 894.86932373
889.934387207 834.005004883 827.425109863 896.514282227
896.514282227 837.29498291 822.49017334 894.86932373
886.64440918 834.005004883 806.040344238 891.579345703
878.419494629 847.164855957 848.809875488 886.64440918
873.484558105 834.005004883 830.715087891 883.354431152
875.129516602 838.940002441 847.164855957 889.934387207
881.709472656 842.229919434 855.389770508 884.999450684
871.839599609 832.360046387 815.91027832 883.354431152
880.064453125 835.650024414 837.29498291 886.64440918
875.129516602 835.650024414 852.09979248 880.064453125
873.484558105 838.940002441 840.584960938 876.774536133
866.904663086 832.360046387 825.780151367 873.484558105
863.614685059 843.874938965 832.360046387 875.129516602
865.259643555 838.940002441 834.005004883 860.324707031
863.614685059 835.650024414 837.29498291 870.194580078
861.969726562 843.874938965 858.679748535 866.904663086
855.389770508 827.425109863 809.330322266 866.904663086
857.034729004 827.425109863 810.975280762 871.839599609
852.09979248 845.519897461 857.034729004 860.324707031
858.679748535 837.29498291 834.005004883 863.614685059
850.454833984 848.809875488 866.904663086 863.614685059
853.744812012 840.584960938 842.229919434 865.259643555
850.454833984 840.584960938 842.229919434 860.324707031
858.679748535 845.519897461 855.389770508 865.259643555
858.679748535 834.005004883 820.845214844 870.194580078
860.324707031 850.454833984 858.679748535 866.904663086
858.679748535 834.005004883 817.555236816 866.904663086
853.744812012 847.164855957 848.809875488 865.259643555
860.324707031 850.454833984 855.389770508 865.259643555
857.034729004 835.650024414 824.135131836 870.194580078
865.259643555 845.519897461 845.519897461 868.549621582
861.969726562 837.29498291 817.555236816 866.904663086
858.679748535 838.940002441 843.874938965 866.904663086
853.744812012 847.164855957 855.389770508 865.259643555
855.389770508 842.229919434 837.29498291 863.614685059
855.389770508 852.09979248 878.419494629 863.614685059
865.259643555 843.874938965 835.650024414 866.904663086
863.614685059 850.454833984 855.389770508 865.259643555
850.454833984 847.164855957 855.389770508 863.614685059
860.324707031 845.519897461 853.744812012 858.679748535
853.744812012 838.940002441 850.454833984 860.324707031
853.744812012 843.874938965 860.324707031 857.034729004
853.744812012 843.874938965 855.389770508 858.679748535
843.874938965 850.454833984 861.969726562 857.034729004
840.584960938 852.09979248 873.484558105 850.454833984
853.744812012 852.09979248 883.354431152 852.09979248
848.809875488 834.005004883 832.360046387 860.324707031
840.584960938 845.519897461 860.324707031 850.454833984
855.389770508 838.940002441 866.904663086 858.679748535
857.034729004 832.360046387 857.034729004 865.259643555
799.460449219 838.940002441 850.454833984 817.555236816
771.495788574 848.809875488 850.454833984 774.785766602
748.466064453 855.389770508 834.005004883 753.401000977
687.601806641 858.679748535 863.614685059 695.826660156
674.441955566 863.614685059 853.744812012 685.956787109
636.607421875 863.614685059 835.650024414 651.412231445
600.41784668 871.839599609 837.29498291 613.577697754
588.902954102 888.289367676 847.164855957 593.837890625
574.098144531 884.999450684 845.519897461 582.323059082
541.198547363 893.224304199 852.09979248 556.003356934
529.683654785 899.804260254 857.034729004 532.973632812
537.908569336 904.739196777 853.744812012 532.973632812
524.748718262 894.86932373 829.070068359 529.683654785
531.328674316 888.289367676 852.09979248 528.038696289
542.843505859 880.064453125 812.620300293 542.843505859
547.778442383 881.709472656 840.584960938 551.06842041
554.358398438 903.094238281 875.129516602 552.713378906
583.968017578 903.094238281 865.259643555 582.323059082
602.062805176 889.934387207 868.549621582 603.707763672
615.22265625 875.129516602 840.584960938 623.447570801
625.092529297 868.549621582 843.874938965 636.607421875
644.832275391 855.389770508 794.525512695 654.702148438
646.477294922 868.549621582 861.969726562 656.347167969
677.731872559 868.549621582 858.679748535 674.441955566
692.536743164 860.324707031 815.91027832 697.471679688
695.826660156 870.194580078 873.484558105 702.406616211
730.371276855 860.324707031 848.809875488 732.016235352
750.111022949 850.454833984 860.324707031 753.401000977
755.045959473 855.389770508 852.09979248 763.270874023
771.495788574 843.874938965 802.750427246 792.880554199
784.655639648 843.874938965 817.555236816 801.105407715
796.170471191 842.229919434 852.09979248 810.975280762
817.555236816 852.09979248 837.29498291 822.49017334
829.070068359 861.969726562 861.969726562 822.49017334
829.070068359 850.454833984 815.91027832 834.005004883
832.360046387 853.744812012 802.750427246 842.229919434
835.650024414 857.034729004 829.070068359 843.874938965
840.584960938 848.809875488 809.330322266 848.809875488
845.519897461 858.679748535 853.744812012 852.09979248
857.034729004 857.034729004 863.614685059 863.614685059
865.259643555 835.650024414 797.815490723 878.419494629
863.614685059 853.744812012 812.620300293 873.484558105
860.324707031 847.164855957 799.460449219 875.129516602
858.679748535 843.874938965 825.780151367 873.484558105
866.904663086 847.164855957 830.715087891 871.839599609
871.839599609 838.940002441 789.590576172 886.64440918
871.839599609 845.519897461 799.460449219 884.999450684
880.064453125 843.874938965 787.945556641 891.579345703
888.289367676 847.164855957 807.68536377 894.86932373
891.579345703 850.454833984 819.200195312 886.64440918
889.934387207 838.940002441 792.880554199 891.579345703
880.064453125 853.744812012 829.070068359 886.64440918
878.419494629 848.809875488 792.880554199 894.86932373
893.224304199 843.874938965 797.815490723 903.094238281
891.579345703 857.034729004 827.425109863 903.094238281
899.804260254 847.164855957 812.620300293 894.86932373
899.804260254 837.29498291 779.720703125 891.579345703
898.159240723 840.584960938 771.495788574 893.224304199
894.86932373 845.519897461 799.460449219 896.514282227
893.224304199 838.940002441 786.300598145 896.514282227
896.514282227 843.874938965 802.750427246 901.44921875
886.64440918 848.809875488 802.750427246 894.86932373
894.86932373 832.360046387 748.466064453 901.44921875
888.289367676 853.744812012 812.620300293 896.514282227
881.709472656 855.389770508 840.584960938 888.289367676
898.159240723 847.164855957 797.815490723 891.579345703
899.804260254 837.29498291 792.880554199 894.86932373
898.159240723 838.940002441 781.365661621 901.44921875
899.804260254 837.29498291 763.270874023 903.094238281
893.224304199 852.09979248 812.620300293 898.159240723
893.224304199 848.809875488 810.975280762 894.86932373
889.934387207 837.29498291 783.010620117 891.579345703
894.86932373 840.584960938 804.395385742 894.86932373
889.934387207 835.650024414 806.040344238 889.934387207
884.999450684 845.519897461 807.68536377 889.934387207
880.064453125 835.650024414 794.525512695 878.419494629
891.579345703 845.519897461 807.68536377 880.064453125
878.419494629 850.454833984 807.68536377 880.064453125
883.354431152 847.164855957 796.170471191 881.709472656
878.419494629 848.809875488 802.750427246 884.999450684
876.774536133 832.360046387 776.430725098 884.999450684
875.129516602 838.940002441 809.330322266 886.64440918
870.194580078 855.389770508 842.229919434 880.064453125
881.709472656 852.09979248 834.005004883 881.709472656
875.129516602 847.164855957 792.880554199 878.419494629
880.064453125 834.005004883 773.14074707 880.064453125
878.419494629 847.164855957 809.330322266 886.64440918
871.839599609 835.650024414 792.880554199 878.419494629
888.289367676 845.519897461 838.940002441 878.419494629
881.709472656 835.650024414 802.750427246 883.354431152
873.484558105 838.940002441 786.300598145 880.064453125
870.194580078 845.519897461 796.170471191 876.774536133
866.904663086 845.519897461 794.525512695 870.194580078
875.129516602 850.454833984 817.555236816 878.419494629
875.129516602 845.519897461 819.200195312 878.419494629
876.774536133 837.29498291 789.590576172 884.999450684
868.549621582 850.454833984 809.330322266 866.904663086
860.324707031 838.940002441 801.105407715 866.904663086
865.259643555 847.164855957 809.330322266 873.484558105
865.259643555 863.614685059 855.389770508 871.839599609
871.839599609 843.874938965 820.845214844 878.419494629
866.904663086 855.389770508 843.874938965 873.484558105
868.549621582 838.940002441 792.880554199 880.064453125
865.259643555 838.940002441 789.590576172 883.354431152
865.259643555 840.584960938 791.235534668 876.774536133
870.194580078 829.070068359 751.75604248 888.289367676
858.679748535 847.164855957 814.265258789 878.419494629
857.034729004 850.454833984 848.809875488 868.549621582
863.614685059 843.874938965 817.555236816 876.774536133
863.614685059 845.519897461 837.29498291 870.194580078
861.969726562 855.389770508 830.715087891 873.484558105
866.904663086 840.584960938 797.815490723 876.774536133
855.389770508 848.809875488 820.845214844 871.839599609
866.904663086 838.940002441 789.590576172 873.484558105
865.259643555 845.519897461 783.010620117 873.484558105
857.034729004 857.034729004 815.91027832 870.194580078
860.324707031 847.164855957 807.68536377 866.904663086
858.679748535 838.940002441 855.389770508 861.969726562
868.549621582 837.29498291 809.330322266 865.259643555
858.679748535 835.650024414 812.620300293 870.194580078
852.09979248 838.940002441 834.005004883 865.259643555
861.969726562 850.454833984 832.360046387 873.484558105
857.034729004 837.29498291 807.68536377 865.259643555
855.389770508 832.360046387 799.460449219 863.614685059
860.324707031 842.229919434 784.655639648 870.194580078
855.389770508 835.650024414 778.075683594 868.549621582
850.454833984 847.164855957 827.425109863 865.259643555
858.679748535 848.809875488 832.360046387 866.904663086
852.09979248 834.005004883 783.010620117 863.614685059
855.389770508 842.229919434 807.68536377 863.614685059
868.549621582 852.09979248 822.49017334 866.904663086
860.324707031 850.454833984 824.135131836 861.969726562
860.324707031 850.454833984 834.005004883 860.324707031
855.389770508 827.425109863 799.460449219 868.549621582
848.809875488 837.29498291 796.170471191 868.549621582
847.164855957 848.809875488 834.005004883 858.679748535
855.389770508 847.164855957 829.070068359 868.549621582
852.09979248 845.519897461 802.750427246 866.904663086
855.389770508 842.229919434 802.750427246 870.194580078
847.164855957 842.229919434 812.620300293 861.969726562
843.874938965 843.874938965 802.750427246 853.744812012
842.229919434 838.940002441 804.395385742 850.454833984
837.29498291 834.005004883 783.010620117 858.679748535
850.454833984 834.005004883 771.495788574 863.614685059
840.584960938 850.454833984 840.584960938 852.09979248
837.29498291 852.09979248 832.360046387 842.229919434
852.09979248 840.584960938 804.395385742 848.809875488
865.259643555 840.584960938 809.330322266 868.549621582
855.389770508 834.005004883 794.525512695 873.484558105
838.940002441 830.715087891 801.105407715 853.744812012
832.360046387 840.584960938 840.584960938 853.744812012
810.975280762 830.715087891 824.135131836 840.584960938
824.135131836 822.49017334 814.265258789 847.164855957
819.200195312 820.845214844 819.200195312 853.744812012
