eeg 824.135131836 842.229919434 815.91027832 835.650024414
eeg 832.360046387 855.389770508 807.68536377 838.940002441
eeg 838.940002441 850.454833984 820.845214844 845.519897461
eeg 850.454833984 834.005004883 824.135131836 861.969726562
eeg 852.09979248 830.715087891 817.555236816 858.679748535
eeg 858.679748535 838.940002441 810.975280762 853.744812012
eeg 843.874938965 835.650024414 799.460449219 847.164855957
eeg 834.005004883 843.874938965 822.49017334 855.389770508
eeg 832.360046387 860.324707031 822.49017334 853.744812012
eeg 834.005004883 843.874938965 819.200195312 842.229919434
eeg 855.389770508 840.584960938 825.780151367 855.389770508
eeg 865.259643555 838.940002441 824.135131836 863.614685059
eeg 850.454833984 832.360046387 814.265258789 855.389770508
eeg 834.005004883 834.005004883 819.200195312 857.034729004
eeg 835.650024414 843.874938965 810.975280762 850.454833984
eeg 837.29498291 847.164855957 815.91027832 848.809875488
eeg 834.005004883 845.519897461 824.135131836 842.229919434
eeg 829.070068359 852.09979248 812.620300293 847.164855957
eeg 840.584960938 847.164855957 815.91027832 853.744812012
eeg 830.715087891 835.650024414 819.200195312 838.940002441
eeg 845.519897461 834.005004883 820.845214844 857.034729004
a 0.230320930481 0.0997097045183 0.0731826648116 0.302985608578
b 0.15866959095 0.399796009064 0.296806067228 0.088716186583
d 0.277536094189 0.140503719449 0.364937961102 0.305043309927
g 0.123519852757 0.285132229328 0.156069308519 0.0590901337564
t 0.209953546524 0.0748583227396 0.10900400579 0.244164779782
h 1.0 1.0 1.0 1.0
c 0.125409886241
Aa 0.822464227676 0.225114643574 0.0442978143692 1.21981430054
Ab 0.660624504089 0.828215658665 0.652362346649 0.686395168304
Ad 0.903450250626 0.374065041542 0.742108643055 1.2227537632
Ag 0.551867544651 0.681423544884 0.373207092285 0.509907245636
At 0.782254040241 0.100617304444 0.217332035303 1.12607526779
as 0.741176486015 0.680555582047 0.171428576112 1.0
bs 0.65625 0.15000000596 0.961538434029 0.722222208977
ds 0.48760330677 0.168831169605 0.28125 0.743902444839
gs 0.581395328045 0.0256410259753 0.185185179114 0.558823525906
ts 0.722222208977 0.349206358194 0.297029703856 1.0
eeg 848.809875488 837.29498291 814.265258789 852.09979248
eeg 832.360046387 838.940002441 812.620300293 845.519897461
eeg 834.005004883 838.940002441 812.620300293 848.809875488
eeg 830.715087891 842.229919434 817.555236816 845.519897461
eeg 832.360046387 852.09979248 822.49017334 847.164855957
eeg 830.715087891 843.874938965 812.620300293 848.809875488
eeg 824.135131836 848.809875488 819.200195312 865.259643555
eeg 817.555236816 842.229919434 815.91027832 853.744812012
eeg 824.135131836 830.715087891 815.91027832 850.454833984
eeg 822.49017334 814.265258789 825.780151367 852.09979248
eeg 832.360046387 842.229919434 825.780151367 853.744812012
eeg 815.91027832 860.324707031 815.91027832 840.584960938
eeg 810.975280762 850.454833984 817.555236816 842.229919434
eeg 817.555236816 853.744812012 804.395385742 847.164855957
eeg 825.780151367 840.584960938 809.330322266 845.519897461
eeg 834.005004883 819.200195312 820.845214844 850.454833984
eeg 835.650024414 827.425109863 820.845214844 857.034729004
eeg 832.360046387 865.259643555 822.49017334 852.09979248
eeg 819.200195312 863.614685059 814.265258789 843.874938965
eeg 809.330322266 853.744812012 809.330322266 847.164855957
eeg 827.425109863 850.454833984 815.91027832 848.809875488
eeg 834.005004883 830.715087891 820.845214844 852.09979248
a 0.246049404144 0.102536872029 0.0719403773546 0.283478707075
b 0.148165881634 0.389746397734 0.286515712738 0.0885725691915
d 0.263769030571 0.141970679164 0.366532891989 0.310980588198
g 0.110951043665 0.288543075323 0.153857752681 0.0560636594892
t 0.231064617634 0.07720297575 0.121153242886 0.260904490948
h 1.0 1.0 1.0 1.0
c 0.125409886241
Aa 0.901057481766 0.249760106206 0.0572965703905 1.22424674034
Ab 0.680783390999 0.829662144184 0.65747231245 0.719025552273
Ad 0.93125897646 0.391078710556 0.764436841011 1.26445960999
Ag 0.55516654253 0.699090719223 0.387443244457 0.520407736301
At 0.873768627644 0.12651412189 0.283658891916 1.18820786476
as 0.835294127464 0.722222208977 0.188405796885 1.0
bs 0.741935491562 0.15000000596 0.961538434029 0.833333313465
ds 0.516666650772 0.177631571889 0.302083343267 0.792682945728
gs 0.581395328045 0.0769230797887 0.25925925374 0.588235318661
ts 0.813084125519 0.365079373121 0.356435656548 1.0
eeg 834.005004883 832.360046387 814.265258789 852.09979248
eeg 819.200195312 829.070068359 820.845214844 840.584960938
eeg 815.91027832 819.200195312 817.555236816 835.650024414
eeg 834.005004883 835.650024414 822.49017334 855.389770508
eeg 834.005004883 861.969726562 824.135131836 852.09979248
eeg 840.584960938 850.454833984 814.265258789 842.229919434
eeg 842.229919434 853.744812012 807.68536377 838.940002441
eeg 830.715087891 832.360046387 810.975280762 840.584960938
eeg 837.29498291 825.780151367 820.845214844 848.809875488
eeg 845.519897461 835.650024414 817.555236816 852.09979248
eeg 838.940002441 822.49017334 824.135131836 852.09979248
eeg 847.164855957 838.940002441 825.780151367 847.164855957
eeg 850.454833984 853.744812012 819.200195312 857.034729004
eeg 837.29498291 848.809875488 810.975280762 847.164855957
eeg 842.229919434 843.874938965 809.330322266 842.229919434
eeg 848.809875488 852.09979248 807.68536377 848.809875488
eeg 838.940002441 832.360046387 817.555236816 857.034729004
eeg 853.744812012 827.425109863 825.780151367 866.904663086
eeg 845.519897461 829.070068359 820.845214844 858.679748535
eeg 830.715087891 830.715087891 825.780151367 853.744812012
eeg 832.360046387 845.519897461 824.135131836 855.389770508
eeg 835.650024414 857.034729004 824.135131836 863.614685059
a 0.237386584282 0.103530846536 0.0697361752391 0.263489991426
b 0.142535313964 0.38051405549 0.278795301914 0.0869100168347
d 0.265597879887 0.143351241946 0.368298202753 0.324271470308
g 0.103153936565 0.294401437044 0.151872053742 0.0526851341128
t 0.251326292753 0.0782024264336 0.131298288703 0.272643357515
h 1.0 1.0 1.0 1.0
c 0.135490700603
Aa 0.921923220158 0.268067091703 0.0572965703905 1.22424674034
Ab 0.700389504433 0.833368062973 0.659123897552 0.742552399635
Ad 0.970691621304 0.409398764372 0.780038058758 1.31439137459
Ag 0.559952795506 0.721937298775 0.395316332579 0.525170683861
At 0.946704924107 0.14621758461 0.332097500563 1.23907756805
as 0.858823537827 0.75 0.188405796885 1.0
bs 0.806451618671 0.15000000596 1.0 0.888888895512
ds 0.550000011921 0.190789476037 0.322916656733 0.853658556938
gs 0.619047641754 0.128205135465 0.25925925374 0.588235318661
ts 0.878504693508 0.375999987125 0.405940592289 1.0
eeg 832.360046387 848.809875488 815.91027832 850.454833984
eeg 835.650024414 850.454833984 810.975280762 853.744812012
eeg 822.49017334 840.584960938 819.200195312 845.519897461
eeg 827.425109863 835.650024414 822.49017334 850.454833984
eeg 832.360046387 834.005004883 819.200195312 858.679748535
eeg 840.584960938 822.49017334 812.620300293 863.614685059
eeg 834.005004883 840.584960938 827.425109863 860.324707031
eeg 827.425109863 838.940002441 829.070068359 857.034729004
eeg 830.715087891 830.715087891 832.360046387 861.969726562
eeg 825.780151367 838.940002441 820.845214844 850.454833984
eeg 829.070068359 842.229919434 812.620300293 857.034729004
eeg 832.360046387 847.164855957 825.780151367 857.034729004
eeg 829.070068359 843.874938965 815.91027832 848.809875488
eeg 830.715087891 830.715087891 817.555236816 837.29498291
eeg 830.715087891 830.715087891 820.845214844 838.940002441
eeg 817.555236816 829.070068359 814.265258789 838.940002441
eeg 827.425109863 842.229919434 817.555236816 845.519897461
eeg 842.229919434 845.519897461 819.200195312 853.744812012
eeg 834.005004883 843.874938965 819.200195312 850.454833984
eeg 830.715087891 843.874938965 820.845214844 850.454833984
eeg 832.360046387 829.070068359 819.200195312 852.09979248
eeg 824.135131836 830.715087891 814.265258789 848.809875488
a 0.22192299366 0.101961374283 0.0684021711349 0.246741741896
b 0.139788419008 0.375389844179 0.274213790894 0.0849258005619
d 0.276837438345 0.144474864006 0.368197381496 0.341778665781
g 0.0972418487072 0.300269633532 0.151815354824 0.0492401085794
t 0.26420930028 0.0779042690992 0.137371301651 0.277313679457
h 1.0 1.0 1.0 1.0
c 0.145571500063
Aa 0.921923220158 0.274935722351 0.0572965703905 1.22424674034
Ab 0.721192061901 0.840982556343 0.660315990448 0.761043787003
Ad 1.01794564724 0.426292330027 0.788307368755 1.3657490015
Ag 0.563574075699 0.744011461735 0.403542369604 0.524323105812
At 0.997668981552 0.158061295748 0.360122680664 1.27497541904
as 0.858823537827 0.74647885561 0.188405796885 1.0
bs 0.870967745781 0.20000000298 1.0 0.944444417953
ds 0.583333313465 0.197368428111 0.333333343267 0.914634168148
gs 0.619047641754 0.17948718369 0.296296298504 0.588235318661
ts 0.925233662128 0.391999989748 0.435643553734 1.0
eeg 824.135131836 835.650024414 812.620300293 840.584960938
eeg 834.005004883 835.650024414 824.135131836 853.744812012
eeg 829.070068359 837.29498291 825.780151367 857.034729004
eeg 835.650024414 842.229919434 814.265258789 845.519897461
eeg 835.650024414 852.09979248 827.425109863 852.09979248
eeg 829.070068359 847.164855957 830.715087891 848.809875488
eeg 834.005004883 842.229919434 817.555236816 843.874938965
eeg 825.780151367 830.715087891 812.620300293 847.164855957
eeg 832.360046387 838.940002441 815.91027832 847.164855957
eeg 834.005004883 835.650024414 820.845214844 847.164855957
eeg 838.940002441 829.070068359 824.135131836 845.519897461
eeg 843.874938965 842.229919434 815.91027832 838.940002441
eeg 840.584960938 847.164855957 807.68536377 837.29498291
eeg 847.164855957 850.454833984 809.330322266 850.454833984
eeg 848.809875488 845.519897461 825.780151367 847.164855957
eeg 852.09979248 835.650024414 825.780151367 837.29498291
eeg 840.584960938 845.519897461 825.780151367 837.29498291
eeg 830.715087891 847.164855957 814.265258789 832.360046387
eeg 834.005004883 855.389770508 801.105407715 837.29498291
eeg 835.650024414 845.519897461 796.170471191 829.070068359
eeg 837.29498291 852.09979248 809.330322266 817.555236816
eeg 840.584960938 847.164855957 829.070068359 832.360046387
a 0.2097402215 0.0990812405944 0.0676034465432 0.23454554379
b 0.138650730252 0.376105308533 0.27234262228 0.0837828963995
d 0.291021317244 0.144445329905 0.365894645452 0.359392434359
g 0.0923384875059 0.303809225559 0.154702961445 0.0462632663548
t 0.268249243498 0.0765588805079 0.13945633173 0.276015847921
h 1.0 1.0 1.0 1.0
c 0.155652314425
Aa 0.921923220158 0.274935722351 0.0572965703905 1.22424674034
Ab 0.742163658142 0.854253709316 0.662443339825 0.777174890041
Ad 1.06416630745 0.438647776842 0.790683746338 1.40958845615
Ag 0.565624237061 0.761545240879 0.416826337576 0.519255816936
At 1.02877998352 0.162939846516 0.371765941381 1.29495358467
as 0.858823537827 0.74647885561 0.176470592618 1.0
bs 0.93548387289 0.25 1.0 0.972222208977
ds 0.625 0.210526317358 0.333333343267 0.975609779358
gs 0.619047641754 0.230769231915 0.333333343267 0.588235318661
ts 0.971698105335 0.391999989748 0.445544540882 1.0
eeg 843.874938965 860.324707031 834.005004883 842.229919434
eeg 842.229919434 850.454833984 834.005004883 842.229919434
eeg 847.164855957 860.324707031 830.715087891 845.519897461
eeg 842.229919434 868.549621582 817.555236816 837.29498291
eeg 835.650024414 855.389770508 819.200195312 835.650024414
eeg 825.780151367 853.744812012 810.975280762 829.070068359
eeg 837.29498291 860.324707031 819.200195312 832.360046387
eeg 834.005004883 857.034729004 817.555236816 837.29498291
eeg 834.005004883 857.034729004 819.200195312 842.229919434
eeg 832.360046387 875.129516602 822.49017334 850.454833984
eeg 822.49017334 870.194580078 819.200195312 832.360046387
eeg 832.360046387 880.064453125 822.49017334 835.650024414
eeg 847.164855957 876.774536133 820.845214844 835.650024414
eeg 835.650024414 876.774536133 829.070068359 837.29498291
eeg 824.135131836 870.194580078 824.135131836 834.005004883
eeg 815.91027832 865.259643555 815.91027832 825.780151367
eeg 819.200195312 871.839599609 799.460449219 809.330322266
eeg 820.845214844 873.484558105 814.265258789 812.620300293
eeg 825.780151367 881.709472656 817.555236816 822.49017334
eeg 824.135131836 894.86932373 819.200195312 814.265258789
eeg 819.200195312 870.194580078 824.135131836 814.265258789
eeg 820.845214844 860.324707031 806.040344238 809.330322266
a 0.2014785707 0.0963230133057 0.0673122033477 0.227896630764
b 0.138497844338 0.382871538401 0.272720009089 0.084274508059
d 0.301741868258 0.14174695313 0.360723048449 0.371455788612
g 0.0890782997012 0.304511457682 0.160576239228 0.0440928786993
t 0.269203424454 0.0745470523834 0.138668507338 0.272280186415
h 1.0 1.0 1.0 1.0
c 0.155652314425
Aa 0.921923220158 0.274935722351 0.0572965703905 1.22424674034
Ab 0.759137332439 0.874258697033 0.664919734001 0.792205035686
Ad 1.09732997417 0.442719399929 0.786376655102 1.43641591072
Ag 0.567466259003 0.7748093009 0.434884041548 0.510877251625
At 1.04777491093 0.163636118174 0.37118062377 1.30152487755
as 0.857142865658 0.74647885561 0.176470592618 1.0
bs 1.0 0.34999999404 1.0 1.0
ds 0.649999976158 0.20000000298 0.322916656733 1.0
gs 0.619047641754 0.256410270929 0.407407402992 0.558823525906
ts 0.981132090092 0.382113814354 0.445544540882 1.0
eeg 802.750427246 863.614685059 814.265258789 797.815490723
eeg 804.395385742 876.774536133 814.265258789 804.395385742
eeg 809.330322266 893.224304199 814.265258789 801.105407715
eeg 804.395385742 889.934387207 820.845214844 799.460449219
eeg 801.105407715 899.804260254 809.330322266 804.395385742
eeg 791.235534668 888.289367676 807.68536377 797.815490723
eeg 802.750427246 870.194580078 817.555236816 801.105407715
eeg 806.040344238 876.774536133 815.91027832 810.975280762
eeg 802.750427246 880.064453125 822.49017334 817.555236816
eeg 802.750427246 878.419494629 814.265258789 814.265258789
eeg 799.460449219 888.289367676 804.395385742 809.330322266
eeg 797.815490723 878.419494629 815.91027832 802.750427246
eeg 812.620300293 878.419494629 827.425109863 820.845214844
eeg 817.555236816 889.934387207 824.135131836 822.49017334
eeg 824.135131836 883.354431152 807.68536377 825.780151367
eeg 824.135131836 875.129516602 809.330322266 830.715087891
eeg 820.845214844 880.064453125 806.040344238 827.425109863
eeg 829.070068359 893.224304199 812.620300293 825.780151367
eeg 825.780151367 891.579345703 824.135131836 827.425109863
eeg 835.650024414 881.709472656 822.49017334 840.584960938
eeg 843.874938965 873.484558105 830.715087891 853.744812012
eeg 848.809875488 873.484558105 834.005004883 861.969726562
a 0.197852313519 0.093677341938 0.0680145174265 0.227752909064
b 0.13822568953 0.394122391939 0.276721894741 0.0863966718316
d 0.304792076349 0.137774214149 0.349426358938 0.375286906958
g 0.087926864624 0.304783791304 0.169704258442 0.0430349335074
t 0.271203041077 0.0696422755718 0.136132985353 0.26752859354
h 1.0 1.0 1.0 1.0
c 0.155652314425
Aa 0.921923220158 0.274935722351 0.0572965703905 1.22424674034
Ab 0.766170859337 0.898932278156 0.666738450527 0.803279817104
Ad 1.10958576202 0.442469120026 0.768050611019 1.44114613533
Ag 0.569703638554 0.787293016911 0.454387664795 0.500603914261
At 1.05887663364 0.146174117923 0.358658283949 1.29415297508
as 0.857142865658 0.74647885561 0.176470592618 1.0
bs 1.0 0.5 1.0 1.0
ds 0.658119678497 0.20000000298 0.305263161659 1.0
gs 0.642857134342 0.282051295042 0.481481492519 0.529411792755
ts 1.0 0.365853667259 0.435643553734 1.0
eeg 848.809875488 878.419494629 825.780151367 855.389770508
eeg 840.584960938 886.64440918 814.265258789 837.29498291
eeg 835.650024414 886.64440918 812.620300293 837.29498291
eeg 857.034729004 876.774536133 817.555236816 860.324707031
eeg 857.034729004 865.259643555 820.845214844 861.969726562
eeg 853.744812012 875.129516602 822.49017334 866.904663086
eeg 865.259643555 873.484558105 817.555236816 865.259643555
eeg 857.034729004 870.194580078 814.265258789 860.324707031
eeg 865.259643555 884.999450684 812.620300293 871.839599609
eeg 861.969726562 865.259643555 822.49017334 870.194580078
eeg 855.389770508 855.389770508 824.135131836 865.259643555
eeg 855.389770508 871.839599609 827.425109863 863.614685059
eeg 848.809875488 866.904663086 820.845214844 871.839599609
eeg 857.034729004 876.774536133 820.845214844 878.419494629
eeg 853.744812012 883.354431152 825.780151367 870.194580078
eeg 860.324707031 863.614685059 832.360046387 873.484558105
eeg 861.969726562 857.034729004 825.780151367 863.614685059
eeg 858.679748535 858.679748535 817.555236816 863.614685059
eeg 847.164855957 861.969726562 802.750427246 838.940002441
eeg 843.874938965 881.709472656 820.845214844 842.229919434
eeg 832.360046387 876.774536133 829.070068359 845.519897461
eeg 827.425109863 861.969726562 810.975280762 845.519897461
a 0.198099583387 0.0907108262181 0.0701995268464 0.233139172196
b 0.136699751019 0.404058337212 0.286062389612 0.089533470571
d 0.298883080482 0.139300972223 0.327418774366 0.371437311172
g 0.0884124860168 0.304261684418 0.183861166239 0.043105058372
t 0.277905106544 0.0616681911051 0.132458135486 0.262784987688
h 1.0 1.0 1.0 1.0
c 0.155652314425
Aa 0.921923220158 0.274935722351 0.0572965703905 1.22424674034
Ab 0.760807335377 0.923720657825 0.667423129082 0.808616876602
Ad 1.1005409956 0.461230754852 0.726065993309 1.42651700974
Ag 0.571553230286 0.800523817539 0.475452423096 0.491159707308
At 1.06893610954 0.107337802649 0.333041042089 1.27623200417
as 0.855421662331 0.74647885561 0.176470592618 1.0
bs 1.0 0.600000023842 1.0 1.0
ds 0.64957267046 0.204081639647 0.252631574869 0.987804889679
gs 0.642857134342 0.315789461136 0.555555582047 0.5
ts 1.0 0.341463416815 0.409999996424 1.0
eeg 852.09979248 860.324707031 812.620300293 861.969726562
eeg 838.940002441 861.969726562 817.555236816 845.519897461
eeg 852.09979248 889.934387207 822.49017334 858.679748535
eeg 860.324707031 891.579345703 840.584960938 863.614685059
eeg 837.29498291 881.709472656 824.135131836 850.454833984
eeg 853.744812012 891.579345703 820.845214844 852.09979248
eeg 838.940002441 893.224304199 825.780151367 845.519897461
eeg 834.005004883 898.159240723 834.005004883 853.744812012
eeg 852.09979248 898.159240723 824.135131836 860.324707031
eeg 857.034729004 904.739196777 817.555236816 866.904663086
eeg 842.229919434 919.544006348 825.780151367 850.454833984
eeg 838.940002441 932.703857422 829.070068359 842.229919434
eeg 838.940002441 924.478942871 832.360046387 847.164855957
eeg 834.005004883 912.964111328 835.650024414 843.874938965
eeg 843.874938965 919.544006348 827.425109863 845.519897461
eeg 843.874938965 921.188964844 834.005004883 847.164855957
eeg 843.874938965 939.283752441 838.940002441 848.809875488
eeg 838.940002441 937.638793945 838.940002441 850.454833984
eeg 847.164855957 942.573730469 845.519897461 857.034729004
eeg 835.650024414 947.508666992 829.070068359 842.229919434
eeg 832.360046387 937.638793945 830.715087891 824.135131836
eeg 835.650024414 947.508666992 845.519897461 843.874938965
a 0.200059309602 0.0869312286377 0.0697543844581 0.240160435438
b 0.133402138948 0.405573606491 0.302232027054 0.0930650904775
d 0.288587421179 0.15522415936 0.293188899755 0.364366889
g 0.089218094945 0.299995064735 0.205782562494 0.0441041365266
t 0.288733035326 0.0522759482265 0.12904214859 0.258303433657
h 1.0 1.0 1.0 1.0
c 0.155652314425
Aa 0.921923220158 0.274935722351 0.0296824965626 1.22163367271
Ab 0.745927214622 0.943829536438 0.666451454163 0.809919059277
Ad 1.0810418129 0.526719212532 0.653258502483 1.40267109871
Ag 0.571217358112 0.812874019146 0.499519526958 0.485611557961
At 1.08126091957 0.0540618114173 0.296842575073 1.25326240063
as 0.855421662331 0.74647885561 0.132352948189 1.0
bs 0.93548387289 0.699999988079 1.0 1.0
ds 0.632478654385 0.244897961617 0.178947374225 0.962962985039
gs 0.658536612988 0.342105269432 0.666666686535 0.484848499298
ts 1.0 0.302521020174 0.370000004768 1.0
eeg 822.49017334 957.378540039 850.454833984 845.519897461
eeg 799.460449219 950.79864502 843.874938965 815.91027832
eeg 789.590576172 968.893432617 843.874938965 815.91027832
eeg 794.525512695 967.248413086 853.744812012 797.815490723
eeg 783.010620117 968.893432617 852.09979248 789.590576172
eeg 784.655639648 990.278137207 861.969726562 791.235534668
eeg 769.850830078 988.633178711 853.744812012 764.91583252
eeg 746.821105957 1031.40270996 848.809875488 758.3359375
eeg 746.821105957 1014.95288086 842.229919434 748.466064453
eeg 732.016235352 995.213134766 847.164855957 746.821105957
eeg 748.466064453 1014.95288086 861.969726562 750.111022949
eeg 759.980895996 1036.33764648 852.09979248 759.980895996
eeg 759.980895996 1057.72241211 843.874938965 758.3359375
eeg 781.365661621 1046.20751953 853.744812012 774.785766602
eeg 779.720703125 1018.24285889 840.584960938 778.075683594
eeg 796.170471191 995.213134766 847.164855957 802.750427246
eeg 832.360046387 995.213134766 865.259643555 827.425109863
eeg 830.715087891 1013.30786133 832.360046387 817.555236816
eeg 825.780151367 1000.14807129 809.330322266 809.330322266
eeg 837.29498291 970.538391113 819.200195312 830.715087891
eeg 848.809875488 957.378540039 820.845214844 852.09979248
eeg 880.064453125 945.863708496 829.070068359 881.709472656
a 0.199199333787 0.0763388350606 0.0675939619541 0.230764120817
b 0.127443909645 0.396772146225 0.320931971073 0.0968898162246
d 0.284534305334 0.19193969667 0.249278217554 0.367932617664
g 0.0884800702333 0.291763395071 0.23489394784 0.0461012907326
t 0.300342381001 0.0431859381497 0.127301901579 0.258312165737
h 1.0 1.0 1.0 1.0
c 0.155652314425
Aa 0.921923220158 0.239844918251 -0.0147865721956 1.18640732765
Ab 0.727954447269 0.955640554428 0.66171848774 0.809517204762
Ad 1.07676994801 0.640264153481 0.551989853382 1.38900732994
Ag 0.569480836391 0.822130143642 0.526177346706 0.486952096224
At 1.10025191307 -0.00755825871602 0.260140389204 1.23538386822
as 0.855421662331 0.704225361347 0.0588235296309 1.0
bs 0.903225779533 0.75 1.0 1.0
ds 0.623931646347 0.317241370678 0.0638297870755 0.950617313385
gs 0.658536612988 0.368421047926 0.740740716457 0.484848499298
ts 1.0 0.252100855112 0.340000003576 0.989583313465
eeg 891.579345703 944.218688965 822.49017334 884.999450684
eeg 883.354431152 924.478942871 820.845214844 875.129516602
eeg 889.934387207 916.25402832 820.845214844 883.354431152
eeg 889.934387207 894.86932373 824.135131836 896.514282227
eeg 903.094238281 878.419494629 837.29498291 909.674133301
eeg 909.674133301 906.384155273 820.845214844 906.384155273
eeg 906.384155273 896.514282227 812.620300293 904.739196777
eeg 912.964111328 873.484558105 810.975280762 911.319091797
eeg 924.478942871 881.709472656 817.555236816 926.123962402
eeg 906.384155273 883.354431152 810.975280762 914.609069824
eeg 904.739196777 868.549621582 802.750427246 903.094238281
eeg 903.094238281 860.324707031 807.68536377 903.094238281
eeg 908.029174805 850.454833984 807.68536377 909.674133301
eeg 921.188964844 837.29498291 817.555236816 919.544006348
eeg 916.25402832 855.389770508 817.555236816 909.674133301
eeg 903.094238281 861.969726562 812.620300293 904.739196777
eeg 899.804260254 852.09979248 797.815490723 901.44921875
eeg 906.384155273 843.874938965 799.460449219 912.964111328
eeg 914.609069824 837.29498291 812.620300293 916.25402832
eeg 922.833984375 819.200195312 814.265258789 917.899047852
eeg 904.739196777 837.29498291 801.105407715 899.804260254
eeg 889.934387207 848.809875488 801.105407715 891.579345703
a 0.198066651821 0.0626542046666 0.0669266283512 0.196565255523
b 0.125809699297 0.41148892045 0.331533163786 0.105876982212
d 0.276673704386 0.189079329371 0.209661543369 0.375458329916
g 0.0893718153238 0.298382073641 0.263708084822 0.0493138805032
t 0.310078114271 0.0383954830468 0.128170579672 0.272785544395
h 1.0 1.0 1.0 1.0
c 0.155652314425
Aa 0.921923220158 0.151289656758 -0.0442492626607 1.09207952023
Ab 0.724825978279 0.968697547913 0.650678813457 0.823374271393
Ad 1.06707978249 0.63098347187 0.451670557261 1.37313449383
Ag 0.576312422752 0.829112172127 0.551275253296 0.491541922092
At 1.11658298969 -0.0613804347813 0.237940147519 1.23439407349
as 0.855421662331 0.594202876091 0.0147058824077 0.885714292526
bs 0.870967745781 0.850000023842 0.961538434029 1.0
ds 0.615384638309 0.310344815254 0.0 0.925925910473
gs 0.658536612988 0.394736856222 0.85185188055 0.5
ts 1.0 0.196581199765 0.319999992847 0.989583313465
eeg 898.159240723 834.005004883 809.330322266 899.804260254
eeg 904.739196777 830.715087891 809.330322266 903.094238281
eeg 898.159240723 824.135131836 806.040344238 899.804260254
eeg 903.094238281 802.750427246 810.975280762 901.44921875
eeg 904.739196777 815.91027832 819.200195312 898.159240723
eeg 901.44921875 820.845214844 814.265258789 903.094238281
eeg 886.64440918 806.040344238 799.460449219 899.804260254
eeg 881.709472656 817.555236816 796.170471191 893.224304199
eeg 883.354431152 827.425109863 804.395385742 899.804260254
eeg 881.709472656 810.975280762 817.555236816 891.579345703
eeg 886.64440918 794.525512695 825.780151367 893.224304199
eeg 866.904663086 807.68536377 806.040344238 878.419494629
eeg 861.969726562 796.170471191 807.68536377 871.839599609
eeg 873.484558105 799.460449219 810.975280762 871.839599609
eeg 880.064453125 787.945556641 809.330322266 886.64440918
eeg 878.419494629 789.590576172 812.620300293 881.709472656
eeg 868.549621582 812.620300293 804.395385742 866.904663086
eeg 880.064453125 794.525512695 807.68536377 884.999450684
eeg 865.259643555 792.880554199 801.105407715 875.129516602
eeg 853.744812012 797.815490723 807.68536377 865.259643555
eeg 850.454833984 799.460449219 807.68536377 863.614685059
eeg 852.09979248 806.040344238 810.975280762 863.614685059
a 0.194955900311 0.0518988259137 0.0644728988409 0.161620378494
b 0.124272935092 0.422994852066 0.322783380747 0.113094240427
d 0.271778434515 0.191138952971 0.200736016035 0.387574523687
g 0.0904224216938 0.298162043095 0.278848141432 0.0514376237988
t 0.318570315838 0.0358053334057 0.133159562945 0.286273241043
h 1.0 1.0 1.0 1.0
c 0.165733411908
Aa 0.921923220158 0.069949157536 -0.0669866129756 0.991677463055
Ab 0.726363360882 0.981126725674 0.632547318935 0.836621820927
Ad 1.06620180607 0.636140823364 0.426261454821 1.37153661251
Ag 0.588262975216 0.829243957996 0.569003939629 0.494462221861
At 1.13519215584 -0.0912606716156 0.248008534312 1.23996210098
as 0.855421662331 0.478260874748 0.0 0.742857158184
bs 0.870967745781 0.899999976158 0.884615361691 1.0
ds 0.61206895113 0.310344815254 0.0 0.925000011921
gs 0.707317054272 0.394736856222 0.925925910473 0.5
ts 1.0 0.172413796186 0.323232322931 1.0
eeg 861.969726562 801.105407715 809.330322266 865.259643555
eeg 868.549621582 792.880554199 814.265258789 883.354431152
eeg 881.709472656 779.720703125 817.555236816 889.934387207
eeg 866.904663086 804.395385742 809.330322266 870.194580078
eeg 860.324707031 804.395385742 804.395385742 870.194580078
eeg 848.809875488 787.945556641 804.395385742 853.744812012
eeg 842.229919434 804.395385742 804.395385742 858.679748535
eeg 850.454833984 791.235534668 804.395385742 866.904663086
eeg 852.09979248 781.365661621 809.330322266 863.614685059
eeg 847.164855957 797.815490723 814.265258789 853.744812012
eeg 847.164855957 791.235534668 815.91027832 850.454833984
eeg 845.519897461 789.590576172 814.265258789 852.09979248
eeg 850.454833984 796.170471191 812.620300293 858.679748535
eeg 840.584960938 804.395385742 802.750427246 850.454833984
eeg 817.555236816 807.68536377 791.235534668 837.29498291
eeg 820.845214844 787.945556641 791.235534668 832.360046387
eeg 835.650024414 774.785766602 817.555236816 845.519897461
eeg 834.005004883 778.075683594 814.265258789 842.229919434
eeg 840.584960938 806.040344238 820.845214844 843.874938965
eeg 832.360046387 814.265258789 806.040344238 845.519897461
eeg 840.584960938 797.815490723 801.105407715 852.09979248
eeg 852.09979248 781.365661621 824.135131836 861.969726562
a 0.190596550703 0.0460206083953 0.0595957785845 0.148862034082
b 0.122814781964 0.428854346275 0.291017144918 0.114624395967
d 0.271475255489 0.198282778263 0.240011408925 0.397686123848
g 0.0916508361697 0.292096734047 0.269669592381 0.0506442710757
t 0.323462575674 0.0347455367446 0.139706075191 0.288183182478
h 1.0 1.0 1.0 1.0
c 0.176018178463
Aa 0.921923220158 0.0227155685425 -0.0785549357533 0.958846449852
Ab 0.731058776379 0.992073059082 0.610148131847 0.845339536667
Ad 1.07553839684 0.657048225403 0.526461482048 1.38560295105
Ag 0.603944599628 0.825289905071 0.577061593533 0.490592837334
At 1.15163218975 -0.099337734282 0.291444867849 1.24573111534
as 0.855421662331 0.402985066175 0.0 0.699999988079
bs 0.903225779533 0.949999988079 0.807692289352 1.0
ds 0.620689630508 0.326388895512 0.0721649453044 0.9375
gs 0.731707334518 0.368421047926 0.925925910473 0.5
ts 1.0 0.163793101907 0.363636374474 1.0
eeg 835.650024414 784.655639648 820.845214844 843.874938965
eeg 820.845214844 796.170471191 801.105407715 832.360046387
eeg 820.845214844 787.945556641 792.880554199 817.555236816
eeg 807.68536377 801.105407715 804.395385742 809.330322266
eeg 801.105407715 806.040344238 822.49017334 814.265258789
eeg 794.525512695 789.590576172 829.070068359 812.620300293
eeg 779.720703125 784.655639648 827.425109863 807.68536377
eeg 784.655639648 794.525512695 815.91027832 810.975280762
eeg 786.300598145 797.815490723 814.265258789 797.815490723
eeg 783.010620117 807.68536377 817.555236816 809.330322266
eeg 789.590576172 786.300598145 817.555236816 814.265258789
eeg 789.590576172 771.495788574 819.200195312 822.49017334
eeg 791.235534668 796.170471191 810.975280762 829.070068359
eeg 802.750427246 806.040344238 815.91027832 834.005004883
eeg 801.105407715 792.880554199 817.555236816 827.425109863
eeg 812.620300293 796.170471191 819.200195312 834.005004883
eeg 802.750427246 794.525512695 814.265258789 824.135131836
eeg 801.105407715 799.460449219 814.265258789 827.425109863
eeg 810.975280762 796.170471191 809.330322266 840.584960938
eeg 820.845214844 792.880554199 822.49017334 848.809875488
eeg 822.49017334 806.040344238 822.49017334 847.164855957
eeg 822.49017334 806.040344238 810.975280762 834.005004883
a 0.184950649738 0.0425086244941 0.0562046281993 0.144223749638
b 0.121986210346 0.430908203125 0.248038619757 0.113238491118
d 0.275860756636 0.208464562893 0.312328189611 0.412158638239
g 0.0934661701322 0.284424185753 0.240914076567 0.0482883118093
t 0.323736220598 0.0336944125593 0.142514482141 0.282090812922
h 1.0 1.0 1.0 1.0
c 0.186188369989
Aa 0.916557908058 -0.00358126498759 -0.0554216168821 0.95025408268
Ab 0.735812783241 1.00232648849 0.589325666428 0.845211327076
Ad 1.09019196033 0.686973929405 0.689417481422 1.40628170967
Ag 0.620156466961 0.821908175945 0.5766685009 0.475059270859
At 1.15969336033 -0.104500442743 0.348665297031 1.2416062355
as 0.843373477459 0.358208954334 0.0144927538931 0.685714304447
bs 0.903225779533 1.0 0.730769217014 1.0
ds 0.63793104887 0.347222208977 0.239583328366 0.962499976158
gs 0.780487775803 0.368421047926 0.925925910473 0.4375
ts 1.0 0.155172407627 0.428571432829 1.0
eeg 830.715087891 802.750427246 815.91027832 842.229919434
eeg 827.425109863 797.815490723 815.91027832 842.229919434
eeg 827.425109863 802.750427246 814.265258789 845.519897461
eeg 825.780151367 809.330322266 809.330322266 847.164855957
eeg 819.200195312 791.235534668 806.040344238 842.229919434
eeg 829.070068359 787.945556641 810.975280762 850.454833984
eeg 834.005004883 792.880554199 819.200195312 858.679748535
eeg 830.715087891 810.975280762 819.200195312 857.034729004
eeg 827.425109863 804.395385742 819.200195312 853.744812012
eeg 820.845214844 807.68536377 820.845214844 852.09979248
eeg 827.425109863 810.975280762 822.49017334 850.454833984
eeg 819.200195312 809.330322266 815.91027832 848.809875488
eeg 822.49017334 804.395385742 812.620300293 840.584960938
eeg 825.780151367 802.750427246 810.975280762 838.940002441
eeg 837.29498291 810.975280762 812.620300293 852.09979248
eeg 852.09979248 809.330322266 812.620300293 850.454833984
eeg 837.29498291 825.780151367 810.975280762 845.519897461
eeg 843.874938965 807.68536377 815.91027832 853.744812012
eeg 832.360046387 809.330322266 829.070068359 853.744812012
eeg 815.91027832 812.620300293 832.360046387 842.229919434
eeg 827.425109863 804.395385742 832.360046387 840.584960938
eeg 820.845214844 814.265258789 827.425109863 830.715087891
a 0.17791070044 0.0388690158725 0.055010240525 0.142276719213
b 0.122092790902 0.432683616877 0.210321515799 0.1102944538
d 0.284634381533 0.219801113009 0.385879606009 0.43160828948
g 0.0960363745689 0.277076661587 0.209001228213 0.0452205091715
t 0.319325745106 0.0315695740283 0.139787390828 0.270600020885
h 1.0 1.0 1.0 1.0
c 0.186188369989
Aa 0.900694310665 -0.0324862152338 -0.00674267811701 0.942853748798
Ab 0.73718225956 1.01408076286 0.575697481632 0.832273602486
Ad 1.1047796011 0.719940125942 0.839265584946 1.42480969429
Ag 0.632928013802 0.820510208607 0.572962582111 0.44505533576
At 1.15472614765 -0.122821010649 0.398281753063 1.22204768658
as 0.831325292587 0.328358203173 0.0869565233588 0.666666686535
bs 0.903225779533 1.0 0.653846144676 1.0
ds 0.646551728249 0.375 0.40000000596 0.987500011921
gs 0.804878056049 0.368421047926 0.925925910473 0.34375
ts 1.0 0.146551728249 0.479591846466 0.979166686535
eeg 814.265258789 812.620300293 822.49017334 834.005004883
eeg 825.780151367 810.975280762 824.135131836 847.164855957
eeg 815.91027832 819.200195312 825.780151367 835.650024414
eeg 819.200195312 819.200195312 817.555236816 830.715087891
eeg 825.780151367 835.650024414 814.265258789 825.780151367
eeg 825.780151367 834.005004883 815.91027832 834.005004883
eeg 815.91027832 825.780151367 820.845214844 840.584960938
eeg 832.360046387 810.975280762 829.070068359 843.874938965
eeg 819.200195312 809.330322266 827.425109863 842.229919434
eeg 824.135131836 834.005004883 819.200195312 834.005004883
eeg 825.780151367 834.005004883 822.49017334 830.715087891
eeg 835.650024414 840.584960938 822.49017334 840.584960938
eeg 832.360046387 842.229919434 824.135131836 835.650024414
eeg 827.425109863 830.715087891 819.200195312 832.360046387
eeg 832.360046387 830.715087891 819.200195312 829.070068359
eeg 834.005004883 843.874938965 825.780151367 835.650024414
eeg 848.809875488 843.874938965 830.715087891 840.584960938
eeg 830.715087891 847.164855957 822.49017334 827.425109863
eeg 807.68536377 835.650024414 815.91027832 814.265258789
eeg 809.330322266 837.29498291 822.49017334 817.555236816
eeg 819.200195312 850.454833984 817.555236816 825.780151367
eeg 822.49017334 852.09979248 819.200195312 829.070068359
a 0.171089977026 0.0355332754552 0.0496458411217 0.141357034445
b 0.123091503978 0.436386525631 0.186215415597 0.106745958328
d 0.298758476973 0.232185423374 0.444539785385 0.458421677351
g 0.0992457941175 0.267889469862 0.186111494899 0.0422272086143
t 0.307814270258 0.0280052907765 0.133487462997 0.251248121262
h 1.0 1.0 1.0 1.0
c 0.186188369989
Aa 0.876851558685 -0.0595052465796 -0.00254284380935 0.928931176662
Ab 0.733855068684 1.02973079681 0.571589887142 0.806965172291
Ad 1.11894726753 0.755694448948 0.949484884739 1.43987894058
Ag 0.640339136124 0.817815184593 0.571347475052 0.404206126928
At 1.13191568851 -0.162900418043 0.427014768124 1.17871665955
as 0.795180737972 0.283582091331 0.101449273527 0.652173936367
bs 0.903225779533 1.0 0.653846144676 0.973684191704
ds 0.663793087006 0.395833343267 0.515789449215 1.0
gs 0.850000023842 0.342105269432 0.925925910473 0.21875
ts 1.0 0.112068966031 0.5 0.9375
eeg 820.845214844 855.389770508 814.265258789 820.845214844
eeg 817.555236816 852.09979248 807.68536377 810.975280762
eeg 819.200195312 850.454833984 820.845214844 820.845214844
eeg 827.425109863 853.744812012 829.070068359 832.360046387
eeg 812.620300293 852.09979248 817.555236816 820.845214844
eeg 807.68536377 855.389770508 814.265258789 824.135131836
eeg 807.68536377 853.744812012 809.330322266 815.91027832
eeg 807.68536377 853.744812012 815.91027832 819.200195312
eeg 812.620300293 842.229919434 824.135131836 822.49017334
eeg 809.330322266 845.519897461 827.425109863 825.780151367
eeg 812.620300293 857.034729004 815.91027832 820.845214844
eeg 810.975280762 857.034729004 812.620300293 814.265258789
eeg 817.555236816 866.904663086 814.265258789 819.200195312
eeg 814.265258789 857.034729004 814.265258789 822.49017334
eeg 817.555236816 863.614685059 822.49017334 838.940002441
eeg 812.620300293 855.389770508 817.555236816 835.650024414
eeg 822.49017334 848.809875488 817.555236816 835.650024414
eeg 819.200195312 847.164855957 817.555236816 835.650024414
eeg 820.845214844 843.874938965 807.68536377 830.715087891
eeg 825.780151367 837.29498291 807.68536377 842.229919434
eeg 819.200195312 838.940002441 807.68536377 830.715087891
eeg 832.360046387 850.454833984 822.49017334 847.164855957
a 0.165530592203 0.0336087010801 0.0423707962036 0.140917688608
b 0.125939488411 0.443075120449 0.174223601818 0.10499150306
d 0.313699185848 0.245370686054 0.483266055584 0.486687511206
g 0.103300146759 0.253601014614 0.173777237535 0.0402051396668
t 0.291530579329 0.0243444629014 0.126362323761 0.227198138833
h 1.0 1.0 1.0 1.0
c 0.186188369989
Aa 0.847651064396 -0.0697636380792 -0.0387706942856 0.904628932476
Ab 0.728934705257 1.05026197433 0.575269639492 0.776817560196
Ad 1.12528610229 0.793607294559 1.01834893227 1.44291365147
Ag 0.642873704433 0.807935595512 0.574155569077 0.359944999218
At 1.09345686436 -0.20981515944 0.435780286789 1.11206817627
as 0.759036123753 0.268656730652 0.0434782616794 0.608695626259
bs 0.903225779533 1.0 0.653846144676 0.89473682642
ds 0.663793087006 0.423611104488 0.589473664761 1.0
gs 0.850000023842 0.351351350546 0.925925910473 0.09375
ts 0.972727298737 0.0689655169845 0.510204076767 0.864583313465
eeg 837.29498291 852.09979248 820.845214844 848.809875488
eeg 827.425109863 857.034729004 825.780151367 845.519897461
eeg 834.005004883 850.454833984 814.265258789 843.874938965
eeg 837.29498291 848.809875488 814.265258789 840.584960938
eeg 830.715087891 850.454833984 817.555236816 845.519897461
eeg 835.650024414 840.584960938 814.265258789 855.389770508
eeg 830.715087891 860.324707031 809.330322266 847.164855957
eeg 842.229919434 857.034729004 807.68536377 842.229919434
eeg 847.164855957 852.09979248 810.975280762 847.164855957
eeg 843.874938965 838.940002441 817.555236816 857.034729004
eeg 845.519897461 837.29498291 817.555236816 866.904663086
eeg 842.229919434 842.229919434 820.845214844 860.324707031
eeg 837.29498291 850.454833984 822.49017334 852.09979248
eeg 829.070068359 848.809875488 815.91027832 850.454833984
eeg 837.29498291 837.29498291 814.265258789 848.809875488
eeg 838.940002441 843.874938965 820.845214844 853.744812012
eeg 845.519897461 843.874938965 820.845214844 853.744812012
eeg 848.809875488 850.454833984 814.265258789 845.519897461
eeg 842.229919434 847.164855957 819.200195312 857.034729004
eeg 845.519897461 848.809875488 814.265258789 858.679748535
eeg 840.584960938 847.164855957 819.200195312 861.969726562
eeg 842.229919434 838.940002441 822.49017334 863.614685059
a 0.141333073378 0.0319179259241 0.0374235399067 0.126053795218
b 0.133217722178 0.45105394721 0.169779554009 0.108841598034
d 0.33360645175 0.261388748884 0.504394888878 0.521165668964
g 0.11120159924 0.234150439501 0.168627947569 0.0408362187445
t 0.280641168356 0.0214889273047 0.11977404356 0.203102707863
h 1.0 1.0 1.0 1.0
c 0.186188369989
Aa 0.746394634247 -0.0768305808306 -0.0743293315172 0.811236679554
Ab 0.720712840557 1.07336330414 0.582411170006 0.747475624084
Ad 1.11938524246 0.83642166853 1.05529654026 1.42765653133
Ag 0.642261862755 0.788629710674 0.579455316067 0.321726232767
At 1.04430222511 -0.248650506139 0.43088850379 1.01839649677
as 0.638554215431 0.25373134017 0.0 0.485294103622
bs 0.870967745781 1.0 0.692307710648 0.815789461136
ds 0.663793087006 0.451388895512 0.617021262646 0.975000023842
gs 0.871794879436 0.297297298908 0.962962985039 0.0
ts 0.927272737026 0.0175438597798 0.510204076767 0.770833313465
eeg 847.164855957 830.715087891 806.040344238 850.454833984
eeg 834.005004883 835.650024414 797.815490723 845.519897461
eeg 830.715087891 840.584960938 802.750427246 842.229919434
eeg 832.360046387 845.519897461 815.91027832 843.874938965
eeg 832.360046387 858.679748535 815.91027832 843.874938965
eeg 843.874938965 857.034729004 817.555236816 852.09979248
eeg 845.519897461 843.874938965 824.135131836 860.324707031
eeg 835.650024414 835.650024414 815.91027832 857.034729004
eeg 842.229919434 842.229919434 820.845214844 861.969726562
eeg 843.874938965 847.164855957 824.135131836 853.744812012
eeg 834.005004883 852.09979248 812.620300293 843.874938965
eeg 824.135131836 863.614685059 814.265258789 843.874938965
eeg 815.91027832 858.679748535 820.845214844 837.29498291
eeg 806.040344238 860.324707031 822.49017334 830.715087891
eeg 796.170471191 861.969726562 814.265258789 810.975280762
eeg 783.010620117 875.129516602 815.91027832 806.040344238
eeg 769.850830078 855.389770508 815.91027832 786.300598145
eeg 771.495788574 861.969726562 820.845214844 784.655639648
eeg 764.91583252 898.159240723 827.425109863 783.010620117
eeg 750.111022949 906.384155273 822.49017334 761.625915527
eeg 753.401000977 934.348815918 827.425109863 759.980895996
eeg 753.401000977 934.348815918 829.070068359 764.91583252
a 0.100381858647 0.0297549702227 0.0354014672339 0.0951372012496
b 0.142721578479 0.454349726439 0.169106036425 0.118752479553
d 0.351684421301 0.282869845629 0.513519585133 0.557855248451
g 0.123203277588 0.212836444378 0.166309282184 0.0449668578804
t 0.282008856535 0.0201890021563 0.115663632751 0.183288216591
h 1.0 1.0 1.0 1.0
c 0.186188369989
Aa 0.551024496555 -0.0902316868305 -0.0890438482165 0.622246742249
Ab 0.703858911991 1.09359908104 0.590093970299 0.718539059162
Ad 1.09552240372 0.887795448303 1.07249188423 1.39041793346
Ag 0.639991521835 0.764254748821 0.582851350307 0.296788930893
At 0.999632000923 -0.258676350117 0.425131678581 0.907030940056
as 0.409638553858 0.238805964589 0.0 0.212121218443
bs 0.800000011921 1.0 0.730769217014 0.763157904148
ds 0.640350878239 0.489510476589 0.638297855854 0.9375
gs 0.871794879436 0.216216221452 0.962962985039 0.0
ts 0.890909075737 0.00884955748916 0.5 0.645833313465
eeg 756.690979004 921.188964844 834.005004883 778.075683594
eeg 758.3359375 932.703857422 815.91027832 781.365661621
eeg 759.980895996 921.188964844 812.620300293 779.720703125
eeg 769.850830078 911.319091797 822.49017334 789.590576172
eeg 779.720703125 921.188964844 820.845214844 791.235534668
eeg 789.590576172 926.123962402 825.780151367 807.68536377
eeg 797.815490723 927.768920898 817.555236816 809.330322266
eeg 814.265258789 916.25402832 819.200195312 819.200195312
eeg 827.425109863 914.609069824 812.620300293 829.070068359
eeg 834.005004883 917.899047852 804.395385742 830.715087891
eeg 837.29498291 903.094238281 804.395385742 843.874938965
eeg 843.874938965 884.999450684 804.395385742 858.679748535
eeg 861.969726562 873.484558105 804.395385742 868.549621582
eeg 863.614685059 860.324707031 809.330322266 875.129516602
eeg 875.129516602 881.709472656 807.68536377 886.64440918
eeg 880.064453125 873.484558105 802.750427246 884.999450684
eeg 875.129516602 850.454833984 810.975280762 888.289367676
eeg 884.999450684 858.679748535 807.68536377 894.86932373
eeg 888.289367676 853.744812012 807.68536377 896.514282227
eeg 889.934387207 853.744812012 809.330322266 904.739196777
eeg 903.094238281 838.940002441 799.460449219 912.964111328
eeg 893.224304199 832.360046387 801.105407715 896.514282227
a 0.0578443259001 0.0268060881644 0.0341012440622 0.0577947162092
b 0.148562371731 0.44479110837 0.169773086905 0.131143629551
d 0.355500936508 0.314072459936 0.517721235752 0.584688007832
g 0.135922521353 0.193728789687 0.163858175278 0.052567191422
t 0.302169829607 0.0206015557051 0.114546276629 0.17380644381
h 1.0 1.0 1.0 1.0
c 0.186188369989
Aa 0.26308760047 -0.116170354187 -0.100497432053 0.330744564533
Ab 0.672735631466 1.10375225544 0.596601188183 0.686603665352
Ad 1.05166757107 0.952626049519 1.08082830906 1.33578062057
Ag 0.634118258953 0.742790400982 0.581200480461 0.289571195841
At 0.981077969074 -0.230503767729 0.425713330507 0.808922290802
as 0.0602409653366 0.194029852748 0.0 0.0
bs 0.699999988079 1.0 0.730769217014 0.657894730568
ds 0.60526317358 0.542253494263 0.648936152458 0.862500011921
gs 0.846153855324 0.162162154913 0.962962985039 0.0
ts 0.872727274895 0.0353982299566 0.50515460968 0.552083313465
eeg 894.86932373 837.29498291 804.395385742 908.029174805
eeg 893.224304199 832.360046387 801.105407715 903.094238281
eeg 889.934387207 830.715087891 812.620300293 908.029174805
eeg 896.514282227 822.49017334 806.040344238 916.25402832
eeg 904.739196777 814.265258789 812.620300293 917.899047852
eeg 899.804260254 830.715087891 810.975280762 916.25402832
eeg 898.159240723 822.49017334 804.395385742 909.674133301
eeg 909.674133301 817.555236816 807.68536377 908.029174805
eeg 911.319091797 804.395385742 817.555236816 911.319091797
eeg 903.094238281 817.555236816 814.265258789 911.319091797
eeg 898.159240723 832.360046387 807.68536377 909.674133301
eeg 894.86932373 810.975280762 820.845214844 906.384155273
eeg 891.579345703 806.040344238 812.620300293 901.44921875
eeg 906.384155273 797.815490723 815.91027832 908.029174805
eeg 898.159240723 806.040344238 810.975280762 906.384155273
eeg 886.64440918 812.620300293 809.330322266 901.44921875
eeg 894.86932373 804.395385742 815.91027832 896.514282227
eeg 891.579345703 806.040344238 809.330322266 891.579345703
eeg 888.289367676 822.49017334 809.330322266 883.354431152
eeg 876.774536133 814.265258789 806.040344238 891.579345703
eeg 871.839599609 810.975280762 809.330322266 898.159240723
eeg 868.549621582 778.075683594 820.845214844 896.514282227
a 0.0470442958176 0.0209634359926 0.0333218723536 0.0526045821607
b 0.141479119658 0.416374206543 0.170786902308 0.131371930242
d 0.33946532011 0.362799108028 0.520262360573 0.58576965332
g 0.140094220638 0.17914223671 0.160220474005 0.0599182844162
t 0.331917047501 0.0207209959626 0.11540838331 0.170335531235
h 1.0 1.0 1.0 1.0
c 0.186188369989
Aa 0.145684346557 -0.20132869482 -0.107786916196 0.246417403221
Ab 0.623869717121 1.09669268131 0.601938247681 0.643896400928
Ad 1.00397276878 1.03687500954 1.08570611477 1.29312074184
Ag 0.619597613811 0.730406820774 0.574201703072 0.302953183651
At 0.994206905365 -0.206380531192 0.431721031666 0.756699085236
as 0.0 0.0746268630028 0.0 0.0
bs 0.533333361149 1.0 0.769230782986 0.552631556988
ds 0.561403512955 0.595744669437 0.648936152458 0.8125
gs 0.820512831211 0.135135129094 0.925925910473 0.0
ts 0.881818175316 0.0530973449349 0.515463888645 0.489583343267
eeg 878.419494629 796.170471191 817.555236816 894.86932373
eeg 873.484558105 815.91027832 814.265258789 881.709472656
eeg 870.194580078 815.91027832 815.91027832 881.709472656
eeg 865.259643555 819.200195312 819.200195312 889.934387207
eeg 855.389770508 797.815490723 812.620300293 880.064453125
eeg 857.034729004 802.750427246 812.620300293 875.129516602
eeg 865.259643555 799.460449219 819.200195312 880.064453125
eeg 863.614685059 810.975280762 815.91027832 873.484558105
eeg 861.969726562 820.845214844 819.200195312 880.064453125
eeg 852.09979248 815.91027832 820.845214844 881.709472656
eeg 845.519897461 814.265258789 812.620300293 870.194580078
eeg 852.09979248 809.330322266 817.555236816 865.259643555
eeg 850.454833984 809.330322266 812.620300293 863.614685059
eeg 853.744812012 806.040344238 810.975280762 861.969726562
eeg 852.09979248 794.525512695 817.555236816 871.839599609
eeg 850.454833984 809.330322266 815.91027832 873.484558105
eeg 853.744812012 819.200195312 817.555236816 868.549621582
eeg 845.519897461 825.780151367 814.265258789 866.904663086
eeg 838.940002441 829.070068359 809.330322266 855.389770508
eeg 834.005004883 806.040344238 819.200195312 855.389770508
eeg 835.650024414 807.68536377 817.555236816 852.09979248
eeg 837.29498291 810.975280762 814.265258789 857.034729004
a 0.0470442958176 0.0209634359926 0.0328219868243 0.0526045821607
b 0.141479119658 0.416374206543 0.171414092183 0.131371930242
d 0.33946532011 0.362799108028 0.522502720356 0.58576965332
g 0.140094220638 0.17914223671 0.155748307705 0.0599182844162
t 0.331917047501 0.0207209959626 0.117512919009 0.170335531235
h 1.0 1.0 1.0 1.0
c 0.186188369989
Aa 0.145684346557 -0.20132869482 -0.112543061376 0.246417403221
Ab 0.623869717121 1.09669268131 0.605338573456 0.643896400928
Ad 1.00397276878 1.03687500954 1.08938062191 1.29312074184
Ag 0.619597613811 0.730406820774 0.563715398312 0.302953183651
At 0.994206905365 -0.206380531192 0.441377669573 0.756699085236
as 0.0 0.0746268630028 0.0 0.0
bs 0.533333361149 1.0 0.769230782986 0.552631556988
ds 0.561403512955 0.595744669437 0.659574449062 0.8125
gs 0.820512831211 0.135135129094 0.888888895512 0.0
ts 0.881818175316 0.0530973449349 0.515789449215 0.489583343267
eeg 845.519897461 809.330322266 810.975280762 853.744812012
eeg 843.874938965 817.555236816 804.395385742 852.09979248
eeg 838.940002441 806.040344238 807.68536377 850.454833984
eeg 845.519897461 814.265258789 824.135131836 857.034729004
eeg 842.229919434 814.265258789 827.425109863 858.679748535
eeg 852.09979248 822.49017334 822.49017334 861.969726562
eeg 845.519897461 817.555236816 814.265258789 857.034729004
eeg 855.389770508 812.620300293 815.91027832 858.679748535
eeg 843.874938965 812.620300293 814.265258789 857.034729004
eeg 843.874938965 814.265258789 819.200195312 848.809875488
eeg 847.164855957 824.135131836 814.265258789 850.454833984
eeg 843.874938965 812.620300293 810.975280762 852.09979248
eeg 853.744812012 807.68536377 807.68536377 850.454833984
eeg 850.454833984 804.395385742 806.040344238 850.454833984
eeg 847.164855957 809.330322266 815.91027832 852.09979248
eeg 861.969726562 802.750427246 827.425109863 861.969726562
eeg 852.09979248 809.330322266 834.005004883 861.969726562
eeg 847.164855957 817.555236816 815.91027832 855.389770508
eeg 834.005004883 820.845214844 799.460449219 847.164855957
eeg 837.29498291 817.555236816 796.170471191 845.519897461
eeg 842.229919434 815.91027832 802.750427246 850.454833984
eeg 853.744812012 814.265258789 822.49017334 861.969726562
a 0.0470442958176 0.0209634359926 0.0330669991672 0.0526045821607
b 0.141479119658 0.416374206543 0.170886337757 0.131371930242
d 0.33946532011 0.362799108028 0.525002360344 0.58576965332
g 0.140094220638 0.17914223671 0.150116562843 0.0599182844162
t 0.331917047501 0.0207209959626 0.120927721262 0.170335531235
h 1.0 1.0 1.0 1.0
c 0.186188369989
Aa 0.145684346557 -0.20132869482 -0.107538707554 0.246417403221
Ab 0.623869717121 1.09669268131 0.605773806572 0.643896400928
Ad 1.00397276878 1.03687500954 1.0932277441 1.29312074184
Ag 0.619597613811 0.730406820774 0.549495100975 0.302953183651
At 0.994206905365 -0.206380531192 0.455592364073 0.756699085236
as 0.0 0.0746268630028 0.0 0.0
bs 0.533333361149 1.0 0.769230782986 0.552631556988
ds 0.561403512955 0.595744669437 0.659574449062 0.8125
gs 0.820512831211 0.135135129094 0.85185188055 0.0
ts 0.881818175316 0.0530973449349 0.521276593208 0.489583343267
eeg 848.809875488 806.040344238 825.780151367 857.034729004
eeg 847.164855957 809.330322266 825.780151367 865.259643555
eeg 850.454833984 801.105407715 825.780151367 868.549621582
eeg 866.904663086 801.105407715 820.845214844 868.549621582
eeg 855.389770508 804.395385742 812.620300293 861.969726562
eeg 850.454833984 819.200195312 815.91027832 863.614685059
eeg 847.164855957 822.49017334 810.975280762 860.324707031
eeg 842.229919434 820.845214844 806.040344238 852.09979248
eeg 853.744812012 825.780151367 810.975280762 858.679748535
eeg 842.229919434 824.135131836 814.265258789 858.679748535
eeg 848.809875488 824.135131836 819.200195312 865.259643555
eeg 843.874938965 820.845214844 815.91027832 863.614685059
eeg 847.164855957 809.330322266 820.845214844 863.614685059
eeg 847.164855957 801.105407715 825.780151367 857.034729004
eeg 843.874938965 801.105407715 822.49017334 853.744812012
eeg 834.005004883 812.620300293 817.555236816 843.874938965
eeg 834.005004883 812.620300293 814.265258789 855.389770508
eeg 835.650024414 820.845214844 806.040344238 837.29498291
eeg 829.070068359 820.845214844 820.845214844 848.809875488
eeg 837.29498291 807.68536377 827.425109863 863.614685059
eeg 827.425109863 827.425109863 807.68536377 842.229919434
eeg 827.425109863 814.265258789 809.330322266 848.809875488
a 0.0470442958176 0.0209634359926 0.0355437770486 0.0526045821607
b 0.141479119658 0.416374206543 0.168267607689 0.131371930242
d 0.33946532011 0.362799108028 0.527685821056 0.58576965332
g 0.140094220638 0.17914223671 0.142708227038 0.0599182844162
t 0.331917047501 0.0207209959626 0.125794559717 0.170335531235
h 1.0 1.0 1.0 1.0
c 0.186188369989
Aa 0.145684346557 -0.20132869482 -0.0742222815752 0.246417403221
Ab 0.623869717121 1.09669268131 0.60101467371 0.643896400928
Ad 1.00397276878 1.03687500954 1.09738957882 1.29312074184
Ag 0.619597613811 0.730406820774 0.529463112354 0.302953183651
At 0.994206905365 -0.206380531192 0.474676012993 0.756699085236
as 0.0 0.0746268630028 0.0410958901048 0.0
bs 0.533333361149 1.0 0.769230782986 0.552631556988
ds 0.561403512955 0.595744669437 0.659574449062 0.8125
gs 0.820512831211 0.135135129094 0.777777791023 0.0
ts 0.881818175316 0.0530973449349 0.542553186417 0.489583343267
eeg 819.200195312 814.265258789 815.91027832 824.135131836
eeg 822.49017334 820.845214844 806.040344238 810.975280762
eeg 812.620300293 824.135131836 829.070068359 822.49017334
eeg 829.070068359 822.49017334 834.005004883 835.650024414
eeg 820.845214844 835.650024414 819.200195312 825.780151367
eeg 827.425109863 838.940002441 819.200195312 827.425109863
eeg 835.650024414 835.650024414 799.460449219 832.360046387
eeg 827.425109863 863.614685059 804.395385742 830.715087891
eeg 822.49017334 853.744812012 822.49017334 834.005004883
eeg 825.780151367 861.969726562 834.005004883 832.360046387
eeg 820.845214844 876.774536133 822.49017334 825.780151367
eeg 838.940002441 878.419494629 820.845214844 842.229919434
eeg 834.005004883 871.839599609 820.845214844 842.229919434
eeg 830.715087891 893.224304199 834.005004883 837.29498291
eeg 819.200195312 896.514282227 824.135131836 825.780151367
eeg 820.845214844 908.029174805 825.780151367 827.425109863
eeg 830.715087891 922.833984375 840.584960938 827.425109863
eeg 852.09979248 914.609069824 853.744812012 847.164855957
eeg 829.070068359 906.384155273 847.164855957 834.005004883
eeg 820.845214844 922.833984375 840.584960938 830.715087891
eeg 827.425109863 944.218688965 853.744812012 843.874938965
eeg 819.200195312 919.544006348 855.389770508 834.005004883
a 0.0470442958176 0.0209634359926 0.0390329994261 0.0526045821607
b 0.141479119658 0.416374206543 0.164252489805 0.131371930242
d 0.33946532011 0.362799108028 0.531575143337 0.58576965332
g 0.140094220638 0.17914223671 0.134009987116 0.0599182844162
t 0.331917047501 0.0207209959626 0.131129354239 0.170335531235
h 1.0 1.0 1.0 1.0
c 0.186188369989
Aa 0.145684346557 -0.20132869482 -0.0329943113029 0.246417403221
Ab 0.623869717121 1.09669268131 0.591085731983 0.643896400928
Ad 1.00397276878 1.03687500954 1.10113847256 1.29312074184
Ag 0.619597613811 0.730406820774 0.502710938454 0.302953183651
At 0.994206905365 -0.206380531192 0.493273705244 0.756699085236
as 0.0 0.0746268630028 0.109589040279 0.0
bs 0.533333361149 1.0 0.72000002861 0.552631556988
ds 0.561403512955 0.595744669437 0.670212745667 0.8125
gs 0.820512831211 0.135135129094 0.666666686535 0.0
ts 0.881818175316 0.0530973449349 0.563829779625 0.489583343267
eeg 827.425109863 937.638793945 843.874938965 829.070068359
eeg 838.940002441 973.828369141 865.259643555 842.229919434
eeg 827.425109863 985.343200684 861.969726562 840.584960938
eeg 822.49017334 998.503051758 847.164855957 829.070068359
eeg 842.229919434 991.923156738 888.289367676 861.969726562
eeg 834.005004883 965.60345459 865.259643555 847.164855957
eeg 815.91027832 995.213134766 870.194580078 829.070068359
eeg 829.070068359 1031.40270996 912.964111328 837.29498291
eeg 824.135131836 1047.85253906 924.478942871 838.940002441
eeg 809.330322266 1031.40270996 894.86932373 819.200195312
eeg 868.549621582 1037.98254395 935.993835449 876.774536133
eeg 799.460449219 1075.81713867 886.64440918 812.620300293
eeg 802.750427246 1075.81713867 896.514282227 810.975280762
eeg 794.525512695 1112.00671387 909.674133301 806.040344238
eeg 801.105407715 1141.61633301 924.478942871 807.68536377
eeg 822.49017334 1148.19628906 932.703857422 827.425109863
eeg 817.555236816 1197.5456543 959.02355957 827.425109863
eeg 810.975280762 1237.02526855 1011.66290283 824.135131836
eeg 810.975280762 1261.69995117 1037.98254395 822.49017334
eeg 820.845214844 1306.11437988 1090.62194824 827.425109863
eeg 847.164855957 1342.30395508 1169.58105469 860.324707031
eeg 832.360046387 1358.75378418 1195.90075684 843.874938965
a 0.0470442958176 0.0209634359926 0.0620721876621 0.0526045821607
b 0.141479119658 0.416374206543 0.159496352077 0.131371930242
d 0.33946532011 0.362799108028 0.519759714603 0.58576965332
g 0.140094220638 0.17914223671 0.122973419726 0.0599182844162
t 0.331917047501 0.0207209959626 0.135698333383 0.170335531235
h 1.0 1.0 1.0 1.0
c 0.186188369989
Aa 0.145684346557 -0.20132869482 0.181240200996 0.246417403221
Ab 0.623869717121 1.09669268131 0.59109389782 0.643896400928
Ad 1.00397276878 1.03687500954 1.1041457653 1.29312074184
Ag 0.619597613811 0.730406820774 0.47815439105 0.302953183651
At 0.994206905365 -0.206380531192 0.520917654037 0.756699085236
as 0.0 0.0746268630028 0.397260278463 0.0
bs 0.533333361149 1.0 0.72000002861 0.552631556988
ds 0.561403512955 0.595744669437 0.666666686535 0.8125
gs 0.820512831211 0.135135129094 0.592592597008 0.0
ts 0.881818175316 0.0530973449349 0.586956501007 0.489583343267
eeg 829.070068359 1409.74816895 1222.22033691 835.650024414
eeg 761.625915527 1424.55297852 1222.22033691 774.785766602
eeg 776.430725098 1467.32250977 1274.85974121 786.300598145
eeg 796.170471191 1496.93212891 1327.49914551 799.460449219
eeg 799.460449219 1513.38195801 1353.81884766 789.590576172
eeg 814.265258789 1541.34655762 1406.45825195 809.330322266
eeg 817.555236816 1567.66625977 1432.77783203 810.975280762
eeg 819.200195312 1589.05102539 1485.41723633 822.49017334
eeg 812.620300293 1587.40600586 1511.73693848 809.330322266
eeg 807.68536377 1605.50085449 1564.37634277 801.105407715
