832.360046387 812.620300293 832.360046387 835.650024414
820.845214844 810.975280762 835.650024414 829.070068359
827.425109863 810.975280762 825.780151367 842.229919434
829.070068359 799.460449219 815.91027832 840.584960938
827.425109863 810.975280762 827.425109863 840.584960938
834.005004883 814.265258789 830.715087891 840.584960938
838.940002441 807.68536377 838.940002441 840.584960938
829.070068359 796.170471191 827.425109863 840.584960938
824.135131836 791.235534668 832.360046387 830.715087891
834.005004883 799.460449219 827.425109863 835.650024414
824.135131836 792.880554199 840.584960938 825.780151367
834.005004883 797.815490723 838.940002441 829.070068359
835.650024414 792.880554199 832.360046387 840.584960938
822.49017334 796.170471191 835.650024414 834.005004883
824.135131836 802.750427246 834.005004883 825.780151367
829.070068359 794.525512695 829.070068359 835.650024414
827.425109863 786.300598145 829.070068359 827.425109863
829.070068359 789.590576172 834.005004883 830.715087891
820.845214844 791.235534668 832.360046387 838.940002441
815.91027832 792.880554199 830.715087891 822.49017334
825.780151367 794.525512695 829.070068359 824.135131836
824.135131836 794.525512695 814.265258789 837.29498291
820.845214844 791.235534668 825.780151367 824.135131836
825.780151367 799.460449219 829.070068359 829.070068359
825.780151367 796.170471191 827.425109863 825.780151367
827.425109863 789.590576172 822.49017334 829.070068359
819.200195312 779.720703125 819.200195312 835.650024414
827.425109863 778.075683594 824.135131836 829.070068359
814.265258789 781.365661621 824.135131836 824.135131836
812.620300293 786.300598145 822.49017334 824.135131836
820.845214844 784.655639648 815.91027832 829.070068359
819.200195312 781.365661621 809.330322266 830.715087891
822.49017334 783.010620117 812.620300293 829.070068359
822.49017334 784.655639648 814.265258789 829.070068359
825.780151367 786.300598145 814.265258789 835.650024414
817.555236816 783.010620117 815.91027832 835.650024414
824.135131836 776.430725098 814.265258789 838.940002441
817.555236816 771.495788574 807.68536377 829.070068359
822.49017334 778.075683594 810.975280762 825.780151367
820.845214844 773.14074707 809.330322266 840.584960938
814.265258789 774.785766602 812.620300293 832.360046387
820.845214844 781.365661621 820.845214844 835.650024414
827.425109863 774.785766602 817.555236816 845.519897461
824.135131836 783.010620117 820.845214844 829.070068359
824.135131836 784.655639648 814.265258789 843.874938965
817.555236816 781.365661621 814.265258789 845.519897461
812.620300293 783.010620117 814.265258789 830.715087891
830.715087891 783.010620117 807.68536377 843.874938965
835.650024414 783.010620117 819.200195312 843.874938965
838.940002441 792.880554199 824.135131836 838.940002441
845.519897461 791.235534668 817.555236816 850.454833984
838.940002441 796.170471191 832.360046387 838.940002441
834.005004883 789.590576172 827.425109863 840.584960938
829.070068359 783.010620117 827.425109863 837.29498291
830.715087891 779.720703125 825.780151367 847.164855957
827.425109863 791.235534668 829.070068359 842.229919434
824.135131836 797.815490723 827.425109863 840.584960938
832.360046387 797.815490723 829.070068359 840.584960938
832.360046387 802.750427246 835.650024414 837.29498291
845.519897461 807.68536377 824.135131836 857.034729004
847.164855957 804.395385742 817.555236816 857.034729004
843.874938965 802.750427246 824.135131836 838.940002441
829.070068359 789.590576172 814.265258789 837.29498291
819.200195312 783.010620117 817.555236816 835.650024414
814.265258789 787.945556641 827.425109863 830.715087891
825.780151367 789.590576172 829.070068359 857.034729004
829.070068359 786.300598145 843.874938965 843.874938965
832.360046387 792.880554199 835.650024414 842.229919434
827.425109863 794.525512695 830.715087891 850.454833984
817.555236816 802.750427246 835.650024414 837.29498291
830.715087891 796.170471191 825.780151367 843.874938965
829.070068359 792.880554199 827.425109863 845.519897461
840.584960938 799.460449219 824.135131836 852.09979248
840.584960938 801.105407715 827.425109863 853.744812012
837.29498291 815.91027832 832.360046387 848.809875488
832.360046387 810.975280762 820.845214844 853.744812012
832.360046387 812.620300293 824.135131836 840.584960938
847.164855957 817.555236816 819.200195312 850.454833984
838.940002441 812.620300293 820.845214844 845.519897461
840.584960938 810.975280762 830.715087891 842.229919434
832.360046387 804.395385742 825.780151367 843.874938965
837.29498291 794.525512695 822.49017334 847.164855957
834.005004883 806.040344238 824.135131836 840.584960938
837.29498291 809.330322266 824.135131836 840.584960938
825.780151367 807.68536377 824.135131836 837.29498291
822.49017334 802.750427246 827.425109863 843.874938965
827.425109863 796.170471191 822.49017334 843.874938965
830.715087891 804.395385742 812.620300293 840.584960938
819.200195312 810.975280762 820.845214844 820.845214844
820.845214844 822.49017334 834.005004883 822.49017334
827.425109863 822.49017334 825.780151367 827.425109863
834.005004883 814.265258789 829.070068359 837.29498291
835.650024414 807.68536377 829.070068359 847.164855957
830.715087891 801.105407715 832.360046387 837.29498291
825.780151367 809.330322266 840.584960938 835.650024414
842.229919434 815.91027832 842.229919434 837.29498291
850.454833984 815.91027832 822.49017334 847.164855957
840.584960938 815.91027832 817.555236816 853.744812012
847.164855957 822.49017334 825.780151367 853.744812012
855.389770508 829.070068359 822.49017334 863.614685059
848.809875488 825.780151367 822.49017334 858.679748535
845.519897461 829.070068359 815.91027832 857.034729004
843.874938965 824.135131836 806.040344238 858.679748535
834.005004883 822.49017334 819.200195312 843.874938965
837.29498291 822.49017334 817.555236816 840.584960938
838.940002441 819.200195312 809.330322266 843.874938965
830.715087891 817.555236816 804.395385742 855.389770508
830.715087891 820.845214844 809.330322266 853.744812012
838.940002441 825.780151367 815.91027832 853.744812012
834.005004883 819.200195312 820.845214844 857.034729004
847.164855957 825.780151367 822.49017334 855.389770508
843.874938965 832.360046387 832.360046387 852.09979248
850.454833984 829.070068359 843.874938965 850.454833984
847.164855957 824.135131836 845.519897461 843.874938965
842.229919434 819.200195312 837.29498291 842.229919434
827.425109863 817.555236816 825.780151367 837.29498291
824.135131836 812.620300293 814.265258789 825.780151367
819.200195312 810.975280762 815.91027832 822.49017334
819.200195312 809.330322266 812.620300293 827.425109863
819.200195312 804.395385742 817.555236816 834.005004883
806.040344238 794.525512695 810.975280762 834.005004883
804.395385742 792.880554199 810.975280762 825.780151367
801.105407715 802.750427246 824.135131836 820.845214844
809.330322266 809.330322266 825.780151367 819.200195312
812.620300293 815.91027832 829.070068359 825.780151367
820.845214844 812.620300293 825.780151367 832.360046387
822.49017334 810.975280762 830.715087891 832.360046387
824.135131836 806.040344238 824.135131836 835.650024414
820.845214844 796.170471191 827.425109863 827.425109863
834.005004883 797.815490723 817.555236816 838.940002441
835.650024414 802.750427246 819.200195312 840.584960938
817.555236816 814.265258789 829.070068359 840.584960938
832.360046387 819.200195312 827.425109863 852.09979248
830.715087891 820.845214844 830.715087891 852.09979248
827.425109863 815.91027832 830.715087891 852.09979248
827.425109863 812.620300293 832.360046387 845.519897461
801.105407715 820.845214844 832.360046387 830.715087891
802.750427246 812.620300293 824.135131836 838.940002441
812.620300293 814.265258789 832.360046387 834.005004883
812.620300293 824.135131836 825.780151367 832.360046387
809.330322266 812.620300293 820.845214844 835.650024414
815.91027832 807.68536377 819.200195312 834.005004883
810.975280762 817.555236816 824.135131836 834.005004883
824.135131836 825.780151367 824.135131836 848.809875488
829.070068359 825.780151367 820.845214844 840.584960938
820.845214844 822.49017334 820.845214844 834.005004883
824.135131836 815.91027832 820.845214844 830.715087891
825.780151367 810.975280762 810.975280762 830.715087891
829.070068359 815.91027832 810.975280762 832.360046387
832.360046387 809.330322266 802.750427246 843.874938965
825.780151367 804.395385742 801.105407715 837.29498291
820.845214844 809.330322266 807.68536377 835.650024414
834.005004883 802.750427246 797.815490723 850.454833984
825.780151367 812.620300293 801.105407715 834.005004883
829.070068359 814.265258789 807.68536377 830.715087891
827.425109863 806.040344238 807.68536377 830.715087891
817.555236816 809.330322266 812.620300293 827.425109863
822.49017334 806.040344238 812.620300293 834.005004883
827.425109863 802.750427246 819.200195312 840.584960938
822.49017334 807.68536377 822.49017334 840.584960938
832.360046387 810.975280762 825.780151367 852.09979248
837.29498291 815.91027832 830.715087891 850.454833984
837.29498291 804.395385742 829.070068359 858.679748535
845.519897461 810.975280762 830.715087891 855.389770508
848.809875488 815.91027832 830.715087891 855.389770508
838.940002441 820.845214844 829.070068359 850.454833984
848.809875488 829.070068359 829.070068359 860.324707031
840.584960938 819.200195312 829.070068359 845.519897461
847.164855957 806.040344238 824.135131836 840.584960938
840.584960938 815.91027832 845.519897461 835.650024414
834.005004883 827.425109863 852.09979248 825.780151367
835.650024414 829.070068359 850.454833984 845.519897461
847.164855957 820.845214844 848.809875488 857.034729004
865.259643555 825.780151367 845.519897461 861.969726562
855.389770508 824.135131836 847.164855957 847.164855957
853.744812012 824.135131836 847.164855957 840.584960938
852.09979248 824.135131836 830.715087891 850.454833984
830.715087891 804.395385742 829.070068359 842.229919434
825.780151367 806.040344238 829.070068359 857.034729004
834.005004883 820.845214844 830.715087891 847.164855957
838.940002441 815.91027832 829.070068359 852.09979248
843.874938965 814.265258789 822.49017334 852.09979248
845.519897461 810.975280762 810.975280762 860.324707031
845.519897461 801.105407715 809.330322266 860.324707031
842.229919434 807.68536377 814.265258789 850.454833984
845.519897461 809.330322266 815.91027832 852.09979248
840.584960938 810.975280762 815.91027832 858.679748535
832.360046387 822.49017334 820.845214844 853.744812012
847.164855957 824.135131836 812.620300293 857.034729004
857.034729004 820.845214844 817.555236816 868.549621582
855.389770508 822.49017334 825.780151367 858.679748535
855.389770508 820.845214844 824.135131836 857.034729004
847.164855957 815.91027832 822.49017334 863.614685059
838.940002441 810.975280762 820.845214844 855.389770508
847.164855957 807.68536377 815.91027832 852.09979248
845.519897461 809.330322266 802.750427246 861.969726562
853.744812012 807.68536377 801.105407715 850.454833984
845.519897461 804.395385742 806.040344238 838.940002441
829.070068359 797.815490723 807.68536377 840.584960938
819.200195312 801.105407715 812.620300293 829.070068359
835.650024414 806.040344238 812.620300293 834.005004883
817.555236816 799.460449219 809.330322266 829.070068359
807.68536377 810.975280762 827.425109863 829.070068359
820.845214844 794.525512695 827.425109863 832.360046387
810.975280762 794.525512695 824.135131836 824.135131836
812.620300293 806.040344238 825.780151367 827.425109863
807.68536377 802.750427246 815.91027832 822.49017334
807.68536377 815.91027832 822.49017334 824.135131836
815.91027832 814.265258789 829.070068359 830.715087891
817.555236816 814.265258789 824.135131836 834.005004883
815.91027832 819.200195312 827.425109863 820.845214844
819.200195312 819.200195312 825.780151367 832.360046387
812.620300293 809.330322266 815.91027832 829.070068359
822.49017334 802.750427246 825.780151367 824.135131836
819.200195312 799.460449219 825.780151367 829.070068359
822.49017334 804.395385742 819.200195312 837.29498291
835.650024414 812.620300293 825.780151367 838.940002441
832.360046387 815.91027832 837.29498291 830.715087891
835.650024414 812.620300293 812.620300293 838.940002441
838.940002441 815.91027832 827.425109863 835.650024414
837.29498291 804.395385742 850.454833984 837.29498291
834.005004883 802.750427246 845.519897461 837.29498291
820.845214844 801.105407715 853.744812012 832.360046387
814.265258789 791.235534668 842.229919434 822.49017334
817.555236816 804.395385742 834.005004883 820.845214844
824.135131836 807.68536377 834.005004883 832.360046387
815.91027832 804.395385742 842.229919434 825.780151367
820.845214844 806.040344238 829.070068359 834.005004883
822.49017334 801.105407715 824.135131836 838.940002441
817.555236816 807.68536377 837.29498291 827.425109863
817.555236816 804.395385742 832.360046387 835.650024414
812.620300293 797.815490723 834.005004883 824.135131836
815.91027832 792.880554199 834.005004883 834.005004883
810.975280762 792.880554199 834.005004883 834.005004883
819.200195312 796.170471191 817.555236816 830.715087891
807.68536377 794.525512695 822.49017334 840.584960938
797.815490723 789.590576172 829.070068359 814.265258789
799.460449219 801.105407715 830.715087891 810.975280762
791.235534668 806.040344238 840.584960938 825.780151367
801.105407715 806.040344238 825.780151367 822.49017334
806.040344238 804.395385742 827.425109863 827.425109863
810.975280762 806.040344238 837.29498291 820.845214844
817.555236816 802.750427246 827.425109863 820.845214844
810.975280762 812.620300293 829.070068359 824.135131836
807.68536377 807.68536377 829.070068359 827.425109863
809.330322266 799.460449219 830.715087891 829.070068359
815.91027832 802.750427246 837.29498291 835.650024414
832.360046387 794.525512695 838.940002441 840.584960938
825.780151367 799.460449219 830.715087891 847.164855957
812.620300293 799.460449219 835.650024414 825.780151367
806.040344238 802.750427246 847.164855957 815.91027832
819.200195312 812.620300293 845.519897461 832.360046387
832.360046387 812.620300293 838.940002441 840.584960938
838.940002441 809.330322266 834.005004883 853.744812012
829.070068359 819.200195312 843.874938965 847.164855957
825.780151367 810.975280762 842.229919434 838.940002441
815.91027832 810.975280762 850.454833984 832.360046387
810.975280762 799.460449219 835.650024414 820.845214844
812.620300293 792.880554199 835.650024414 824.135131836
812.620300293 789.590576172 838.940002441 832.360046387
809.330322266 796.170471191 848.809875488 825.780151367
801.105407715 817.555236816 850.454833984 822.49017334
812.620300293 810.975280762 827.425109863 824.135131836
797.815490723 797.815490723 830.715087891 825.780151367
807.68536377 794.525512695 834.005004883 835.650024414
810.975280762 794.525512695 840.584960938 830.715087891
801.105407715 797.815490723 840.584960938 835.650024414
817.555236816 802.750427246 835.650024414 825.780151367
824.135131836 792.880554199 819.200195312 835.650024414
812.620300293 792.880554199 809.330322266 829.070068359
812.620300293 797.815490723 815.91027832 819.200195312
807.68536377 789.590576172 810.975280762 825.780151367
814.265258789 789.590576172 819.200195312 825.780151367
812.620300293 786.300598145 834.005004883 825.780151367
825.780151367 787.945556641 824.135131836 834.005004883
827.425109863 792.880554199 820.845214844 834.005004883
825.780151367 792.880554199 817.555236816 832.360046387
817.555236816 792.880554199 807.68536377 834.005004883
824.135131836 801.105407715 797.815490723 834.005004883
824.135131836 799.460449219 801.105407715 843.874938965
817.555236816 794.525512695 815.91027832 845.519897461
837.29498291 792.880554199 815.91027832 845.519897461
830.715087891 789.590576172 820.845214844 848.809875488
830.715087891 794.525512695 825.780151367 842.229919434
835.650024414 783.010620117 815.91027832 845.519897461
827.425109863 786.300598145 824.135131836 837.29498291
829.070068359 784.655639648 820.845214844 837.29498291
829.070068359 786.300598145 810.975280762 838.940002441
842.229919434 804.395385742 825.780151367 840.584960938
835.650024414 807.68536377 824.135131836 843.874938965
840.584960938 801.105407715 812.620300293 845.519897461
834.005004883 804.395385742 815.91027832 842.229919434
825.780151367 807.68536377 819.200195312 850.454833984
837.29498291 806.040344238 814.265258789 845.519897461
827.425109863 802.750427246 792.880554199 850.454833984
820.845214844 797.815490723 794.525512695 838.940002441
827.425109863 799.460449219 783.010620117 843.874938965
829.070068359 809.330322266 792.880554199 840.584960938
815.91027832 810.975280762 822.49017334 824.135131836
809.330322266 799.460449219 812.620300293 824.135131836
814.265258789 794.525512695 814.265258789 825.780151367
815.91027832 794.525512695 809.330322266 835.650024414
819.200195312 794.525512695 804.395385742 848.809875488
822.49017334 799.460449219 804.395385742 848.809875488
814.265258789 796.170471191 825.780151367 847.164855957
824.135131836 806.040344238 834.005004883 850.454833984
835.650024414 810.975280762 830.715087891 850.454833984
842.229919434 817.555236816 838.940002441 852.09979248
835.650024414 819.200195312 834.005004883 855.389770508
827.425109863 802.750427246 824.135131836 855.389770508
827.425109863 807.68536377 830.715087891 843.874938965
820.845214844 801.105407715 829.070068359 850.454833984
835.650024414 804.395385742 825.780151367 845.519897461
840.584960938 812.620300293 820.845214844 863.614685059
850.454833984 810.975280762 827.425109863 870.194580078
842.229919434 812.620300293 825.780151367 873.484558105
840.584960938 820.845214844 845.519897461 863.614685059
835.650024414 819.200195312 840.584960938 858.679748535
842.229919434 814.265258789 842.229919434 855.389770508
855.389770508 807.68536377 834.005004883 855.389770508
850.454833984 806.040344238 830.715087891 865.259643555
858.679748535 817.555236816 848.809875488 865.259643555
847.164855957 837.29498291 827.425109863 866.904663086
855.389770508 835.650024414 842.229919434 871.839599609
855.389770508 819.200195312 875.129516602 866.904663086
855.389770508 817.555236816 878.419494629 857.034729004
855.389770508 820.845214844 888.289367676 863.614685059
855.389770508 812.620300293 858.679748535 865.259643555
850.454833984 814.265258789 848.809875488 865.259643555
850.454833984 794.525512695 845.519897461 875.129516602
842.229919434 801.105407715 848.809875488 858.679748535
842.229919434 809.330322266 857.034729004 863.614685059
845.519897461 806.040344238 850.454833984 863.614685059
852.09979248 812.620300293 865.259643555 855.389770508
860.324707031 797.815490723 861.969726562 875.129516602
845.519897461 796.170471191 852.09979248 873.484558105
843.874938965 799.460449219 850.454833984 860.324707031
845.519897461 807.68536377 855.389770508 858.679748535
852.09979248 796.170471191 843.874938965 857.034729004
842.229919434 802.750427246 827.425109863 853.744812012
832.360046387 806.040344238 835.650024414 861.969726562
845.519897461 799.460449219 835.650024414 861.969726562
842.229919434 810.975280762 838.940002441 858.679748535
853.744812012 799.460449219 838.940002441 861.969726562
848.809875488 786.300598145 832.360046387 886.64440918
857.034729004 796.170471191 842.229919434 876.774536133
876.774536133 815.91027832 840.584960938 870.194580078
850.454833984 825.780151367 820.845214844 838.940002441
838.940002441 838.940002441 809.330322266 834.005004883
835.650024414 845.519897461 789.590576172 827.425109863
850.454833984 840.584960938 783.010620117 834.005004883
845.519897461 848.809875488 774.785766602 832.360046387
845.519897461 852.09979248 756.690979004 824.135131836
843.874938965 873.484558105 748.466064453 814.265258789
843.874938965 880.064453125 728.726318359 804.395385742
840.584960938 871.839599609 717.211425781 791.235534668
835.650024414 878.419494629 710.631530762 787.945556641
842.229919434 878.419494629 697.471679688 794.525512695
855.389770508 884.999450684 707.341552734 797.815490723
855.389770508 883.354431152 708.98651123 806.040344238
857.034729004 868.549621582 704.051574707 810.975280762
850.454833984 860.324707031 705.696594238 802.750427246
855.389770508 855.389770508 710.631530762 820.845214844
860.324707031 848.809875488 723.791320801 822.49017334
858.679748535 857.034729004 738.596191406 819.200195312
860.324707031 853.744812012 738.596191406 835.650024414
861.969726562 858.679748535 745.176086426 827.425109863
868.549621582 865.259643555 753.401000977 832.360046387
878.419494629 857.034729004 759.980895996 847.164855957
875.129516602 847.164855957 755.045959473 855.389770508
866.904663086 850.454833984 758.3359375 840.584960938
870.194580078 848.809875488 763.270874023 838.940002441
871.839599609 845.519897461 756.690979004 858.679748535
875.129516602 852.09979248 771.495788574 850.454833984
888.289367676 847.164855957 764.91583252 860.324707031
868.549621582 842.229919434 771.495788574 855.389770508
863.614685059 843.874938965 779.720703125 857.034729004
866.904663086 838.940002441 773.14074707 858.679748535
865.259643555 843.874938965 786.300598145 852.09979248
868.549621582 853.744812012 791.235534668 850.454833984
868.549621582 852.09979248 797.815490723 853.744812012
876.774536133 848.809875488 797.815490723 873.484558105
866.904663086 837.29498291 801.105407715 866.904663086
863.614685059 835.650024414 807.68536377 858.679748535
843.874938965 840.584960938 804.395385742 848.809875488
845.519897461 824.135131836 796.170471191 848.809875488
853.744812012 817.555236816 787.945556641 857.034729004
857.034729004 814.265258789 783.010620117 845.519897461
853.744812012 815.91027832 792.880554199 852.09979248
850.454833984 814.265258789 792.880554199 857.034729004
852.09979248 810.975280762 787.945556641 857.034729004
847.164855957 817.555236816 797.815490723 861.969726562
852.09979248 825.780151367 812.620300293 853.744812012
848.809875488 830.715087891 830.715087891 852.09979248
860.324707031 824.135131836 827.425109863 870.194580078
866.904663086 827.425109863 830.715087891 860.324707031
858.679748535 830.715087891 824.135131836 860.324707031
855.389770508 830.715087891 825.780151367 858.679748535
861.969726562 830.715087891 830.715087891 863.614685059
863.614685059 814.265258789 815.91027832 866.904663086
848.809875488 819.200195312 819.200195312 857.034729004
843.874938965 820.845214844 819.200195312 852.09979248
842.229919434 820.845214844 825.780151367 850.454833984
850.454833984 827.425109863 827.425109863 855.389770508
858.679748535 825.780151367 815.91027832 871.839599609
855.389770508 829.070068359 819.200195312 860.324707031
853.744812012 822.49017334 824.135131836 855.389770508
847.164855957 822.49017334 822.49017334 857.034729004
843.874938965 822.49017334 827.425109863 853.744812012
847.164855957 822.49017334 830.715087891 850.454833984
853.744812012 817.555236816 824.135131836 852.09979248
847.164855957 824.135131836 834.005004883 842.229919434
852.09979248 825.780151367 829.070068359 845.519897461
843.874938965 817.555236816 834.005004883 847.164855957
842.229919434 825.780151367 840.584960938 847.164855957
847.164855957 815.91027832 832.360046387 857.034729004
845.519897461 814.265258789 834.005004883 850.454833984
834.005004883 820.845214844 834.005004883 848.809875488
840.584960938 820.845214844 832.360046387 847.164855957
830.715087891 820.845214844 838.940002441 843.874938965
825.780151367 819.200195312 845.519897461 843.874938965
840.584960938 807.68536377 825.780151367 852.09979248
830.715087891 815.91027832 835.650024414 842.229919434
837.29498291 815.91027832 837.29498291 843.874938965
838.940002441 817.555236816 835.650024414 852.09979248
838.940002441 810.975280762 840.584960938 852.09979248
840.584960938 820.845214844 850.454833984 853.744812012
847.164855957 825.780151367 847.164855957 858.679748535
845.519897461 830.715087891 845.519897461 850.454833984
853.744812012 827.425109863 835.650024414 863.614685059
842.229919434 829.070068359 825.780151367 850.454833984
832.360046387 819.200195312 827.425109863 843.874938965
824.135131836 817.555236816 837.29498291 847.164855957
814.265258789 815.91027832 835.650024414 830.715087891
824.135131836 814.265258789 838.940002441 842.229919434
819.200195312 824.135131836 845.519897461 834.005004883
824.135131836 825.780151367 838.940002441 834.005004883
838.940002441 814.265258789 843.874938965 848.809875488
829.070068359 827.425109863 852.09979248 837.29498291
850.454833984 832.360046387 847.164855957 852.09979248
853.744812012 835.650024414 860.324707031 858.679748535
838.940002441 840.584960938 858.679748535 860.324707031
838.940002441 825.780151367 853.744812012 865.259643555
834.005004883 824.135131836 855.389770508 860.324707031
829.070068359 829.070068359 853.744812012 845.519897461
840.584960938 834.005004883 855.389770508 850.454833984
850.454833984 837.29498291 850.454833984 858.679748535
850.454833984 835.650024414 852.09979248 866.904663086
845.519897461 830.715087891 843.874938965 875.129516602
845.519897461 825.780151367 842.229919434 858.679748535
842.229919434 822.49017334 847.164855957 850.454833984
830.715087891 817.555236816 843.874938965 848.809875488
835.650024414 809.330322266 837.29498291 848.809875488
835.650024414 809.330322266 837.29498291 852.09979248
822.49017334 804.395385742 842.229919434 845.519897461
825.780151367 802.750427246 838.940002441 842.229919434
820.845214844 807.68536377 845.519897461 842.229919434
835.650024414 812.620300293 837.29498291 848.809875488
827.425109863 809.330322266 829.070068359 848.809875488
827.425109863 810.975280762 840.584960938 847.164855957
830.715087891 824.135131836 860.324707031 843.874938965
829.070068359 835.650024414 853.744812012 848.809875488
834.005004883 824.135131836 843.874938965 847.164855957
830.715087891 812.620300293 843.874938965 840.584960938
825.780151367 797.815490723 838.940002441 837.29498291
815.91027832 794.525512695 842.229919434 827.425109863
819.200195312 802.750427246 838.940002441 827.425109863
820.845214844 801.105407715 829.070068359 834.005004883
810.975280762 801.105407715 832.360046387 829.070068359
827.425109863 806.040344238 840.584960938 829.070068359
830.715087891 806.040344238 837.29498291 842.229919434
825.780151367 804.395385742 827.425109863 838.940002441
840.584960938 797.815490723 824.135131836 847.164855957
824.135131836 792.880554199 835.650024414 842.229919434
814.265258789 796.170471191 830.715087891 837.29498291
817.555236816 797.815490723 817.555236816 842.229919434
806.040344238 799.460449219 824.135131836 824.135131836
819.200195312 804.395385742 807.68536377 822.49017334
829.070068359 802.750427246 810.975280762 827.425109863
817.555236816 796.170471191 817.555236816 820.845214844
825.780151367 804.395385742 820.845214844 832.360046387
819.200195312 799.460449219 820.845214844 834.005004883
815.91027832 801.105407715 825.780151367 824.135131836
830.715087891 796.170471191 817.555236816 832.360046387
817.555236816 787.945556641 809.330322266 838.940002441
829.070068359 797.815490723 819.200195312 832.360046387
827.425109863 792.880554199 809.330322266 838.940002441
824.135131836 801.105407715 819.200195312 830.715087891
829.070068359 799.460449219 809.330322266 835.650024414
825.780151367 801.105407715 810.975280762 845.519897461
842.229919434 809.330322266 810.975280762 847.164855957
832.360046387 799.460449219 807.68536377 852.09979248
832.360046387 809.330322266 817.555236816 835.650024414
834.005004883 799.460449219 810.975280762 838.940002441
820.845214844 810.975280762 824.135131836 843.874938965
847.164855957 809.330322266 822.49017334 850.454833984
838.940002441 810.975280762 820.845214844 853.744812012
830.715087891 812.620300293 819.200195312 855.389770508
830.715087891 814.265258789 817.555236816 842.229919434
827.425109863 809.330322266 822.49017334 842.229919434
832.360046387 807.68536377 825.780151367 845.519897461
835.650024414 806.040344238 822.49017334 852.09979248
820.845214844 799.460449219 820.845214844 848.809875488
820.845214844 802.750427246 825.780151367 852.09979248
814.265258789 802.750427246 827.425109863 843.874938965
810.975280762 806.040344238 824.135131836 843.874938965
812.620300293 806.040344238 819.200195312 842.229919434
809.330322266 814.265258789 825.780151367 824.135131836
829.070068359 806.040344238 827.425109863 837.29498291
820.845214844 804.395385742 822.49017334 843.874938965
814.265258789 804.395385742 817.555236816 838.940002441
817.555236816 797.815490723 815.91027832 845.519897461
814.265258789 804.395385742 819.200195312 835.650024414
825.780151367 809.330322266 827.425109863 838.940002441
830.715087891 810.975280762 827.425109863 853.744812012
829.070068359 804.395385742 824.135131836 853.744812012
820.845214844 804.395385742 825.780151367 840.584960938
812.620300293 806.040344238 815.91027832 837.29498291
807.68536377 806.040344238 825.780151367 834.005004883
814.265258789 804.395385742 827.425109863 842.229919434
832.360046387 801.105407715 829.070068359 850.454833984
837.29498291 804.395385742 838.940002441 847.164855957
829.070068359 801.105407715 830.715087891 840.584960938
817.555236816 806.040344238 838.940002441 837.29498291
809.330322266 807.68536377 847.164855957 827.425109863
819.200195312 796.170471191 837.29498291 837.29498291
819.200195312 794.525512695 832.360046387 838.940002441
807.68536377 799.460449219 822.49017334 822.49017334
820.845214844 801.105407715 814.265258789 832.360046387
820.845214844 799.460449219 809.330322266 834.005004883
819.200195312 796.170471191 810.975280762 827.425109863
824.135131836 796.170471191 817.555236816 834.005004883
812.620300293 797.815490723 817.555236816 832.360046387
812.620300293 801.105407715 815.91027832 835.650024414
810.975280762 792.880554199 814.265258789 835.650024414
832.360046387 789.590576172 820.845214844 834.005004883
814.265258789 791.235534668 824.135131836 824.135131836
809.330322266 791.235534668 830.715087891 827.425109863
824.135131836 786.300598145 829.070068359 832.360046387
819.200195312 779.720703125 835.650024414 834.005004883
814.265258789 787.945556641 843.874938965 829.070068359
820.845214844 784.655639648 838.940002441 840.584960938
814.265258789 799.460449219 848.809875488 840.584960938
807.68536377 801.105407715 840.584960938 845.519897461
819.200195312 806.040344238 845.519897461 832.360046387
830.715087891 812.620300293 848.809875488 840.584960938
815.91027832 789.590576172 842.229919434 837.29498291
817.555236816 784.655639648 842.229919434 832.360046387
829.070068359 789.590576172 848.809875488 845.519897461
817.555236816 792.880554199 850.454833984 837.29498291
822.49017334 806.040344238 850.454833984 825.780151367
830.715087891 806.040344238 855.389770508 837.29498291
832.360046387 807.68536377 855.389770508 837.29498291
838.940002441 807.68536377 860.324707031 852.09979248
843.874938965 810.975280762 871.839599609 857.034729004
843.874938965 807.68536377 865.259643555 842.229919434
835.650024414 796.170471191 858.679748535 847.164855957
834.005004883 802.750427246 860.324707031 847.164855957
840.584960938 796.170471191 853.744812012 848.809875488
837.29498291 801.105407715 857.034729004 843.874938965
840.584960938 810.975280762 857.034729004 843.874938965
835.650024414 809.330322266 852.09979248 842.229919434
825.780151367 814.265258789 853.744812012 832.360046387
829.070068359 817.555236816 865.259643555 845.519897461
840.584960938 804.395385742 853.744812012 857.034729004
835.650024414 801.105407715 865.259643555 861.969726562
834.005004883 807.68536377 871.839599609 855.389770508
820.845214844 801.105407715 861.969726562 842.229919434
820.845214844 809.330322266 866.904663086 835.650024414
835.650024414 810.975280762 860.324707031 843.874938965
830.715087891 806.040344238 860.324707031 850.454833984
834.005004883 812.620300293 860.324707031 843.874938965
817.555236816 804.395385742 857.034729004 835.650024414
829.070068359 814.265258789 865.259643555 843.874938965
838.940002441 809.330322266 855.389770508 840.584960938
829.070068359 809.330322266 857.034729004 834.005004883
838.940002441 814.265258789 848.809875488 842.229919434
835.650024414 806.040344238 847.164855957 838.940002441
838.940002441 807.68536377 853.744812012 850.454833984
837.29498291 810.975280762 855.389770508 843.874938965
835.650024414 810.975280762 843.874938965 838.940002441
837.29498291 809.330322266 835.650024414 845.519897461
835.650024414 814.265258789 843.874938965 838.940002441
842.229919434 806.040344238 842.229919434 847.164855957
834.005004883 801.105407715 843.874938965 843.874938965
842.229919434 802.750427246 843.874938965 842.229919434
837.29498291 802.750427246 834.005004883 853.744812012
835.650024414 809.330322266 838.940002441 852.09979248
835.650024414 819.200195312 835.650024414 847.164855957
829.070068359 817.555236816 830.715087891 850.454833984
848.809875488 810.975280762 832.360046387 858.679748535
843.874938965 815.91027832 840.584960938 858.679748535
845.519897461 814.265258789 842.229919434 863.614685059
850.454833984 817.555236816 838.940002441 858.679748535
850.454833984 825.780151367 843.874938965 855.389770508
843.874938965 824.135131836 842.229919434 855.389770508
850.454833984 829.070068359 847.164855957 852.09979248
858.679748535 830.715087891 848.809875488 857.034729004
855.389770508 837.29498291 845.519897461 863.614685059
858.679748535 825.780151367 837.29498291 863.614685059
852.09979248 830.715087891 830.715087891 861.969726562
857.034729004 834.005004883 825.780151367 858.679748535
857.034729004 837.29498291 830.715087891 858.679748535
860.324707031 829.070068359 834.005004883 863.614685059
848.809875488 829.070068359 842.229919434 861.969726562
838.940002441 827.425109863 837.29498291 855.389770508
845.519897461 825.780151367 830.715087891 860.324707031
838.940002441 835.650024414 829.070068359 850.454833984
842.229919434 822.49017334 810.975280762 853.744812012
827.425109863 819.200195312 814.265258789 842.229919434
834.005004883 815.91027832 807.68536377 845.519897461
834.005004883 814.265258789 814.265258789 845.519897461
827.425109863 817.555236816 825.780151367 845.519897461
837.29498291 817.555236816 820.845214844 853.744812012
837.29498291 817.555236816 815.91027832 850.454833984
845.519897461 814.265258789 810.975280762 852.09979248
838.940002441 827.425109863 837.29498291 850.454833984
842.229919434 822.49017334 838.940002441 855.389770508
835.650024414 822.49017334 834.005004883 845.519897461
843.874938965 820.845214844 834.005004883 857.034729004
845.519897461 825.780151367 837.29498291 845.519897461
845.519897461 827.425109863 838.940002441 850.454833984
843.874938965 822.49017334 845.519897461 858.679748535
838.940002441 827.425109863 835.650024414 843.874938965
845.519897461 817.555236816 822.49017334 853.744812012
835.650024414 817.555236816 834.005004883 850.454833984
842.229919434 825.780151367 842.229919434 850.454833984
843.874938965 827.425109863 842.229919434 858.679748535
848.809875488 820.845214844 840.584960938 858.679748535
857.034729004 834.005004883 845.519897461 861.969726562
863.614685059 820.845214844 842.229919434 871.839599609
847.164855957 807.68536377 842.229919434 863.614685059
847.164855957 806.040344238 837.29498291 861.969726562
845.519897461 801.105407715 840.584960938 863.614685059
858.679748535 802.750427246 845.519897461 865.259643555
861.969726562 809.330322266 858.679748535 860.324707031
848.809875488 820.845214844 865.259643555 858.679748535
840.584960938 817.555236816 858.679748535 853.744812012
838.940002441 822.49017334 850.454833984 855.389770508
847.164855957 815.91027832 845.519897461 866.904663086
848.809875488 809.330322266 848.809875488 868.549621582
848.809875488 810.975280762 850.454833984 858.679748535
840.584960938 810.975280762 843.874938965 863.614685059
848.809875488 810.975280762 842.229919434 857.034729004
842.229919434 804.395385742 842.229919434 857.034729004
842.229919434 807.68536377 843.874938965 865.259643555
847.164855957 814.265258789 843.874938965 866.904663086
835.650024414 815.91027832 847.164855957 847.164855957
848.809875488 814.265258789 834.005004883 861.969726562
848.809875488 809.330322266 835.650024414 858.679748535
827.425109863 804.395385742 843.874938965 848.809875488
822.49017334 806.040344238 835.650024414 850.454833984
832.360046387 809.330322266 840.584960938 855.389770508
822.49017334 812.620300293 840.584960938 850.454833984
837.29498291 810.975280762 834.005004883 853.744812012
842.229919434 810.975280762 838.940002441 868.549621582
845.519897461 827.425109863 842.229919434 858.679748535
863.614685059 824.135131836 832.360046387 875.129516602
871.839599609 819.200195312 842.229919434 880.064453125
858.679748535 810.975280762 837.29498291 868.549621582
865.259643555 797.815490723 837.29498291 873.484558105
852.09979248 796.170471191 835.650024414 875.129516602
847.164855957 794.525512695 834.005004883 868.549621582
863.614685059 794.525512695 830.715087891 863.614685059
866.904663086 797.815490723 822.49017334 875.129516602
871.839599609 797.815490723 822.49017334 875.129516602
870.194580078 794.525512695 814.265258789 883.354431152
857.034729004 787.945556641 804.395385742 870.194580078
848.809875488 792.880554199 809.330322266 853.744812012
835.650024414 796.170471191 802.750427246 853.744812012
842.229919434 787.945556641 802.750427246 852.09979248
845.519897461 778.075683594 796.170471191 861.969726562
842.229919434 781.365661621 797.815490723 855.389770508
845.519897461 781.365661621 786.300598145 853.744812012
827.425109863 776.430725098 786.300598145 837.29498291
832.360046387 776.430725098 789.590576172 842.229919434
824.135131836 769.850830078 781.365661621 845.519897461
819.200195312 779.720703125 799.460449219 835.650024414
820.845214844 781.365661621 802.750427246 848.809875488
832.360046387 784.655639648 804.395385742 848.809875488
837.29498291 791.235534668 806.040344238 852.09979248
835.650024414 792.880554199 797.815490723 857.034729004
829.070068359 787.945556641 796.170471191 850.454833984
824.135131836 786.300598145 802.750427246 842.229919434
834.005004883 791.235534668 802.750427246 853.744812012
819.200195312 789.590576172 796.170471191 840.584960938
804.395385742 794.525512695 809.330322266 834.005004883
814.265258789 796.170471191 801.105407715 838.940002441
812.620300293 794.525512695 810.975280762 829.070068359
815.91027832 806.040344238 814.265258789 832.360046387
822.49017334 797.815490723 809.330322266 840.584960938
809.330322266 786.300598145 819.200195312 827.425109863
812.620300293 789.590576172 809.330322266 850.454833984
824.135131836 792.880554199 819.200195312 843.874938965
824.135131836 796.170471191 814.265258789 842.229919434
809.330322266 789.590576172 806.040344238 835.650024414
817.555236816 792.880554199 809.330322266 835.650024414
807.68536377 796.170471191 807.68536377 837.29498291
817.555236816 799.460449219 824.135131836 835.650024414
829.070068359 807.68536377 820.845214844 838.940002441
820.845214844 799.460449219 812.620300293 838.940002441
815.91027832 801.105407715 810.975280762 827.425109863
822.49017334 815.91027832 815.91027832 832.360046387
820.845214844 809.330322266 829.070068359 827.425109863
814.265258789 807.68536377 837.29498291 824.135131836
835.650024414 809.330322266 834.005004883 842.229919434
843.874938965 806.040344238 838.940002441 843.874938965
842.229919434 807.68536377 845.519897461 847.164855957
848.809875488 814.265258789 842.229919434 852.09979248
843.874938965 812.620300293 842.229919434 848.809875488
820.845214844 814.265258789 834.005004883 843.874938965
827.425109863 806.040344238 837.29498291 835.650024414
827.425109863 796.170471191 830.715087891 845.519897461
829.070068359 802.750427246 837.29498291 837.29498291
848.809875488 809.330322266 840.584960938 855.389770508
838.940002441 812.620300293 848.809875488 853.744812012
832.360046387 807.68536377 852.09979248 843.874938965
832.360046387 807.68536377 847.164855957 852.09979248
825.780151367 807.68536377 855.389770508 842.229919434
832.360046387 804.395385742 840.584960938 842.229919434
835.650024414 814.265258789 843.874938965 835.650024414
830.715087891 799.460449219 838.940002441 840.584960938
822.49017334 807.68536377 838.940002441 830.715087891
819.200195312 812.620300293 832.360046387 837.29498291
812.620300293 801.105407715 834.005004883 843.874938965
824.135131836 809.330322266 838.940002441 838.940002441
829.070068359 812.620300293 840.584960938 830.715087891
829.070068359 810.975280762 843.874938965 835.650024414
827.425109863 804.395385742 838.940002441 834.005004883
822.49017334 810.975280762 840.584960938 835.650024414
832.360046387 814.265258789 840.584960938 843.874938965
835.650024414 814.265258789 848.809875488 845.519897461
835.650024414 814.265258789 837.29498291 847.164855957
840.584960938 814.265258789 837.29498291 860.324707031
829.070068359 815.91027832 850.454833984 847.164855957
832.360046387 822.49017334 855.389770508 850.454833984
840.584960938 825.780151367 848.809875488 860.324707031
838.940002441 820.845214844 852.09979248 860.324707031
843.874938965 824.135131836 855.389770508 855.389770508
842.229919434 815.91027832 850.454833984 852.09979248
832.360046387 817.555236816 861.969726562 838.940002441
832.360046387 812.620300293 850.454833984 845.519897461
837.29498291 820.845214844 853.744812012 855.389770508
830.715087891 819.200195312 860.324707031 847.164855957
824.135131836 820.845214844 857.034729004 848.809875488
838.940002441 812.620300293 852.09979248 843.874938965
829.070068359 810.975280762 853.744812012 838.940002441
834.005004883 809.330322266 840.584960938 843.874938965
829.070068359 809.330322266 837.29498291 845.519897461
822.49017334 824.135131836 843.874938965 840.584960938
824.135131836 820.845214844 845.519897461 837.29498291
825.780151367 819.200195312 837.29498291 837.29498291
827.425109863 802.750427246 827.425109863 842.229919434
825.780151367 792.880554199 825.780151367 848.809875488
840.584960938 807.68536377 829.070068359 850.454833984
830.715087891 817.555236816 832.360046387 835.650024414
814.265258789 812.620300293 819.200195312 832.360046387
807.68536377 817.555236816 806.040344238 825.780151367
810.975280762 810.975280762 812.620300293 817.555236816
807.68536377 815.91027832 809.330322266 824.135131836
792.880554199 814.265258789 804.395385742 807.68536377
796.170471191 807.68536377 801.105407715 814.265258789
809.330322266 797.815490723 799.460449219 825.780151367
825.780151367 810.975280762 817.555236816 825.780151367
822.49017334 817.555236816 807.68536377 832.360046387
824.135131836 814.265258789 807.68536377 827.425109863
827.425109863 829.070068359 812.620300293 829.070068359
824.135131836 822.49017334 804.395385742 830.715087891
810.975280762 822.49017334 809.330322266 838.940002441
817.555236816 815.91027832 804.395385742 835.650024414
824.135131836 820.845214844 804.395385742 824.135131836
830.715087891 815.91027832 802.750427246 829.070068359
824.135131836 822.49017334 807.68536377 817.555236816
825.780151367 819.200195312 797.815490723 830.715087891
807.68536377 806.040344238 799.460449219 820.845214844
824.135131836 815.91027832 804.395385742 824.135131836
817.555236816 809.330322266 807.68536377 817.555236816
814.265258789 812.620300293 815.91027832 806.040344238
820.845214844 807.68536377 814.265258789 834.005004883
830.715087891 802.750427246 827.425109863 834.005004883
832.360046387 802.750427246 830.715087891 852.09979248
830.715087891 804.395385742 819.200195312 847.164855957
827.425109863 806.040344238 822.49017334 829.070068359
824.135131836 810.975280762 814.265258789 829.070068359
825.780151367 810.975280762 812.620300293 835.650024414
825.780151367 812.620300293 824.135131836 830.715087891
824.135131836 807.68536377 829.070068359 832.360046387
825.780151367 807.68536377 832.360046387 830.715087891
827.425109863 806.040344238 837.29498291 830.715087891
827.425109863 804.395385742 837.29498291 842.229919434
830.715087891 801.105407715 830.715087891 847.164855957
832.360046387 802.750427246 838.940002441 838.940002441
832.360046387 806.040344238 842.229919434 843.874938965
840.584960938 796.170471191 837.29498291 850.454833984
832.360046387 804.395385742 845.519897461 840.584960938
832.360046387 809.330322266 842.229919434 853.744812012
830.715087891 807.68536377 853.744812012 847.164855957
830.715087891 820.845214844 857.034729004 838.940002441
835.650024414 812.620300293 848.809875488 850.454833984
825.780151367 814.265258789 855.389770508 835.650024414
837.29498291 815.91027832 848.809875488 850.454833984
847.164855957 810.975280762 853.744812012 853.744812012
835.650024414 809.330322266 858.679748535 848.809875488
840.584960938 812.620300293 855.389770508 845.519897461
835.650024414 817.555236816 850.454833984 850.454833984
814.265258789 814.265258789 847.164855957 835.650024414
819.200195312 810.975280762 843.874938965 838.940002441
820.845214844 810.975280762 838.940002441 834.005004883
824.135131836 812.620300293 838.940002441 840.584960938
825.780151367 804.395385742 834.005004883 838.940002441
822.49017334 799.460449219 840.584960938 832.360046387
809.330322266 804.395385742 842.229919434 837.29498291
814.265258789 810.975280762 853.744812012 835.650024414
832.360046387 822.49017334 850.454833984 863.614685059
837.29498291 815.91027832 848.809875488 855.389770508
834.005004883 817.555236816 861.969726562 843.874938965
840.584960938 829.070068359 861.969726562 848.809875488
852.09979248 829.070068359 861.969726562 852.09979248
850.454833984 829.070068359 860.324707031 863.614685059
842.229919434 824.135131836 860.324707031 857.034729004
834.005004883 829.070068359 857.034729004 845.519897461
827.425109863 835.650024414 863.614685059 835.650024414
835.650024414 830.715087891 850.454833984 838.940002441
838.940002441 822.49017334 847.164855957 848.809875488
842.229919434 822.49017334 845.519897461 855.389770508
845.519897461 824.135131836 850.454833984 857.034729004
845.519897461 829.070068359 860.324707031 850.454833984
845.519897461 830.715087891 863.614685059 852.09979248
847.164855957 830.715087891 860.324707031 852.09979248
834.005004883 822.49017334 858.679748535 847.164855957
834.005004883 829.070068359 861.969726562 840.584960938
835.650024414 830.715087891 855.389770508 843.874938965
817.555236816 827.425109863 857.034729004 830.715087891
830.715087891 825.780151367 850.454833984 830.715087891
817.555236816 820.845214844 858.679748535 830.715087891
825.780151367 812.620300293 857.034729004 843.874938965
830.715087891 804.395385742 850.454833984 852.09979248
825.780151367 814.265258789 858.679748535 847.164855957
834.005004883 807.68536377 858.679748535 840.584960938
824.135131836 812.620300293 858.679748535 837.29498291
825.780151367 801.105407715 855.389770508 834.005004883
824.135131836 807.68536377 853.744812012 834.005004883
820.845214844 812.620300293 843.874938965 852.09979248
825.780151367 814.265258789 845.519897461 843.874938965
832.360046387 824.135131836 852.09979248 835.650024414
840.584960938 812.620300293 843.874938965 852.09979248
840.584960938 809.330322266 853.744812012 837.29498291
820.845214844 806.040344238 843.874938965 830.715087891
822.49017334 799.460449219 825.780151367 842.229919434
817.555236816 801.105407715 825.780151367 824.135131836
812.620300293 806.040344238 829.070068359 825.780151367
814.265258789 812.620300293 829.070068359 837.29498291
825.780151367 809.330322266 827.425109863 840.584960938
824.135131836 807.68536377 829.070068359 840.584960938
830.715087891 812.620300293 834.005004883 843.874938965
837.29498291 812.620300293 832.360046387 840.584960938
825.780151367 814.265258789 835.650024414 838.940002441
832.360046387 812.620300293 830.715087891 847.164855957
834.005004883 802.750427246 820.845214844 842.229919434
819.200195312 806.040344238 825.780151367 834.005004883
825.780151367 794.525512695 817.555236816 832.360046387
827.425109863 796.170471191 814.265258789 832.360046387
825.780151367 810.975280762 824.135131836 842.229919434
824.135131836 820.845214844 832.360046387 835.650024414
827.425109863 824.135131836 837.29498291 835.650024414
838.940002441 820.845214844 842.229919434 842.229919434
835.650024414 814.265258789 835.650024414 857.034729004
838.940002441 815.91027832 837.29498291 855.389770508
827.425109863 822.49017334 840.584960938 835.650024414
817.555236816 820.845214844 830.715087891 832.360046387
832.360046387 815.91027832 820.845214844 834.005004883
824.135131836 809.330322266 822.49017334 838.940002441
830.715087891 807.68536377 832.360046387 845.519897461
837.29498291 810.975280762 834.005004883 853.744812012
835.650024414 814.265258789 832.360046387 850.454833984
835.650024414 814.265258789 822.49017334 847.164855957
837.29498291 819.200195312 827.425109863 855.389770508
837.29498291 820.845214844 838.940002441 852.09979248
835.650024414 820.845214844 838.940002441 853.744812012
837.29498291 819.200195312 840.584960938 855.389770508
848.809875488 802.750427246 845.519897461 857.034729004
845.519897461 801.105407715 852.09979248 860.324707031
840.584960938 806.040344238 855.389770508 863.614685059
845.519897461 815.91027832 852.09979248 863.614685059
840.584960938 807.68536377 837.29498291 850.454833984
848.809875488 814.265258789 830.715087891 852.09979248
842.229919434 807.68536377 825.780151367 850.454833984
827.425109863 806.040344238 827.425109863 842.229919434
840.584960938 802.750427246 819.200195312 850.454833984
837.29498291 789.590576172 812.620300293 850.454833984
832.360046387 792.880554199 815.91027832 848.809875488
819.200195312 796.170471191 812.620300293 842.229919434
810.975280762 791.235534668 801.105407715 848.809875488
822.49017334 792.880554199 804.395385742 843.874938965
835.650024414 791.235534668 799.460449219 855.389770508
835.650024414 799.460449219 806.040344238 860.324707031
825.780151367 804.395385742 809.330322266 848.809875488
832.360046387 801.105407715 799.460449219 845.519897461
834.005004883 802.750427246 799.460449219 840.584960938
837.29498291 807.68536377 792.880554199 847.164855957
838.940002441 814.265258789 802.750427246 852.09979248
843.874938965 814.265258789 801.105407715 855.389770508
838.940002441 807.68536377 796.170471191 848.809875488
834.005004883 806.040344238 802.750427246 845.519897461
845.519897461 806.040344238 801.105407715 853.744812012
834.005004883 815.91027832 810.975280762 852.09979248
847.164855957 822.49017334 806.040344238 858.679748535
850.454833984 822.49017334 806.040344238 857.034729004
840.584960938 820.845214844 802.750427246 853.744812012
838.940002441 807.68536377 792.880554199 857.034729004
827.425109863 810.975280762 797.815490723 838.940002441
820.845214844 804.395385742 787.945556641 838.940002441
824.135131836 794.525512695 792.880554199 840.584960938
830.715087891 809.330322266 802.750427246 840.584960938
837.29498291 809.330322266 804.395385742 848.809875488
837.29498291 804.395385742 807.68536377 840.584960938
829.070068359 815.91027832 810.975280762 847.164855957
832.360046387 819.200195312 810.975280762 842.229919434
834.005004883 820.845214844 812.620300293 845.519897461
843.874938965 825.780151367 820.845214844 853.744812012
853.744812012 812.620300293 810.975280762 868.549621582
850.454833984 807.68536377 812.620300293 860.324707031
845.519897461 810.975280762 812.620300293 853.744812012
848.809875488 809.330322266 809.330322266 863.614685059
848.809875488 814.265258789 819.200195312 860.324707031
832.360046387 814.265258789 824.135131836 860.324707031
840.584960938 806.040344238 817.555236816 850.454833984
832.360046387 809.330322266 819.200195312 843.874938965
827.425109863 802.750427246 812.620300293 855.389770508
832.360046387 789.590576172 809.330322266 857.034729004
822.49017334 791.235534668 807.68536377 857.034729004
824.135131836 792.880554199 806.040344238 843.874938965
832.360046387 786.300598145 797.815490723 850.454833984
835.650024414 794.525512695 814.265258789 855.389770508
840.584960938 804.395385742 827.425109863 847.164855957
845.519897461 801.105407715 824.135131836 852.09979248
838.940002441 802.750427246 832.360046387 847.164855957
837.29498291 801.105407715 825.780151367 853.744812012
832.360046387 794.525512695 834.005004883 848.809875488
843.874938965 797.815490723 837.29498291 847.164855957
843.874938965 799.460449219 835.650024414 852.09979248
845.519897461 809.330322266 835.650024414 860.324707031
845.519897461 801.105407715 834.005004883 858.679748535
830.715087891 807.68536377 840.584960938 838.940002441
842.229919434 814.265258789 834.005004883 848.809875488
858.679748535 804.395385742 830.715087891 853.744812012
824.135131836 802.750427246 835.650024414 837.29498291
814.265258789 791.235534668 840.584960938 835.650024414
812.620300293 779.720703125 852.09979248 829.070068359
801.105407715 784.655639648 865.259643555 824.135131836
801.105407715 779.720703125 871.839599609 834.005004883
792.880554199 766.560852051 875.129516602 820.845214844
769.850830078 763.270874023 883.354431152 814.265258789
766.560852051 764.91583252 891.579345703 810.975280762
776.430725098 764.91583252 894.86932373 822.49017334
776.430725098 763.270874023 899.804260254 832.360046387
778.075683594 763.270874023 893.224304199 834.005004883
789.590576172 769.850830078 896.514282227 829.070068359
817.555236816 774.785766602 903.094238281 842.229919434
819.200195312 776.430725098 891.579345703 852.09979248
824.135131836 791.235534668 893.224304199 853.744812012
817.555236816 796.170471191 893.224304199 865.259643555
814.265258789 802.750427246 894.86932373 845.519897461
819.200195312 804.395385742 886.64440918 835.650024414
815.91027832 799.460449219 878.419494629 835.650024414
832.360046387 802.750427246 876.774536133 847.164855957
824.135131836 802.750427246 873.484558105 850.454833984
819.200195312 802.750427246 883.354431152 852.09979248
829.070068359 799.460449219 878.419494629 852.09979248
824.135131836 797.815490723 866.904663086 852.09979248
825.780151367 797.815490723 858.679748535 848.809875488
830.715087891 796.170471191 861.969726562 848.809875488
825.780151367 786.300598145 865.259643555 845.519897461
827.425109863 789.590576172 863.614685059 838.940002441
824.135131836 784.655639648 865.259643555 845.519897461
834.005004883 784.655639648 847.164855957 853.744812012
822.49017334 796.170471191 850.454833984 843.874938965
817.555236816 801.105407715 853.744812012 843.874938965
832.360046387 801.105407715 857.034729004 842.229919434
829.070068359 806.040344238 855.389770508 835.650024414
815.91027832 797.815490723 840.584960938 843.874938965
819.200195312 804.395385742 847.164855957 845.519897461
827.425109863 804.395385742 835.650024414 842.229919434
822.49017334 796.170471191 830.715087891 843.874938965
827.425109863 802.750427246 840.584960938 840.584960938
829.070068359 804.395385742 838.940002441 838.940002441
827.425109863 807.68536377 847.164855957 840.584960938
837.29498291 815.91027832 838.940002441 848.809875488
843.874938965 819.200195312 848.809875488 857.034729004
837.29498291 817.555236816 847.164855957 865.259643555
840.584960938 812.620300293 853.744812012 865.259643555
838.940002441 829.070068359 860.324707031 860.324707031
840.584960938 819.200195312 853.744812012 863.614685059
837.29498291 822.49017334 855.389770508 855.389770508
834.005004883 814.265258789 845.519897461 857.034729004
847.164855957 810.975280762 853.744812012 860.324707031
840.584960938 825.780151367 858.679748535 860.324707031
835.650024414 825.780151367 866.904663086 861.969726562
838.940002441 819.200195312 857.034729004 865.259643555
835.650024414 809.330322266 837.29498291 865.259643555
834.005004883 815.91027832 830.715087891 847.164855957
822.49017334 820.845214844 824.135131836 842.229919434
825.780151367 815.91027832 824.135131836 847.164855957
825.780151367 822.49017334 829.070068359 855.389770508
829.070068359 824.135131836 829.070068359 857.034729004
829.070068359 827.425109863 840.584960938 838.940002441
832.360046387 825.780151367 837.29498291 838.940002441
822.49017334 815.91027832 832.360046387 837.29498291
835.650024414 817.555236816 834.005004883 847.164855957
845.519897461 817.555236816 829.070068359 850.454833984
830.715087891 804.395385742 829.070068359 838.940002441
824.135131836 802.750427246 830.715087891 840.584960938
830.715087891 797.815490723 829.070068359 845.519897461
827.425109863 804.395385742 820.845214844 850.454833984
827.425109863 807.68536377 820.845214844 845.519897461
840.584960938 796.170471191 806.040344238 858.679748535
820.845214844 794.525512695 817.555236816 840.584960938
825.780151367 796.170471191 822.49017334 825.780151367
819.200195312 791.235534668 809.330322266 838.940002441
822.49017334 792.880554199 814.265258789 832.360046387
822.49017334 794.525512695 809.330322266 845.519897461
824.135131836 804.395385742 827.425109863 848.809875488
830.715087891 807.68536377 824.135131836 850.454833984
812.620300293 806.040344238 824.135131836 847.164855957
819.200195312 804.395385742 825.780151367 842.229919434
832.360046387 797.815490723 822.49017334 855.389770508
830.715087891 806.040344238 825.780151367 842.229919434
840.584960938 806.040344238 817.555236816 863.614685059
835.650024414 802.750427246 815.91027832 848.809875488
817.555236816 804.395385742 824.135131836 842.229919434
827.425109863 807.68536377 824.135131836 838.940002441
829.070068359 802.750427246 819.200195312 848.809875488
832.360046387 809.330322266 824.135131836 845.519897461
842.229919434 799.460449219 824.135131836 848.809875488
827.425109863 807.68536377 830.715087891 840.584960938
835.650024414 815.91027832 830.715087891 842.229919434
824.135131836 809.330322266 827.425109863 837.29498291
825.780151367 804.395385742 824.135131836 840.584960938
825.780151367 802.750427246 835.650024414 845.519897461
820.845214844 804.395385742 835.650024414 834.005004883
824.135131836 799.460449219 825.780151367 840.584960938
830.715087891 801.105407715 830.715087891 843.874938965
842.229919434 796.170471191 815.91027832 852.09979248
832.360046387 817.555236816 814.265258789 843.874938965
843.874938965 822.49017334 810.975280762 848.809875488
850.454833984 837.29498291 809.330322266 850.454833984
855.389770508 842.229919434 799.460449219 850.454833984
868.549621582 852.09979248 804.395385742 848.809875488
871.839599609 861.969726562 792.880554199 853.744812012
868.549621582 857.034729004 786.300598145 857.034729004
865.259643555 858.679748535 799.460449219 857.034729004
873.484558105 847.164855957 796.170471191 863.614685059
866.904663086 842.229919434 799.460449219 861.969726562
863.614685059 842.229919434 804.395385742 855.389770508
865.259643555 838.940002441 794.525512695 847.164855957
852.09979248 843.874938965 802.750427246 853.744812012
852.09979248 850.454833984 801.105407715 852.09979248
861.969726562 843.874938965 791.235534668 865.259643555
866.904663086 845.519897461 794.525512695 870.194580078
860.324707031 840.584960938 787.945556641 845.519897461
855.389770508 838.940002441 794.525512695 848.809875488
860.324707031 832.360046387 792.880554199 853.744812012
855.389770508 827.425109863 792.880554199 861.969726562
857.034729004 834.005004883 797.815490723 861.969726562
852.09979248 832.360046387 802.750427246 855.389770508
845.519897461 837.29498291 815.91027832 843.874938965
850.454833984 834.005004883 814.265258789 845.519897461
848.809875488 835.650024414 810.975280762 853.744812012
834.005004883 840.584960938 825.780151367 840.584960938
837.29498291 847.164855957 830.715087891 847.164855957
847.164855957 837.29498291 832.360046387 847.164855957
835.650024414 829.070068359 843.874938965 842.229919434
827.425109863 834.005004883 843.874938965 837.29498291
822.49017334 824.135131836 835.650024414 835.650024414
812.620300293 824.135131836 840.584960938 822.49017334
832.360046387 815.91027832 822.49017334 832.360046387
829.070068359 809.330322266 822.49017334 830.715087891
822.49017334 807.68536377 830.715087891 835.650024414
819.200195312 810.975280762 827.425109863 827.425109863
827.425109863 807.68536377 830.715087891 829.070068359
827.425109863 817.555236816 842.229919434 820.845214844
822.49017334 812.620300293 838.940002441 827.425109863
829.070068359 817.555236816 852.09979248 829.070068359
812.620300293 817.555236816 855.389770508 830.715087891
814.265258789 814.265258789 852.09979248 830.715087891
830.715087891 807.68536377 843.874938965 832.360046387
820.845214844 802.750427246 838.940002441 830.715087891
829.070068359 809.330322266 838.940002441 834.005004883
817.555236816 817.555236816 838.940002441 819.200195312
822.49017334 825.780151367 842.229919434 827.425109863
832.360046387 812.620300293 832.360046387 843.874938965
840.584960938 802.750427246 830.715087891 842.229919434
832.360046387 814.265258789 825.780151367 843.874938965
830.715087891 830.715087891 824.135131836 835.650024414
829.070068359 829.070068359 810.975280762 838.940002441
829.070068359 815.91027832 810.975280762 848.809875488
829.070068359 809.330322266 815.91027832 842.229919434
824.135131836 807.68536377 806.040344238 835.650024414
822.49017334 804.395385742 809.330322266 829.070068359
814.265258789 801.105407715 804.395385742 832.360046387
806.040344238 797.815490723 802.750427246 825.780151367
810.975280762 791.235534668 799.460449219 824.135131836
810.975280762 802.750427246 797.815490723 827.425109863
817.555236816 792.880554199 804.395385742 842.229919434
817.555236816 801.105407715 815.91027832 843.874938965
815.91027832 809.330322266 829.070068359 830.715087891
829.070068359 806.040344238 820.845214844 837.29498291
824.135131836 812.620300293 814.265258789 853.744812012
837.29498291 806.040344238 817.555236816 858.679748535
834.005004883 812.620300293 822.49017334 852.09979248
840.584960938 812.620300293 824.135131836 843.874938965
832.360046387 815.91027832 834.005004883 837.29498291
830.715087891 812.620300293 830.715087891 848.809875488
825.780151367 810.975280762 827.425109863 857.034729004
822.49017334 801.105407715 835.650024414 845.519897461
830.715087891 802.750427246 830.715087891 843.874938965
824.135131836 797.815490723 814.265258789 852.09979248
825.780151367 789.590576172 807.68536377 845.519897461
817.555236816 786.300598145 804.395385742 838.940002441
802.750427246 789.590576172 819.200195312 835.650024414
809.330322266 787.945556641 809.330322266 838.940002441
815.91027832 789.590576172 809.330322266 842.229919434
824.135131836 796.170471191 806.040344238 840.584960938
830.715087891 806.040344238 799.460449219 843.874938965
830.715087891 809.330322266 810.975280762 843.874938965
834.005004883 819.200195312 812.620300293 852.09979248
838.940002441 809.330322266 806.040344238 852.09979248
830.715087891 799.460449219 820.845214844 840.584960938
830.715087891 812.620300293 832.360046387 830.715087891
829.070068359 804.395385742 809.330322266 845.519897461
824.135131836 810.975280762 824.135131836 840.584960938
840.584960938 804.395385742 819.200195312 848.809875488
824.135131836 806.040344238 827.425109863 845.519897461
824.135131836 817.555236816 829.070068359 838.940002441
829.070068359 804.395385742 824.135131836 843.874938965
820.845214844 807.68536377 829.070068359 837.29498291
843.874938965 801.105407715 822.49017334 848.809875488
853.744812012 799.460449219 832.360046387 865.259643555
827.425109863 799.460449219 845.519897461 838.940002441
806.040344238 796.170471191 845.519897461 829.070068359
794.525512695 796.170471191 865.259643555 814.265258789
774.785766602 784.655639648 866.904663086 807.68536377
753.401000977 783.010620117 866.904663086 799.460449219
723.791320801 768.205810547 871.839599609 771.495788574
707.341552734 761.625915527 878.419494629 751.75604248
710.631530762 764.91583252 878.419494629 756.690979004
704.051574707 758.3359375 875.129516602 750.111022949
718.856384277 763.270874023 878.419494629 755.045959473
715.566467285 766.560852051 876.774536133 748.466064453
740.241149902 771.495788574 873.484558105 774.785766602
755.045959473 779.720703125 880.064453125 787.945556641
756.690979004 771.495788574 878.419494629 796.170471191
763.270874023 773.14074707 891.579345703 801.105407715
766.560852051 781.365661621 894.86932373 801.105407715
787.945556641 784.655639648 896.514282227 819.200195312
789.590576172 776.430725098 884.999450684 830.715087891
804.395385742 773.14074707 875.129516602 832.360046387
799.460449219 784.655639648 873.484558105 838.940002441
801.105407715 783.010620117 878.419494629 827.425109863
806.040344238 792.880554199 880.064453125 822.49017334
815.91027832 787.945556641 878.419494629 835.650024414
829.070068359 783.010620117 876.774536133 848.809875488
815.91027832 792.880554199 875.129516602 853.744812012
834.005004883 796.170471191 871.839599609 853.744812012
832.360046387 801.105407715 880.064453125 848.809875488
837.29498291 802.750427246 880.064453125 863.614685059
830.715087891 791.235534668 871.839599609 866.904663086
822.49017334 797.815490723 868.549621582 853.744812012
832.360046387 789.590576172 853.744812012 860.324707031
830.715087891 801.105407715 870.194580078 845.519897461
845.519897461 812.620300293 870.194580078 857.034729004
842.229919434 807.68536377 865.259643555 865.259643555
829.070068359 817.555236816 861.969726562 858.679748535
840.584960938 819.200195312 868.549621582 852.09979248
835.650024414 819.200195312 884.999450684 861.969726562
845.519897461 815.91027832 884.999450684 866.904663086
855.389770508 815.91027832 880.064453125 868.549621582
847.164855957 810.975280762 868.549621582 848.809875488
834.005004883 810.975280762 855.389770508 853.744812012
824.135131836 812.620300293 858.679748535 855.389770508
825.780151367 812.620300293 866.904663086 857.034729004
827.425109863 810.975280762 863.614685059 858.679748535
848.809875488 810.975280762 860.324707031 848.809875488
838.940002441 814.265258789 853.744812012 847.164855957
840.584960938 807.68536377 835.650024414 861.969726562
838.940002441 825.780151367 840.584960938 855.389770508
838.940002441 824.135131836 852.09979248 847.164855957
837.29498291 817.555236816 838.940002441 850.454833984
834.005004883 819.200195312 842.229919434 850.454833984
829.070068359 817.555236816 837.29498291 848.809875488
838.940002441 827.425109863 842.229919434 840.584960938
843.874938965 820.845214844 829.070068359 852.09979248
837.29498291 809.330322266 829.070068359 847.164855957
832.360046387 802.750427246 853.744812012 842.229919434
824.135131836 809.330322266 847.164855957 847.164855957
827.425109863 817.555236816 860.324707031 835.650024414
838.940002441 814.265258789 850.454833984 852.09979248
843.874938965 824.135131836 845.519897461 848.809875488
842.229919434 820.845214844 842.229919434 848.809875488
834.005004883 814.265258789 830.715087891 858.679748535
822.49017334 809.330322266 830.715087891 845.519897461
822.49017334 812.620300293 830.715087891 835.650024414
838.940002441 817.555236816 840.584960938 837.29498291
838.940002441 822.49017334 830.715087891 834.005004883
842.229919434 832.360046387 822.49017334 852.09979248
848.809875488 824.135131836 820.845214844 866.904663086
863.614685059 835.650024414 819.200195312 865.259643555
870.194580078 837.29498291 815.91027832 871.839599609
852.09979248 809.330322266 815.91027832 857.034729004
850.454833984 806.040344238 830.715087891 861.969726562
850.454833984 799.460449219 865.259643555 888.289367676
871.839599609 794.525512695 884.999450684 906.384155273
896.514282227 802.750427246 898.159240723 940.928771973
912.964111328 792.880554199 899.804260254 954.088623047
922.833984375 783.010620117 903.094238281 968.893432617
927.768920898 783.010620117 914.609069824 973.828369141
917.899047852 774.785766602 899.804260254 967.248413086
912.964111328 771.495788574 896.514282227 977.118347168
903.094238281 781.365661621 903.094238281 950.79864502
896.514282227 781.365661621 893.224304199 945.863708496
886.64440918 783.010620117 891.579345703 937.638793945
888.289367676 791.235534668 899.804260254 931.058898926
896.514282227 786.300598145 886.64440918 935.993835449
891.579345703 783.010620117 880.064453125 937.638793945
883.354431152 786.300598145 896.514282227 926.123962402
881.709472656 786.300598145 886.64440918 927.768920898
886.64440918 792.880554199 883.354431152 935.993835449
884.999450684 792.880554199 888.289367676 932.703857422
889.934387207 794.525512695 894.86932373 924.478942871
876.774536133 789.590576172 894.86932373 912.964111328
873.484558105 796.170471191 899.804260254 911.319091797
871.839599609 794.525512695 894.86932373 906.384155273
866.904663086 784.655639648 884.999450684 909.674133301
857.034729004 789.590576172 891.579345703 896.514282227
857.034729004 787.945556641 899.804260254 889.934387207
858.679748535 792.880554199 884.999450684 888.289367676
865.259643555 784.655639648 881.709472656 888.289367676
871.839599609 789.590576172 873.484558105 888.289367676
860.324707031 794.525512695 873.484558105 878.419494629
853.744812012 799.460449219 883.354431152 875.129516602
852.09979248 801.105407715 878.419494629 876.774536133
850.454833984 794.525512695 871.839599609 871.839599609
850.454833984 794.525512695 873.484558105 863.614685059
847.164855957 799.460449219 870.194580078 866.904663086
853.744812012 796.170471191 863.614685059 873.484558105
837.29498291 789.590576172 858.679748535 866.904663086
830.715087891 781.365661621 843.874938965 848.809875488
820.845214844 778.075683594 848.809875488 837.29498291
825.780151367 783.010620117 842.229919434 842.229919434
829.070068359 783.010620117 832.360046387 842.229919434
824.135131836 792.880554199 837.29498291 837.29498291
825.780151367 794.525512695 830.715087891 838.940002441
827.425109863 787.945556641 840.584960938 834.005004883
829.070068359 784.655639648 843.874938965 837.29498291
824.135131836 783.010620117 850.454833984 832.360046387
814.265258789 773.14074707 852.09979248 835.650024414
812.620300293 776.430725098 860.324707031 834.005004883
820.845214844 781.365661621 855.389770508 829.070068359
827.425109863 794.525512695 850.454833984 827.425109863
830.715087891 792.880554199 848.809875488 830.715087891
829.070068359 791.235534668 847.164855957 842.229919434
838.940002441 806.040344238 853.744812012 845.519897461
838.940002441 801.105407715 858.679748535 845.519897461
835.650024414 799.460449219 866.904663086 848.809875488
830.715087891 806.040344238 860.324707031 845.519897461
829.070068359 801.105407715 853.744812012 852.09979248
829.070068359 810.975280762 852.09979248 837.29498291
830.715087891 807.68536377 850.454833984 847.164855957
822.49017334 806.040344238 853.744812012 835.650024414
835.650024414 799.460449219 852.09979248 843.874938965
824.135131836 814.265258789 852.09979248 837.29498291
827.425109863 814.265258789 842.229919434 838.940002441
827.425109863 809.330322266 845.519897461 838.940002441
820.845214844 797.815490723 838.940002441 838.940002441
824.135131836 809.330322266 843.874938965 840.584960938
830.715087891 802.750427246 830.715087891 842.229919434
832.360046387 807.68536377 822.49017334 842.229919434
822.49017334 814.265258789 822.49017334 832.360046387
817.555236816 797.815490723 815.91027832 835.650024414
807.68536377 787.945556641 817.555236816 829.070068359
801.105407715 776.430725098 806.040344238 824.135131836
801.105407715 784.655639648 807.68536377 815.91027832
807.68536377 781.365661621 804.395385742 825.780151367
810.975280762 789.590576172 817.555236816 820.845214844
825.780151367 792.880554199 812.620300293 838.940002441
827.425109863 791.235534668 804.395385742 840.584960938
827.425109863 794.525512695 799.460449219 835.650024414
819.200195312 789.590576172 802.750427246 825.780151367
825.780151367 784.655639648 801.105407715 840.584960938
822.49017334 792.880554199 797.815490723 830.715087891
829.070068359 796.170471191 806.040344238 834.005004883
825.780151367 799.460449219 804.395385742 830.715087891
810.975280762 787.945556641 804.395385742 819.200195312
822.49017334 789.590576172 804.395385742 829.070068359
820.845214844 796.170471191 796.170471191 834.005004883
819.200195312 804.395385742 812.620300293 835.650024414
838.940002441 804.395385742 814.265258789 840.584960938
835.650024414 801.105407715 815.91027832 837.29498291
827.425109863 799.460449219 822.49017334 835.650024414
830.715087891 794.525512695 812.620300293 827.425109863
832.360046387 799.460449219 817.555236816 825.780151367
827.425109863 797.815490723 822.49017334 829.070068359
825.780151367 801.105407715 820.845214844 825.780151367
827.425109863 791.235534668 820.845214844 835.650024414
827.425109863 797.815490723 825.780151367 835.650024414
824.135131836 797.815490723 827.425109863 840.584960938
843.874938965 799.460449219 832.360046387 845.519897461
845.519897461 806.040344238 838.940002441 848.809875488
840.584960938 807.68536377 832.360046387 842.229919434
838.940002441 819.200195312 832.360046387 845.519897461
858.679748535 822.49017334 840.584960938 855.389770508
843.874938965 825.780151367 847.164855957 853.744812012
853.744812012 817.555236816 840.584960938 865.259643555
847.164855957 809.330322266 835.650024414 855.389770508
824.135131836 807.68536377 830.715087891 830.715087891
842.229919434 804.395385742 827.425109863 835.650024414
832.360046387 802.750427246 829.070068359 824.135131836
832.360046387 807.68536377 819.200195312 829.070068359
830.715087891 799.460449219 824.135131836 840.584960938
848.809875488 806.040344238 825.780151367 850.454833984
850.454833984 807.68536377 809.330322266 845.519897461
824.135131836 804.395385742 806.040344238 825.780151367
832.360046387 817.555236816 806.040344238 817.555236816
834.005004883 812.620300293 796.170471191 817.555236816
814.265258789 809.330322266 801.105407715 817.555236816
822.49017334 814.265258789 802.750427246 812.620300293
819.200195312 815.91027832 802.750427246 815.91027832
827.425109863 809.330322266 807.68536377 827.425109863
842.229919434 802.750427246 804.395385742 830.715087891
835.650024414 801.105407715 799.460449219 832.360046387
824.135131836 792.880554199 791.235534668 837.29498291
832.360046387 797.815490723 810.975280762 830.715087891
835.650024414 812.620300293 815.91027832 843.874938965
832.360046387 804.395385742 814.265258789 832.360046387
830.715087891 802.750427246 802.750427246 832.360046387
825.780151367 802.750427246 806.040344238 827.425109863
824.135131836 796.170471191 807.68536377 829.070068359
824.135131836 801.105407715 817.555236816 829.070068359
832.360046387 817.555236816 817.555236816 837.29498291
842.229919434 814.265258789 817.555236816 847.164855957
848.809875488 812.620300293 822.49017334 848.809875488
840.584960938 806.040344238 825.780151367 853.744812012
830.715087891 807.68536377 840.584960938 838.940002441
837.29498291 814.265258789 830.715087891 852.09979248
832.360046387 812.620300293 830.715087891 853.744812012
834.005004883 802.750427246 822.49017334 848.809875488
835.650024414 804.395385742 817.555236816 843.874938965
834.005004883 810.975280762 825.780151367 845.519897461
838.940002441 809.330322266 812.620300293 853.744812012
842.229919434 806.040344238 817.555236816 860.324707031
840.584960938 802.750427246 820.845214844 857.034729004
840.584960938 809.330322266 820.845214844 843.874938965
842.229919434 822.49017334 832.360046387 837.29498291
847.164855957 819.200195312 835.650024414 845.519897461
847.164855957 810.975280762 827.425109863 852.09979248
838.940002441 815.91027832 820.845214844 842.229919434
832.360046387 812.620300293 822.49017334 835.650024414
829.070068359 806.040344238 814.265258789 834.005004883
830.715087891 812.620300293 817.555236816 838.940002441
820.845214844 810.975280762 825.780151367 837.29498291
820.845214844 809.330322266 820.845214844 845.519897461
819.200195312 809.330322266 822.49017334 834.005004883
809.330322266 809.330322266 829.070068359 820.845214844
827.425109863 812.620300293 827.425109863 830.715087891
825.780151367 817.555236816 825.780151367 829.070068359
822.49017334 809.330322266 824.135131836 835.650024414
820.845214844 802.750427246 827.425109863 835.650024414
819.200195312 807.68536377 835.650024414 835.650024414
829.070068359 812.620300293 835.650024414 837.29498291
835.650024414 812.620300293 829.070068359 834.005004883
822.49017334 814.265258789 827.425109863 837.29498291
820.845214844 817.555236816 829.070068359 832.360046387
807.68536377 819.200195312 825.780151367 817.555236816
807.68536377 812.620300293 827.425109863 822.49017334
820.845214844 817.555236816 827.425109863 817.555236816
819.200195312 817.555236816 822.49017334 830.715087891
807.68536377 815.91027832 830.715087891 825.780151367
810.975280762 810.975280762 834.005004883 832.360046387
809.330322266 815.91027832 835.650024414 830.715087891
804.395385742 825.780151367 840.584960938 830.715087891
809.330322266 834.005004883 848.809875488 820.845214844
810.975280762 829.070068359 843.874938965 812.620300293
815.91027832 814.265258789 840.584960938 812.620300293
815.91027832 807.68536377 832.360046387 815.91027832
804.395385742 812.620300293 820.845214844 825.780151367
812.620300293 815.91027832 832.360046387 812.620300293
799.460449219 819.200195312 834.005004883 806.040344238
801.105407715 809.330322266 824.135131836 812.620300293
799.460449219 807.68536377 819.200195312 814.265258789
791.235534668 815.91027832 822.49017334 814.265258789
797.815490723 817.555236816 820.845214844 819.200195312
804.395385742 817.555236816 824.135131836 817.555236816
810.975280762 819.200195312 829.070068359 819.200195312
812.620300293 814.265258789 810.975280762 830.715087891
801.105407715 820.845214844 820.845214844 820.845214844
810.975280762 822.49017334 822.49017334 830.715087891
807.68536377 822.49017334 815.91027832 834.005004883
804.395385742 825.780151367 817.555236816 812.620300293
817.555236816 827.425109863 807.68536377 824.135131836
812.620300293 812.620300293 807.68536377 817.555236816
801.105407715 796.170471191 812.620300293 814.265258789
804.395385742 801.105407715 815.91027832 825.780151367
807.68536377 809.330322266 812.620300293 817.555236816
810.975280762 820.845214844 817.555236816 812.620300293
819.200195312 825.780151367 827.425109863 825.780151367
822.49017334 820.845214844 834.005004883 829.070068359
820.845214844 815.91027832 832.360046387 832.360046387
809.330322266 807.68536377 824.135131836 832.360046387
809.330322266 797.815490723 817.555236816 829.070068359
807.68536377 799.460449219 827.425109863 825.780151367
810.975280762 806.040344238 822.49017334 834.005004883
806.040344238 799.460449219 814.265258789 825.780151367
814.265258789 806.040344238 815.91027832 829.070068359
815.91027832 801.105407715 804.395385742 834.005004883
809.330322266 802.750427246 807.68536377 824.135131836
806.040344238 807.68536377 814.265258789 829.070068359
802.750427246 806.040344238 814.265258789 829.070068359
814.265258789 794.525512695 807.68536377 827.425109863
807.68536377 791.235534668 807.68536377 829.070068359
