a 0.141695603728 0.116582326591 0.18353612721 0.172422036529
b 0.0283578969538 0.0154764642939 0.0267020929605 0.0570355392992
d 0.573759078979 0.722605645657 0.590445280075 0.613259911537
g 0.00800592452288 0.00441735237837 0.00948196090758 0.0344292074442
t 0.248181506991 0.140918180346 0.189834550023 0.122853316367
h 1.0 1.0 1.0 1.0
c 0.0 0 0 0
Aa 0.80750232935 0.676341831684 0.429070532322 0.657490491867
Ab 0.108819961548 -0.200619161129 -0.408105701208 0.177043259144
Ad 1.41487550735 1.46861040592 0.936528623104 1.20854222775
Ag -0.440442562103 -0.74512887001 -0.857752859592 -0.0421752855182
At 1.05091536045 0.758676111698 0.443724244833 0.510284602642
as 0.788732409477 0.890243887901 0.681818187237 0.477611929178
bs 0.5 0.534883737564 0.20000000298 0.0588235296309
ds 0.888888895512 0.876543223858 0.397435903549 0.623529434204
gs 0.0 0.09375 0.133333340287 0.0
ts 0.8125 0.596774220467 0.316455692053 0.0
a 0.122982576489 0.111375316978 0.174706578255 0.162596851587
b 0.0266464594752 0.0153939994052 0.0253676660359 0.0543607287109
d 0.597026526928 0.725720763206 0.598738789558 0.64417219162
g 0.00729807373136 0.00442721880972 0.00888608396053 0.0326333902776
t 0.246046364307 0.143082693219 0.192300900817 0.106236845255
h 1.0 1.0 1.0 1.0
c 0.0 0 0 0
Aa 0.816957116127 0.676341831684 0.435935884714 0.651075541973
Ab 0.152753025293 -0.183095663786 -0.40209287405 0.175248712301
Ad 1.50310719013 1.49032247066 0.970863997936 1.24896538258
Ag -0.409678250551 -0.724316179752 -0.857662975788 -0.0463743619621
At 1.11813044548 0.785139977932 0.477607935667 0.466238588095
as 0.802816927433 0.901234567165 0.681818187237 0.477611929178
bs 0.595238089561 0.581395328045 0.228571429849 0.0588235296309
ds 0.979797959328 0.901234567165 0.448717951775 0.670588254929
gs 0.0967741906643 0.15625 0.133333340287 0.0
ts 0.899999976158 0.639344274998 0.367088615894 0.0
a 0.108333535492 0.107046335936 0.167882442474 0.150282740593
b 0.0259924605489 0.0153245469555 0.024182209745 0.0509282723069
d 0.612184941769 0.727092266083 0.603433966637 0.667724311352
g 0.00675577297807 0.00448181806132 0.0083983996883 0.0305200777948
t 0.246733307838 0.146055042744 0.196102976799 0.100544579327
h 1.0 1.0 1.0 1.0
c 0.0 0 0 0
Aa 0.82276904583 0.676341831684 0.445259928703 0.651075541973
Ab 0.202853530645 -0.16784234345 -0.39624941349 0.181125372648
Ad 1.57488870621 1.50835955143 1.00088441372 1.29876363277
Ag -0.38231882453 -0.701775789261 -0.855548858643 -0.0412479192019
At 1.18023383617 0.811286568642 0.512738823891 0.476525098085
as 0.816901385784 0.901234567165 0.696969687939 0.477611929178
bs 0.707317054272 0.604651153088 0.228571429849 0.088235296309
ds 1.0 0.913580238819 0.487179487944 0.746987938881
gs 0.193548381329 0.25 0.103448279202 0.0
ts 0.974683523178 0.688524603844 0.405063301325 0.0
a 0.102319382131 0.103556074202 0.15981374681 0.136235564947
b 0.0259274113923 0.0152989868075 0.023435799405 0.046119902283
d 0.616695761681 0.727369010448 0.607686400414 0.689465880394
g 0.00664630858228 0.00455712107942 0.00808793213218 0.0285870209336
t 0.248411163688 0.149218812585 0.200976148248 0.0995916351676
h 1.0 1.0 1.0 1.0
c 0.0 0 0 0
Aa 0.82276904583 0.676341831684 0.445259928703 0.651075541973
Ab 0.226570293307 -0.154171124101 -0.388474404812 0.180673390627
Ad 1.60288202763 1.52292096615 1.02532529831 1.35529780388
Ag -0.364608347416 -0.680143237114 -0.850516676903 -0.0270460695028
At 1.2079821825 0.834989786148 0.544790327549 0.515007913113
as 0.816901385784 0.899999976158 0.696969687939 0.477611929178
bs 0.756097555161 0.62790697813 0.264705896378 0.088235296309
ds 1.0 0.949999988079 0.512820541859 0.807228922844
gs 0.225806444883 0.3125 0.142857149243 0.0
ts 1.0 0.721311450005 0.443037986755 0.0
a 0.0961796119809 0.101210534573 0.153689235449 0.120540715754
b 0.0258618406951 0.0153691740707 0.0229235552251 0.0403698794544
d 0.621251523495 0.726260840893 0.610741794109 0.710645139217
g 0.00653620716184 0.00467009050772 0.00789845455438 0.0269143190235
t 0.250170856714 0.152489349246 0.204746961594 0.101529926062
h 1.0 1.0 1.0 1.0
c 0.0 0 0 0
Aa 0.82276904583 0.676341831684 0.445259928703 0.651075541973
Ab 0.25234541297 -0.142233386636 -0.381101548672 0.175999224186
Ad 1.63295340538 1.53220868111 1.04447412491 1.42159461975
Ag -0.344988197088 -0.659558653831 -0.843841433525 -7.48316160752e-05
At 1.23792266846 0.854355633259 0.569833934307 0.576535820961
as 0.816901385784 0.899999976158 0.696969687939 0.477611929178
bs 0.829268276691 0.674418628216 0.29411765933 0.0606060624123
ds 1.0 0.962499976158 0.538461565971 0.89156627655
gs 0.290322571993 0.375 0.178571432829 0.10000000149
ts 1.0 0.75409835577 0.481012672186 0.03125
a 0.0899497568607 0.0998755246401 0.147940933704 0.103285036981
b 0.0256922766566 0.0155544858426 0.0225926451385 0.034112598747
d 0.626382887363 0.723862290382 0.613744437695 0.732855260372
g 0.00640789000317 0.00483080977574 0.00777956563979 0.0249118749052
t 0.251567184925 0.155876860023 0.207942411304 0.104835219681
h 1.0 1.0 1.0 1.0
c 0.0 0 0 0
Aa 0.82276904583 0.676341831684 0.445793837309 0.651075541973
Ab 0.278571635485 -0.131261602044 -0.370327442884 0.16995292902
Ad 1.6656088829 1.53653872013 1.06369304657 1.50205636024
Ag -0.324515908957 -0.639097332954 -0.83333915472 0.0334445498884
At 1.26942300797 0.869664371014 0.593648552895 0.65754532814
as 0.828571438789 0.899999976158 0.696969687939 0.469696968794
bs 0.902438998222 0.697674393654 0.323529422283 0.0606060624123
ds 1.0 0.962499976158 0.564102590084 0.987951815128
gs 0.354838699102 0.451612889767 0.214285716414 0.20000000298
ts 1.0 0.786885261536 0.506329119205 0.15625
a 0.0836774036288 0.0987714007497 0.139327779412 0.103285036981
b 0.0253636743873 0.0156170250848 0.0219777971506 0.034112598747
d 0.632276177406 0.719908416271 0.618786692619 0.732855260372
g 0.0062255859375 0.00500663882121 0.00754658924416 0.0249118749052
t 0.252457171679 0.160696536303 0.212361112237 0.104835219681
h 1.0 1.0 1.0 1.0
c 0.0 0 0 0
Aa 0.82276904583 0.676341831684 0.445793837309 0.651075541973
Ab 0.304373025894 -0.124691091478 -0.356259733438 0.16995292902
Ad 1.70106768608 1.53898787498 1.09329712391 1.50205636024
Ag -0.305658906698 -0.618743121624 -0.820493161678 0.0334445498884
At 1.30234861374 0.887717068195 0.628831088543 0.65754532814
as 0.828571438789 0.911392390728 0.696969687939 0.469696968794
bs 0.951219499111 0.697674393654 0.352941185236 0.0606060624123
ds 1.0 0.975000023842 0.602564096451 0.987951815128
gs 0.419354826212 0.516129016876 0.25 0.20000000298
ts 1.0 0.803278684616 0.556962013245 0.15625
a 0.0774911642075 0.0974822938442 0.127213478088 0.103285036981
b 0.0248516257852 0.0153120141476 0.0208258070052 0.034112598747
d 0.63852417469 0.714634954929 0.626868546009 0.732855260372
g 0.00595194520429 0.00515519920737 0.00707066385075 0.0249118749052
t 0.253181070089 0.167415559292 0.218021482229 0.104835219681
h 1.0 1.0 1.0 1.0
c 0.0 0 0 0
Aa 0.82276904583 0.676341831684 0.446423918009 0.651075541973
Ab 0.328871637583 -0.127551630139 -0.339507371187 0.16995292902
Ad 1.73869419098 1.54150032997 1.13906729221 1.50205636024
Ag -0.291824221611 -0.60033851862 -0.808649003506 0.0334445498884
At 1.33694803715 0.911211848259 0.680390059948 0.65754532814
as 0.826086938381 0.911392390728 0.696969687939 0.469696968794
bs 1.0 0.697674393654 0.411764711142 0.0606060624123
ds 1.0 0.975000023842 0.666666686535 0.987951815128
gs 0.483870953321 0.580645143986 0.285714298487 0.20000000298
ts 1.0 0.852459013462 0.620253145695 0.15625
a 0.0715180188417 0.0965153723955 0.113846696913 0.103285036981
b 0.0241747759283 0.0145938787609 0.0192783195525 0.034112598747
d 0.644609093666 0.707362115383 0.637794017792 0.732855260372
g 0.00557306641713 0.00528949592263 0.00643437029794 0.0249118749052
t 0.254125028849 0.176239103079 0.222646594048 0.104835219681
h 1.0 1.0 1.0 1.0
c 0.0 0 0 0
Aa 0.82276904583 0.676341831684 0.446935027838 0.651075541973
Ab 0.351716011763 -0.144083961844 -0.324316233397 0.16995292902
Ad 1.77764999866 1.54138708115 1.19529509544 1.50205636024
Ag -0.285552233458 -0.584840416908 -0.800879299641 0.0334445498884
At 1.3734010458 0.937847614288 0.738230645657 0.65754532814
as 0.826086938381 0.911392390728 0.696969687939 0.469696968794
bs 1.0 0.651162803173 0.424242436886 0.0606060624123
ds 1.0 0.975000023842 0.730769217014 0.987951815128
gs 0.483870953321 0.612903237343 0.321428567171 0.20000000298
ts 1.0 0.885245919228 0.692307710648 0.15625
a 0.0660872831941 0.0975931733847 0.102950245142 0.103285036981
b 0.0233297478408 0.0137000847608 0.0177357457578 0.034112598747
d 0.650100231171 0.697494506836 0.649102807045 0.732855260372
g 0.00515338266268 0.00544852437451 0.00581012433395 0.0249118749052
t 0.255329370499 0.185763716698 0.22440110147 0.104835219681
h 1.0 1.0 1.0 1.0
c 0.0 0 0 0
Aa 0.82276904583 0.676341831684 0.446935027838 0.651075541973
Ab 0.370561152697 -0.176354378462 -0.316842913628 0.16995292902
Ad 1.81563138962 1.53046309948 1.2466211319 1.50205636024
Ag -0.28525647521 -0.576798737049 -0.80150693655 0.0334445498884
At 1.40975189209 0.955883264542 0.785332620144 0.65754532814
as 0.826086938381 0.911392390728 0.696969687939 0.469696968794
bs 1.0 0.581395328045 0.454545468092 0.0606060624123
ds 1.0 0.962025344372 0.794871807098 0.987951815128
gs 0.5 0.645161271095 0.321428567171 0.20000000298
ts 1.0 0.933333337307 0.743589758873 0.15625
a 0.0610106140375 0.102941706777 0.0969792231917 0.103285036981
b 0.0223303623497 0.0130870919675 0.0165253169835 0.034112598747
d 0.656134128571 0.682955443859 0.658296763897 0.732855260372
g 0.00478649931028 0.00575348129496 0.00536876125261 0.0249118749052
t 0.255738377571 0.195262283087 0.222829937935 0.104835219681
h 1.0 1.0 1.0 1.0
c 0.0 0 0 0
Aa 0.818303763866 0.676341831684 0.446935027838 0.651075541973
Ab 0.381794124842 -0.219406396151 -0.321593850851 0.16995292902
Ad 1.84989094734 1.49814283848 1.27867805958 1.50205636024
Ag -0.287083625793 -0.576318860054 -0.809869587421 0.0334445498884
At 1.44069433212 0.954368829727 0.808229923248 0.65754532814
as 0.826086938381 0.911392390728 0.696969687939 0.469696968794
bs 1.0 0.488372087479 0.454545468092 0.0606060624123
ds 1.0 0.911392390728 0.846153855324 0.987951815128
gs 0.5 0.645161271095 0.285714298487 0.20000000298
ts 1.0 0.933333337307 0.78205126524 0.15625
a 0.0549325309694 0.108665302396 0.0941913872957 0.103285036981
b 0.0213725306094 0.0132131660357 0.0158096235245 0.034112598747
d 0.664123475552 0.666240632534 0.665109097958 0.732855260372
g 0.00455214129761 0.00638869358227 0.0051805311814 0.0249118749052
t 0.255019307137 0.205492198467 0.219709336758 0.104835219681
h 1.0 1.0 1.0 1.0
c 0.0 0 0 0
Aa 0.795652747154 0.649923145771 0.436328470707 0.651075541973
Ab 0.385679036379 -0.265160828829 -0.338761180639 0.16995292902
Ad 1.87807190418 1.43746340275 1.2852101326 1.50205636024
Ag -0.285961180925 -0.580755710602 -0.823308467865 0.0334445498884
At 1.46239614487 0.926627576351 0.804165780544 0.65754532814
as 0.782608687878 0.886075973511 0.681818187237 0.469696968794
bs 1.0 0.37209302187 0.39393940568 0.0606060624123
ds 1.0 0.835443019867 0.846153855324 0.987951815128
gs 0.5 0.645161271095 0.25 0.20000000298
ts 1.0 0.881355941296 0.769230782986 0.15625
a 0.0527270026505 0.104415945709 0.0855311229825 0.103285036981
b 0.020639128983 0.0143941072747 0.0156420022249 0.034112598747
d 0.670575797558 0.653581440449 0.674552559853 0.732855260372
g 0.00445655686781 0.00758499931544 0.00528173334897 0.0249118749052
t 0.2516015172 0.220023497939 0.218992561102 0.104835219681
h 1.0 1.0 1.0 1.0
c 0.0 0 0 0
Aa 0.795652747154 0.552572965622 0.372823387384 0.651075541973
Ab 0.388311028481 -0.308009147644 -0.365008473396 0.16995292902
Ad 1.90006756783 1.34910583496 1.26971495152 1.50205636024
Ag -0.277380883694 -0.586238324642 -0.836524367332 0.0334445498884
At 1.47433292866 0.87627518177 0.781128585339 0.65754532814
as 0.782608687878 0.759493649006 0.590909063816 0.469696968794
bs 1.0 0.285714298487 0.303030312061 0.0606060624123
ds 1.0 0.734177231789 0.833333313465 0.987951815128
gs 0.533333361149 0.612903237343 0.178571432829 0.20000000298
ts 1.0 0.796610176563 0.743589758873 0.15625
a 0.050859529525 0.10380153358 0.0806302651763 0.103285036981
b 0.0205720793456 0.0163460299373 0.0156980939209 0.034112598747
d 0.676387071609 0.634565114975 0.678623795509 0.732855260372
g 0.0044379606843 0.00924203917384 0.00553903263062 0.0249118749052
t 0.247743353248 0.236045286059 0.219508811831 0.104835219681
h 1.0 1.0 1.0 1.0
c 0.0 0 0 0
Aa 0.795652747154 0.459383517504 0.317896515131 0.651075541973
Ab 0.402558594942 -0.343407958746 -0.392754614353 0.16995292902
Ad 1.91947567463 1.24565589428 1.24302756786 1.50205636024
Ag -0.263536185026 -0.591052472591 -0.845167636871 0.0334445498884
At 1.48328244686 0.816175043583 0.752850413322 0.65754532814
as 0.782608687878 0.641025662422 0.515151500702 0.469696968794
bs 1.0 0.190476194024 0.242424249649 0.0606060624123
ds 1.0 0.594936728477 0.794871807098 0.987951815128
gs 0.566666662693 0.612903237343 0.142857149243 0.20000000298
ts 1.0 0.689655184746 0.705128192902 0.15625
a 0.050859529525 0.111653335392 0.079169742763 0.103285036981
b 0.0205720793456 0.0182876754552 0.0157968085259 0.034112598747
d 0.676387071609 0.608295023441 0.677670896053 0.732855260372
g 0.0044379606843 0.0109620401636 0.00584692554548 0.0249118749052
t 0.247743353248 0.250801920891 0.221515625715 0.104835219681
h 1.0 1.0 1.0 1.0
c 0.0 0 0 0
Aa 0.795652747154 0.41172337532 0.283640265465 0.651075541973
Ab 0.402558594942 -0.37398982048 -0.416349649429 0.16995292902
Ad 1.91947567463 1.14796590805 1.21609985828 1.50205636024
Ag -0.263536185026 -0.596256911755 -0.847991406918 0.0334445498884
At 1.48328244686 0.763182580471 0.730485379696 0.65754532814
as 0.782608687878 0.576923072338 0.454545468092 0.469696968794
bs 1.0 0.119047619402 0.151515156031 0.0606060624123
ds 1.0 0.468354433775 0.756410241127 0.987951815128
gs 0.566666662693 0.580645143986 0.142857149243 0.20000000298
ts 1.0 0.603448271751 0.679487168789 0.15625
a 0.050859529525 0.110515639186 0.0799042135477 0.103285036981
b 0.0205720793456 0.0199505705386 0.0159465577453 0.034112598747
d 0.676387071609 0.590443730354 0.67340528965 0.732855260372
g 0.0044379606843 0.0125282937661 0.00615051621571 0.0249118749052
t 0.247743353248 0.2665617764 0.224593400955 0.104835219681
h 1.0 1.0 1.0 1.0
c 0.0 0 0 0
Aa 0.795652747154 0.342000842094 0.266573578119 0.651075541973
Ab 0.402558594942 -0.401467591524 -0.433329164982 0.16995292902
Ad 1.91947567463 1.0697555542 1.19228041172 1.50205636024
Ag -0.263536185026 -0.603531002998 -0.847084581852 0.0334445498884
At 1.48328244686 0.724374949932 0.715400874615 0.65754532814
as 0.782608687878 0.487179487944 0.424242436886 0.469696968794
bs 1.0 0.0714285746217 0.121212124825 0.0606060624123
ds 1.0 0.379746824503 0.730769217014 0.987951815128
gs 0.566666662693 0.580645143986 0.142857149243 0.20000000298
ts 1.0 0.534482777119 0.653846144676 0.15625
a 0.050859529525 0.109930306673 0.0801609531045 0.103285036981
b 0.0205720793456 0.0213029589504 0.016286842525 0.034112598747
d 0.676387071609 0.575106620789 0.669100761414 0.732855260372
g 0.0044379606843 0.01379433088 0.0064533399418 0.0249118749052
t 0.247743353248 0.279865771532 0.227998077869 0.104835219681
h 1.0 1.0 1.0 1.0
c 0.0 0 0 0
Aa 0.795652747154 0.288896054029 0.249503195286 0.651075541973
Ab 0.402558594942 -0.423781454563 -0.4426227808 0.16995292902
Ad 1.91947567463 1.00752699375 1.1710318327 1.50205636024
Ag -0.263536185026 -0.612520754337 -0.844675123692 0.0334445498884
At 1.48328244686 0.694728374481 0.703471541405 0.65754532814
as 0.782608687878 0.423076927662 0.409090906382 0.469696968794
bs 1.0 0.0 0.0909090936184 0.0606060624123
ds 1.0 0.291139245033 0.705128192902 0.987951815128
gs 0.566666662693 0.548387110233 0.142857149243 0.20000000298
ts 1.0 0.482758611441 0.641025662422 0.15625
a 0.050859529525 0.108660973608 0.0808696597815 0.103285036981
b 0.0205720793456 0.0229474399239 0.0168040413409 0.034112598747
d 0.676387071609 0.561065077782 0.664559423923 0.732855260372
g 0.0044379606843 0.0149853117764 0.00676896981895 0.0249118749052
t 0.247743353248 0.292341202497 0.230997890234 0.104835219681
h 1.0 1.0 1.0 1.0
c 0.0 0 0 0
Aa 0.795652747154 0.239060342312 0.236626327038 0.651075541973
Ab 0.402558594942 -0.436278998852 -0.445745557547 0.16995292902
Ad 1.91947567463 0.95199996233 1.15137445927 1.50205636024
Ag -0.263536185026 -0.621347486973 -0.840636730194 0.0334445498884
At 1.48328244686 0.668876767159 0.692448675632 0.65754532814
as 0.782608687878 0.350649356842 0.378787875175 0.469696968794
bs 1.0 0.0 0.0606060624123 0.0606060624123
ds 1.0 0.230769231915 0.675324678421 0.987951815128
gs 0.566666662693 0.516129016876 0.178571432829 0.20000000298
ts 1.0 0.448275864124 0.628205120564 0.15625
a 0.050859529525 0.104486435652 0.0738621577621 0.103285036981
b 0.0205720793456 0.0249078515917 0.0175763983279 0.034112598747
d 0.676387071609 0.549153864384 0.665368378162 0.732855260372
g 0.0044379606843 0.0160276070237 0.00712700979784 0.0249118749052
t 0.247743353248 0.305424213409 0.236066073179 0.104835219681
h 1.0 1.0 1.0 1.0
c 0.0 0 0 0
Aa 0.795652747154 0.185830622911 0.179669469595 0.651075541973
Ab 0.402558594942 -0.4368930161 -0.443822622299 0.16995292902
Ad 1.91947567463 0.906464755535 1.13430964947 1.50205636024
Ag -0.263536185026 -0.628360629082 -0.835845172405 0.0334445498884
At 1.48328244686 0.651674211025 0.684281051159 0.65754532814
as 0.782608687878 0.272727280855 0.303030312061 0.469696968794
bs 1.0 0.0 0.0606060624123 0.0606060624123
ds 1.0 0.166666671634 0.639999985695 0.987951815128
gs 0.566666662693 0.483870953321 0.178571432829 0.20000000298
ts 1.0 0.413793116808 0.615384638309 0.15625
a 0.050859529525 0.104085087776 0.0625687092543 0.103285036981
b 0.0205720793456 0.0263981539756 0.018567206338 0.034112598747
d 0.676387071609 0.538309276104 0.668397665024 0.732855260372
g 0.0044379606843 0.0163579378277 0.00747868325561 0.0249118749052
t 0.247743353248 0.31484952569 0.242987722158 0.104835219681
h 1.0 1.0 1.0 1.0
c 0.0 0 0 0
Aa 0.795652747154 0.169659122825 0.0922409817576 0.651075541973
Ab 0.402558594942 -0.42615583539 -0.435369640589 0.16995292902
Ad 1.91947567463 0.883302509785 1.12091875076 1.50205636024
Ag -0.263536185026 -0.634000837803 -0.830291032791 0.0334445498884
At 1.48328244686 0.650373637676 0.681468129158 0.65754532814
as 0.782608687878 0.259740263224 0.166666671634 0.469696968794
bs 1.0 0.0 0.0909090936184 0.0606060624123
ds 1.0 0.141025647521 0.626666665077 0.987951815128
gs 0.566666662693 0.451612889767 0.214285716414 0.20000000298
ts 1.0 0.413793116808 0.618421077728 0.15625
a 0.312338709831 0.113312751055 0.0585289224982 0.155266344547
b 0.102098494768 0.026842571795 0.0194470081478 0.102221548557
d 0.103795044124 0.526904225349 0.666157484055 0.249727830291
g 0.0295665729791 0.0157746952027 0.0077128871344 0.0261590667069
t 0.452201187611 0.317165791988 0.248153716326 0.466625183821
h 1.0 1.0 1.0 1.0
c 0.0 0 0 0
Aa 0.62672662735 0.217583969235 0.0511563569307 0.561894536018
Ab 0.141120165586 -0.407870709896 -0.427361369133 0.380359649658
Ad 0.148277431726 0.885036826134 1.10736274719 0.768284142017
Ag -0.397098213434 -0.638733804226 -0.828997194767 -0.211560547352
At 0.787432491779 0.664591491222 0.678506612778 1.03978538513
as 0.53623187542 0.315789461136 0.106060609221 0.333333343267
bs 0.488888889551 0.047619048506 0.121212124825 0.696969687939
ds 0.0 0.141025647521 0.600000023842 0.108433738351
gs 0.133333340287 0.451612889767 0.214285716414 0.0
ts 0.407407402992 0.431034475565 0.597222208977 0.765625
a 0.298530519009 0.12204028666 0.0590185299516 0.16084523499
b 0.102669253945 0.027347786352 0.0205517970026 0.0970463827252
d 0.110836625099 0.518944621086 0.660794019699 0.26343819499
g 0.0265303459018 0.0150196403265 0.00797825679183 0.0281989853829
t 0.461433261633 0.316647678614 0.251657366753 0.450471192598
h 1.0 1.0 1.0 1.0
c 0.0 0 0 0
Aa 0.635489523411 0.266734153032 0.0336418636143 0.596217155457
Ab 0.171941190958 -0.382846862078 -0.4244967103 0.37678834796
Ad 0.205184072256 0.895351946354 1.08271956444 0.810487747192
Ag -0.415756314993 -0.643109500408 -0.835438489914 -0.159957528114
At 0.82460963726 0.680807232857 0.663463115692 1.04347598553
as 0.544117629528 0.368421047926 0.0757575780153 0.378787875175
bs 0.555555582047 0.119047619402 0.121212124825 0.666666686535
ds 0.0 0.153846159577 0.573333323002 0.15662650764
gs 0.0666666701436 0.451612889767 0.178571432829 0.0
ts 0.45679011941 0.456140339375 0.557142853737 0.765625
a 0.286673396826 0.149991706014 0.0689057484269 0.180871963501
b 0.101854749024 0.0281534362584 0.0223425533623 0.0918134301901
d 0.129785016179 0.501260876656 0.64873945713 0.274822503328
g 0.0247431956232 0.0142147541046 0.00849685352296 0.0312444772571
t 0.456943631172 0.30637922883 0.251515418291 0.421247631311
h 1.0 1.0 1.0 1.0
c 0.0 0 0 0
Aa 0.637246310711 0.376966863871 0.0617707855999 0.657210946083
Ab 0.18784019351 -0.349568963051 -0.42735183239 0.362745910883
Ad 0.293083459139 0.900963485241 1.03558564186 0.838891983032
Ag -0.42668530345 -0.646360993385 -0.847226560116 -0.105387032032
At 0.839721500874 0.687158942223 0.624079942703 1.02437722683
as 0.544117629528 0.513157904148 0.121212124825 0.469696968794
bs 0.600000023842 0.190476194024 0.121212124825 0.636363625526
ds 0.0 0.166666671634 0.506666660309 0.172839507461
gs 0.0333333350718 0.419354826212 0.142857149243 0.0
ts 0.481481492519 0.456140339375 0.492753624916 0.734375
a 0.276755511761 0.193242371082 0.0899625569582 0.202759429812
b 0.100895643234 0.0287736058235 0.025496982038 0.0856592431664
d 0.157443329692 0.481265336275 0.624847590923 0.292237430811
g 0.0241794157773 0.0130692115054 0.00950506795198 0.0341167189181
t 0.440726101398 0.283649474382 0.250187784433 0.385227173567
h 1.0 1.0 1.0 1.0
c 0.0 0 0 0
Aa 0.637246310711 0.523503661156 0.12027323246 0.714998483658
Ab 0.199022442102 -0.303604394197 -0.427299767733 0.340791672468
Ad 0.392274290323 0.919785916805 0.961985588074 0.87375330925
Ag -0.421404182911 -0.646349310875 -0.855833351612 -0.0590153262019
At 0.839318811893 0.690183341503 0.564477562904 0.993734300137
as 0.544117629528 0.710526287556 0.212121218443 0.560606062412
bs 0.62222224474 0.285714298487 0.121212124825 0.575757563114
ds 0.0 0.192307695746 0.413333326578 0.209876537323
gs 0.0666666701436 0.419354826212 0.107142858207 0.0
ts 0.481481492519 0.482142865658 0.405797094107 0.6875
a 0.269055783749 0.222176492214 0.122121185064 0.214822933078
b 0.101273976266 0.0285164564848 0.0302163679153 0.0781669840217
d 0.187785193324 0.482118338346 0.586849868298 0.325648963451
g 0.0246679615229 0.0114772738889 0.0109769655392 0.0356884077191
t 0.417217105627 0.255711436272 0.249835640192 0.345672696829
h 1.0 1.0 1.0 1.0
c 0.0 0 0 0
Aa 0.637246310711 0.647526741028 0.194921717048 0.753540575504
Ab 0.212901860476 -0.244075804949 -0.411627024412 0.314483255148
Ad 0.48106533289 0.983982264996 0.87665772438 0.93420958519
Ag -0.400462776423 -0.639332652092 -0.851386964321 -0.0260129179806
At 0.827766060829 0.708578765392 0.505785107613 0.960124969482
as 0.544117629528 0.868421077728 0.318181812763 0.621212124825
bs 0.644444465637 0.428571432829 0.1875 0.46875
ds 0.0427350439131 0.269230782986 0.29333332181 0.27500000596
gs 0.133333340287 0.451612889767 0.142857149243 0.0
ts 0.449999988079 0.517857134342 0.3188405931 0.650793671608
a 0.26040366292 0.217156305909 0.156920403242 0.238919526339
b 0.102782957256 0.0271548200399 0.0349466055632 0.0661846548319
d 0.209768429399 0.51300162077 0.540817201138 0.368932425976
g 0.0255218539387 0.00971967354417 0.012219587341 0.0338148586452
t 0.401523083448 0.232967600226 0.255096197128 0.292148560286
h 1.0 1.0 1.0 1.0
c 0.0 0 0 0
Aa 0.637246310711 0.721246123314 0.274623990059 0.845208466053
Ab 0.233520299196 -0.181679412723 -0.377650409937 0.287714093924
Ad 0.543339312077 1.09459233284 0.811995089054 1.03390359879
Ag -0.371488571167 -0.627874612808 -0.833998858929 -0.00393559783697
At 0.825309753418 0.751769185066 0.485648572445 0.932560503483
as 0.544117629528 0.973684191704 0.439393937588 0.757575750351
bs 0.688888907433 0.595238089561 0.28125 0.40625
ds 0.0940170958638 0.410256415606 0.213333338499 0.40000000596
gs 0.24137930572 0.483870953321 0.178571432829 0.0666666701436
ts 0.449999988079 0.589285731316 0.289855062962 0.603174626827
a 0.26040366292 0.18551838398 0.171089231968 0.238919526339
b 0.102782957256 0.025439305231 0.0375554598868 0.0661846548319
d 0.209768429399 0.558383703232 0.510215461254 0.368932425976
g 0.0255218539387 0.00824427697808 0.01267240569 0.0338148586452
t 0.401523083448 0.222414299846 0.2684674263 0.292148560286
h 1.0 1.0 1.0 1.0
c 0.0 0 0 0
Aa 0.637246310711 0.735081732273 0.320555001497 0.845208466053
Ab 0.233520299196 -0.127800002694 -0.337994635105 0.287714093924
Ad 0.543339312077 1.21362745762 0.795085966587 1.03390359879
Ag -0.371488571167 -0.617152690887 -0.80980861187 -0.00393559783697
At 0.825309753418 0.81385743618 0.516223907471 0.932560503483
as 0.552238821983 0.986842095852 0.515151500702 0.75
bs 0.688888907433 0.714285731316 0.40625 0.40625
ds 0.0940170958638 0.564102590084 0.175675675273 0.40000000596
gs 0.24137930572 0.516129016876 0.285714298487 0.0666666701436
ts 0.449999988079 0.696428596973 0.323529422283 0.603174626827
a 0.26040366292 0.157986015081 0.165650784969 0.238919526339
b 0.102782957256 0.0236120931804 0.0376753434539 0.0661846548319
d 0.209768429399 0.594342827797 0.496603876352 0.368932425976
g 0.0255218539387 0.007077538874 0.0124052735046 0.0338148586452
t 0.401523083448 0.216981515288 0.287664711475 0.292148560286
h 1.0 1.0 1.0 1.0
c 0.0 0 0 0
Aa 0.637246310711 0.737208724022 0.338719040155 0.845208466053
Ab 0.233520299196 -0.0882753878832 -0.304417252541 0.287714093924
Ad 0.543339312077 1.31262719631 0.815535664558 1.03390359879
Ag -0.371488571167 -0.611527621746 -0.786868095398 -0.00393559783697
At 0.825309753418 0.875012874603 0.578412115574 0.932560503483
as 0.552238821983 0.986842095852 0.54545456171 0.75
bs 0.688888907433 0.809523820877 0.5 0.40625
ds 0.0782608687878 0.692307710648 0.180555552244 0.40000000596
gs 0.24137930572 0.548387110233 0.357142865658 0.0666666701436
ts 0.449999988079 0.803571403027 0.426470577717 0.603174626827
a 0.26040366292 0.139550507069 0.153165593743 0.238919526339
b 0.102782957256 0.0220480114222 0.0360327549279 0.0661846548319
d 0.209768429399 0.616541445255 0.489109605551 0.368932425976
g 0.0255218539387 0.00623275246471 0.0117764966562 0.0338148586452
t 0.401523083448 0.215627282858 0.309915572405 0.292148560286
h 1.0 1.0 1.0 1.0
c 0.0 0 0 0
Aa 0.637246310711 0.737208724022 0.345654696226 0.845208466053
Ab 0.233520299196 -0.0641532540321 -0.282809048891 0.287714093924
Ad 0.543339312077 1.38243961334 0.84989964962 1.03390359879
Ag -0.371488571167 -0.612842798233 -0.768490374088 -0.00393559783697
At 0.825309753418 0.926181077957 0.651736855507 0.932560503483
as 0.552238821983 0.986666679382 0.54545456171 0.746031761169
bs 0.70454543829 0.857142865658 0.59375 0.40625
ds 0.0782608687878 0.78205126524 0.236111104488 0.405063301325
gs 0.24137930572 0.548387110233 0.428571432829 0.0666666701436
ts 0.449999988079 0.892857134342 0.529411792755 0.603174626827
a 0.26040366292 0.1279361099 0.151610791683 0.238919526339
b 0.102782957256 0.0208180416375 0.0327852256596 0.0661846548319
d 0.209768429399 0.629520535469 0.477161288261 0.368932425976
g 0.0255218539387 0.00563374022022 0.010815824382 0.0338148586452
t 0.401523083448 0.216091558337 0.327626854181 0.292148560286
h 1.0 1.0 1.0 1.0
c 0.0 0 0 0
Aa 0.637246310711 0.737208724022 0.392893821001 0.845208466053
Ab 0.233520299196 -0.0513445101678 -0.272158116102 0.287714093924
Ad 0.543339312077 1.429225564 0.890828967094 1.03390359879
Ag -0.371488571167 -0.618987560272 -0.753776669502 -0.00393559783697
At 0.825309753418 0.964853405952 0.727543234825 0.932560503483
as 0.578125 0.986666679382 0.621212124825 0.746031761169
bs 0.70454543829 0.904761910439 0.625 0.40625
ds 0.0701754391193 0.846153855324 0.291666656733 0.405063301325
gs 0.24137930572 0.516129016876 0.464285701513 0.0666666701436
ts 0.449999988079 0.964285731316 0.632352948189 0.603174626827
a 0.26040366292 0.1201171875 0.145102873445 0.238919526339
b 0.102782957256 0.0198686718941 0.0292828958482 0.0661846548319
d 0.209768429399 0.638448119164 0.474287956953 0.368932425976
g 0.0255218539387 0.00519031984732 0.00981717184186 0.0338148586452
t 0.401523083448 0.216375693679 0.341509103775 0.292148560286
h 1.0 1.0 1.0 1.0
c 0.0 0 0 0
Aa 0.637246310711 0.737208724022 0.428434312344 0.845208466053
Ab 0.233520299196 -0.04422756657 -0.266627669334 0.287714093924
Ad 0.543339312077 1.46272921562 0.942800402641 1.03390359879
Ag -0.371488571167 -0.627202272415 -0.741255283356 -0.00393559783697
At 0.825309753418 0.992812097073 0.800160586834 0.932560503483
as 0.578125 0.986666679382 0.681818187237 0.741935491562
bs 0.70454543829 0.904761910439 0.625 0.40625
ds 0.0701754391193 0.884615361691 0.361111104488 0.405063301325
gs 0.24137930572 0.483870953321 0.535714268684 0.0666666701436
ts 0.449999988079 1.0 0.75 0.603174626827
a 0.26040366292 0.114636160433 0.130038335919 0.238919526339
b 0.102782957256 0.0190890207887 0.0264285430312 0.0661846548319
d 0.209768429399 0.645955264568 0.483127117157 0.368932425976
g 0.0255218539387 0.00484954426065 0.00898935180157 0.0338148586452
t 0.401523083448 0.215470016003 0.351416647434 0.292148560286
h 1.0 1.0 1.0 1.0
c 0.0 0 0 0
Aa 0.637246310711 0.737208724022 0.428434312344 0.845208466053
Ab 0.233520299196 -0.0413292348385 -0.263563871384 0.287714093924
Ad 0.543339312077 1.48808956146 0.998424291611 1.03390359879
Ag -0.371488571167 -0.636411964893 -0.731908679008 -0.00393559783697
At 0.825309753418 1.01127398014 0.860185205936 0.932560503483
as 0.578125 0.986666679382 0.681818187237 0.741935491562
bs 0.70454543829 0.928571403027 0.625 0.40625
ds 0.0701754391193 0.910256385803 0.444444447756 0.397435903549
gs 0.24137930572 0.451612889767 0.571428596973 0.0666666701436
ts 0.449999988079 1.0 0.838235318661 0.603174626827
a 0.245772913098 0.111148126423 0.119470976293 0.228258118033
b 0.105202555656 0.0184744875878 0.0243904162198 0.0635145828128
d 0.212729901075 0.65307700634 0.493915081024 0.387543052435
g 0.0247944891453 0.00459582172334 0.00833704322577 0.0341997891665
t 0.411500155926 0.2127045542 0.3538864851 0.286484450102
h 1.0 1.0 1.0 1.0
c 0.0 0 0 0
Aa 0.628001332283 0.737208724022 0.428434312344 0.842076659203
Ab 0.259493589401 -0.0421209670603 -0.261608868837 0.286523848772
Ad 0.565295875072 1.50627100468 1.04482424259 1.07197034359
Ag -0.36817753315 -0.646330177784 -0.727816045284 0.0176738332957
At 0.851837277412 1.0190833807 0.900035917759 0.940751433372
as 0.578125 0.986486494541 0.681818187237 0.75
bs 0.772727251053 0.928571403027 0.65625 0.375
ds 0.0884955748916 0.935897409916 0.5 0.448717951775
gs 0.24137930572 0.419354826212 0.571428596973 0.166666671634
ts 0.481012672186 1.0 0.897058844566 0.619047641754
a 0.223429441452 0.109701365232 0.11385435611 0.223019778728
b 0.107373401523 0.0179605428129 0.023141618818 0.0598358176649
d 0.228411063552 0.65916210413 0.503196418285 0.40933790803
g 0.0241576787084 0.00441863434389 0.00792125612497 0.0357371941209
t 0.416628420353 0.20875737071 0.351886361837 0.272069305182
h 1.0 1.0 1.0 1.0
c 0.0 0 0 0
Aa 0.59715795517 0.737208724022 0.428434312344 0.842076659203
Ab 0.278914272785 -0.0486838594079 -0.263521611691 0.270694494247
Ad 0.60673469305 1.51598894596 1.0738222599 1.1058151722
Ag -0.368927240372 -0.657715260983 -0.729121267796 0.0468537025154
At 0.867766439915 1.01663851738 0.918487071991 0.928412795067
as 0.516129016876 0.986486494541 0.681818187237 0.762711882591
bs 0.818181812763 0.904761910439 0.625 0.34375
ds 0.116071425378 0.948717951775 0.549295783043 0.487179487944
gs 0.24137930572 0.387096762657 0.571428596973 0.233333334327
ts 0.493670880795 1.0 0.926470577717 0.603174626827
a 0.199909865856 0.109928458929 0.112033613026 0.221786409616
b 0.109066359699 0.0175643563271 0.0225504525006 0.0554490834475
d 0.254279762506 0.664124071598 0.509049594402 0.437447100878
g 0.0240450650454 0.00431620841846 0.00775476498529 0.0383496396244
t 0.412698954344 0.2040669173 0.348611563444 0.24696777761
h 1.0 1.0 1.0 1.0
c 0.0 0 0 0
Aa 0.553458333015 0.737208724022 0.428434312344 0.842076659203
Ab 0.290314942598 -0.0592691302299 -0.267758727074 0.240036085248
Ad 0.657935917377 1.51834785938 1.08584606647 1.13706719875
Ag -0.366349935532 -0.668798983097 -0.731345355511 0.0799029991031
At 0.868257522583 1.00587117672 0.92142778635 0.888782024384
as 0.459016382694 0.986486494541 0.681818187237 0.762711882591
bs 0.840909063816 0.880952358246 0.625 0.25
ds 0.162162154913 0.948717951775 0.563380300999 0.493150681257
gs 0.24137930572 0.354838699102 0.555555582047 0.366666674614
ts 0.506329119205 1.0 0.926470577717 0.53968256712
a 0.175941541791 0.111314542592 0.112271457911 0.222608953714
b 0.110554255545 0.0173117443919 0.0223467890173 0.0502970404923
d 0.289122462273 0.668439745903 0.512397289276 0.472962200642
g 0.0248925928026 0.00427483767271 0.00781475566328 0.0413822717965
t 0.399489164352 0.19865912199 0.345169663429 0.212749540806
h 1.0 1.0 1.0 1.0
c 0.0 0 0 0
Aa 0.4972628057 0.737208724022 0.428434312344 0.842076659203
Ab 0.295469909906 -0.071002304554 -0.272619903088 0.196076437831
Ad 0.71297621727 1.51571917534 1.08777177334 1.16936039925
Ag -0.352035462856 -0.678423523903 -0.728919625282 0.111348323524
At 0.853399395943 0.988765358925 0.91619759798 0.822402656078
as 0.360655725002 0.986486494541 0.681818187237 0.762711882591
bs 0.840909063816 0.857142865658 0.625 0.0967741906643
ds 0.207207202911 0.948717951775 0.550724625587 0.547945201397
gs 0.285714298487 0.333333343267 0.555555582047 0.466666668653
ts 0.481012672186 0.982758641243 0.911764681339 0.428571432829
a 0.1487416327 0.110541053116 0.113297276199 0.211322486401
b 0.112988971174 0.0171856898814 0.0222886744887 0.0447666086257
d 0.331714898348 0.675202965736 0.514496743679 0.524136066437
g 0.0269939787686 0.00428889738396 0.00806119758636 0.0440297275782
t 0.379560530186 0.192781403661 0.341856092215 0.175745129585
h 1.0 1.0 1.0 1.0
c 0.0 0 0 0
Aa 0.419334739447 0.724457383156 0.428434312344 0.816277980804
Ab 0.299938261509 -0.083899192512 -0.277700901031 0.142286479473
Ad 0.767667174339 1.51036810875 1.08559751511 1.21077632904
Ag -0.321830898523 -0.686720490456 -0.719385564327 0.135078310966
At 0.826183259487 0.96599894762 0.908058166504 0.736215591431
as 0.24590164423 0.972972989082 0.681818187237 0.711864411831
bs 0.863636374474 0.809523820877 0.59375 0.0
ds 0.25225225091 0.948051929474 0.550724625587 0.602739751339
gs 0.392857134342 0.300000011921 0.592592597008 0.533333361149
ts 0.443037986755 0.931034505367 0.925373136997 0.290322571993
a 0.1487416327 0.110824234784 0.114827543497 0.211322486401
b 0.112988971174 0.0170641317964 0.0222685039043 0.0447666086257
d 0.331714898348 0.681209743023 0.515249550343 0.524136066437
g 0.0269939787686 0.00431942986324 0.00842212885618 0.0440297275782
t 0.379560530186 0.186582446098 0.339232265949 0.175745129585
h 1.0 1.0 1.0 1.0
c 0.0 0 0 0
Aa 0.419334739447 0.71318012476 0.428434312344 0.816277980804
Ab 0.299938261509 -0.0993704497814 -0.283920705318 0.142286479473
Ad 0.767667174339 1.50182616711 1.08040583134 1.21077632904
Ag -0.321830898523 -0.696028232574 -0.706189870834 0.135078310966
At 0.826183259487 0.939416110516 0.898885369301 0.736215591431
as 0.24590164423 0.959459483624 0.681818187237 0.711864411831
bs 0.863636374474 0.785714268684 0.5625 0.0
ds 0.25225225091 0.935064911842 0.550724625587 0.602739751339
gs 0.392857134342 0.266666680574 0.629629611969 0.533333361149
ts 0.443037986755 0.896551728249 0.910447776318 0.290322571993
a 0.1487416327 0.115565530956 0.117700181901 0.211322486401
b 0.112988971174 0.0168444979936 0.022148154676 0.0447666086257
d 0.331714898348 0.683145463467 0.513061523438 0.524136066437
g 0.0269939787686 0.00438664620742 0.00882637407631 0.0440297275782
t 0.379560530186 0.18005785346 0.338263750076 0.175745129585
h 1.0 1.0 1.0 1.0
c 0.0 0 0 0
Aa 0.419334739447 0.71318012476 0.428434312344 0.816277980804
Ab 0.299938261509 -0.123190134764 -0.297005265951 0.142286479473
Ad 0.767667174339 1.48486495018 1.06782662868 1.21077632904
Ag -0.321830898523 -0.707515597343 -0.696560502052 0.135078310966
At 0.826183259487 0.905763864517 0.886912643909 0.736215591431
as 0.24590164423 0.959459483624 0.681818187237 0.711864411831
bs 0.863636374474 0.714285731316 0.53125 0.0
ds 0.25225225091 0.909090936184 0.521739125252 0.602739751339
gs 0.392857134342 0.233333334327 0.666666686535 0.533333361149
ts 0.443037986755 0.827586233616 0.880596995354 0.290322571993
a 0.1487416327 0.1239791587 0.12332380563 0.211322486401
b 0.112988971174 0.0166937913746 0.0219027828425 0.0447666086257
d 0.331714898348 0.680121302605 0.503499448299 0.524136066437
g 0.0269939787686 0.00457361154258 0.00922864489257 0.0440297275782
t 0.379560530186 0.174632146955 0.342045277357 0.175745129585
h 1.0 1.0 1.0 1.0
c 0.0 0 0 0
Aa 0.419334739447 0.711640894413 0.428434312344 0.816277980804
Ab 0.299938261509 -0.159152790904 -0.32211330533 0.142286479473
Ad 0.767667174339 1.45087862015 1.03938639164 1.21077632904
Ag -0.321830898523 -0.721448481083 -0.697474658489 0.135078310966
At 0.826183259487 0.860416412354 0.871471047401 0.736215591431
as 0.24590164423 0.958904087543 0.681818187237 0.711864411831
bs 0.863636374474 0.642857134342 0.46875 0.0
ds 0.25225225091 0.881578922272 0.492753624916 0.602739751339
gs 0.392857134342 0.20000000298 0.692307710648 0.533333361149
ts 0.443037986755 0.758620679379 0.863636374474 0.290322571993
a 0.1487416327 0.137328311801 0.13004770875 0.211322486401
b 0.112988971174 0.0168145522475 0.0215602759272 0.0447666086257
d 0.331714898348 0.669962763786 0.486227035522 0.524136066437
g 0.0269939787686 0.00498805008829 0.00969711411744 0.0440297275782
t 0.379560530186 0.170906320214 0.352467864752 0.175745129585
h 1.0 1.0 1.0 1.0
c 0.0 0 0 0
Aa 0.419334739447 0.705243825912 0.419310569763 0.816277980804
Ab 0.299938261509 -0.206830978394 -0.361137866974 0.142286479473
Ad 0.767667174339 1.39353442192 0.992046952248 1.21077632904
Ag -0.321830898523 -0.734585523605 -0.708149671555 0.135078310966
At 0.826183259487 0.800241827965 0.852327346802 0.736215591431
as 0.24590164423 0.945205450058 0.666666686535 0.711864411831
bs 0.863636374474 0.536585390568 0.34375 0.0
ds 0.25225225091 0.802631556988 0.420289844275 0.602739751339
gs 0.392857134342 0.133333340287 0.653846144676 0.533333361149
ts 0.443037986755 0.655172407627 0.833333313465 0.290322571993
a 0.1487416327 0.143108099699 0.13395267725 0.211322486401
b 0.112988971174 0.0176988989115 0.0212429761887 0.0447666086257
d 0.331714898348 0.664181530476 0.464821428061 0.524136066437
g 0.0269939787686 0.00582475122064 0.0102554308251 0.0440297275782
t 0.379560530186 0.169186741114 0.369727492332 0.175745129585
h 1.0 1.0 1.0 1.0
c 0.0 0 0 0
Aa 0.419334739447 0.65080422163 0.394676476717 0.816277980804
Ab 0.299938261509 -0.256913751364 -0.405059576035 0.142286479473
Ad 0.767667174339 1.31742680073 0.935011208057 1.21077632904
Ag -0.321830898523 -0.739582657814 -0.721320986748 0.135078310966
At 0.826183259487 0.723506331444 0.835606813431 0.736215591431
as 0.24590164423 0.876712322235 0.621212124825 0.711864411831
bs 0.863636374474 0.414634138346 0.1875 0.0
ds 0.25225225091 0.697368443012 0.333333343267 0.602739751339
gs 0.392857134342 0.133333340287 0.615384638309 0.533333361149
ts 0.443037986755 0.517241358757 0.803030312061 0.290322571993
a 0.1487416327 0.13263425231 0.130803227425 0.211322486401
b 0.112988971174 0.019357888028 0.0207935608923 0.0447666086257
d 0.331714898348 0.672204434872 0.451985448599 0.524136066437
g 0.0269939787686 0.00717768771574 0.0108598368242 0.0440297275782
t 0.379560530186 0.168625727296 0.385557919741 0.175745129585
h 1.0 1.0 1.0 1.0
c 0.0 0 0 0
Aa 0.419334739447 0.535421133041 0.356051087379 0.816277980804
Ab 0.299938261509 -0.300376594067 -0.442638546228 0.142286479473
Ad 0.767667174339 1.24026679993 0.894557058811 1.21077632904
Ag -0.321830898523 -0.731249988079 -0.724744081497 0.135078310966
At 0.826183259487 0.639689326286 0.825522243977 0.736215591431
as 0.24590164423 0.708333313465 0.560606062412 0.711864411831
bs 0.863636374474 0.31707316637 0.09375 0.0
ds 0.25225225091 0.60526317358 0.275362312794 0.602739751339
gs 0.392857134342 0.166666671634 0.576923072338 0.533333361149
ts 0.443037986755 0.379310339689 0.787878811359 0.290322571993
a 0.1487416327 0.111331120133 0.123514614999 0.211322486401
b 0.112988971174 0.0210698563606 0.0200887490064 0.0447666086257
d 0.331714898348 0.696515023708 0.45974740386 0.524136066437
g 0.0269939787686 0.00880708359182 0.0113451890647 0.0440297275782
t 0.379560530186 0.162276923656 0.385304063559 0.175745129585
h 1.0 1.0 1.0 1.0
c 0.0 0 0 0
Aa 0.419334739447 0.393456429243 0.323869138956 0.816277980804
Ab 0.299938261509 -0.329498589039 -0.464896291494 0.142286479473
Ad 0.767667174339 1.18977034092 0.894670069218 1.21077632904
Ag -0.321830898523 -0.708328008652 -0.71303743124 0.135078310966
At 0.826183259487 0.557096600533 0.817954361439 0.736215591431
as 0.24590164423 0.513888895512 0.515151500702 0.711864411831
bs 0.863636374474 0.243902444839 0.0 0.0
ds 0.25225225091 0.539473712444 0.275362312794 0.602739751339
gs 0.392857134342 0.233333334327 0.653846144676 0.533333361149
ts 0.443037986755 0.224137932062 0.787878811359 0.290322571993
a 0.1487416327 0.0942449122667 0.113781869411 0.211322486401
b 0.112988971174 0.0215480141342 0.0194066241384 0.0447666086257
d 0.331714898348 0.726469397545 0.490873634815 0.524136066437
g 0.0269939787686 0.0100069530308 0.0116487359628 0.0440297275782
t 0.379560530186 0.147730723023 0.364289134741 0.175745129585
h 1.0 1.0 1.0 1.0
c 0.0 0 0 0
Aa 0.419334739447 0.29675796628 0.300503432751 0.816277980804
Ab 0.299938261509 -0.344092696905 -0.467619597912 0.142286479473
Ad 0.767667174339 1.18371737003 0.93540006876 1.21077632904
Ag -0.321830898523 -0.677198052406 -0.689290821552 0.135078310966
At 0.826183259487 0.491970866919 0.805876553059 0.736215591431
as 0.24590164423 0.375 0.484848499298 0.711864411831
bs 0.863636374474 0.195121943951 0.0 0.0
ds 0.25225225091 0.526315808296 0.323529422283 0.602739751339
gs 0.392857134342 0.333333343267 0.730769217014 0.533333361149
ts 0.443037986755 0.12068965286 0.757575750351 0.290322571993
a 0.1487416327 0.0799589604139 0.101961776614 0.211322486401
b 0.112988971174 0.0205982811749 0.0188192762434 0.0447666086257
d 0.331714898348 0.755606591702 0.537809789181 0.524136066437
g 0.0269939787686 0.0103800101206 0.0117436069995 0.0440297275782
t 0.379560530186 0.13345618546 0.329665541649 0.175745129585
h 1.0 1.0 1.0 1.0
c 0.0 0 0 0
Aa 0.419334739447 0.239715412259 0.275879025459 0.816277980804
Ab 0.299938261509 -0.349320739508 -0.45795544982 0.142286479473
Ad 0.767667174339 1.2151440382 0.99807035923 1.21077632904
Ag -0.321830898523 -0.646953940392 -0.662756860256 0.135078310966
At 0.826183259487 0.462186992168 0.785515189171 0.736215591431
as 0.24590164423 0.305555552244 0.430769234896 0.711864411831
bs 0.863636374474 0.195121943951 0.03125 0.0
ds 0.25225225091 0.565789461136 0.417910456657 0.602739751339
gs 0.392857134342 0.433333337307 0.846153855324 0.533333361149
ts 0.443037986755 0.0689655169845 0.727272748947 0.290322571993
a 0.1487416327 0.0713861361146 0.0797558277845 0.211322486401
b 0.112988971174 0.0190081186593 0.0186241585761 0.0447666086257
d 0.331714898348 0.773572027683 0.594101965427 0.524136066437
g 0.0269939787686 0.0100490096956 0.01173012238 0.0440297275782
t 0.379560530186 0.125984683633 0.295787900686 0.175745129585
h 1.0 1.0 1.0 1.0
c 0.0 0 0 0
Aa 0.419334739447 0.229631364346 0.192006513476 0.816277980804
Ab 0.299938261509 -0.345043390989 -0.439679265022 0.142286479473
Ad 0.767667174339 1.26451826096 1.06410503387 1.21077632904
Ag -0.321830898523 -0.621859252453 -0.640453398228 0.135078310966
At 0.826183259487 0.476335227489 0.761224508286 0.736215591431
as 0.24590164423 0.291666656733 0.307692319155 0.711864411831
bs 0.863636374474 0.195121943951 0.09375 0.0
ds 0.25225225091 0.631578922272 0.50746268034 0.602739751339
gs 0.392857134342 0.533333361149 0.923076927662 0.533333361149
ts 0.443037986755 0.0862068980932 0.696969687939 0.290322571993
a 0.1487416327 0.0685665011406 0.0640272274613 0.211322486401
b 0.112988971174 0.0174344703555 0.0184759646654 0.0447666086257
d 0.331714898348 0.778096079826 0.638912439346 0.524136066437
g 0.0269939787686 0.00938859395683 0.0114527950063 0.0440297275782
t 0.379560530186 0.126514360309 0.267131567001 0.175745129585
h 1.0 1.0 1.0 1.0
c 0.0 0 0 0
Aa 0.419334739447 0.260676681995 0.123501829803 0.816277980804
Ab 0.299938261509 -0.334026545286 -0.416255742311 0.142286479473
Ad 0.767667174339 1.31559789181 1.1225785017 1.21077632904
Ag -0.321830898523 -0.602834761143 -0.623951375484 0.135078310966
At 0.826183259487 0.526704490185 0.743862330914 0.736215591431
as 0.24590164423 0.333333343267 0.20000000298 0.711864411831
bs 0.863636374474 0.219512194395 0.15625 0.0
ds 0.25225225091 0.697368443012 0.597014904022 0.602739751339
gs 0.392857134342 0.600000023842 0.961538434029 0.533333361149
ts 0.443037986755 0.157894730568 0.661538481712 0.290322571993
a 0.1487416327 0.0673262774944 0.0577571205795 0.211322486401
b 0.112988971174 0.0163529738784 0.018544383347 0.0447666086257
d 0.331714898348 0.776138305664 0.66428232193 0.524136066437
g 0.0269939787686 0.00877445470542 0.0110618853942 0.0440297275782
t 0.379560530186 0.131407961249 0.248354271054 0.175745129585
h 1.0 1.0 1.0 1.0
c 0.0 0 0 0
Aa 0.419334739447 0.298265039921 0.106892295182 0.816277980804
Ab 0.299938261509 -0.316322803497 -0.386500835419 0.142286479473
Ad 0.767667174339 1.36001956463 1.16763949394 1.21077632904
Ag -0.321830898523 -0.586699426174 -0.610884130001 0.135078310966
At 0.826183259487 0.588702142239 0.740358412266 0.736215591431
as 0.24590164423 0.388888895512 0.169230774045 0.711864411831
bs 0.863636374474 0.268292695284 0.25 0.0
ds 0.25225225091 0.763157904148 0.656716406345 0.602739751339
gs 0.392857134342 0.633333325386 1.0 0.533333361149
ts 0.443037986755 0.280701756477 0.661538481712 0.290322571993
a 0.1487416327 0.0630963742733 0.0518230944872 0.211322486401
b 0.112988971174 0.0158042330295 0.0190027691424 0.0447666086257
d 0.331714898348 0.776372790337 0.678041696548 0.524136066437
g 0.0269939787686 0.00835419353098 0.0108022475615 0.0440297275782
t 0.379560530186 0.136372432113 0.240330204368 0.175745129585
h 1.0 1.0 1.0 1.0
c 0.0 0 0 0
Aa 0.419334739447 0.303354889154 0.0805468782783 0.816277980804
Ab 0.299938261509 -0.297876119614 -0.355159580708 0.142286479473
Ad 0.767667174339 1.39342081547 1.19727993011 1.21077632904
Ag -0.321830898523 -0.574744999409 -0.600462317467 0.135078310966
At 0.826183259487 0.63807708025 0.746831893921 0.736215591431
as 0.24590164423 0.388888895512 0.13846154511 0.711864411831
bs 0.863636374474 0.31707316637 0.34375 0.0
ds 0.25225225091 0.802631556988 0.701492547989 0.602739751339
gs 0.392857134342 0.689655184746 1.0 0.533333361149
ts 0.443037986755 0.368421047926 0.661538481712 0.290322571993
a 0.1487416327 0.0600391477346 0.0490576922894 0.211322486401
b 0.112988971174 0.0155287692323 0.0197223611176 0.0447666086257
d 0.331714898348 0.777572214603 0.681855976582 0.524136066437
g 0.0269939787686 0.00808231346309 0.0107345320284 0.0440297275782
t 0.379560530186 0.138777539134 0.238629415631 0.175745129585
h 1.0 1.0 1.0 1.0
c 0.0 0 0 0
Aa 0.419334739447 0.303354889154 0.0683197751641 0.816277980804
Ab 0.299938261509 -0.283942580223 -0.327428460121 0.142286479473
Ad 0.767667174339 1.41566109657 1.21130537987 1.21077632904
Ag -0.321830898523 -0.567543923855 -0.591604232788 0.135078310966
At 0.826183259487 0.667239546776 0.755336642265 0.736215591431
as 0.24590164423 0.380281686783 0.123076923192 0.711864411831
bs 0.863636374474 0.341463416815 0.4375 0.0
ds 0.25225225091 0.828947365284 0.731343269348 0.602739751339
gs 0.392857134342 0.72413790226 1.0 0.533333361149
ts 0.443037986755 0.410714298487 0.67692309618 0.290322571993
a 0.1487416327 0.058415632695 0.0472651198506 0.211322486401
b 0.112988971174 0.0153133822605 0.0205646697432 0.0447666086257
d 0.331714898348 0.778233647346 0.681344509125 0.524136066437
g 0.0269939787686 0.00789300538599 0.0108128301799 0.0440297275782
t 0.379560530186 0.140144348145 0.240012899041 0.175745129585
h 1.0 1.0 1.0 1.0
c 0.0 0 0 0
Aa 0.419334739447 0.303354889154 0.0562727823853 0.816277980804
Ab 0.299938261509 -0.278103113174 -0.305146276951 0.142286479473
Ad 0.767667174339 1.4279358387 1.21509873867 1.21077632904
Ag -0.321830898523 -0.565931797028 -0.584328591824 0.135078310966
At 0.826183259487 0.683401346207 0.761966586113 0.736215591431
as 0.24590164423 0.380281686783 0.0923076942563 0.711864411831
bs 0.863636374474 0.365853667259 0.5 0.0
ds 0.25225225091 0.842105269432 0.727272748947 0.602739751339
gs 0.392857134342 0.72413790226 1.0 0.533333361149
ts 0.443037986755 0.446428567171 0.692307710648 0.290322571993
a 0.1487416327 0.0573788508773 0.0469158031046 0.211322486401
b 0.112988971174 0.0150185665116 0.0211077183485 0.0447666086257
d 0.331714898348 0.776763498783 0.678166747093 0.524136066437
g 0.0269939787686 0.00773604912683 0.0109211020172 0.0440297275782
t 0.379560530186 0.143103003502 0.242888614535 0.175745129585
h 1.0 1.0 1.0 1.0
c 0.0 0 0 0
Aa 0.419334739447 0.303354889154 0.0562727823853 0.816277980804
Ab 0.299938261509 -0.278768479824 -0.290605068207 0.142286479473
Ad 0.767667174339 1.43489181995 1.21629011631 1.21077632904
Ag -0.321830898523 -0.56687772274 -0.576779901981 0.135078310966
At 0.826183259487 0.700251817703 0.770360767841 0.736215591431
as 0.24590164423 0.380281686783 0.0923076942563 0.711864411831
bs 0.863636374474 0.34999999404 0.5625 0.0
ds 0.25225225091 0.85526317358 0.727272748947 0.602739751339
gs 0.392857134342 0.72413790226 1.0 0.533333361149
ts 0.443037986755 0.482142865658 0.714285731316 0.290322571993
a 0.1487416327 0.0560268163681 0.0549970939755 0.211322486401
b 0.112988971174 0.0145654045045 0.0210567526519 0.0447666086257
d 0.331714898348 0.772851526737 0.668249309063 0.524136066437
g 0.0269939787686 0.007533791475 0.0108919711784 0.0440297275782
t 0.379560530186 0.149022474885 0.244804888964 0.175745129585
h 1.0 1.0 1.0 1.0
c 0.0 0 0 0
Aa 0.419334739447 0.303354889154 0.135874405503 0.816277980804
Ab 0.299938261509 -0.28171852231 -0.281073957682 0.142286479473
Ad 0.767667174339 1.44305503368 1.22047317028 1.21077632904
Ag -0.321830898523 -0.568027496338 -0.567358851433 0.135078310966
At 0.826183259487 0.728210687637 0.784354746342 0.736215591431
as 0.24590164423 0.371428579092 0.215384617448 0.711864411831
bs 0.863636374474 0.34999999404 0.59375 0.0
ds 0.25225225091 0.868421077728 0.75 0.602739751339
gs 0.392857134342 0.72413790226 1.0 0.533333361149
ts 0.443037986755 0.527272701263 0.730158746243 0.290322571993
a 0.1487416327 0.0583222843707 0.0679564625025 0.211322486401
b 0.112988971174 0.0139684127644 0.0204223841429 0.0447666086257
d 0.331714898348 0.764312684536 0.655304610729 0.524136066437
g 0.0269939787686 0.00723279826343 0.0107234986499 0.0440297275782
t 0.379560530186 0.156163811684 0.24559302628 0.175745129585
h 1.0 1.0 1.0 1.0
c 0.0 0 0 0
Aa 0.419334739447 0.337742745876 0.24510204792 0.816277980804
Ab 0.299938261509 -0.282944709063 -0.277022242546 0.142286479473
Ad 0.767667174339 1.45517933369 1.22931456566 1.21077632904
Ag -0.321830898523 -0.568785429001 -0.556792199612 0.135078310966
At 0.826183259487 0.765488624573 0.803087294102 0.736215591431
as 0.24590164423 0.411764711142 0.375 0.711864411831
bs 0.863636374474 0.34999999404 0.59375 0.0
ds 0.25225225091 0.881578922272 0.765625 0.602739751339
gs 0.392857134342 0.72413790226 1.0 0.533333361149
ts 0.443037986755 0.581818163395 0.761904776096 0.290322571993
a 0.1487416327 0.0578413195908 0.0816679000854 0.211322486401
b 0.112988971174 0.0135159352794 0.0197605639696 0.0447666086257
d 0.331714898348 0.757975637913 0.643278360367 0.524136066437
g 0.0269939787686 0.00694933813065 0.0104699302465 0.0440297275782
t 0.379560530186 0.163717776537 0.244823247194 0.175745129585
h 1.0 1.0 1.0 1.0
c 0.0 0 0 0
Aa 0.419334739447 0.350990772247 0.344092994928 0.816277980804
Ab 0.299938261509 -0.280401289463 -0.272159069777 0.142286479473
Ad 0.767667174339 1.46840786934 1.24044060707 1.21077632904
Ag -0.321830898523 -0.56930398941 -0.548014581203 0.135078310966
At 0.826183259487 0.80284845829 0.820894241333 0.736215591431
as 0.24590164423 0.432835817337 0.53125 0.711864411831
bs 0.863636374474 0.35897436738 0.625 0.0
ds 0.25225225091 0.89473682642 0.777777791023 0.602739751339
gs 0.392857134342 0.72413790226 1.0 0.533333361149
ts 0.443037986755 0.654545426369 0.790322601795 0.290322571993
a 0.1487416327 0.0565163269639 0.092656776309 0.211322486401
b 0.112988971174 0.0133761521429 0.019565358758 0.0447666086257
d 0.331714898348 0.753008902073 0.636250376701 0.524136066437
g 0.0269939787686 0.00675337901339 0.0102399662137 0.0440297275782
t 0.379560530186 0.170345261693 0.241287514567 0.175745129585
h 1.0 1.0 1.0 1.0
c 0.0 0 0 0
Aa 0.419334739447 0.351532429457 0.412081986666 0.816277980804
Ab 0.299938261509 -0.274310261011 -0.263307392597 0.142286479473
Ad 0.767667174339 1.47615861893 1.24883282185 1.21077632904
Ag -0.321830898523 -0.571120381355 -0.544496655464 0.135078310966
At 0.826183259487 0.830688595772 0.827739655972 0.736215591431
as 0.24590164423 0.432835817337 0.640625 0.711864411831
bs 0.863636374474 0.35897436738 0.645161271095 0.0
ds 0.25225225091 0.907894730568 0.79365080595 0.602739751339
gs 0.392857134342 0.72413790226 1.0 0.533333361149
ts 0.443037986755 0.7090908885 0.786885261536 0.290322571993
a 0.1487416327 0.0563362464309 0.0990593954921 0.211322486401
b 0.112988971174 0.0138005530462 0.0202666297555 0.0447666086257
d 0.331714898348 0.747170507908 0.634492576122 0.524136066437
g 0.0269939787686 0.00669260649011 0.0101245371625 0.0440297275782
t 0.379560530186 0.176000073552 0.236056834459 0.175745129585
h 1.0 1.0 1.0 1.0
c 0.0 0 0 0
Aa 0.419334739447 0.348957121372 0.441464364529 0.816277980804
Ab 0.299938261509 -0.261934310198 -0.247649759054 0.142286479473
Ad 0.767667174339 1.47158896923 1.24799525738 1.21077632904
Ag -0.321830898523 -0.576235473156 -0.549056112766 0.135078310966
At 0.826183259487 0.843682050705 0.818585276604 0.736215591431
as 0.24590164423 0.432835817337 0.6875 0.711864411831
bs 0.863636374474 0.410256415606 0.709677398205 0.0
ds 0.25225225091 0.907894730568 0.777777791023 0.602739751339
gs 0.392857134342 0.689655184746 1.0 0.533333361149
ts 0.443037986755 0.727272748947 0.786885261536 0.290322571993
a 0.1487416327 0.0571032986045 0.103987105191 0.211322486401
b 0.112988971174 0.014929972589 0.0220483001322 0.0447666086257
d 0.331714898348 0.739525973797 0.633914172649 0.524136066437
g 0.0269939787686 0.00679549016058 0.0101419258863 0.0440297275782
t 0.379560530186 0.18164524436 0.229908496141 0.175745129585
h 1.0 1.0 1.0 1.0
c 0.0 0 0 0
Aa 0.419334739447 0.339607357979 0.448135852814 0.816277980804
Ab 0.299938261509 -0.242994830012 -0.225468531251 0.142286479473
Ad 0.767667174339 1.45189964771 1.23318684101 1.21077632904
Ag -0.321830898523 -0.584833025932 -0.562723219395 0.135078310966
At 0.826183259487 0.84217017889 0.792711377144 0.736215591431
as 0.24590164423 0.409090906382 0.703125 0.711864411831
bs 0.863636374474 0.461538463831 0.774193525314 0.0
ds 0.25225225091 0.881578922272 0.761904776096 0.602739751339
gs 0.392857134342 0.655172407627 1.0 0.533333361149
ts 0.443037986755 0.727272748947 0.73770493269 0.290322571993
a 0.1487416327 0.0609915629029 0.111150734127 0.211322486401
b 0.112988971174 0.0168105848134 0.024735795334 0.0447666086257
d 0.331714898348 0.726069271564 0.627570211887 0.524136066437
g 0.0269939787686 0.00707008549944 0.0103517575189 0.0440297275782
t 0.379560530186 0.189058482647 0.226191490889 0.175745129585
h 1.0 1.0 1.0 1.0
c 0.0 0 0 0
Aa 0.419334739447 0.339607357979 0.44859662652 0.816277980804
Ab 0.299938261509 -0.220079571009 -0.203989818692 0.142286479473
Ad 0.767667174339 1.41531562805 1.20034658909 1.21077632904
Ag -0.321830898523 -0.596237719059 -0.582301616669 0.135078310966
At 0.826183259487 0.830933749676 0.757160604 0.736215591431
as 0.24590164423 0.409090906382 0.698412716389 0.711864411831
bs 0.863636374474 0.512820541859 0.838709652424 0.0
ds 0.25225225091 0.828947365284 0.714285731316 0.602739751339
gs 0.392857134342 0.620689630508 1.0 0.533333361149
ts 0.443037986755 0.7090908885 0.661016941071 0.290322571993
a 0.1487416327 0.0670383125544 0.121484860778 0.211322486401
b 0.112988971174 0.0193534642458 0.027968397364 0.0447666086257
d 0.331714898348 0.703502595425 0.610116660595 0.524136066437
g 0.0269939787686 0.00763399759308 0.0108246738091 0.0440297275782
t 0.379560530186 0.202471643686 0.229605421424 0.175745129585
h 1.0 1.0 1.0 1.0
c 0.0 0 0 0
Aa 0.419334739447 0.339607357979 0.44859662652 0.816277980804
Ab 0.299938261509 -0.199956968427 -0.18925793469 0.142286479473
Ad 0.767667174339 1.36055004597 1.14948737621 1.21077632904
Ag -0.321830898523 -0.603963673115 -0.601510703564 0.135078310966
At 0.826183259487 0.819648504257 0.72505658865 0.736215591431
as 0.24590164423 0.409090906382 0.698412716389 0.711864411831
bs 0.863636374474 0.564102590084 0.903225779533 0.0
ds 0.25225225091 0.763157904148 0.629032254219 0.602739751339
gs 0.392857134342 0.586206912994 0.964285731316 0.533333361149
ts 0.443037986755 0.690909087658 0.61016947031 0.290322571993
a 0.1487416327 0.0748234018683 0.13326819241 0.211322486401
b 0.112988971174 0.0221733823419 0.0309666395187 0.0447666086257
d 0.331714898348 0.665236949921 0.57806122303 0.524136066437
g 0.0269939787686 0.00854526180774 0.0116106448695 0.0440297275782
t 0.379560530186 0.229221001267 0.246093302965 0.175745129585
h 1.0 1.0 1.0 1.0
c 0.0 0 0 0
Aa 0.419334739447 0.339607357979 0.44859662652 0.816277980804
Ab 0.299938261509 -0.188598155975 -0.185235828161 0.142286479473
Ad 0.767667174339 1.28854620457 1.08584392071 1.21077632904
Ag -0.321830898523 -0.602704763412 -0.611273527145 0.135078310966
At 0.826183259487 0.825824320316 0.714969873428 0.736215591431
as 0.24590164423 0.40000000596 0.698412716389 0.711864411831
bs 0.863636374474 0.589743614197 0.903225779533 0.0
ds 0.25225225091 0.671052634716 0.516129016876 0.602739751339
gs 0.392857134342 0.620689630508 0.928571403027 0.533333361149
ts 0.443037986755 0.690909087658 0.603448271751 0.290322571993
a 0.1487416327 0.0822286084294 0.141136869788 0.211322486401
b 0.112988971174 0.0245307404548 0.0326115004718 0.0447666086257
d 0.331714898348 0.60741776228 0.536892652512 0.524136066437
g 0.0269939787686 0.00968326814473 0.012433107011 0.0440297275782
t 0.379560530186 0.276139587164 0.276925891638 0.175745129585
h 1.0 1.0 1.0 1.0
c 0.0 0 0 0
Aa 0.419334739447 0.337284654379 0.444996714592 0.816277980804
Ab 0.299938261509 -0.188027650118 -0.191273003817 0.142286479473
Ad 0.767667174339 1.20574915409 1.02524363995 1.21077632904
Ag -0.321830898523 -0.591716349125 -0.610064089298 0.135078310966
At 0.826183259487 0.863390386105 0.737719774246 0.736215591431
as 0.24590164423 0.384615391493 0.682539701462 0.711864411831
bs 0.863636374474 0.578947365284 0.903225779533 0.0
ds 0.25225225091 0.560000002384 0.419354826212 0.602739751339
gs 0.392857134342 0.655172407627 0.928571403027 0.533333361149
ts 0.443037986755 0.763636350632 0.63793104887 0.290322571993
a 0.1487416327 0.0860480964184 0.138579949737 0.211322486401
b 0.112988971174 0.0256593301892 0.0320703834295 0.0447666086257
d 0.331714898348 0.537608325481 0.500324726105 0.524136066437
g 0.0269939787686 0.0106489332393 0.012807616964 0.0440297275782
t 0.379560530186 0.340035319328 0.316217333078 0.175745129585
h 1.0 1.0 1.0 1.0
c 0.0 0 0 0
Aa 0.419334739447 0.331205159426 0.432233572006 0.816277980804
Ab 0.299938261509 -0.194290757179 -0.203362688422 0.142286479473
Ad 0.767667174339 1.12692987919 0.989785134792 1.21077632904
Ag -0.321830898523 -0.576229929924 -0.601998507977 0.135078310966
At 0.826183259487 0.927987992764 0.790518820286 0.736215591431
as 0.24590164423 0.384615391493 0.666666686535 0.711864411831
bs 0.863636374474 0.552631556988 0.866666674614 0.0
ds 0.25225225091 0.445945948362 0.370967745781 0.602739751339
gs 0.392857134342 0.714285731316 0.964285731316 0.533333361149
ts 0.443037986755 0.890909075737 0.741379320621 0.290322571993
a 0.1487416327 0.079386100173 0.127186700702 0.211322486401
b 0.112988971174 0.0253928098828 0.029487349093 0.0447666086257
d 0.331714898348 0.476484000683 0.482654541731 0.524136066437
g 0.0269939787686 0.0111501794308 0.012430369854 0.0440297275782
t 0.379560530186 0.407586932182 0.34824103117 0.175745129585
h 1.0 1.0 1.0 1.0
c 0.0 0 0 0
Aa 0.419334739447 0.290165573359 0.414225429296 0.816277980804
Ab 0.299938261509 -0.204868108034 -0.220580548048 0.142286479473
Ad 0.767667174339 1.06846940517 0.993420124054 1.21077632904
Ag -0.321830898523 -0.562297046185 -0.595732212067 0.135078310966
At 0.826183259487 1.00064134598 0.851663649082 0.736215591431
as 0.24590164423 0.323076933622 0.634920656681 0.711864411831
bs 0.863636374474 0.526315808296 0.833333313465 0.0
ds 0.25225225091 0.378378391266 0.360655725002 0.602739751339
gs 0.392857134342 0.785714268684 0.964285731316 0.533333361149
ts 0.443037986755 1.0 0.844827592373 0.290322571993
a 0.1487416327 0.068279735744 0.114915773273 0.211322486401
b 0.112988971174 0.0242171809077 0.0260976608843 0.0447666086257
d 0.331714898348 0.435173720121 0.484694719315 0.524136066437
g 0.0269939787686 0.0111635373905 0.0114498352632 0.0440297275782
t 0.379560530186 0.461165815592 0.36284199357 0.175745129585
h 1.0 1.0 1.0 1.0
c 0.0 0 0 0
Aa 0.419334739447 0.232306495309 0.403688102961 0.816277980804
Ab 0.299938261509 -0.217861786485 -0.240089967847 0.142286479473
Ad 0.767667174339 1.03667736053 1.02877676487 1.21077632904
Ag -0.321830898523 -0.554183542728 -0.597892284393 0.135078310966
At 0.826183259487 1.06187176704 0.903025984764 0.736215591431
as 0.24590164423 0.230769231915 0.619047641754 0.711864411831
bs 0.863636374474 0.5 0.766666650772 0.0
ds 0.25225225091 0.324324309826 0.426229506731 0.602739751339
gs 0.392857134342 0.785714268684 0.964285731316 0.533333361149
ts 0.443037986755 1.0 0.931034505367 0.290322571993
a 0.1487416327 0.0618213638663 0.106818400323 0.211322486401
b 0.112988971174 0.0228284280747 0.0230344738811 0.0447666086257
d 0.331714898348 0.413067728281 0.497063487768 0.524136066437
g 0.0269939787686 0.0108963595703 0.0103603685275 0.0440297275782
t 0.379560530186 0.491386115551 0.36272329092 0.175745129585
h 1.0 1.0 1.0 1.0
c 0.0 0 0 0
Aa 0.419334739447 0.201624140143 0.405004382133 0.816277980804
Ab 0.299938261509 -0.231038436294 -0.261263400316 0.142286479473
Ad 0.767667174339 1.02650678158 1.07277011871 1.21077632904
Ag -0.321830898523 -0.552233040333 -0.608266472816 0.135078310966
At 0.826183259487 1.10190844536 0.935933709145 0.736215591431
as 0.24590164423 0.184615388513 0.619047641754 0.711864411831
bs 0.863636374474 0.473684221506 0.699999988079 0.0
ds 0.25225225091 0.310810804367 0.49180328846 0.602739751339
gs 0.392857134342 0.821428596973 0.928571403027 0.533333361149
ts 0.443037986755 1.0 0.982456147671 0.290322571993
a 0.1487416327 0.0578290633857 0.101745791733 0.211322486401
b 0.112988971174 0.0218723695725 0.0209716204554 0.0447666086257
d 0.331714898348 0.403842836618 0.511520624161 0.524136066437
g 0.0269939787686 0.0106776524335 0.00951041840017 0.0440297275782
t 0.379560530186 0.505778074265 0.3562515378 0.175745129585
h 1.0 1.0 1.0 1.0
c 0.0 0 0 0
Aa 0.419334739447 0.177872672677 0.405004382133 0.816277980804
Ab 0.299938261509 -0.24437764287 -0.280880063772 0.142286479473
Ad 0.767667174339 1.02193892002 1.10635113716 1.21077632904
Ag -0.321830898523 -0.555797696114 -0.624312400818 0.135078310966
At 0.826183259487 1.11968648434 0.94924467802 0.736215591431
as 0.24590164423 0.153846159577 0.619047641754 0.711864411831
bs 0.863636374474 0.421052634716 0.633333325386 0.0
ds 0.25225225091 0.301369875669 0.550000011921 0.602739751339
gs 0.392857134342 0.785714268684 0.857142865658 0.533333361149
ts 0.443037986755 1.0 1.0 0.290322571993
a 0.1487416327 0.055711813271 0.100358612835 0.211322486401
b 0.112988971174 0.0216423328966 0.0198648124933 0.0447666086257
d 0.331714898348 0.396001905203 0.521822750568 0.524136066437
g 0.0269939787686 0.0107201635838 0.00897969212383 0.0440297275782
t 0.379560530186 0.515923798084 0.348974108696 0.175745129585
h 1.0 1.0 1.0 1.0
c 0.0 0 0 0
Aa 0.419334739447 0.152162104845 0.405004382133 0.816277980804
Ab 0.299938261509 -0.258481115103 -0.298465818167 0.142286479473
Ad 0.767667174339 1.00391209126 1.12097275257 1.21077632904
Ag -0.321830898523 -0.563583731651 -0.643288850784 0.135078310966
At 0.826183259487 1.11880040169 0.946242928505 0.736215591431
as 0.24590164423 0.107692308724 0.619047641754 0.711864411831
bs 0.863636374474 0.394736856222 0.551724135876 0.0
ds 0.25225225091 0.273972600698 0.583333313465 0.602739751339
gs 0.392857134342 0.75 0.821428596973 0.533333361149
ts 0.443037986755 1.0 0.982142865658 0.290322571993
a 0.1487416327 0.0585681982338 0.102024070919 0.211322486401
b 0.112988971174 0.0219940580428 0.0196653623134 0.0447666086257
d 0.331714898348 0.380778372288 0.52696377039 0.524136066437
g 0.0269939787686 0.011088325642 0.00872671417892 0.0440297275782
t 0.379560530186 0.527571022511 0.342620074749 0.175745129585
h 1.0 1.0 1.0 1.0
c 0.0 0 0 0
Aa 0.419334739447 0.150216847658 0.405004382133 0.816277980804
Ab 0.299938261509 -0.275139659643 -0.309996306896 0.142286479473
Ad 0.767667174339 0.963227272034 1.11808252335 1.21077632904
Ag -0.321830898523 -0.572579026222 -0.662847518921 0.135078310966
At 0.826183259487 1.10483598709 0.931114554405 0.736215591431
as 0.24590164423 0.107692308724 0.619047641754 0.711864411831
bs 0.863636374474 0.342105269432 0.517241358757 0.0
ds 0.25225225091 0.219178080559 0.566666662693 0.602739751339
gs 0.392857134342 0.75 0.75 0.533333361149
ts 0.443037986755 1.0 0.964285731316 0.290322571993
a 0.1487416327 0.0627616494894 0.105644844472 0.211322486401
b 0.112988971174 0.0227418579161 0.0198792684823 0.0447666086257
d 0.331714898348 0.357700288296 0.528392374516 0.524136066437
g 0.0269939787686 0.0118149602786 0.00862800050527 0.0440297275782
t 0.379560530186 0.544981241226 0.337455481291 0.175745129585
h 1.0 1.0 1.0 1.0
c 0.0 0 0 0
Aa 0.419334739447 0.145067363977 0.405004382133 0.816277980804
Ab 0.299938261509 -0.29580104351 -0.320443511009 0.142286479473
Ad 0.767667174339 0.900892317295 1.10411262512 1.21077632904
Ag -0.321830898523 -0.580194711685 -0.682933747768 0.135078310966
At 0.826183259487 1.08375453949 0.90937256813 0.736215591431
as 0.24590164423 0.0634920671582 0.619047641754 0.711864411831
bs 0.863636374474 0.289473682642 0.482758611441 0.0
ds 0.25225225091 0.136986300349 0.550000011921 0.602739751339
gs 0.392857134342 0.714285731316 0.678571403027 0.533333361149
ts 0.443037986755 1.0 0.928571403027 0.290322571993
a 0.1487416327 0.0645720288157 0.109902217984 0.211322486401
b 0.112988971174 0.0233887527138 0.0201147943735 0.0447666086257
d 0.331714898348 0.330500274897 0.527729809284 0.524136066437
g 0.0269939787686 0.012830930762 0.00854646321386 0.0440297275782
t 0.379560530186 0.568708002567 0.333706706762 0.175745129585
h 1.0 1.0 1.0 1.0
c 0.0 0 0 0
Aa 0.419334739447 0.117296598852 0.405004382133 0.816277980804
Ab 0.299938261509 -0.323740780354 -0.332486450672 0.142286479473
Ad 0.767667174339 0.826424002647 1.08640956879 1.21077632904
Ag -0.321830898523 -0.584489703178 -0.70421564579 0.135078310966
At 0.826183259487 1.06214153767 0.887362837791 0.736215591431
as 0.24590164423 0.0317460335791 0.619047641754 0.711864411831
bs 0.863636374474 0.210526317358 0.448275864124 0.0
ds 0.25225225091 0.0273972600698 0.516666650772 0.602739751339
gs 0.392857134342 0.678571403027 0.571428596973 0.533333361149
ts 0.443037986755 1.0 0.890909075737 0.290322571993
a 0.1487416327 0.0654370933771 0.107718072832 0.211322486401
b 0.112988971174 0.0232050381601 0.0200865231454 0.0447666086257
d 0.331714898348 0.305120646954 0.53041267395 0.524136066437
g 0.0269939787686 0.0138861574233 0.0084400838241 0.0440297275782
t 0.379560530186 0.592351078987 0.333342671394 0.175745129585
h 1.0 1.0 1.0 1.0
c 0.0 0 0 0
Aa 0.419334739447 0.0891453400254 0.378139436245 0.816277980804
Ab 0.299938261509 -0.361096382141 -0.351244360209 0.142286479473
Ad 0.767667174339 0.757792949677 1.07046473026 1.21077632904
Ag -0.321830898523 -0.584096550941 -0.727802395821 0.135078310966
At 0.826183259487 1.04590058327 0.868741810322 0.736215591431
as 0.24590164423 0.0 0.596774220467 0.711864411831
bs 0.863636374474 0.131578952074 0.379310339689 0.0
ds 0.25225225091 0.0 0.508474588394 0.602739751339
gs 0.392857134342 0.678571403027 0.5 0.533333361149
ts 0.443037986755 1.0 0.870370388031 0.290322571993
a 0.1487416327 0.0663725584745 0.0949138775468 0.211322486401
b 0.112988971174 0.0220148265362 0.0197221133858 0.0447666086257
d 0.331714898348 0.285261452198 0.537688970566 0.524136066437
g 0.0269939787686 0.0147477760911 0.00837882142514 0.0440297275782
t 0.379560530186 0.61160337925 0.339296221733 0.175745129585
h 1.0 1.0 1.0 1.0
c 0.0 0 0 0
Aa 0.419334739447 0.0726243928075 0.302819222212 0.816277980804
Ab 0.299938261509 -0.406648874283 -0.379557013512 0.142286479473
Ad 0.767667174339 0.705878973007 1.05602061749 1.21077632904
Ag -0.321830898523 -0.580637574196 -0.751327514648 0.135078310966
At 0.826183259487 1.03710567951 0.85606855154 0.736215591431
as 0.24590164423 0.0 0.467741936445 0.711864411831
bs 0.863636374474 0.0 0.275862067938 0.0
ds 0.25225225091 0.0 0.465517252684 0.602739751339
gs 0.392857134342 0.714285731316 0.428571432829 0.533333361149
ts 0.443037986755 1.0 0.833333313465 0.290322571993
a 0.1487416327 0.0657366588712 0.0747355744243 0.211322486401
b 0.112988971174 0.0204311721027 0.019273635 0.0447666086257
d 0.331714898348 0.27158793807 0.547850608826 0.524136066437
g 0.0269939787686 0.0154628325254 0.00836863834411 0.0440297275782
t 0.379560530186 0.626781404018 0.349771529436 0.175745129585
h 1.0 1.0 1.0 1.0
c 0.0 0 0 0
Aa 0.419334739447 0.0525098443031 0.174343943596 0.816277980804
Ab 0.299938261509 -0.455004513264 -0.414219766855 0.142286479473
Ad 0.767667174339 0.668612658978 1.03947877884 1.21077632904
Ag -0.321830898523 -0.576008737087 -0.776528596878 0.135078310966
At 0.826183259487 1.03181827068 0.844601035118 0.736215591431
as 0.24590164423 0.0 0.258064508438 0.711864411831
bs 0.863636374474 0.0 0.137931033969 0.0
ds 0.25225225091 0.0 0.448275864124 0.602739751339
gs 0.392857134342 0.740740716457 0.321428567171 0.533333361149
ts 0.443037986755 1.0 0.814814805984 0.290322571993
a 0.244090139866 0.0603036172688 0.0727999955416 0.215120092034
b 0.230306327343 0.0193723030388 0.0188838131726 0.212018489838
d 0.104850284755 0.264361560345 0.545274615288 0.287656933069
g 0.0612288676202 0.0161864906549 0.00827610399574 0.0975823923945
t 0.35952436924 0.639776051044 0.354765474796 0.187622070312
h 1.0 1.0 1.0 1.0
c 0.0 0 0 0
Aa 0.137163698673 -0.00419941684231 0.138540565968 0.212812513113
Ab 0.11191932857 -0.497361510992 -0.447501093149 0.206505283713
Ad -0.229816943407 0.637655496597 1.01302444935 0.339006394148
Ag -0.463430315256 -0.575390100479 -0.805764853954 -0.13049697876
At 0.305341780186 1.02148520947 0.826350569725 0.153415486217
as 0.0 0.0 0.196721315384 0.0
bs 0.441860467196 0.0 0.0344827584922 0.129032254219
ds 0.0 0.0 0.396551728249 0.0
gs 0.0 0.730769217014 0.214285716414 0.0
ts 0.0 0.982758641243 0.777777791023 0.0
a 0.25717034936 0.0615679696202 0.0783252120018 0.223067462444
b 0.204405277967 0.0193055085838 0.0193661246449 0.196059688926
d 0.135042980313 0.262643188238 0.538857460022 0.305340528488
g 0.0527250058949 0.0169459488243 0.00820049457252 0.0887607857585
t 0.35065639019 0.639537394047 0.355250686407 0.186771512032
h 1.0 1.0 1.0 1.0
c 0.0 0 0 0
Aa 0.202064707875 -0.0230278223753 0.134127691388 0.261638700962
Ab 0.102335914969 -0.526701390743 -0.472731173038 0.205590769649
Ad -0.0776842087507 0.606983542442 0.971700012684 0.397986918688
Ag -0.486139565706 -0.583316743374 -0.84593385458 -0.138576388359
At 0.336725533009 0.993483304977 0.790760993958 0.184513106942
as 0.0 0.0 0.180327862501 0.0
bs 0.418604642153 0.0 0.0 0.129032254219
ds 0.0 0.0 0.327586203814 0.0
gs 0.0 0.730769217014 0.0714285746217 0.0
ts 0.0 0.931034505367 0.722222208977 0.0
a 0.246414154768 0.0638556703925 0.08886436373 0.216768994927
b 0.166010558605 0.0210046302527 0.0211030226201 0.166070669889
d 0.214533790946 0.270080327988 0.533233165741 0.350225925446
g 0.0426723770797 0.0182959865779 0.00829008966684 0.074913777411
t 0.330369114876 0.626763343811 0.348509371281 0.192020624876
h 1.0 1.0 1.0 1.0
c 0.0 0 0 0
Aa 0.258791863918 -0.0577092170715 0.134127691388 0.311780154705
Ab 0.0872619301081 -0.540593624115 -0.490255266428 0.196075946093
Ad 0.198621928692 0.568584263325 0.912317216396 0.520131289959
Ag -0.502726972103 -0.600552856922 -0.896040737629 -0.149655327201
At 0.386125653982 0.934194922447 0.72761452198 0.259130865335
as 0.0158730167896 0.0 0.180327862501 0.0
bs 0.395348846912 0.0 0.0 0.0967741906643
ds 0.0 0.0 0.228070169687 0.0
gs 0.0 0.653846144676 0.0 0.0
ts 0.0 0.827586233616 0.584905683994 0.0
a 0.224955126643 0.0683366060257 0.106336928904 0.198694363236
b 0.121154725552 0.0252690892667 0.0243939291686 0.125401645899
d 0.325586080551 0.285183429718 0.532036840916 0.429197430611
g 0.0313267111778 0.0210311040282 0.00876606907696 0.0566934682429
t 0.296977370977 0.600179791451 0.328466236591 0.190013080835
h 1.0 1.0 1.0 1.0
c 0.0 0 0 0
Aa 0.345234394073 -0.111877456307 0.134127691388 0.386778354645
Ab 0.0764788463712 -0.543941259384 -0.505274653435 0.186896041036
Ad 0.505804359913 0.508593380451 0.833385288715 0.721249938011
Ag -0.510946691036 -0.623668789864 -0.94975155592 -0.157874152064
At 0.465861856937 0.831750512123 0.623934268951 0.367376297712
as 0.142857149243 0.0 0.180327862501 0.0769230797887
bs 0.348837196827 0.0 0.0 0.0645161271095
ds 0.10000000149 0.0 0.0877192988992 0.0602409653366
gs 0.0 0.538461565971 0.0 0.0
ts 0.0697674453259 0.655172407627 0.396226406097 0.0
a 0.214511618018 0.0749896392226 0.13096717 0.17371635139
b 0.0849071294069 0.0340489298105 0.0302230715752 0.0908641889691
d 0.41504919529 0.306913554668 0.5336586833 0.514226853848
g 0.0218268577009 0.0266193598509 0.0101714786142 0.0410790257156
t 0.263705193996 0.557428538799 0.294979572296 0.180113583803
h 1.0 1.0 1.0 1.0
c 0.0 0 0 0
Aa 0.480451375246 -0.195090100169 0.121363177896 0.469074517488
Ab 0.0779447332025 -0.537987887859 -0.515460669994 0.187626585364
Ad 0.767100155354 0.41692468524 0.731464326382 0.940388560295
Ag -0.51200824976 -0.64489376545 -0.988415181637 -0.157146051526
At 0.570119261742 0.676097810268 0.473992675543 0.484780281782
as 0.365079373121 0.0 0.166666671634 0.215384617448
bs 0.37209302187 0.0 0.0 0.0967741906643
ds 0.316666662693 0.0 0.0 0.325301200151
gs 0.0 0.461538463831 0.0 0.0
ts 0.188235297799 0.379310339689 0.113207548857 0.0
a 0.201568230987 0.0990061312914 0.141278848052 0.147881433368
b 0.0640558227897 0.0502904951572 0.0411047525704 0.0695980116725
d 0.47108194232 0.325322419405 0.544409394264 0.582056105137
g 0.0161149278283 0.0368597693741 0.0136480340734 0.0311361923814
t 0.247179090977 0.488521188498 0.259559005499 0.16932824254
h 1.0 1.0 1.0 1.0
c 0.0 0 0 0
Aa 0.59017598629 -0.2287414819 0.0165332425386 0.529459178448
Ab 0.0923125222325 -0.522917687893 -0.519651830196 0.202142328024
Ad 0.958850383759 0.287910431623 0.602381706238 1.12451040745
Ag -0.507017672062 -0.657850980759 -0.998473823071 -0.147189006209
At 0.678765654564 0.464479833841 0.280692189932 0.588274896145
as 0.532258093357 0.0 0.0 0.307692319155
bs 0.395348846912 0.0 0.0 0.129032254219
ds 0.478991597891 0.0 0.0 0.542168676853
gs 0.0 0.439999997616 0.0 0.0
ts 0.309523820877 0.0172413792461 0.0 0.121212124825
a 0.18329039216 0.146392896771 0.134033054113 0.141798242927
b 0.0538701340556 0.0775467082858 0.0601100735366 0.0574666634202
d 0.503255426884 0.328661620617 0.55332583189 0.616977214813
g 0.0132744014263 0.0533570386469 0.0205346308649 0.0252369940281
t 0.246309667826 0.394041746855 0.231996402144 0.158520877361
h 1.0 1.0 1.0 1.0
c 0.0 0 0 0
Aa 0.643785119057 -0.222424462438 -0.169106006622 0.616799294949
Ab 0.111993476748 -0.498381108046 -0.517370641232 0.224544450641
Ad 1.08243381977 0.128804504871 0.446663081646 1.25539755821
Ag -0.496339648962 -0.660752773285 -0.983830988407 -0.13283392787
At 0.772126853466 0.207597747445 0.0691633448005 0.665214896202
as 0.612903237343 0.0 0.0 0.430769234896
bs 0.441860467196 0.0 0.0 0.193548381329
ds 0.579831957817 0.0 0.0 0.698795199394
gs 0.0 0.439999997616 0.0 0.0
ts 0.416666656733 0.0 0.0 0.227272734046
a 0.17295974493 0.197927340865 0.132652148604 0.134933739901
b 0.0490691177547 0.115166962147 0.0853403881192 0.0522561222315
d 0.514362335205 0.315350055695 0.528281271458 0.637680649757
g 0.0120556652546 0.0745945498347 0.0305743012577 0.0225034765899
t 0.251553148031 0.296961098909 0.223151877522 0.152626007795
h 1.0 1.0 1.0 1.0
c 0.0 0 0 0
Aa 0.675468444824 -0.232961460948 -0.322794437408 0.659047007561
Ab 0.128331631422 -0.468139350414 -0.514354109764 0.247063606977
Ad 1.14879250526 -0.0306743532419 0.277356475592 1.33352971077
Ag -0.48128542304 -0.656760156155 -0.960152208805 -0.118823967874
At 0.838153123856 -0.0567677021027 -0.0969082117081 0.712554991245
as 0.661290347576 0.0 0.0 0.507692337036
bs 0.488372087479 0.0 0.0 0.258064508438
ds 0.638655483723 0.0 0.0 0.795180737972
gs 0.0 0.439999997616 0.0 0.0
ts 0.5 0.0 0.0 0.303030312061
a 0.164838060737 0.237485840917 0.14105501771 0.127125009894
b 0.0475304014981 0.150791183114 0.105737544596 0.0511834062636
d 0.515644609928 0.294256746769 0.473930090666 0.64946436882
g 0.011892943643 0.0924832671881 0.0399193540215 0.021806711331
t 0.260093986988 0.224982962012 0.239357993007 0.150420472026
h 1.0 1.0 1.0 1.0
c 0.0 0 0 0
Aa 0.676431059837 -0.241618558764 -0.390390574932 0.659047007561
Ab 0.13634505868 -0.438880324364 -0.515549898148 0.263945162296
Ad 1.17172408104 -0.148529842496 0.135935142636 1.36737132072
Ag -0.465337067842 -0.651193082333 -0.93859565258 -0.106593847275
At 0.874503850937 -0.265106618404 -0.160731211305 0.732122957706
as 0.661290347576 0.0 0.0 0.507692337036
bs 0.47619047761 0.0243902429938 0.0 0.322580635548
ds 0.65546220541 0.0 0.0 0.831325292587
gs 0.0 0.479999989271 0.0 0.0
ts 0.536585390568 0.0 0.0 0.333333343267
a 0.164873480797 0.259292632341 0.15947380662 0.126684144139
b 0.0474622771144 0.174067020416 0.10966373235 0.0521488077939
d 0.509161949158 0.276970535517 0.423767894506 0.649392008781
g 0.0122442059219 0.101718723774 0.0438964515924 0.0222323052585
t 0.266258060932 0.18795107305 0.263198107481 0.149542734027
h 1.0 1.0 1.0 1.0
c 0.0 0 0 0
Aa 0.676431059837 -0.242964372039 -0.361428141594 0.659047007561
Ab 0.135628804564 -0.416038066149 -0.524054527283 0.273569077253
Ad 1.16613614559 -0.214321017265 0.0630105212331 1.36883163452
Ag -0.452789127827 -0.649353682995 -0.921688079834 -0.0966908037663
At 0.884582996368 -0.382709771395 -0.143834739923 0.731090009212
as 0.661290347576 0.0 0.0 0.507692337036
bs 0.47619047761 0.0731707289815 0.0 0.333333343267
ds 0.647058844566 0.0 0.0 0.841463387012
gs 0.0333333350718 0.479999989271 0.0 0.0
ts 0.548780500889 0.0 0.0 0.33846154809
a 0.169665589929 0.255973696709 0.162147775292 0.13062889874
b 0.0480007454753 0.189800590277 0.105480588973 0.0540271438658
d 0.500625133514 0.273901373148 0.404886215925 0.642682611942
g 0.0127900633961 0.10606893152 0.0448333621025 0.0233197715133
t 0.268918454647 0.174255400896 0.282652050257 0.149341598153
h 1.0 1.0 1.0 1.0
c 0.0 0 0 0
Aa 0.676431059837 -0.271945416927 -0.349168330431 0.659303963184
Ab 0.128085270524 -0.401843219995 -0.535906791687 0.275876700878
Ad 1.14634990692 -0.24254655838 0.0482536591589 1.35126125813
Ag -0.446289986372 -0.654552578926 -0.907478034496 -0.0890109911561
At 0.876457929611 -0.438954532146 -0.107827201486 0.717445492744
as 0.661290347576 0.0 0.0 0.507692337036
bs 0.487804889679 0.10000000149 0.0 0.333333343267
ds 0.630252122879 0.0 0.0 0.81707316637
gs 0.0333333350718 0.439999997616 0.0 0.0
ts 0.536585390568 0.0 0.0 0.307692319155
a 0.176579073071 0.249986946583 0.158607363701 0.137496650219
b 0.0487287305295 0.196258768439 0.100429147482 0.0560301803052
d 0.491686940193 0.280535906553 0.404331117868 0.632416963577
g 0.0133400866762 0.104093290865 0.04504757002 0.0246428065002
t 0.269665181637 0.169125080109 0.291584789753 0.149413391948
h 1.0 1.0 1.0 1.0
c 0.0 0 0 0
Aa 0.676431059837 -0.288511663675 -0.348708420992 0.662727177143
Ab 0.117276921868 -0.393599927425 -0.547172009945 0.272857099771
Ad 1.12118053436 -0.238440543413 0.0577054060996 1.32543861866
Ag -0.445349544287 -0.669006288052 -0.895360410213 -0.0838747471571
At 0.860316693783 -0.458220988512 -0.084266923368 0.698824644089
as 0.661290347576 0.0 0.0 0.507692337036
bs 0.463414639235 0.10000000149 0.0 0.333333343267
ds 0.613445401192 0.0 0.0 0.780487775803
gs 0.0333333350718 0.40000000596 0.0 0.0
ts 0.524390220642 0.0 0.0 0.292307704687
a 0.174176290631 0.232312455773 0.159663781524 0.136504232883
b 0.0469776876271 0.196750402451 0.0975895747542 0.0556767135859
d 0.49251434207 0.303589522839 0.409918397665 0.631677150726
g 0.0130060631782 0.0975104495883 0.0452994927764 0.0247010439634
t 0.273325592279 0.1698371768 0.287528753281 0.151440873742
h 1.0 1.0 1.0 1.0
c 0.0 0 0 0
Aa 0.676431059837 -0.315031766891 -0.338691979647 0.662727177143
Ab 0.107333660126 -0.387188673019 -0.552494943142 0.273254662752
Ad 1.12786090374 -0.198817521334 0.0707990378141 1.3280762434
Ag -0.450412124395 -0.69205313921 -0.8858050704 -0.0797036066651
At 0.872122347355 -0.451071500778 -0.0832170918584 0.707824170589
as 0.661290347576 0.0 0.0 0.507692337036
bs 0.43902438879 0.125 0.0 0.333333343267
ds 0.618644058704 0.0 0.0 0.780487775803
gs 0.0333333350718 0.319999992847 0.0333333350718 0.0
ts 0.543209850788 0.0 0.0 0.307692319155
a 0.166002169251 0.218752041459 0.160988897085 0.129981786013
b 0.044687371701 0.182581156492 0.095104932785 0.053653396666
d 0.502262473106 0.345235198736 0.422236412764 0.640893876553
g 0.0123544922099 0.083595559001 0.0445973239839 0.0237085241824
t 0.274693489075 0.169836044312 0.277072429657 0.151762396097
h 1.0 1.0 1.0 1.0
c 0.0 0 0 0
Aa 0.676431059837 -0.302605271339 -0.321311831474 0.662727177143
Ab 0.106502130628 -0.381101429462 -0.549904704094 0.278441935778
Ad 1.15724802017 -0.104442320764 0.0974479243159 1.35563087463
Ag -0.451857805252 -0.720374166965 -0.878798961639 -0.0762507766485
At 0.895165681839 -0.412527531385 -0.0855144634843 0.730008900166
as 0.661290347576 0.0 0.0 0.5
bs 0.414634138346 0.15000000596 0.0 0.366666674614
ds 0.644067823887 0.0 0.0 0.81707316637
gs 0.0333333350718 0.20000000298 0.0666666701436 0.0
ts 0.5625 0.0 0.0 0.328125
a 0.15766453743 0.247779801488 0.167981266975 0.123316280544
b 0.0423856601119 0.137305632234 0.0837761238217 0.051442399621
d 0.512549817562 0.392449527979 0.438509970903 0.649970710278
g 0.0118063613772 0.0586722157896 0.0391006581485 0.0227354988456
t 0.27559363842 0.163792818785 0.270631998777 0.152535110712
h 1.0 1.0 1.0 1.0
c 0.0 0 0 0
Aa 0.676431059837 -0.119068793952 -0.23807130754 0.662727177143
Ab 0.105916000903 -0.37544631958 -0.54021191597 0.283028006554
Ad 1.18843317032 0.0806491151452 0.178647309542 1.38460052013
Ag -0.449186891317 -0.744702219963 -0.871148109436 -0.0715887248516
At 0.91896623373 -0.298839867115 -0.0309530291706 0.7550765872
as 0.661290347576 0.0 0.0 0.5
bs 0.414634138346 0.15000000596 0.0 0.366666674614
ds 0.677966117859 0.0 0.0 0.853658556938
gs 0.0333333350718 0.0799999982119 0.10000000149 0.0294117648154
ts 0.594936728477 0.0 0.0 0.359375
a 0.149095565081 0.252300530672 0.158646568656 0.11648029834
b 0.0401207990944 0.0907789394259 0.0619385652244 0.0490950942039
d 0.523352861404 0.449697822332 0.469085395336 0.659161865711
g 0.0113655738533 0.0376602783799 0.028833553195 0.0217910911888
t 0.276065200567 0.169562444091 0.281495898962 0.153471618891
h 1.0 1.0 1.0 1.0
c 0.0 0 0 0
Aa 0.676431059837 0.0716703683138 -0.119642540812 0.662727177143
Ab 0.106335885823 -0.372262716293 -0.528112113476 0.287512809038
Ad 1.22176086903 0.322672963142 0.35117867589 1.41546678543
Ag -0.441442340612 -0.754364311695 -0.860175073147 -0.065246284008
At 0.943977952003 -0.100918151438 0.129398852587 0.782502830029
as 0.661290347576 0.214285716414 0.0 0.5
bs 0.414634138346 0.17499999702 0.0 0.40000000596
ds 0.698275864124 0.0 0.0 0.901234567165
gs 0.0666666701436 0.0416666679084 0.133333340287 0.0294117648154
ts 0.620253145695 0.0 0.0 0.40625
a 0.140630573034 0.234649658203 0.144527897239 0.10968696326
b 0.0381786748767 0.0593524612486 0.0406876131892 0.046983640641
d 0.533601343632 0.496601492167 0.50563031435 0.66897380352
g 0.0110043967143 0.0250987894833 0.019144570455 0.0209283716977
t 0.276585042477 0.184297591448 0.290009617805 0.153427243233
h 1.0 1.0 1.0 1.0
c 0.0 0 0 0
Aa 0.676431059837 0.225014820695 0.0331118963659 0.662727177143
Ab 0.11017216742 -0.371966362 -0.517377614975 0.294518858194
Ad 1.25556826591 0.550602912903 0.57699328661 1.44798123837
Ag -0.430082410574 -0.745752334595 -0.844794213772 -0.0566923879087
At 0.970179975033 0.120114579797 0.335572600365 0.80847465992
as 0.661290347576 0.392857134342 0.13846154511 0.516129016876
bs 0.43902438879 0.17499999702 0.0 0.40000000596
ds 0.72413790226 0.039603959769 0.0 0.93670886755
gs 0.10000000149 0.0833333358169 0.166666671634 0.0588235296309
ts 0.658227860928 0.0 0.25 0.453125
a 0.133245095611 0.210747092962 0.124921135604 0.10358582437
b 0.036965508014 0.0421453304589 0.0275938492268 0.045661918819
d 0.541264891624 0.526887774467 0.540105640888 0.678336560726
g 0.0107587818056 0.0185519773513 0.0132017703727 0.0203512534499
t 0.277765721083 0.201667845249 0.294177591801 0.152064442635
h 1.0 1.0 1.0 1.0
c 0.0 0 0 0
Aa 0.676431059837 0.328525781631 0.147459968925 0.662727177143
Ab 0.119576476514 -0.370486319065 -0.50836366415 0.306981027126
Ad 1.2851896286 0.726482331753 0.783302783966 1.47887206078
Ag -0.416457086802 -0.726845562458 -0.828543782234 -0.0439819693565
At 0.995458483696 0.309400886297 0.519433617592 0.829454541206
as 0.661290347576 0.523809552193 0.323076933622 0.516129016876
bs 0.463414639235 0.17499999702 0.0294117648154 0.433333337307
ds 0.745614051819 0.207920789719 0.272727280855 0.987179458141
gs 0.133333340287 0.166666671634 0.233333334327 0.088235296309
ts 0.679487168789 0.0136986300349 0.487500011921 0.484375
a 0.128913223743 0.185493275523 0.100871622562 0.0997265055776
b 0.0366819091141 0.033891864121 0.0207804832608 0.0456154718995
d 0.542765140533 0.547223448753 0.570474088192 0.684748709202
g 0.010741812177 0.0152251236141 0.0100828483701 0.0202871933579
t 0.280897885561 0.218166261911 0.297790944576 0.149622112513
h 1.0 1.0 1.0 1.0
c 0.0 0 0 0
Aa 0.676431059837 0.375250190496 0.184710472822 0.662727177143
Ab 0.130585536361 -0.362982541323 -0.501402854919 0.323028773069
Ad 1.30074560642 0.845086753368 0.937177419662 1.49944782257
Ag -0.402788847685 -0.710517168045 -0.815475285053 -0.0288614649326
At 1.01468205452 0.445709615946 0.654852986336 0.838912367821
as 0.672131121159 0.571428596973 0.369230777025 0.5
bs 0.487804889679 0.20000000298 0.0588235296309 0.5
ds 0.763157904148 0.3267326653 0.467532455921 1.0
gs 0.20000000298 0.25 0.266666680574 0.147058829665
ts 0.705128192902 0.194444447756 0.649999976158 0.5
a 0.130274683237 0.165255069733 0.0848029181361 0.100202597678
b 0.0375014320016 0.0304693039507 0.0172994416207 0.0473184622824
d 0.533495306969 0.558985292912 0.590224087238 0.684438288212
g 0.0111750504002 0.0134573644027 0.00845217239112 0.0210134740919
t 0.287553548813 0.231832951307 0.299221396446 0.147027209401
h 1.0 1.0 1.0 1.0
c 0.0 0 0 0
Aa 0.676431059837 0.385109782219 0.193152025342 0.662727177143
Ab 0.135618880391 -0.349182486534 -0.497226685286 0.336878865957
Ad 1.28870165348 0.914355397224 1.0357581377 1.49718248844
Ag -0.390179485083 -0.704084992409 -0.808290421963 -0.0156539324671
At 1.02028977871 0.532130122185 0.740733861923 0.82924592495
as 0.672131121159 0.583333313465 0.384615391493 0.5
bs 0.487804889679 0.22499999404 0.0588235296309 0.533333361149
ds 0.75 0.396039605141 0.597402572632 0.987341761589
gs 0.233333334327 0.25 0.300000011921 0.176470592618
ts 0.71794873476 0.319444447756 0.762499988079 0.47619047761
a 0.140461817384 0.15575158596 0.0763977691531 0.107433103025
b 0.0396210998297 0.029280429706 0.0155859552324 0.0513671673834
d 0.509146749973 0.561899960041 0.600595653057 0.67264264822
g 0.0123347043991 0.0124411843717 0.00764717161655 0.0229838266969
t 0.298435598612 0.240626841784 0.299773424864 0.145573243499
h 1.0 1.0 1.0 1.0
c 0.0 0 0 0
Aa 0.676431059837 0.390651524067 0.193152025342 0.661892414093
Ab 0.126799315214 -0.335203528404 -0.497195243835 0.341439902782
Ad 1.23571574688 0.947878062725 1.08865356445 1.45853865147
Ag -0.379998505116 -0.706919252872 -0.806427836418 -0.00782336201519
At 1.00372338295 0.579563140869 0.786864459515 0.793835878372
as 0.672131121159 0.595238089561 0.384615391493 0.491525411606
bs 0.47499999404 0.25 0.0588235296309 0.566666662693
ds 0.696428596973 0.408163279295 0.680000007153 0.949367105961
gs 0.24137930572 0.260869562626 0.300000011921 0.205882355571
ts 0.701298713684 0.380281686783 0.8125 0.412698417902
