787.945556641 815.91027832 837.29498291 802.750427246
735.306213379 855.389770508 822.49017334 832.360046387
735.306213379 832.360046387 827.425109863 834.005004883
735.306213379 809.330322266 834.005004883 865.259643555
787.945556641 860.324707031 817.555236816 853.744812012
735.306213379 802.750427246 830.715087891 889.934387207
735.306213379 860.324707031 815.91027832 878.419494629
840.584960938 850.454833984 817.555236816 899.804260254
787.945556641 824.135131836 820.845214844 888.289367676
840.584960938 815.91027832 824.135131836 881.709472656
840.584960938 815.91027832 820.845214844 922.833984375
787.945556641 835.650024414 814.265258789 916.25402832
893.224304199 832.360046387 810.975280762 906.384155273
893.224304199 845.519897461 815.91027832 919.544006348
840.584960938 809.330322266 820.845214844 911.319091797
840.584960938 847.164855957 814.265258789 906.384155273
991.923156738 838.940002441 814.265258789 917.899047852
975.473327637 825.780151367 814.265258789 942.573730469
886.64440918 838.940002441 815.91027832 924.478942871
922.833984375 814.265258789 815.91027832 944.218688965
899.804260254 822.49017334 824.135131836 927.768920898
985.343200684 845.519897461 810.975280762 898.159240723
959.02355957 843.874938965 817.555236816 919.544006348
843.874938965 829.070068359 824.135131836 912.964111328
857.034729004 858.679748535 810.975280762 917.899047852
959.02355957 843.874938965 817.555236816 911.319091797
919.544006348 817.555236816 820.845214844 901.44921875
968.893432617 842.229919434 812.620300293 929.413879395
896.514282227 806.040344238 827.425109863 922.833984375
880.064453125 814.265258789 819.200195312 909.674133301
873.484558105 845.519897461 810.975280762 893.224304199
906.384155273 829.070068359 815.91027832 889.934387207
927.768920898 855.389770508 810.975280762 893.224304199
886.64440918 830.715087891 820.845214844 919.544006348
858.679748535 848.809875488 810.975280762 903.094238281
889.934387207 827.425109863 819.200195312 893.224304199
908.029174805 810.975280762 822.49017334 893.224304199
912.964111328 847.164855957 810.975280762 881.709472656
929.413879395 832.360046387 815.91027832 881.709472656
824.135131836 820.845214844 822.49017334 888.289367676
873.484558105 840.584960938 820.845214844 888.289367676
908.029174805 832.360046387 822.49017334 873.484558105
868.549621582 838.940002441 820.845214844 876.774536133
896.514282227 848.809875488 822.49017334 909.674133301
820.845214844 834.005004883 824.135131836 876.774536133
904.739196777 817.555236816 827.425109863 894.86932373
911.319091797 847.164855957 820.845214844 873.484558105
817.555236816 853.744812012 817.555236816 880.064453125
870.194580078 824.135131836 829.070068359 886.64440918
817.555236816 857.034729004 817.555236816 860.324707031
764.91583252 832.360046387 827.425109863 878.419494629
817.555236816 845.519897461 825.780151367 865.259643555
870.194580078 835.650024414 830.715087891 884.999450684
817.555236816 830.715087891 827.425109863 875.129516602
870.194580078 825.780151367 829.070068359 866.904663086
817.555236816 838.940002441 824.135131836 881.709472656
791.235534668 824.135131836 829.070068359 889.934387207
817.555236816 825.780151367 830.715087891 888.289367676
870.194580078 847.164855957 819.200195312 868.549621582
843.874938965 838.940002441 822.49017334 880.064453125
817.555236816 855.389770508 824.135131836 876.774536133
870.194580078 837.29498291 827.425109863 871.839599609
870.194580078 835.650024414 830.715087891 871.839599609
870.194580078 843.874938965 825.780151367 855.389770508
873.484558105 842.229919434 825.780151367 873.484558105
855.389770508 809.330322266 834.005004883 870.194580078
891.579345703 845.519897461 824.135131836 853.744812012
889.934387207 838.940002441 827.425109863 853.744812012
889.934387207 837.29498291 829.070068359 857.034729004
815.91027832 853.744812012 822.49017334 847.164855957
806.040344238 842.229919434 830.715087891 861.969726562
896.514282227 842.229919434 834.005004883 860.324707031
847.164855957 842.229919434 834.005004883 857.034729004
801.105407715 850.454833984 832.360046387 835.650024414
817.555236816 835.650024414 838.940002441 840.584960938
809.330322266 860.324707031 834.005004883 814.265258789
815.91027832 848.809875488 838.940002441 802.750427246
796.170471191 845.519897461 850.454833984 799.460449219
717.211425781 850.454833984 850.454833984 773.14074707
727.081298828 866.904663086 848.809875488 741.886108398
756.690979004 873.484558105 847.164855957 713.921447754
672.796936035 866.904663086 857.034729004 708.98651123
661.282104492 834.005004883 863.614685059 722.146362305
651.412231445 857.034729004 857.034729004 705.696594238
715.566467285 868.549621582 855.389770508 689.246765137
710.631530762 880.064453125 847.164855957 674.441955566
667.861999512 898.159240723 840.584960938 661.282104492
613.577697754 865.259643555 845.519897461 676.086914062
690.891723633 868.549621582 845.519897461 679.37689209
722.146362305 852.09979248 847.164855957 692.536743164
689.246765137 878.419494629 843.874938965 687.601806641
669.507019043 868.549621582 848.809875488 695.826660156
692.536743164 858.679748535 840.584960938 700.76159668
733.661254883 888.289367676 834.005004883 687.601806641
763.270874023 870.194580078 840.584960938 722.146362305
735.306213379 848.809875488 840.584960938 753.401000977
723.791320801 868.549621582 837.29498291 748.466064453
771.495788574 850.454833984 840.584960938 778.075683594
799.460449219 848.809875488 835.650024414 787.945556641
804.395385742 861.969726562 830.715087891 796.170471191
807.68536377 838.940002441 830.715087891 824.135131836
860.324707031 845.519897461 829.070068359 834.005004883
807.68536377 853.744812012 820.845214844 838.940002441
840.584960938 845.519897461 819.200195312 865.259643555
870.194580078 840.584960938 820.845214844 868.549621582
922.833984375 834.005004883 822.49017334 891.579345703
899.804260254 842.229919434 819.200195312 893.224304199
947.508666992 837.29498291 819.200195312 903.094238281
899.804260254 829.070068359 817.555236816 921.188964844
924.478942871 820.845214844 815.91027832 926.123962402
909.674133301 834.005004883 810.975280762 909.674133301
911.319091797 822.49017334 812.620300293 921.188964844
965.60345459 842.229919434 807.68536377 919.544006348
944.218688965 827.425109863 809.330322266 937.638793945
963.958496094 847.164855957 807.68536377 935.993835449
914.609069824 834.005004883 809.330322266 931.058898926
886.64440918 822.49017334 806.040344238 931.058898926
963.958496094 822.49017334 812.620300293 939.283752441
935.993835449 825.780151367 809.330322266 932.703857422
926.123962402 834.005004883 807.68536377 929.413879395
926.123962402 842.229919434 802.750427246 914.609069824
942.573730469 840.584960938 806.040344238 937.638793945
949.153686523 812.620300293 814.265258789 952.443603516
912.964111328 830.715087891 814.265258789 934.348815918
944.218688965 820.845214844 812.620300293 940.928771973
904.739196777 829.070068359 812.620300293 922.833984375
967.248413086 843.874938965 809.330322266 934.348815918
934.348815918 820.845214844 815.91027832 944.218688965
937.638793945 838.940002441 810.975280762 929.413879395
926.123962402 832.360046387 814.265258789 944.218688965
926.123962402 838.940002441 815.91027832 940.928771973
940.928771973 847.164855957 814.265258789 939.283752441
917.899047852 837.29498291 817.555236816 932.703857422
908.029174805 832.360046387 815.91027832 932.703857422
886.64440918 820.845214844 822.49017334 935.993835449
919.544006348 824.135131836 824.135131836 927.768920898
939.283752441 847.164855957 819.200195312 927.768920898
912.964111328 861.969726562 810.975280762 903.094238281
916.25402832 857.034729004 812.620300293 911.319091797
909.674133301 843.874938965 817.555236816 912.964111328
914.609069824 838.940002441 817.555236816 903.094238281
906.384155273 838.940002441 817.555236816 903.094238281
898.159240723 829.070068359 820.845214844 909.674133301
855.389770508 830.715087891 820.845214844 903.094238281
919.544006348 835.650024414 819.200195312 908.029174805
924.478942871 830.715087891 822.49017334 904.739196777
875.129516602 843.874938965 819.200195312 889.934387207
912.964111328 840.584960938 820.845214844 886.64440918
878.419494629 838.940002441 819.200195312 889.934387207
865.259643555 832.360046387 819.200195312 883.354431152
883.354431152 843.874938965 819.200195312 884.999450684
878.419494629 845.519897461 820.845214844 896.514282227
857.034729004 834.005004883 825.780151367 894.86932373
866.904663086 837.29498291 822.49017334 876.774536133
875.129516602 843.874938965 820.845214844 880.064453125
860.324707031 837.29498291 819.200195312 870.194580078
863.614685059 843.874938965 819.200195312 865.259643555
871.839599609 834.005004883 817.555236816 871.839599609
855.389770508 834.005004883 819.200195312 858.679748535
865.259643555 834.005004883 820.845214844 860.324707031
878.419494629 845.519897461 820.845214844 871.839599609
855.389770508 860.324707031 815.91027832 866.904663086
866.904663086 837.29498291 820.845214844 850.454833984
842.229919434 838.940002441 825.780151367 850.454833984
842.229919434 837.29498291 820.845214844 860.324707031
876.774536133 843.874938965 819.200195312 852.09979248
857.034729004 847.164855957 819.200195312 873.484558105
865.259643555 830.715087891 817.555236816 860.324707031
847.164855957 842.229919434 817.555236816 865.259643555
834.005004883 840.584960938 817.555236816 868.549621582
848.809875488 847.164855957 815.91027832 857.034729004
868.549621582 857.034729004 815.91027832 857.034729004
845.519897461 837.29498291 819.200195312 852.09979248
837.29498291 840.584960938 817.555236816 850.454833984
848.809875488 840.584960938 817.555236816 853.744812012
863.614685059 852.09979248 817.555236816 840.584960938
870.194580078 842.229919434 817.555236816 847.164855957
842.229919434 840.584960938 820.845214844 845.519897461
843.874938965 850.454833984 820.845214844 845.519897461
834.005004883 837.29498291 820.845214844 853.744812012
848.809875488 838.940002441 824.135131836 860.324707031
852.09979248 845.519897461 819.200195312 857.034729004
863.614685059 845.519897461 819.200195312 837.29498291
835.650024414 838.940002441 825.780151367 842.229919434
843.874938965 843.874938965 822.49017334 829.070068359
832.360046387 850.454833984 820.845214844 838.940002441
845.519897461 847.164855957 822.49017334 850.454833984
853.744812012 853.744812012 822.49017334 845.519897461
842.229919434 832.360046387 827.425109863 855.389770508
857.034729004 847.164855957 819.200195312 838.940002441
838.940002441 843.874938965 822.49017334 848.809875488
850.454833984 847.164855957 819.200195312 857.034729004
863.614685059 853.744812012 819.200195312 842.229919434
843.874938965 837.29498291 829.070068359 848.809875488
850.454833984 840.584960938 824.135131836 840.584960938
843.874938965 842.229919434 827.425109863 838.940002441
838.940002441 842.229919434 829.070068359 850.454833984
848.809875488 842.229919434 827.425109863 853.744812012
840.584960938 843.874938965 825.780151367 857.034729004
834.005004883 840.584960938 829.070068359 865.259643555
855.389770508 838.940002441 825.780151367 868.549621582
842.229919434 842.229919434 825.780151367 858.679748535
832.360046387 838.940002441 827.425109863 852.09979248
829.070068359 842.229919434 825.780151367 858.679748535
847.164855957 842.229919434 827.425109863 863.614685059
852.09979248 838.940002441 824.135131836 857.034729004
850.454833984 842.229919434 822.49017334 847.164855957
842.229919434 848.809875488 819.200195312 845.519897461
834.005004883 837.29498291 829.070068359 850.454833984
838.940002441 842.229919434 825.780151367 847.164855957
848.809875488 843.874938965 822.49017334 853.744812012
835.650024414 843.874938965 819.200195312 845.519897461
835.650024414 843.874938965 819.200195312 860.324707031
847.164855957 840.584960938 822.49017334 863.614685059
842.229919434 842.229919434 822.49017334 855.389770508
848.809875488 850.454833984 819.200195312 852.09979248
850.454833984 847.164855957 820.845214844 837.29498291
848.809875488 843.874938965 822.49017334 845.519897461
843.874938965 845.519897461 824.135131836 847.164855957
848.809875488 845.519897461 824.135131836 845.519897461
850.454833984 847.164855957 825.780151367 855.389770508
840.584960938 845.519897461 822.49017334 845.519897461
838.940002441 842.229919434 822.49017334 850.454833984
852.09979248 838.940002441 824.135131836 860.324707031
850.454833984 845.519897461 822.49017334 848.809875488
860.324707031 845.519897461 825.780151367 861.969726562
852.09979248 848.809875488 825.780151367 855.389770508
848.809875488 847.164855957 825.780151367 850.454833984
847.164855957 840.584960938 822.49017334 860.324707031
855.389770508 842.229919434 819.200195312 858.679748535
852.09979248 843.874938965 820.845214844 853.744812012
850.454833984 843.874938965 824.135131836 861.969726562
861.969726562 843.874938965 825.780151367 860.324707031
845.519897461 838.940002441 825.780151367 848.809875488
848.809875488 842.229919434 827.425109863 861.969726562
847.164855957 843.874938965 825.780151367 861.969726562
845.519897461 837.29498291 824.135131836 863.614685059
852.09979248 834.005004883 825.780151367 866.904663086
834.005004883 838.940002441 824.135131836 850.454833984
853.744812012 837.29498291 825.780151367 848.809875488
845.519897461 837.29498291 827.425109863 845.519897461
858.679748535 835.650024414 822.49017334 853.744812012
855.389770508 834.005004883 820.845214844 871.839599609
842.229919434 834.005004883 820.845214844 850.454833984
853.744812012 837.29498291 820.845214844 858.679748535
852.09979248 838.940002441 825.780151367 855.389770508
848.809875488 838.940002441 824.135131836 843.874938965
847.164855957 837.29498291 822.49017334 852.09979248
840.584960938 837.29498291 820.845214844 850.454833984
842.229919434 832.360046387 822.49017334 845.519897461
843.874938965 835.650024414 822.49017334 852.09979248
845.519897461 843.874938965 824.135131836 842.229919434
840.584960938 842.229919434 824.135131836 845.519897461
847.164855957 838.940002441 825.780151367 834.005004883
860.324707031 838.940002441 827.425109863 852.09979248
853.744812012 838.940002441 820.845214844 842.229919434
857.034729004 842.229919434 822.49017334 843.874938965
863.614685059 840.584960938 822.49017334 857.034729004
843.874938965 843.874938965 819.200195312 832.360046387
858.679748535 842.229919434 819.200195312 837.29498291
855.389770508 845.519897461 817.555236816 847.164855957
837.29498291 847.164855957 814.265258789 824.135131836
848.809875488 847.164855957 815.91027832 835.650024414
830.715087891 842.229919434 820.845214844 829.070068359
848.809875488 847.164855957 819.200195312 812.620300293
835.650024414 843.874938965 820.845214844 832.360046387
837.29498291 847.164855957 820.845214844 837.29498291
842.229919434 842.229919434 820.845214844 832.360046387
838.940002441 834.005004883 822.49017334 842.229919434
857.034729004 842.229919434 820.845214844 847.164855957
838.940002441 838.940002441 822.49017334 847.164855957
835.650024414 838.940002441 822.49017334 843.874938965
834.005004883 842.229919434 825.780151367 842.229919434
850.454833984 837.29498291 825.780151367 837.29498291
847.164855957 842.229919434 822.49017334 842.229919434
845.519897461 838.940002441 824.135131836 845.519897461
842.229919434 840.584960938 825.780151367 850.454833984
838.940002441 835.650024414 825.780151367 855.389770508
837.29498291 835.650024414 822.49017334 847.164855957
827.425109863 838.940002441 819.200195312 852.09979248
850.454833984 829.070068359 822.49017334 855.389770508
842.229919434 832.360046387 819.200195312 860.324707031
855.389770508 835.650024414 819.200195312 857.034729004
858.679748535 840.584960938 820.845214844 842.229919434
835.650024414 842.229919434 822.49017334 847.164855957
848.809875488 837.29498291 820.845214844 860.324707031
848.809875488 832.360046387 824.135131836 858.679748535
861.969726562 837.29498291 819.200195312 863.614685059
838.940002441 838.940002441 820.845214844 852.09979248
842.229919434 838.940002441 820.845214844 855.389770508
834.005004883 838.940002441 820.845214844 866.904663086
855.389770508 842.229919434 820.845214844 861.969726562
860.324707031 838.940002441 822.49017334 865.259643555
852.09979248 842.229919434 822.49017334 855.389770508
835.650024414 837.29498291 820.845214844 852.09979248
845.519897461 834.005004883 824.135131836 860.324707031
832.360046387 842.229919434 824.135131836 853.744812012
860.324707031 840.584960938 825.780151367 852.09979248
865.259643555 843.874938965 825.780151367 848.809875488
847.164855957 834.005004883 825.780151367 852.09979248
850.454833984 835.650024414 822.49017334 863.614685059
843.874938965 842.229919434 824.135131836 866.904663086
820.845214844 840.584960938 825.780151367 860.324707031
853.744812012 840.584960938 827.425109863 845.519897461
858.679748535 840.584960938 827.425109863 835.650024414
834.005004883 838.940002441 827.425109863 852.09979248
855.389770508 840.584960938 827.425109863 847.164855957
838.940002441 838.940002441 830.715087891 853.744812012
827.425109863 847.164855957 827.425109863 847.164855957
848.809875488 829.070068359 829.070068359 853.744812012
850.454833984 842.229919434 827.425109863 855.389770508
865.259643555 847.164855957 825.780151367 857.034729004
842.229919434 834.005004883 827.425109863 863.614685059
855.389770508 834.005004883 827.425109863 863.614685059
843.874938965 835.650024414 825.780151367 850.454833984
848.809875488 830.715087891 827.425109863 865.259643555
852.09979248 837.29498291 822.49017334 848.809875488
835.650024414 837.29498291 824.135131836 840.584960938
853.744812012 840.584960938 825.780151367 850.454833984
819.200195312 829.070068359 827.425109863 847.164855957
861.969726562 835.650024414 825.780151367 848.809875488
840.584960938 837.29498291 822.49017334 853.744812012
840.584960938 827.425109863 829.070068359 852.09979248
840.584960938 832.360046387 830.715087891 843.874938965
830.715087891 830.715087891 830.715087891 865.259643555
845.519897461 827.425109863 834.005004883 855.389770508
842.229919434 835.650024414 827.425109863 858.679748535
850.454833984 848.809875488 824.135131836 852.09979248
819.200195312 827.425109863 830.715087891 853.744812012
842.229919434 834.005004883 827.425109863 835.650024414
845.519897461 835.650024414 832.360046387 838.940002441
815.91027832 829.070068359 832.360046387 847.164855957
847.164855957 843.874938965 827.425109863 853.744812012
860.324707031 838.940002441 825.780151367 855.389770508
827.425109863 842.229919434 827.425109863 852.09979248
871.839599609 845.519897461 827.425109863 842.229919434
827.425109863 834.005004883 829.070068359 852.09979248
825.780151367 840.584960938 825.780151367 860.324707031
861.969726562 842.229919434 822.49017334 842.229919434
840.584960938 840.584960938 825.780151367 853.744812012
847.164855957 843.874938965 829.070068359 858.679748535
830.715087891 819.200195312 830.715087891 861.969726562
845.519897461 832.360046387 827.425109863 865.259643555
812.620300293 838.940002441 822.49017334 843.874938965
857.034729004 827.425109863 827.425109863 832.360046387
865.259643555 852.09979248 820.845214844 848.809875488
809.330322266 825.780151367 827.425109863 850.454833984
834.005004883 827.425109863 824.135131836 853.744812012
824.135131836 830.715087891 824.135131836 852.09979248
843.874938965 830.715087891 825.780151367 837.29498291
848.809875488 834.005004883 822.49017334 837.29498291
847.164855957 832.360046387 820.845214844 848.809875488
842.229919434 837.29498291 824.135131836 842.229919434
858.679748535 830.715087891 827.425109863 838.940002441
845.519897461 842.229919434 832.360046387 837.29498291
804.395385742 827.425109863 834.005004883 847.164855957
858.679748535 838.940002441 829.070068359 840.584960938
820.845214844 850.454833984 829.070068359 857.034729004
838.940002441 822.49017334 832.360046387 857.034729004
838.940002441 825.780151367 834.005004883 852.09979248
802.750427246 838.940002441 829.070068359 853.744812012
835.650024414 827.425109863 834.005004883 850.454833984
857.034729004 843.874938965 829.070068359 852.09979248
834.005004883 842.229919434 830.715087891 853.744812012
848.809875488 842.229919434 829.070068359 835.650024414
848.809875488 829.070068359 827.425109863 853.744812012
819.200195312 834.005004883 825.780151367 850.454833984
861.969726562 820.845214844 830.715087891 857.034729004
829.070068359 822.49017334 829.070068359 857.034729004
819.200195312 847.164855957 825.780151367 842.229919434
819.200195312 832.360046387 830.715087891 853.744812012
832.360046387 819.200195312 832.360046387 863.614685059
842.229919434 838.940002441 827.425109863 845.519897461
857.034729004 845.519897461 824.135131836 845.519897461
857.034729004 835.650024414 829.070068359 847.164855957
852.09979248 829.070068359 827.425109863 857.034729004
857.034729004 835.650024414 825.780151367 866.904663086
838.940002441 820.845214844 834.005004883 863.614685059
827.425109863 838.940002441 825.780151367 860.324707031
863.614685059 840.584960938 827.425109863 855.389770508
850.454833984 820.845214844 835.650024414 873.484558105
870.194580078 830.715087891 830.715087891 880.064453125
848.809875488 832.360046387 834.005004883 884.999450684
857.034729004 804.395385742 842.229919434 889.934387207
853.744812012 820.845214844 837.29498291 888.289367676
871.839599609 832.360046387 832.360046387 886.64440918
871.839599609 820.845214844 835.650024414 880.064453125
830.715087891 806.040344238 840.584960938 894.86932373
868.549621582 837.29498291 829.070068359 866.904663086
863.614685059 806.040344238 840.584960938 881.709472656
845.519897461 834.005004883 834.005004883 878.419494629
842.229919434 843.874938965 825.780151367 853.744812012
835.650024414 824.135131836 830.715087891 853.744812012
883.354431152 817.555236816 834.005004883 875.129516602
847.164855957 845.519897461 825.780151367 852.09979248
863.614685059 829.070068359 832.360046387 868.549621582
850.454833984 825.780151367 830.715087891 863.614685059
824.135131836 827.425109863 834.005004883 860.324707031
891.579345703 829.070068359 830.715087891 853.744812012
834.005004883 815.91027832 837.29498291 870.194580078
832.360046387 840.584960938 830.715087891 861.969726562
863.614685059 832.360046387 834.005004883 858.679748535
853.744812012 830.715087891 837.29498291 880.064453125
876.774536133 847.164855957 824.135131836 845.519897461
817.555236816 822.49017334 834.005004883 863.614685059
857.034729004 827.425109863 827.425109863 865.259643555
845.519897461 824.135131836 829.070068359 868.549621582
824.135131836 822.49017334 832.360046387 875.129516602
860.324707031 830.715087891 825.780151367 852.09979248
868.549621582 835.650024414 825.780151367 866.904663086
843.874938965 820.845214844 832.360046387 871.839599609
886.64440918 837.29498291 830.715087891 873.484558105
848.809875488 822.49017334 835.650024414 871.839599609
825.780151367 834.005004883 835.650024414 866.904663086
876.774536133 843.874938965 824.135131836 860.324707031
870.194580078 827.425109863 825.780151367 883.354431152
858.679748535 847.164855957 827.425109863 884.999450684
878.419494629 832.360046387 834.005004883 870.194580078
843.874938965 837.29498291 829.070068359 863.614685059
852.09979248 819.200195312 840.584960938 873.484558105
840.584960938 814.265258789 837.29498291 868.549621582
838.940002441 815.91027832 840.584960938 876.774536133
860.324707031 810.975280762 847.164855957 878.419494629
858.679748535 829.070068359 835.650024414 865.259643555
868.549621582 824.135131836 834.005004883 865.259643555
827.425109863 809.330322266 840.584960938 875.129516602
817.555236816 827.425109863 834.005004883 868.549621582
824.135131836 819.200195312 835.650024414 876.774536133
886.64440918 822.49017334 832.360046387 878.419494629
860.324707031 825.780151367 832.360046387 870.194580078
838.940002441 819.200195312 834.005004883 858.679748535
829.070068359 815.91027832 835.650024414 866.904663086
832.360046387 820.845214844 829.070068359 858.679748535
855.389770508 835.650024414 825.780151367 857.034729004
820.845214844 815.91027832 834.005004883 870.194580078
857.034729004 830.715087891 829.070068359 860.324707031
848.809875488 838.940002441 829.070068359 857.034729004
870.194580078 812.620300293 835.650024414 863.614685059
850.454833984 832.360046387 825.780151367 858.679748535
820.845214844 819.200195312 830.715087891 878.419494629
840.584960938 815.91027832 830.715087891 880.064453125
858.679748535 834.005004883 825.780151367 868.549621582
876.774536133 819.200195312 830.715087891 870.194580078
838.940002441 830.715087891 830.715087891 863.614685059
865.259643555 840.584960938 825.780151367 861.969726562
863.614685059 835.650024414 825.780151367 861.969726562
868.549621582 832.360046387 830.715087891 865.259643555
884.999450684 822.49017334 834.005004883 871.839599609
842.229919434 837.29498291 827.425109863 861.969726562
853.744812012 820.845214844 832.360046387 870.194580078
850.454833984 845.519897461 824.135131836 855.389770508
835.650024414 840.584960938 829.070068359 855.389770508
832.360046387 815.91027832 832.360046387 863.614685059
829.070068359 847.164855957 829.070068359 858.679748535
880.064453125 829.070068359 830.715087891 857.034729004
863.614685059 829.070068359 829.070068359 855.389770508
830.715087891 857.034729004 827.425109863 850.454833984
832.360046387 820.845214844 834.005004883 863.614685059
835.650024414 842.229919434 825.780151367 855.389770508
876.774536133 835.650024414 827.425109863 871.839599609
832.360046387 829.070068359 835.650024414 858.679748535
858.679748535 840.584960938 835.650024414 853.744812012
815.91027832 814.265258789 845.519897461 866.904663086
840.584960938 809.330322266 843.874938965 861.969726562
853.744812012 830.715087891 838.940002441 865.259643555
857.034729004 810.975280762 842.229919434 855.389770508
809.330322266 809.330322266 847.164855957 870.194580078
848.809875488 809.330322266 847.164855957 868.549621582
834.005004883 810.975280762 845.519897461 866.904663086
827.425109863 804.395385742 848.809875488 883.354431152
834.005004883 817.555236816 845.519897461 871.839599609
855.389770508 792.880554199 848.809875488 880.064453125
824.135131836 797.815490723 850.454833984 875.129516602
838.940002441 806.040344238 848.809875488 883.354431152
863.614685059 807.68536377 847.164855957 875.129516602
840.584960938 801.105407715 850.454833984 889.934387207
832.360046387 819.200195312 843.874938965 873.484558105
809.330322266 807.68536377 845.519897461 883.354431152
866.904663086 799.460449219 845.519897461 883.354431152
855.389770508 834.005004883 837.29498291 876.774536133
858.679748535 799.460449219 843.874938965 896.514282227
861.969726562 827.425109863 838.940002441 876.774536133
835.650024414 827.425109863 838.940002441 880.064453125
840.584960938 802.750427246 845.519897461 878.419494629
883.354431152 834.005004883 835.650024414 866.904663086
827.425109863 827.425109863 835.650024414 878.419494629
855.389770508 810.975280762 837.29498291 876.774536133
866.904663086 830.715087891 834.005004883 876.774536133
830.715087891 820.845214844 837.29498291 883.354431152
865.259643555 825.780151367 835.650024414 881.709472656
834.005004883 822.49017334 835.650024414 871.839599609
852.09979248 825.780151367 834.005004883 873.484558105
845.519897461 834.005004883 830.715087891 863.614685059
860.324707031 792.880554199 843.874938965 891.579345703
865.259643555 829.070068359 829.070068359 883.354431152
837.29498291 820.845214844 834.005004883 871.839599609
857.034729004 835.650024414 829.070068359 860.324707031
847.164855957 842.229919434 824.135131836 848.809875488
838.940002441 819.200195312 834.005004883 866.904663086
840.584960938 820.845214844 827.425109863 861.969726562
835.650024414 822.49017334 825.780151367 847.164855957
840.584960938 843.874938965 825.780151367 845.519897461
843.874938965 822.49017334 829.070068359 857.034729004
858.679748535 830.715087891 827.425109863 840.584960938
812.620300293 825.780151367 827.425109863 843.874938965
797.815490723 814.265258789 827.425109863 845.519897461
852.09979248 824.135131836 827.425109863 837.29498291
847.164855957 835.650024414 824.135131836 843.874938965
838.940002441 837.29498291 830.715087891 845.519897461
837.29498291 832.360046387 827.425109863 842.229919434
815.91027832 837.29498291 829.070068359 852.09979248
824.135131836 819.200195312 832.360046387 860.324707031
848.809875488 834.005004883 827.425109863 857.034729004
850.454833984 838.940002441 827.425109863 850.454833984
850.454833984 834.005004883 829.070068359 855.389770508
834.005004883 829.070068359 830.715087891 847.164855957
840.584960938 830.715087891 830.715087891 861.969726562
847.164855957 838.940002441 830.715087891 855.389770508
850.454833984 845.519897461 830.715087891 847.164855957
840.584960938 835.650024414 832.360046387 853.744812012
832.360046387 832.360046387 834.005004883 855.389770508
838.940002441 829.070068359 829.070068359 850.454833984
842.229919434 834.005004883 825.780151367 857.034729004
835.650024414 840.584960938 822.49017334 857.034729004
858.679748535 834.005004883 830.715087891 853.744812012
834.005004883 835.650024414 830.715087891 850.454833984
847.164855957 845.519897461 825.780151367 835.650024414
845.519897461 827.425109863 827.425109863 845.519897461
840.584960938 842.229919434 820.845214844 842.229919434
837.29498291 838.940002441 824.135131836 850.454833984
847.164855957 842.229919434 824.135131836 840.584960938
855.389770508 845.519897461 825.780151367 838.940002441
832.360046387 838.940002441 827.425109863 842.229919434
835.650024414 829.070068359 834.005004883 863.614685059
853.744812012 830.715087891 834.005004883 863.614685059
840.584960938 838.940002441 824.135131836 855.389770508
842.229919434 838.940002441 819.200195312 827.425109863
835.650024414 850.454833984 817.555236816 827.425109863
825.780151367 857.034729004 817.555236816 817.555236816
824.135131836 865.259643555 814.265258789 806.040344238
824.135131836 865.259643555 809.330322266 806.040344238
819.200195312 881.709472656 801.105407715 784.655639648
835.650024414 881.709472656 799.460449219 794.525512695
824.135131836 875.129516602 799.460449219 792.880554199
824.135131836 888.289367676 794.525512695 779.720703125
825.780151367 886.64440918 792.880554199 779.720703125
810.975280762 889.934387207 791.235534668 761.625915527
832.360046387 894.86932373 792.880554199 778.075683594
814.265258789 896.514282227 787.945556641 763.270874023
815.91027832 899.804260254 784.655639648 766.560852051
825.780151367 894.86932373 781.365661621 768.205810547
837.29498291 896.514282227 783.010620117 783.010620117
837.29498291 888.289367676 786.300598145 787.945556641
829.070068359 891.579345703 787.945556641 789.590576172
840.584960938 888.289367676 787.945556641 804.395385742
840.584960938 883.354431152 794.525512695 799.460449219
847.164855957 894.86932373 789.590576172 806.040344238
847.164855957 886.64440918 791.235534668 801.105407715
838.940002441 886.64440918 791.235534668 807.68536377
852.09979248 880.064453125 796.170471191 812.620300293
853.744812012 883.354431152 796.170471191 809.330322266
842.229919434 880.064453125 797.815490723 810.975280762
857.034729004 880.064453125 801.105407715 819.200195312
855.389770508 878.419494629 799.460449219 820.845214844
843.874938965 876.774536133 804.395385742 815.91027832
861.969726562 878.419494629 807.68536377 824.135131836
852.09979248 871.839599609 806.040344238 830.715087891
852.09979248 873.484558105 807.68536377 825.780151367
858.679748535 866.904663086 810.975280762 832.360046387
858.679748535 873.484558105 809.330322266 822.49017334
852.09979248 865.259643555 810.975280762 822.49017334
850.454833984 863.614685059 810.975280762 824.135131836
847.164855957 865.259643555 814.265258789 825.780151367
847.164855957 871.839599609 812.620300293 820.845214844
850.454833984 870.194580078 814.265258789 829.070068359
848.809875488 866.904663086 812.620300293 832.360046387
848.809875488 865.259643555 814.265258789 822.49017334
845.519897461 857.034729004 815.91027832 832.360046387
838.940002441 858.679748535 812.620300293 824.135131836
845.519897461 857.034729004 815.91027832 834.005004883
847.164855957 852.09979248 817.555236816 837.29498291
852.09979248 860.324707031 819.200195312 837.29498291
860.324707031 855.389770508 820.845214844 852.09979248
843.874938965 850.454833984 820.845214844 845.519897461
842.229919434 855.389770508 820.845214844 837.29498291
845.519897461 852.09979248 820.845214844 843.874938965
838.940002441 857.034729004 820.845214844 835.650024414
843.874938965 857.034729004 822.49017334 850.454833984
830.715087891 853.744812012 819.200195312 832.360046387
840.584960938 857.034729004 820.845214844 834.005004883
847.164855957 852.09979248 822.49017334 830.715087891
838.940002441 853.744812012 819.200195312 834.005004883
842.229919434 853.744812012 820.845214844 837.29498291
835.650024414 853.744812012 820.845214844 840.584960938
830.715087891 850.454833984 822.49017334 834.005004883
829.070068359 848.809875488 825.780151367 830.715087891
830.715087891 853.744812012 827.425109863 827.425109863
829.070068359 855.389770508 829.070068359 829.070068359
817.555236816 858.679748535 825.780151367 819.200195312
820.845214844 852.09979248 827.425109863 819.200195312
814.265258789 860.324707031 827.425109863 815.91027832
812.620300293 866.904663086 830.715087891 814.265258789
794.525512695 860.324707031 832.360046387 809.330322266
781.365661621 857.034729004 832.360046387 794.525512695
764.91583252 863.614685059 834.005004883 774.785766602
756.690979004 870.194580078 837.29498291 759.980895996
743.53112793 870.194580078 845.519897461 755.045959473
723.791320801 871.839599609 850.454833984 738.596191406
694.18170166 866.904663086 840.584960938 692.536743164
676.086914062 875.129516602 840.584960938 671.151977539
659.637145996 883.354431152 835.650024414 654.702148438
646.477294922 883.354431152 840.584960938 643.187316895
653.057189941 878.419494629 845.519897461 651.412231445
651.412231445 880.064453125 838.940002441 649.767211914
669.507019043 878.419494629 838.940002441 667.861999512
685.956787109 876.774536133 838.940002441 682.666870117
704.051574707 878.419494629 834.005004883 687.601806641
725.436340332 871.839599609 835.650024414 705.696594238
735.306213379 863.614685059 832.360046387 722.146362305
750.111022949 855.389770508 830.715087891 741.886108398
771.495788574 853.744812012 832.360046387 768.205810547
792.880554199 852.09979248 829.070068359 783.010620117
810.975280762 847.164855957 825.780151367 802.750427246
825.780151367 843.874938965 824.135131836 824.135131836
834.005004883 840.584960938 827.425109863 832.360046387
847.164855957 840.584960938 824.135131836 843.874938965
860.324707031 835.650024414 824.135131836 852.09979248
871.839599609 830.715087891 822.49017334 865.259643555
875.129516602 830.715087891 820.845214844 878.419494629
883.354431152 832.360046387 820.845214844 881.709472656
889.934387207 829.070068359 819.200195312 893.224304199
896.514282227 829.070068359 819.200195312 901.44921875
898.159240723 822.49017334 817.555236816 906.384155273
894.86932373 824.135131836 817.555236816 901.44921875
899.804260254 827.425109863 817.555236816 908.029174805
903.094238281 825.780151367 817.555236816 909.674133301
906.384155273 832.360046387 814.265258789 908.029174805
906.384155273 829.070068359 815.91027832 914.609069824
909.674133301 832.360046387 814.265258789 912.964111328
917.899047852 829.070068359 815.91027832 909.674133301
916.25402832 825.780151367 817.555236816 912.964111328
912.964111328 825.780151367 815.91027832 919.544006348
916.25402832 825.780151367 814.265258789 921.188964844
909.674133301 829.070068359 814.265258789 912.964111328
916.25402832 829.070068359 817.555236816 909.674133301
911.319091797 827.425109863 817.555236816 912.964111328
906.384155273 829.070068359 820.845214844 916.25402832
911.319091797 834.005004883 819.200195312 912.964111328
909.674133301 830.715087891 815.91027832 911.319091797
903.094238281 829.070068359 817.555236816 904.739196777
898.159240723 829.070068359 817.555236816 903.094238281
898.159240723 829.070068359 815.91027832 909.674133301
896.514282227 835.650024414 819.200195312 901.44921875
903.094238281 830.715087891 820.845214844 904.739196777
891.579345703 830.715087891 817.555236816 898.159240723
881.709472656 830.715087891 817.555236816 894.86932373
883.354431152 830.715087891 817.555236816 894.86932373
878.419494629 830.715087891 817.555236816 891.579345703
878.419494629 835.650024414 819.200195312 893.224304199
873.484558105 834.005004883 822.49017334 888.289367676
870.194580078 834.005004883 819.200195312 871.839599609
871.839599609 834.005004883 820.845214844 876.774536133
870.194580078 829.070068359 822.49017334 876.774536133
863.614685059 832.360046387 822.49017334 870.194580078
865.259643555 829.070068359 824.135131836 883.354431152
861.969726562 830.715087891 827.425109863 875.129516602
865.259643555 830.715087891 824.135131836 871.839599609
861.969726562 832.360046387 822.49017334 865.259643555
861.969726562 838.940002441 820.845214844 865.259643555
865.259643555 834.005004883 822.49017334 873.484558105
860.324707031 840.584960938 822.49017334 871.839599609
865.259643555 835.650024414 822.49017334 884.999450684
865.259643555 827.425109863 822.49017334 866.904663086
853.744812012 832.360046387 819.200195312 865.259643555
860.324707031 830.715087891 822.49017334 870.194580078
860.324707031 832.360046387 824.135131836 868.549621582
855.389770508 834.005004883 819.200195312 866.904663086
863.614685059 832.360046387 822.49017334 871.839599609
861.969726562 834.005004883 822.49017334 873.484558105
863.614685059 837.29498291 822.49017334 870.194580078
860.324707031 835.650024414 822.49017334 873.484558105
865.259643555 835.650024414 824.135131836 870.194580078
853.744812012 830.715087891 822.49017334 866.904663086
860.324707031 835.650024414 820.845214844 868.549621582
861.969726562 830.715087891 827.425109863 863.614685059
857.034729004 834.005004883 822.49017334 850.454833984
860.324707031 834.005004883 825.780151367 852.09979248
853.744812012 832.360046387 825.780151367 861.969726562
858.679748535 830.715087891 824.135131836 863.614685059
857.034729004 832.360046387 824.135131836 858.679748535
848.809875488 832.360046387 825.780151367 855.389770508
853.744812012 835.650024414 829.070068359 852.09979248
845.519897461 835.650024414 830.715087891 857.034729004
847.164855957 832.360046387 830.715087891 858.679748535
853.744812012 835.650024414 830.715087891 865.259643555
845.519897461 834.005004883 832.360046387 861.969726562
843.874938965 838.940002441 830.715087891 865.259643555
857.034729004 840.584960938 832.360046387 865.259643555
852.09979248 838.940002441 830.715087891 861.969726562
845.519897461 834.005004883 830.715087891 863.614685059
853.744812012 830.715087891 832.360046387 871.839599609
858.679748535 834.005004883 832.360046387 880.064453125
870.194580078 834.005004883 834.005004883 878.419494629
876.774536133 838.940002441 829.070068359 875.129516602
866.904663086 838.940002441 824.135131836 870.194580078
875.129516602 842.229919434 825.780151367 878.419494629
876.774536133 837.29498291 824.135131836 884.999450684
876.774536133 837.29498291 825.780151367 886.64440918
868.549621582 834.005004883 825.780151367 881.709472656
870.194580078 834.005004883 825.780151367 876.774536133
873.484558105 834.005004883 827.425109863 880.064453125
875.129516602 832.360046387 829.070068359 883.354431152
880.064453125 832.360046387 827.425109863 878.419494629
868.549621582 834.005004883 825.780151367 884.999450684
865.259643555 835.650024414 825.780151367 883.354431152
871.839599609 834.005004883 824.135131836 881.709472656
865.259643555 835.650024414 824.135131836 880.064453125
871.839599609 837.29498291 824.135131836 871.839599609
866.904663086 834.005004883 820.845214844 873.484558105
865.259643555 835.650024414 819.200195312 871.839599609
852.09979248 837.29498291 819.200195312 861.969726562
857.034729004 837.29498291 819.200195312 870.194580078
852.09979248 838.940002441 819.200195312 861.969726562
860.324707031 838.940002441 819.200195312 865.259643555
861.969726562 834.005004883 820.845214844 873.484558105
857.034729004 837.29498291 819.200195312 865.259643555
855.389770508 837.29498291 822.49017334 866.904663086
848.809875488 837.29498291 819.200195312 865.259643555
848.809875488 837.29498291 820.845214844 870.194580078
853.744812012 835.650024414 824.135131836 868.549621582
853.744812012 835.650024414 825.780151367 857.034729004
857.034729004 835.650024414 822.49017334 866.904663086
852.09979248 835.650024414 822.49017334 860.324707031
853.744812012 837.29498291 819.200195312 860.324707031
848.809875488 835.650024414 824.135131836 853.744812012
845.519897461 834.005004883 824.135131836 845.519897461
852.09979248 835.650024414 822.49017334 852.09979248
845.519897461 837.29498291 822.49017334 855.389770508
843.874938965 835.650024414 824.135131836 860.324707031
840.584960938 835.650024414 824.135131836 847.164855957
845.519897461 830.715087891 824.135131836 850.454833984
843.874938965 830.715087891 822.49017334 857.034729004
842.229919434 832.360046387 820.845214844 850.454833984
848.809875488 832.360046387 820.845214844 860.324707031
840.584960938 832.360046387 819.200195312 843.874938965
850.454833984 830.715087891 819.200195312 847.164855957
847.164855957 830.715087891 819.200195312 852.09979248
837.29498291 834.005004883 820.845214844 847.164855957
843.874938965 838.940002441 815.91027832 847.164855957
837.29498291 832.360046387 827.425109863 843.874938965
814.265258789 827.425109863 827.425109863 827.425109863
820.845214844 827.425109863 822.49017334 837.29498291
809.330322266 830.715087891 822.49017334 817.555236816
806.040344238 827.425109863 825.780151367 812.620300293
822.49017334 834.005004883 830.715087891 820.845214844
797.815490723 832.360046387 829.070068359 809.330322266
804.395385742 830.715087891 830.715087891 820.845214844
799.460449219 832.360046387 820.845214844 815.91027832
799.460449219 832.360046387 824.135131836 806.040344238
810.975280762 829.070068359 827.425109863 825.780151367
806.040344238 834.005004883 824.135131836 825.780151367
809.330322266 835.650024414 827.425109863 827.425109863
809.330322266 832.360046387 832.360046387 832.360046387
810.975280762 832.360046387 830.715087891 825.780151367
817.555236816 832.360046387 829.070068359 840.584960938
822.49017334 832.360046387 827.425109863 838.940002441
824.135131836 834.005004883 827.425109863 837.29498291
822.49017334 837.29498291 829.070068359 837.29498291
824.135131836 835.650024414 827.425109863 842.229919434
827.425109863 832.360046387 825.780151367 843.874938965
824.135131836 837.29498291 825.780151367 837.29498291
827.425109863 838.940002441 824.135131836 845.519897461
840.584960938 842.229919434 825.780151367 845.519897461
838.940002441 842.229919434 830.715087891 837.29498291
840.584960938 832.360046387 829.070068359 848.809875488
840.584960938 837.29498291 827.425109863 838.940002441
843.874938965 837.29498291 827.425109863 843.874938965
845.519897461 835.650024414 825.780151367 853.744812012
847.164855957 838.940002441 825.780151367 842.229919434
848.809875488 835.650024414 827.425109863 842.229919434
835.650024414 837.29498291 824.135131836 842.229919434
840.584960938 838.940002441 825.780151367 843.874938965
838.940002441 834.005004883 824.135131836 845.519897461
837.29498291 837.29498291 824.135131836 843.874938965
850.454833984 837.29498291 824.135131836 840.584960938
843.874938965 837.29498291 822.49017334 845.519897461
840.584960938 840.584960938 825.780151367 842.229919434
838.940002441 838.940002441 825.780151367 843.874938965
832.360046387 840.584960938 824.135131836 840.584960938
837.29498291 840.584960938 825.780151367 838.940002441
840.584960938 838.940002441 824.135131836 847.164855957
835.650024414 837.29498291 824.135131836 838.940002441
838.940002441 837.29498291 824.135131836 850.454833984
838.940002441 840.584960938 819.200195312 838.940002441
838.940002441 842.229919434 815.91027832 843.874938965
843.874938965 838.940002441 819.200195312 855.389770508
827.425109863 835.650024414 825.780151367 842.229919434
822.49017334 824.135131836 825.780151367 847.164855957
825.780151367 825.780151367 822.49017334 842.229919434
817.555236816 834.005004883 822.49017334 835.650024414
829.070068359 835.650024414 822.49017334 840.584960938
820.845214844 838.940002441 824.135131836 832.360046387
822.49017334 835.650024414 825.780151367 827.425109863
827.425109863 830.715087891 825.780151367 834.005004883
835.650024414 840.584960938 827.425109863 832.360046387
830.715087891 834.005004883 825.780151367 835.650024414
835.650024414 832.360046387 824.135131836 843.874938965
835.650024414 832.360046387 822.49017334 845.519897461
832.360046387 830.715087891 824.135131836 845.519897461
835.650024414 830.715087891 824.135131836 847.164855957
838.940002441 834.005004883 824.135131836 850.454833984
838.940002441 832.360046387 825.780151367 850.454833984
838.940002441 830.715087891 825.780151367 852.09979248
832.360046387 834.005004883 825.780151367 853.744812012
837.29498291 838.940002441 824.135131836 845.519897461
838.940002441 840.584960938 820.845214844 842.229919434
843.874938965 837.29498291 824.135131836 848.809875488
838.940002441 834.005004883 824.135131836 843.874938965
838.940002441 830.715087891 824.135131836 847.164855957
840.584960938 835.650024414 822.49017334 852.09979248
835.650024414 837.29498291 824.135131836 853.744812012
840.584960938 830.715087891 825.780151367 855.389770508
838.940002441 830.715087891 825.780151367 850.454833984
838.940002441 835.650024414 825.780151367 852.09979248
848.809875488 837.29498291 825.780151367 850.454833984
837.29498291 838.940002441 827.425109863 853.744812012
838.940002441 837.29498291 824.135131836 857.034729004
837.29498291 832.360046387 822.49017334 848.809875488
840.584960938 838.940002441 822.49017334 850.454833984
840.584960938 835.650024414 819.200195312 852.09979248
842.229919434 832.360046387 819.200195312 843.874938965
837.29498291 832.360046387 820.845214844 847.164855957
837.29498291 834.005004883 824.135131836 843.874938965
847.164855957 842.229919434 817.555236816 840.584960938
848.809875488 838.940002441 824.135131836 852.09979248
850.454833984 835.650024414 822.49017334 850.454833984
842.229919434 834.005004883 820.845214844 850.454833984
847.164855957 840.584960938 824.135131836 847.164855957
845.519897461 843.874938965 820.845214844 847.164855957
852.09979248 840.584960938 822.49017334 850.454833984
850.454833984 838.940002441 824.135131836 852.09979248
842.229919434 838.940002441 822.49017334 860.324707031
852.09979248 840.584960938 822.49017334 866.904663086
837.29498291 838.940002441 822.49017334 842.229919434
842.229919434 834.005004883 824.135131836 840.584960938
840.584960938 834.005004883 825.780151367 847.164855957
835.650024414 834.005004883 824.135131836 838.940002441
843.874938965 837.29498291 825.780151367 848.809875488
842.229919434 835.650024414 827.425109863 847.164855957
842.229919434 838.940002441 824.135131836 834.005004883
843.874938965 837.29498291 825.780151367 850.454833984
842.229919434 838.940002441 824.135131836 852.09979248
837.29498291 834.005004883 824.135131836 853.744812012
843.874938965 835.650024414 824.135131836 853.744812012
840.584960938 834.005004883 829.070068359 852.09979248
840.584960938 832.360046387 825.780151367 853.744812012
847.164855957 832.360046387 827.425109863 848.809875488
834.005004883 835.650024414 824.135131836 840.584960938
834.005004883 835.650024414 822.49017334 845.519897461
837.29498291 835.650024414 827.425109863 845.519897461
838.940002441 835.650024414 829.070068359 848.809875488
834.005004883 835.650024414 825.780151367 843.874938965
835.650024414 837.29498291 825.780151367 843.874938965
835.650024414 835.650024414 825.780151367 843.874938965
838.940002441 840.584960938 825.780151367 842.229919434
848.809875488 838.940002441 827.425109863 852.09979248
840.584960938 838.940002441 829.070068359 852.09979248
842.229919434 840.584960938 825.780151367 843.874938965
848.809875488 835.650024414 827.425109863 855.389770508
850.454833984 838.940002441 827.425109863 847.164855957
848.809875488 838.940002441 827.425109863 845.519897461
840.584960938 837.29498291 829.070068359 848.809875488
845.519897461 840.584960938 827.425109863 847.164855957
847.164855957 835.650024414 829.070068359 852.09979248
843.874938965 834.005004883 829.070068359 848.809875488
848.809875488 838.940002441 829.070068359 847.164855957
850.454833984 837.29498291 832.360046387 853.744812012
850.454833984 834.005004883 829.070068359 857.034729004
847.164855957 837.29498291 829.070068359 855.389770508
842.229919434 834.005004883 827.425109863 855.389770508
835.650024414 834.005004883 825.780151367 855.389770508
845.519897461 834.005004883 832.360046387 852.09979248
837.29498291 840.584960938 827.425109863 847.164855957
843.874938965 835.650024414 829.070068359 842.229919434
842.229919434 840.584960938 824.135131836 842.229919434
830.715087891 838.940002441 820.845214844 838.940002441
834.005004883 834.005004883 820.845214844 842.229919434
835.650024414 835.650024414 819.200195312 840.584960938
842.229919434 834.005004883 820.845214844 835.650024414
838.940002441 835.650024414 817.555236816 842.229919434
837.29498291 837.29498291 819.200195312 840.584960938
835.650024414 837.29498291 819.200195312 843.874938965
838.940002441 837.29498291 819.200195312 848.809875488
843.874938965 838.940002441 820.845214844 840.584960938
832.360046387 838.940002441 822.49017334 838.940002441
832.360046387 837.29498291 822.49017334 838.940002441
838.940002441 837.29498291 824.135131836 852.09979248
842.229919434 829.070068359 825.780151367 855.389770508
837.29498291 834.005004883 822.49017334 847.164855957
832.360046387 834.005004883 822.49017334 840.584960938
840.584960938 834.005004883 825.780151367 848.809875488
832.360046387 837.29498291 829.070068359 852.09979248
842.229919434 835.650024414 829.070068359 853.744812012
842.229919434 832.360046387 829.070068359 858.679748535
835.650024414 835.650024414 825.780151367 853.744812012
847.164855957 834.005004883 825.780151367 861.969726562
842.229919434 834.005004883 825.780151367 858.679748535
834.005004883 832.360046387 827.425109863 842.229919434
835.650024414 830.715087891 825.780151367 847.164855957
840.584960938 834.005004883 825.780151367 850.454833984
837.29498291 837.29498291 825.780151367 853.744812012
840.584960938 837.29498291 824.135131836 853.744812012
853.744812012 832.360046387 822.49017334 850.454833984
840.584960938 832.360046387 824.135131836 843.874938965
852.09979248 829.070068359 822.49017334 855.389770508
847.164855957 834.005004883 824.135131836 858.679748535
848.809875488 837.29498291 822.49017334 860.324707031
852.09979248 837.29498291 822.49017334 853.744812012
853.744812012 837.29498291 822.49017334 852.09979248
853.744812012 830.715087891 822.49017334 857.034729004
843.874938965 832.360046387 820.845214844 855.389770508
845.519897461 835.650024414 820.845214844 852.09979248
842.229919434 835.650024414 819.200195312 847.164855957
838.940002441 834.005004883 822.49017334 843.874938965
842.229919434 835.650024414 822.49017334 837.29498291
837.29498291 834.005004883 820.845214844 847.164855957
837.29498291 830.715087891 820.845214844 843.874938965
834.005004883 834.005004883 820.845214844 835.650024414
840.584960938 830.715087891 825.780151367 853.744812012
834.005004883 837.29498291 820.845214844 843.874938965
832.360046387 842.229919434 820.845214844 834.005004883
845.519897461 835.650024414 824.135131836 848.809875488
834.005004883 834.005004883 822.49017334 847.164855957
840.584960938 838.940002441 824.135131836 840.584960938
838.940002441 837.29498291 822.49017334 840.584960938
840.584960938 838.940002441 822.49017334 842.229919434
837.29498291 838.940002441 824.135131836 847.164855957
838.940002441 838.940002441 825.780151367 858.679748535
842.229919434 838.940002441 825.780151367 855.389770508
842.229919434 837.29498291 824.135131836 842.229919434
848.809875488 835.650024414 827.425109863 850.454833984
842.229919434 832.360046387 827.425109863 857.034729004
837.29498291 838.940002441 825.780151367 852.09979248
842.229919434 837.29498291 827.425109863 855.389770508
843.874938965 838.940002441 824.135131836 852.09979248
847.164855957 840.584960938 824.135131836 850.454833984
832.360046387 838.940002441 825.780151367 848.809875488
832.360046387 838.940002441 827.425109863 837.29498291
829.070068359 835.650024414 827.425109863 850.454833984
829.070068359 835.650024414 825.780151367 847.164855957
837.29498291 837.29498291 822.49017334 850.454833984
834.005004883 837.29498291 824.135131836 857.034729004
837.29498291 838.940002441 824.135131836 847.164855957
830.715087891 840.584960938 824.135131836 848.809875488
838.940002441 842.229919434 822.49017334 845.519897461
842.229919434 842.229919434 819.200195312 843.874938965
838.940002441 840.584960938 817.555236816 838.940002441
845.519897461 842.229919434 822.49017334 840.584960938
835.650024414 838.940002441 825.780151367 847.164855957
834.005004883 835.650024414 824.135131836 848.809875488
835.650024414 835.650024414 824.135131836 843.874938965
832.360046387 838.940002441 820.845214844 840.584960938
827.425109863 838.940002441 822.49017334 843.874938965
837.29498291 842.229919434 824.135131836 845.519897461
835.650024414 838.940002441 824.135131836 840.584960938
840.584960938 835.650024414 820.845214844 838.940002441
838.940002441 840.584960938 820.845214844 835.650024414
835.650024414 837.29498291 822.49017334 834.005004883
834.005004883 840.584960938 822.49017334 835.650024414
829.070068359 835.650024414 819.200195312 834.005004883
830.715087891 837.29498291 817.555236816 830.715087891
829.070068359 835.650024414 820.845214844 842.229919434
834.005004883 837.29498291 820.845214844 848.809875488
830.715087891 837.29498291 822.49017334 845.519897461
830.715087891 835.650024414 819.200195312 829.070068359
832.360046387 838.940002441 817.555236816 838.940002441
832.360046387 837.29498291 820.845214844 838.940002441
832.360046387 842.229919434 822.49017334 835.650024414
835.650024414 842.229919434 824.135131836 848.809875488
837.29498291 837.29498291 824.135131836 848.809875488
840.584960938 837.29498291 825.780151367 850.454833984
834.005004883 837.29498291 825.780151367 852.09979248
829.070068359 835.650024414 825.780151367 847.164855957
835.650024414 837.29498291 825.780151367 832.360046387
838.940002441 838.940002441 824.135131836 843.874938965
843.874938965 835.650024414 825.780151367 852.09979248
840.584960938 838.940002441 822.49017334 852.09979248
832.360046387 838.940002441 824.135131836 850.454833984
848.809875488 838.940002441 822.49017334 845.519897461
840.584960938 840.584960938 824.135131836 850.454833984
848.809875488 843.874938965 822.49017334 857.034729004
847.164855957 840.584960938 820.845214844 855.389770508
843.874938965 845.519897461 824.135131836 857.034729004
850.454833984 842.229919434 824.135131836 860.324707031
845.519897461 838.940002441 824.135131836 853.744812012
843.874938965 840.584960938 824.135131836 848.809875488
848.809875488 843.874938965 825.780151367 850.454833984
848.809875488 842.229919434 825.780151367 845.519897461
853.744812012 842.229919434 825.780151367 848.809875488
847.164855957 840.584960938 825.780151367 850.454833984
842.229919434 840.584960938 824.135131836 850.454833984
832.360046387 842.229919434 820.845214844 835.650024414
842.229919434 840.584960938 824.135131836 843.874938965
840.584960938 835.650024414 824.135131836 848.809875488
835.650024414 838.940002441 822.49017334 838.940002441
840.584960938 840.584960938 827.425109863 852.09979248
838.940002441 835.650024414 825.780151367 848.809875488
848.809875488 840.584960938 820.845214844 843.874938965
838.940002441 840.584960938 824.135131836 848.809875488
847.164855957 842.229919434 822.49017334 847.164855957
840.584960938 840.584960938 820.845214844 847.164855957
845.519897461 835.650024414 822.49017334 857.034729004
843.874938965 837.29498291 825.780151367 857.034729004
845.519897461 840.584960938 827.425109863 853.744812012
842.229919434 840.584960938 827.425109863 852.09979248
852.09979248 840.584960938 829.070068359 857.034729004
850.454833984 838.940002441 825.780151367 861.969726562
840.584960938 838.940002441 825.780151367 843.874938965
842.229919434 837.29498291 829.070068359 845.519897461
847.164855957 834.005004883 830.715087891 847.164855957
845.519897461 837.29498291 827.425109863 848.809875488
845.519897461 837.29498291 829.070068359 858.679748535
845.519897461 837.29498291 827.425109863 850.454833984
852.09979248 838.940002441 829.070068359 848.809875488
852.09979248 834.005004883 829.070068359 853.744812012
850.454833984 838.940002441 829.070068359 848.809875488
845.519897461 838.940002441 827.425109863 853.744812012
842.229919434 842.229919434 825.780151367 843.874938965
843.874938965 842.229919434 827.425109863 845.519897461
843.874938965 837.29498291 824.135131836 853.744812012
840.584960938 840.584960938 825.780151367 843.874938965
847.164855957 840.584960938 825.780151367 850.454833984
842.229919434 840.584960938 824.135131836 842.229919434
842.229919434 837.29498291 825.780151367 843.874938965
837.29498291 835.650024414 820.845214844 845.519897461
835.650024414 832.360046387 819.200195312 850.454833984
837.29498291 832.360046387 827.425109863 857.034729004
827.425109863 834.005004883 824.135131836 842.229919434
838.940002441 834.005004883 825.780151367 852.09979248
842.229919434 837.29498291 829.070068359 852.09979248
840.584960938 842.229919434 825.780151367 848.809875488
843.874938965 838.940002441 825.780151367 853.744812012
834.005004883 837.29498291 829.070068359 853.744812012
835.650024414 837.29498291 829.070068359 845.519897461
840.584960938 834.005004883 827.425109863 845.519897461
842.229919434 838.940002441 829.070068359 848.809875488
842.229919434 837.29498291 825.780151367 848.809875488
840.584960938 843.874938965 825.780151367 850.454833984
852.09979248 845.519897461 827.425109863 850.454833984
850.454833984 840.584960938 829.070068359 855.389770508
843.874938965 842.229919434 827.425109863 850.454833984
850.454833984 838.940002441 830.715087891 863.614685059
843.874938965 842.229919434 829.070068359 858.679748535
847.164855957 835.650024414 827.425109863 853.744812012
845.519897461 834.005004883 829.070068359 865.259643555
840.584960938 840.584960938 825.780151367 853.744812012
847.164855957 837.29498291 827.425109863 858.679748535
843.874938965 840.584960938 827.425109863 865.259643555
845.519897461 840.584960938 827.425109863 861.969726562
848.809875488 834.005004883 827.425109863 855.389770508
847.164855957 834.005004883 825.780151367 853.744812012
842.229919434 834.005004883 825.780151367 855.389770508
837.29498291 837.29498291 822.49017334 848.809875488
838.940002441 838.940002441 825.780151367 857.034729004
843.874938965 842.229919434 822.49017334 848.809875488
845.519897461 843.874938965 820.845214844 845.519897461
845.519897461 840.584960938 825.780151367 861.969726562
843.874938965 838.940002441 820.845214844 847.164855957
843.874938965 838.940002441 824.135131836 848.809875488
845.519897461 837.29498291 822.49017334 850.454833984
840.584960938 843.874938965 820.845214844 848.809875488
840.584960938 845.519897461 825.780151367 850.454833984
845.519897461 845.519897461 825.780151367 845.519897461
850.454833984 840.584960938 825.780151367 852.09979248
840.584960938 838.940002441 825.780151367 855.389770508
843.874938965 838.940002441 824.135131836 845.519897461
837.29498291 837.29498291 822.49017334 845.519897461
837.29498291 838.940002441 825.780151367 832.360046387
837.29498291 842.229919434 825.780151367 843.874938965
830.715087891 842.229919434 824.135131836 845.519897461
830.715087891 840.584960938 824.135131836 852.09979248
837.29498291 840.584960938 820.845214844 850.454833984
834.005004883 842.229919434 819.200195312 838.940002441
834.005004883 838.940002441 822.49017334 845.519897461
830.715087891 840.584960938 819.200195312 834.005004883
838.940002441 837.29498291 819.200195312 847.164855957
842.229919434 837.29498291 819.200195312 845.519897461
847.164855957 837.29498291 822.49017334 852.09979248
840.584960938 835.650024414 824.135131836 852.09979248
837.29498291 838.940002441 825.780151367 852.09979248
847.164855957 838.940002441 825.780151367 858.679748535
848.809875488 834.005004883 820.845214844 852.09979248
842.229919434 835.650024414 819.200195312 848.809875488
838.940002441 837.29498291 825.780151367 850.454833984
842.229919434 837.29498291 824.135131836 848.809875488
837.29498291 842.229919434 824.135131836 845.519897461
845.519897461 837.29498291 825.780151367 858.679748535
843.874938965 832.360046387 824.135131836 847.164855957
843.874938965 838.940002441 822.49017334 845.519897461
843.874938965 834.005004883 827.425109863 850.454833984
840.584960938 832.360046387 827.425109863 848.809875488
838.940002441 832.360046387 825.780151367 853.744812012
837.29498291 832.360046387 825.780151367 852.09979248
840.584960938 832.360046387 824.135131836 845.519897461
834.005004883 830.715087891 820.845214844 850.454833984
837.29498291 830.715087891 820.845214844 847.164855957
842.229919434 832.360046387 824.135131836 845.519897461
843.874938965 832.360046387 824.135131836 847.164855957
843.874938965 834.005004883 824.135131836 853.744812012
842.229919434 834.005004883 822.49017334 847.164855957
842.229919434 827.425109863 820.845214844 842.229919434
845.519897461 830.715087891 819.200195312 845.519897461
843.874938965 834.005004883 820.845214844 847.164855957
842.229919434 832.360046387 819.200195312 855.389770508
843.874938965 837.29498291 820.845214844 848.809875488
845.519897461 837.29498291 822.49017334 852.09979248
843.874938965 835.650024414 820.845214844 847.164855957
842.229919434 835.650024414 825.780151367 853.744812012
840.584960938 837.29498291 824.135131836 845.519897461
847.164855957 835.650024414 824.135131836 842.229919434
840.584960938 837.29498291 825.780151367 848.809875488
842.229919434 835.650024414 824.135131836 857.034729004
843.874938965 830.715087891 824.135131836 852.09979248
838.940002441 832.360046387 824.135131836 835.650024414
843.874938965 835.650024414 822.49017334 842.229919434
837.29498291 834.005004883 824.135131836 850.454833984
840.584960938 830.715087891 825.780151367 842.229919434
832.360046387 834.005004883 827.425109863 853.744812012
840.584960938 838.940002441 825.780151367 848.809875488
842.229919434 838.940002441 825.780151367 848.809875488
840.584960938 840.584960938 825.780151367 857.034729004
843.874938965 834.005004883 827.425109863 863.614685059
842.229919434 838.940002441 829.070068359 850.454833984
843.874938965 842.229919434 829.070068359 855.389770508
843.874938965 838.940002441 829.070068359 853.744812012
845.519897461 838.940002441 829.070068359 840.584960938
834.005004883 838.940002441 827.425109863 848.809875488
840.584960938 842.229919434 827.425109863 845.519897461
843.874938965 840.584960938 827.425109863 848.809875488
845.519897461 835.650024414 825.780151367 857.034729004
845.519897461 835.650024414 829.070068359 855.389770508
838.940002441 835.650024414 827.425109863 853.744812012
842.229919434 834.005004883 825.780151367 850.454833984
840.584960938 834.005004883 829.070068359 848.809875488
845.519897461 838.940002441 825.780151367 852.09979248
845.519897461 838.940002441 827.425109863 855.389770508
840.584960938 838.940002441 829.070068359 855.389770508
840.584960938 845.519897461 829.070068359 847.164855957
840.584960938 837.29498291 827.425109863 845.519897461
837.29498291 837.29498291 827.425109863 845.519897461
838.940002441 835.650024414 824.135131836 852.09979248
837.29498291 834.005004883 825.780151367 850.454833984
842.229919434 835.650024414 830.715087891 855.389770508
837.29498291 838.940002441 827.425109863 847.164855957
842.229919434 837.29498291 829.070068359 857.034729004
843.874938965 835.650024414 829.070068359 858.679748535
840.584960938 838.940002441 829.070068359 858.679748535
847.164855957 832.360046387 827.425109863 860.324707031
845.519897461 832.360046387 824.135131836 850.454833984
847.164855957 832.360046387 822.49017334 853.744812012
843.874938965 830.715087891 824.135131836 842.229919434
838.940002441 835.650024414 824.135131836 837.29498291
840.584960938 835.650024414 827.425109863 845.519897461
835.650024414 835.650024414 829.070068359 840.584960938
842.229919434 835.650024414 827.425109863 855.389770508
832.360046387 832.360046387 829.070068359 855.389770508
834.005004883 834.005004883 829.070068359 850.454833984
840.584960938 838.940002441 829.070068359 855.389770508
837.29498291 842.229919434 827.425109863 848.809875488
840.584960938 842.229919434 827.425109863 852.09979248
840.584960938 837.29498291 827.425109863 857.034729004
845.519897461 838.940002441 824.135131836 857.034729004
843.874938965 840.584960938 824.135131836 861.969726562
852.09979248 838.940002441 825.780151367 857.034729004
845.519897461 843.874938965 827.425109863 858.679748535
845.519897461 842.229919434 825.780151367 852.09979248
843.874938965 842.229919434 825.780151367 847.164855957
847.164855957 843.874938965 820.845214844 858.679748535
845.519897461 843.874938965 822.49017334 852.09979248
852.09979248 840.584960938 825.780151367 861.969726562
847.164855957 843.874938965 824.135131836 848.809875488
845.519897461 840.584960938 827.425109863 853.744812012
848.809875488 838.940002441 822.49017334 860.324707031
852.09979248 840.584960938 822.49017334 855.389770508
850.454833984 838.940002441 825.780151367 855.389770508
852.09979248 838.940002441 822.49017334 855.389770508
848.809875488 842.229919434 822.49017334 845.519897461
857.034729004 842.229919434 824.135131836 858.679748535
852.09979248 838.940002441 822.49017334 861.969726562
852.09979248 840.584960938 824.135131836 853.744812012
845.519897461 843.874938965 820.845214844 847.164855957
840.584960938 840.584960938 820.845214844 855.389770508
845.519897461 842.229919434 822.49017334 848.809875488
838.940002441 838.940002441 820.845214844 848.809875488
840.584960938 840.584960938 825.780151367 853.744812012
838.940002441 843.874938965 827.425109863 848.809875488
838.940002441 845.519897461 824.135131836 843.874938965
838.940002441 843.874938965 824.135131836 855.389770508
834.005004883 845.519897461 822.49017334 847.164855957
840.584960938 843.874938965 822.49017334 845.519897461
835.650024414 845.519897461 824.135131836 845.519897461
832.360046387 845.519897461 825.780151367 843.874938965
840.584960938 842.229919434 824.135131836 845.519897461
834.005004883 843.874938965 820.845214844 852.09979248
834.005004883 842.229919434 827.425109863 845.519897461
842.229919434 840.584960938 822.49017334 837.29498291
835.650024414 840.584960938 820.845214844 845.519897461
842.229919434 840.584960938 820.845214844 840.584960938
842.229919434 838.940002441 817.555236816 838.940002441
843.874938965 838.940002441 822.49017334 838.940002441
853.744812012 840.584960938 824.135131836 837.29498291
852.09979248 840.584960938 822.49017334 837.29498291
848.809875488 837.29498291 819.200195312 838.940002441
843.874938965 838.940002441 817.555236816 842.229919434
842.229919434 840.584960938 817.555236816 840.584960938
840.584960938 837.29498291 820.845214844 843.874938965
842.229919434 835.650024414 822.49017334 847.164855957
838.940002441 838.940002441 822.49017334 842.229919434
843.874938965 842.229919434 820.845214844 850.454833984
843.874938965 840.584960938 822.49017334 860.324707031
842.229919434 837.29498291 824.135131836 852.09979248
845.519897461 835.650024414 825.780151367 848.809875488
842.229919434 834.005004883 827.425109863 843.874938965
847.164855957 840.584960938 822.49017334 840.584960938
840.584960938 840.584960938 824.135131836 847.164855957
847.164855957 840.584960938 825.780151367 855.389770508
842.229919434 840.584960938 825.780151367 847.164855957
847.164855957 842.229919434 827.425109863 853.744812012
840.584960938 838.940002441 827.425109863 850.454833984
838.940002441 838.940002441 827.425109863 843.874938965
840.584960938 840.584960938 829.070068359 852.09979248
834.005004883 837.29498291 827.425109863 850.454833984
835.650024414 838.940002441 827.425109863 842.229919434
834.005004883 835.650024414 825.780151367 855.389770508
834.005004883 838.940002441 824.135131836 842.229919434
835.650024414 838.940002441 820.845214844 832.360046387
838.940002441 837.29498291 822.49017334 837.29498291
832.360046387 837.29498291 824.135131836 832.360046387
834.005004883 837.29498291 825.780151367 843.874938965
837.29498291 835.650024414 827.425109863 845.519897461
835.650024414 832.360046387 824.135131836 845.519897461
838.940002441 835.650024414 824.135131836 843.874938965
837.29498291 840.584960938 829.070068359 848.809875488
842.229919434 840.584960938 827.425109863 843.874938965
845.519897461 842.229919434 827.425109863 853.744812012
848.809875488 838.940002441 825.780151367 857.034729004
850.454833984 838.940002441 822.49017334 847.164855957
847.164855957 845.519897461 825.780151367 847.164855957
848.809875488 845.519897461 824.135131836 845.519897461
850.454833984 843.874938965 822.49017334 847.164855957
855.389770508 840.584960938 822.49017334 853.744812012
855.389770508 843.874938965 819.200195312 853.744812012
855.389770508 838.940002441 822.49017334 852.09979248
852.09979248 840.584960938 824.135131836 852.09979248
848.809875488 837.29498291 820.845214844 848.809875488
842.229919434 837.29498291 822.49017334 840.584960938
842.229919434 837.29498291 822.49017334 838.940002441
843.874938965 840.584960938 824.135131836 845.519897461
842.229919434 840.584960938 824.135131836 848.809875488
842.229919434 840.584960938 822.49017334 843.874938965
845.519897461 842.229919434 824.135131836 843.874938965
838.940002441 838.940002441 824.135131836 840.584960938
837.29498291 842.229919434 824.135131836 835.650024414
838.940002441 835.650024414 824.135131836 852.09979248
835.650024414 837.29498291 820.845214844 842.229919434
845.519897461 847.164855957 819.200195312 830.715087891
842.229919434 842.229919434 827.425109863 835.650024414
835.650024414 835.650024414 829.070068359 835.650024414
842.229919434 832.360046387 830.715087891 850.454833984
840.584960938 824.135131836 835.650024414 853.744812012
847.164855957 822.49017334 835.650024414 858.679748535
850.454833984 825.780151367 838.940002441 861.969726562
845.519897461 814.265258789 842.229919434 875.129516602
848.809875488 807.68536377 843.874938965 888.289367676
848.809875488 807.68536377 842.229919434 886.64440918
843.874938965 802.750427246 847.164855957 888.289367676
852.09979248 806.040344238 845.519897461 889.934387207
860.324707031 809.330322266 845.519897461 884.999450684
858.679748535 807.68536377 842.229919434 889.934387207
850.454833984 812.620300293 840.584960938 889.934387207
847.164855957 814.265258789 842.229919434 886.64440918
850.454833984 815.91027832 838.940002441 880.064453125
855.389770508 819.200195312 838.940002441 883.354431152
857.034729004 812.620300293 837.29498291 886.64440918
845.519897461 820.845214844 837.29498291 881.709472656
855.389770508 824.135131836 838.940002441 884.999450684
853.744812012 817.555236816 837.29498291 884.999450684
852.09979248 824.135131836 837.29498291 880.064453125
857.034729004 819.200195312 837.29498291 889.934387207
852.09979248 824.135131836 838.940002441 878.419494629
863.614685059 825.780151367 837.29498291 883.354431152
858.679748535 820.845214844 837.29498291 884.999450684
855.389770508 822.49017334 835.650024414 889.934387207
855.389770508 824.135131836 835.650024414 889.934387207
857.034729004 824.135131836 837.29498291 880.064453125
857.034729004 829.070068359 837.29498291 880.064453125
855.389770508 825.780151367 838.940002441 884.999450684
853.744812012 825.780151367 838.940002441 871.839599609
847.164855957 824.135131836 837.29498291 868.549621582
847.164855957 822.49017334 837.29498291 861.969726562
847.164855957 827.425109863 835.650024414 855.389770508
850.454833984 825.780151367 837.29498291 863.614685059
850.454833984 822.49017334 837.29498291 863.614685059
848.809875488 824.135131836 835.650024414 861.969726562
850.454833984 827.425109863 834.005004883 858.679748535
850.454833984 825.780151367 832.360046387 865.259643555
845.519897461 830.715087891 832.360046387 858.679748535
853.744812012 827.425109863 830.715087891 870.194580078
845.519897461 827.425109863 830.715087891 857.034729004
853.744812012 830.715087891 832.360046387 850.454833984
852.09979248 830.715087891 832.360046387 858.679748535
848.809875488 829.070068359 829.070068359 857.034729004
842.229919434 830.715087891 829.070068359 848.809875488
847.164855957 832.360046387 829.070068359 857.034729004
845.519897461 832.360046387 827.425109863 852.09979248
843.874938965 837.29498291 832.360046387 855.389770508
852.09979248 830.715087891 832.360046387 870.194580078
848.809875488 830.715087891 832.360046387 860.324707031
848.809875488 834.005004883 832.360046387 860.324707031
845.519897461 832.360046387 834.005004883 866.904663086
847.164855957 832.360046387 834.005004883 875.129516602
845.519897461 834.005004883 832.360046387 871.839599609
853.744812012 835.650024414 829.070068359 858.679748535
857.034729004 834.005004883 829.070068359 850.454833984
853.744812012 837.29498291 827.425109863 845.519897461
855.389770508 837.29498291 829.070068359 852.09979248
855.389770508 834.005004883 829.070068359 855.389770508
852.09979248 838.940002441 829.070068359 853.744812012
855.389770508 835.650024414 832.360046387 858.679748535
855.389770508 834.005004883 832.360046387 858.679748535
857.034729004 837.29498291 832.360046387 860.324707031
855.389770508 838.940002441 830.715087891 855.389770508
855.389770508 838.940002441 830.715087891 852.09979248
853.744812012 835.650024414 830.715087891 853.744812012
852.09979248 832.360046387 830.715087891 861.969726562
853.744812012 832.360046387 827.425109863 858.679748535
853.744812012 834.005004883 827.425109863 855.389770508
857.034729004 838.940002441 827.425109863 857.034729004
857.034729004 834.005004883 827.425109863 853.744812012
860.324707031 834.005004883 829.070068359 868.549621582
860.324707031 834.005004883 827.425109863 868.549621582
858.679748535 834.005004883 827.425109863 861.969726562
853.744812012 832.360046387 825.780151367 863.614685059
857.034729004 834.005004883 825.780151367 853.744812012
850.454833984 834.005004883 825.780151367 861.969726562
845.519897461 837.29498291 824.135131836 853.744812012
850.454833984 838.940002441 824.135131836 852.09979248
850.454833984 835.650024414 820.845214844 852.09979248
855.389770508 834.005004883 825.780151367 860.324707031
853.744812012 834.005004883 825.780151367 863.614685059
847.164855957 832.360046387 827.425109863 861.969726562
847.164855957 825.780151367 832.360046387 863.614685059
853.744812012 834.005004883 827.425109863 861.969726562
845.519897461 840.584960938 822.49017334 847.164855957
840.584960938 840.584960938 824.135131836 840.584960938
830.715087891 848.809875488 817.555236816 835.650024414
830.715087891 848.809875488 820.845214844 830.715087891
834.005004883 850.454833984 815.91027832 829.070068359
829.070068359 848.809875488 817.555236816 824.135131836
824.135131836 847.164855957 815.91027832 819.200195312
820.845214844 845.519897461 817.555236816 815.91027832
819.200195312 847.164855957 819.200195312 819.200195312
824.135131836 850.454833984 814.265258789 824.135131836
825.780151367 845.519897461 819.200195312 822.49017334
825.780151367 843.874938965 819.200195312 824.135131836
832.360046387 845.519897461 817.555236816 819.200195312
827.425109863 847.164855957 819.200195312 819.200195312
830.715087891 850.454833984 820.845214844 824.135131836
835.650024414 848.809875488 824.135131836 827.425109863
834.005004883 847.164855957 820.845214844 829.070068359
830.715087891 843.874938965 819.200195312 834.005004883
830.715087891 847.164855957 820.845214844 837.29498291
837.29498291 837.29498291 822.49017334 838.940002441
835.650024414 845.519897461 822.49017334 832.360046387
838.940002441 847.164855957 824.135131836 837.29498291
842.229919434 842.229919434 824.135131836 842.229919434
840.584960938 847.164855957 824.135131836 845.519897461
843.874938965 840.584960938 827.425109863 853.744812012
842.229919434 843.874938965 825.780151367 853.744812012
853.744812012 848.809875488 822.49017334 857.034729004
845.519897461 842.229919434 830.715087891 861.969726562
834.005004883 837.29498291 830.715087891 850.454833984
837.29498291 829.070068359 829.070068359 852.09979248
834.005004883 825.780151367 835.650024414 853.744812012
847.164855957 824.135131836 835.650024414 857.034729004
850.454833984 827.425109863 837.29498291 866.904663086
847.164855957 827.425109863 842.229919434 868.549621582
852.09979248 829.070068359 835.650024414 863.614685059
848.809875488 830.715087891 830.715087891 858.679748535
848.809875488 825.780151367 830.715087891 857.034729004
843.874938965 825.780151367 830.715087891 858.679748535
838.940002441 825.780151367 832.360046387 860.324707031
843.874938965 825.780151367 827.425109863 865.259643555
838.940002441 830.715087891 825.780151367 860.324707031
834.005004883 834.005004883 825.780151367 855.389770508
842.229919434 832.360046387 825.780151367 853.744812012
843.874938965 835.650024414 827.425109863 855.389770508
848.809875488 834.005004883 825.780151367 857.034729004
850.454833984 835.650024414 822.49017334 865.259643555
857.034729004 838.940002441 824.135131836 857.034729004
852.09979248 842.229919434 822.49017334 855.389770508
857.034729004 838.940002441 822.49017334 866.904663086
853.744812012 842.229919434 819.200195312 868.549621582
853.744812012 842.229919434 817.555236816 866.904663086
857.034729004 837.29498291 822.49017334 866.904663086
852.09979248 837.29498291 822.49017334 866.904663086
853.744812012 835.650024414 824.135131836 868.549621582
850.454833984 835.650024414 822.49017334 861.969726562
848.809875488 837.29498291 820.845214844 866.904663086
852.09979248 832.360046387 822.49017334 863.614685059
847.164855957 834.005004883 822.49017334 860.324707031
850.454833984 832.360046387 824.135131836 866.904663086
853.744812012 837.29498291 820.845214844 857.034729004
848.809875488 840.584960938 822.49017334 858.679748535
853.744812012 837.29498291 824.135131836 868.549621582
845.519897461 835.650024414 822.49017334 855.389770508
842.229919434 837.29498291 824.135131836 858.679748535
842.229919434 835.650024414 824.135131836 842.229919434
842.229919434 835.650024414 824.135131836 842.229919434
842.229919434 832.360046387 824.135131836 850.454833984
843.874938965 834.005004883 827.425109863 848.809875488
838.940002441 834.005004883 829.070068359 848.809875488
843.874938965 834.005004883 827.425109863 857.034729004
840.584960938 834.005004883 829.070068359 858.679748535
840.584960938 830.715087891 825.780151367 848.809875488
843.874938965 829.070068359 824.135131836 848.809875488
834.005004883 832.360046387 824.135131836 845.519897461
840.584960938 834.005004883 822.49017334 852.09979248
834.005004883 830.715087891 822.49017334 848.809875488
829.070068359 834.005004883 824.135131836 847.164855957
837.29498291 832.360046387 825.780151367 847.164855957
834.005004883 834.005004883 824.135131836 843.874938965
842.229919434 832.360046387 824.135131836 860.324707031
837.29498291 832.360046387 824.135131836 848.809875488
835.650024414 834.005004883 825.780151367 842.229919434
838.940002441 837.29498291 824.135131836 847.164855957
842.229919434 842.229919434 824.135131836 845.519897461
843.874938965 837.29498291 824.135131836 847.164855957
835.650024414 834.005004883 822.49017334 852.09979248
835.650024414 832.360046387 825.780151367 852.09979248
835.650024414 834.005004883 822.49017334 861.969726562
835.650024414 838.940002441 822.49017334 850.454833984
843.874938965 838.940002441 822.49017334 845.519897461
835.650024414 838.940002441 820.845214844 845.519897461
837.29498291 837.29498291 819.200195312 857.034729004
837.29498291 832.360046387 824.135131836 843.874938965
827.425109863 832.360046387 824.135131836 840.584960938
835.650024414 835.650024414 822.49017334 845.519897461
837.29498291 835.650024414 827.425109863 837.29498291
834.005004883 835.650024414 824.135131836 855.389770508
837.29498291 835.650024414 820.845214844 852.09979248
834.005004883 834.005004883 824.135131836 848.809875488
834.005004883 835.650024414 820.845214844 842.229919434
838.940002441 837.29498291 820.845214844 842.229919434
840.584960938 837.29498291 822.49017334 852.09979248
830.715087891 837.29498291 822.49017334 840.584960938
835.650024414 837.29498291 822.49017334 848.809875488
835.650024414 837.29498291 822.49017334 852.09979248
838.940002441 837.29498291 825.780151367 845.519897461
838.940002441 838.940002441 824.135131836 843.874938965
840.584960938 838.940002441 820.845214844 848.809875488
840.584960938 838.940002441 822.49017334 845.519897461
837.29498291 837.29498291 824.135131836 840.584960938
842.229919434 834.005004883 825.780151367 850.454833984
842.229919434 832.360046387 827.425109863 847.164855957
840.584960938 834.005004883 824.135131836 843.874938965
845.519897461 834.005004883 819.200195312 850.454833984
845.519897461 837.29498291 820.845214844 857.034729004
843.874938965 835.650024414 820.845214844 848.809875488
847.164855957 830.715087891 819.200195312 858.679748535
842.229919434 837.29498291 817.555236816 853.744812012
843.874938965 837.29498291 817.555236816 840.584960938
847.164855957 834.005004883 817.555236816 843.874938965
848.809875488 837.29498291 820.845214844 845.519897461
850.454833984 835.650024414 822.49017334 848.809875488
847.164855957 840.584960938 822.49017334 855.389770508
852.09979248 838.940002441 824.135131836 853.744812012
853.744812012 835.650024414 820.845214844 860.324707031
850.454833984 837.29498291 822.49017334 857.034729004
845.519897461 837.29498291 819.200195312 852.09979248
840.584960938 842.229919434 817.555236816 857.034729004
848.809875488 837.29498291 820.845214844 853.744812012
847.164855957 835.650024414 817.555236816 855.389770508
845.519897461 837.29498291 820.845214844 850.454833984
843.874938965 835.650024414 822.49017334 848.809875488
842.229919434 834.005004883 820.845214844 850.454833984
842.229919434 835.650024414 820.845214844 848.809875488
842.229919434 832.360046387 824.135131836 857.034729004
843.874938965 834.005004883 822.49017334 853.744812012
847.164855957 837.29498291 822.49017334 855.389770508
845.519897461 834.005004883 824.135131836 860.324707031
845.519897461 837.29498291 822.49017334 855.389770508
843.874938965 835.650024414 822.49017334 853.744812012
840.584960938 834.005004883 820.845214844 852.09979248
845.519897461 837.29498291 820.845214844 850.454833984
845.519897461 838.940002441 825.780151367 850.454833984
845.519897461 838.940002441 830.715087891 852.09979248
843.874938965 837.29498291 825.780151367 855.389770508
845.519897461 837.29498291 824.135131836 850.454833984
847.164855957 834.005004883 824.135131836 865.259643555
845.519897461 835.650024414 820.845214844 858.679748535
847.164855957 838.940002441 820.845214844 847.164855957
848.809875488 842.229919434 822.49017334 845.519897461
848.809875488 840.584960938 820.845214844 850.454833984
848.809875488 838.940002441 822.49017334 855.389770508
850.454833984 835.650024414 824.135131836 853.744812012
843.874938965 834.005004883 820.845214844 852.09979248
848.809875488 840.584960938 817.555236816 845.519897461
852.09979248 838.940002441 820.845214844 852.09979248
848.809875488 845.519897461 822.49017334 852.09979248
847.164855957 843.874938965 822.49017334 857.034729004
843.874938965 840.584960938 825.780151367 865.259643555
847.164855957 843.874938965 825.780151367 863.614685059
848.809875488 845.519897461 820.845214844 855.389770508
852.09979248 843.874938965 822.49017334 848.809875488
