a 0.107236981392 0.110811434686 0.091207742691 0.135399982333
b 0.100623913109 0.145136892796 0.0335003063083 0.142946466804
d 0.455688029528 0.464511603117 0.609972536564 0.34992530942
g 0.0220874268562 0.0983459725976 0.0210078172386 0.0479235164821
t 0.314363658428 0.181194081903 0.244311600924 0.323804706335
h 1.0 1.0 1.0 1.0
c 1.0 0 0 0
Aa 0.773219048977 0.646591842175 0.592953026295 0.545536458492
Ab 0.745575666428 0.763785123825 0.157970100641 0.569091320038
Ad 1.40154206753 1.2690038681 1.41823160648 0.957893252373
Ag 0.0870196297765 0.594763875008 -0.0446977317333 0.0944665446877
At 1.24030685425 0.860151290894 1.02086544037 0.924201011658
as 0.612500011921 0.43902438879 0.660714268684 0.333333343267
bs 1.0 1.0 0.850000023842 0.833333313465
ds 1.0 0.625 0.461538463831 0.412698417902
gs 0.861111104488 0.712121188641 0.774193525314 0.615384638309
ts 1.0 0.529411792755 0.423728823662 0.634920656681
a 0.107236981392 0.0983940809965 0.0902468636632 0.135399982333
b 0.100623913109 0.156690776348 0.0367093198001 0.142946466804
d 0.455688029528 0.449249714613 0.598120391369 0.34992530942
g 0.0220874268562 0.107969045639 0.022289507091 0.0479235164821
t 0.314363658428 0.187696382403 0.252633959055 0.323804706335
h 1.0 1.0 1.0 1.0
c 1.0 0 0 0
Aa 0.773219048977 0.548970997334 0.543694555759 0.545536458492
Ab 0.745575666428 0.751045465469 0.15303876996 0.569091320038
Ad 1.40154206753 1.20848989487 1.36505103111 0.957893252373
Ag 0.0870196297765 0.589301288128 -0.0636371150613 0.0944665446877
At 1.24030685425 0.829457938671 0.990754127502 0.924201011658
as 0.64473682642 0.219512194395 0.571428596973 0.333333343267
bs 1.0 0.980769217014 0.800000011921 0.833333313465
ds 1.0 0.517857134342 0.384615391493 0.416000008583
gs 0.861111104488 0.712121188641 0.709677398205 0.615384638309
ts 1.0 0.470588237047 0.372881352901 0.645161271095
a 0.107236981392 0.0814132243395 0.0786560773849 0.135399982333
b 0.100623913109 0.16082008183 0.0368701443076 0.142946466804
d 0.455688029528 0.445662111044 0.59488004446 0.34992530942
g 0.0220874268562 0.113886237144 0.021427648142 0.0479235164821
t 0.314363658428 0.198218360543 0.268166065216 0.323804706335
h 1.0 1.0 1.0 1.0
c 1.0 0 0 0
Aa 0.773219048977 0.431795537472 0.48390635848 0.545536458492
Ab 0.745575666428 0.72744089365 0.154848918319 0.569091320038
Ad 1.40154206753 1.17010629177 1.36260342598 0.957893252373
Ag 0.0870196297765 0.577571868896 -0.0808514356613 0.0944665446877
At 1.24030685425 0.818244457245 1.01657795906 0.924201011658
as 0.64473682642 0.0 0.472727268934 0.333333343267
bs 1.0 0.923076927662 0.800000011921 0.833333313465
ds 1.0 0.436363637447 0.384615391493 0.419354826212
gs 0.861111104488 0.681818187237 0.677419364452 0.60526317358
ts 1.0 0.450980395079 0.406779646873 0.645161271095
a 0.107236981392 0.0758088380098 0.0792446061969 0.135399982333
b 0.100623913109 0.152518138289 0.0332779362798 0.142946466804
d 0.455688029528 0.453069120646 0.592044711113 0.34992530942
g 0.0220874268562 0.110279105604 0.0184970609844 0.0479235164821
t 0.314363658428 0.208324804902 0.2769356668 0.323804706335
h 1.0 1.0 1.0 1.0
c 1.0 0 0 0
Aa 0.773219048977 0.38962250948 0.542299389839 0.545536458492
Ab 0.745575666428 0.693224191666 0.165486067533 0.569091320038
Ad 1.40154206753 1.16606712341 1.41568422318 0.957893252373
Ag 0.0870196297765 0.552395939827 -0.0895675495267 0.0944665446877
At 1.24030685425 0.828643679619 1.08570861816 0.924201011658
as 0.64473682642 0.0 0.592592597008 0.333333343267
bs 1.0 0.865384638309 0.850000023842 0.833333313465
ds 1.0 0.415094345808 0.453125 0.419354826212
gs 0.861111104488 0.651515126228 0.633333325386 0.60526317358
ts 1.0 0.470588237047 0.525423705578 0.645161271095
a 0.107236981392 0.0746302083135 0.0732914507389 0.135399982333
b 0.100623913109 0.136125534773 0.0293057691306 0.142946466804
d 0.455688029528 0.472405284643 0.601940572262 0.34992530942
g 0.0220874268562 0.0991268828511 0.0157695729285 0.0479235164821
t 0.314363658428 0.217712089419 0.279692620039 0.323804706335
h 1.0 1.0 1.0 1.0
c 1.0 0 0 0
Aa 0.773219048977 0.388241827488 0.579210817814 0.545536458492
Ab 0.745575666428 0.649266779423 0.181110650301 0.569091320038
Ad 1.40154206753 1.18964195251 1.49371111393 0.957893252373
Ag 0.0870196297765 0.511518597603 -0.0880225226283 0.0944665446877
At 1.24030685425 0.853209733963 1.16083860397 0.924201011658
as 0.64473682642 0.0 0.666666686535 0.324999988079
bs 1.0 0.788461565971 0.947368443012 0.833333313465
ds 1.0 0.471698105335 0.56451612711 0.419354826212
gs 0.861111104488 0.590909063816 0.633333325386 0.60526317358
ts 1.0 0.5 0.661016941071 0.645161271095
a 0.107236981392 0.0731542110443 0.0721559599042 0.135399982333
b 0.100623913109 0.119322173297 0.0286625605077 0.142946466804
d 0.455688029528 0.496235460043 0.598260164261 0.34992530942
g 0.0220874268562 0.0861229076982 0.0149497939274 0.0479235164821
t 0.314363658428 0.225165262818 0.285971522331 0.323804706335
h 1.0 1.0 1.0 1.0
c 1.0 0 0 0
Aa 0.773219048977 0.388241827488 0.579210817814 0.545536458492
Ab 0.745575666428 0.600723683834 0.178253576159 0.569091320038
Ad 1.40154206753 1.21969032288 1.497828722 0.957893252373
Ag 0.0870196297765 0.459121197462 -0.104426212609 0.0944665446877
At 1.24030685425 0.876503884792 1.17726135254 0.924201011658
as 0.653333306313 0.0 0.666666686535 0.324999988079
bs 1.0 0.692307710648 0.947368443012 0.833333313465
ds 1.0 0.528301894665 0.56451612711 0.419354826212
gs 0.861111104488 0.515151500702 0.566666662693 0.60526317358
ts 1.0 0.540000021458 0.677966117859 0.639344274998
a 0.107236981392 0.0712580084801 0.0687770098448 0.135399982333
b 0.100623913109 0.10670029372 0.0270850807428 0.142946466804
d 0.455688029528 0.51491355896 0.59865295887 0.34992530942
g 0.0220874268562 0.0765169411898 0.0142434723675 0.0479235164821
t 0.314363658428 0.230611175299 0.291241496801 0.323804706335
h 1.0 1.0 1.0 1.0
c 1.0 0 0 0
Aa 0.773219048977 0.377705693245 0.57420873642 0.545536458492
Ab 0.745575666428 0.553037643433 0.169495567679 0.569091320038
Ad 1.40154206753 1.23660635948 1.51394057274 0.957893252373
Ag 0.0870196297765 0.408629596233 -0.10961869359 0.0944665446877
At 1.24030685425 0.887752354145 1.20101869106 0.924201011658
as 0.662162184715 0.0 0.653846144676 0.324999988079
bs 1.0 0.588235318661 0.89473682642 0.828571438789
ds 1.0 0.547169804573 0.596774220467 0.419354826212
gs 0.861111104488 0.4375 0.566666662693 0.60526317358
ts 1.0 0.560000002384 0.728813588619 0.639344274998
a 0.107236981392 0.0683041661978 0.0653004944324 0.135399982333
b 0.100623913109 0.0994007140398 0.0249434169382 0.142946466804
d 0.455688029528 0.525378167629 0.602377176285 0.34992530942
g 0.0220874268562 0.0724170058966 0.0136772235855 0.0479235164821
t 0.314363658428 0.234499976039 0.293701708317 0.323804706335
h 1.0 1.0 1.0 1.0
c 1.0 0 0 0
Aa 0.773219048977 0.349326819181 0.572091162205 0.545536458492
Ab 0.745575666428 0.51226913929 0.154130667448 0.569091320038
Ad 1.40154206753 1.23535168171 1.53704321384 0.957893252373
Ag 0.0870196297765 0.374720215797 -0.10682734102 0.0944665446877
At 1.24030685425 0.885022461414 1.22508120537 0.924201011658
as 0.690140843391 0.0 0.653846144676 0.324999988079
bs 1.0 0.509803950787 0.789473712444 0.828571438789
ds 1.0 0.547169804573 0.629032254219 0.419354826212
gs 0.861111104488 0.375 0.566666662693 0.60526317358
ts 1.0 0.551020383835 0.754385948181 0.639344274998
a 0.107236981392 0.0658568888903 0.0605059973896 0.135399982333
b 0.100623913109 0.0957520827651 0.0227356050164 0.142946466804
d 0.455688029528 0.528628647327 0.609746277332 0.34992530942
g 0.0220874268562 0.0731785297394 0.0132318520918 0.0479235164821
t 0.314363658428 0.236583843827 0.293780267239 0.323804706335
h 1.0 1.0 1.0 1.0
c 1.0 0 0 0
Aa 0.773219048977 0.319333672523 0.561152219772 0.545536458492
Ab 0.745575666428 0.481880664825 0.136060282588 0.569091320038
Ad 1.40154206753 1.22388315201 1.56450295448 0.957893252373
Ag 0.0870196297765 0.365116119385 -0.0990255922079 0.0944665446877
At 1.24030685425 0.874717533588 1.24737632275 0.924201011658
as 0.765625 0.0 0.634615361691 0.324999988079
bs 1.0 0.450980395079 0.684210538864 0.828571438789
ds 1.0 0.528301894665 0.677419364452 0.426229506731
gs 0.861111104488 0.359375 0.600000023842 0.60526317358
ts 1.0 0.541666686535 0.789473712444 0.647058844566
a 0.107236981392 0.0590787120163 0.056043561548 0.104221411049
b 0.100623913109 0.0941796973348 0.0207815933973 0.169644787908
d 0.455688029528 0.536336421967 0.61763882637 0.367248773575
g 0.0220874268562 0.0746022835374 0.0128888664767 0.0546371750534
t 0.314363658428 0.235802903771 0.292647153139 0.30424785614
h 1.0 1.0 1.0 1.0
c 1.0 0 0 0
Aa 0.773219048977 0.26727309823 0.552115559578 0.353960067034
Ab 0.745575666428 0.469799369574 0.121268667281 0.565543651581
Ad 1.40154206753 1.22527933121 1.59432446957 0.900963485241
Ag 0.0870196297765 0.368594229221 -0.0861954465508 0.0734913498163
At 1.24030685425 0.868391215801 1.2699341774 0.819230675697
as 0.888888895512 0.0 0.615384638309 0.0874999985099
bs 1.0 0.43137255311 0.666666686535 0.800000011921
ds 1.0 0.519230782986 0.725806474686 0.385245889425
gs 0.861111104488 0.375 0.633333325386 0.552631556988
ts 1.0 0.531914889812 0.842105269432 0.56302523613
a 0.107236981392 0.0500492677093 0.04986038059 0.104221411049
b 0.100623913109 0.0929754301906 0.0191964320838 0.169644787908
d 0.455688029528 0.54278331995 0.62631136179 0.367248773575
g 0.0220874268562 0.0779988840222 0.0126273380592 0.0546371750534
t 0.314363658428 0.236193075776 0.292004495859 0.30424785614
h 1.0 1.0 1.0 1.0
c 1.0 0 0 0
Aa 0.773219048977 0.191539481282 0.52846378088 0.353960067034
Ab 0.745575666428 0.460509926081 0.113928683102 0.565543651581
Ad 1.40154206753 1.22676825523 1.6274985075 0.900963485241
Ag 0.0870196297765 0.384230136871 -0.0679800435901 0.0734913498163
At 1.24030685425 0.8654088974 1.29609775543 0.819230675697
as 0.888888895512 0.0 0.576923072338 0.0874999985099
bs 1.0 0.411764711142 0.611111104488 0.800000011921
ds 1.0 0.519230782986 0.786885261536 0.385245889425
gs 0.861111104488 0.390625 0.699999988079 0.552631556988
ts 1.0 0.5 0.875 0.56302523613
a 0.107236981392 0.0453152395785 0.0434843041003 0.104221411049
b 0.100623913109 0.0906788781285 0.0178794302046 0.169644787908
d 0.455688029528 0.544700622559 0.634154677391 0.367248773575
g 0.0220874268562 0.0815943703055 0.0123693002388 0.0546371750534
t 0.314363658428 0.237710878253 0.292112290859 0.30424785614
h 1.0 1.0 1.0 1.0
c 1.0 0 0 0
Aa 0.773219048977 0.151203915477 0.502269923687 0.353960067034
Ab 0.745575666428 0.452465772629 0.116291098297 0.565543651581
Ad 1.40154206753 1.23111748695 1.66613256931 0.900963485241
Ag 0.0870196297765 0.406619846821 -0.0437174290419 0.0734913498163
At 1.24030685425 0.871008694172 1.32948732376 0.819230675697
as 0.888888895512 0.0 0.519230782986 0.0874999985099
bs 1.0 0.392156869173 0.611111104488 0.800000011921
ds 1.0 0.538461565971 0.850000023842 0.385245889425
gs 0.861111104488 0.412698417902 0.766666650772 0.552631556988
ts 1.0 0.521739125252 0.945454537868 0.56302523613
a 0.107236981392 0.0440735779703 0.0388174913824 0.104221411049
b 0.100623913109 0.0870795026422 0.0166755057871 0.169644787908
d 0.455688029528 0.543851435184 0.639781296253 0.367248773575
g 0.0220874268562 0.0841848999262 0.0120155457407 0.0546371750534
t 0.314363658428 0.240810588002 0.292710185051 0.30424785614
h 1.0 1.0 1.0 1.0
c 1.0 0 0 0
Aa 0.773219048977 0.151203915477 0.496116280556 0.353960067034
Ab 0.745575666428 0.446941554546 0.12916778028 0.565543651581
Ad 1.40154206753 1.24250590801 1.7131203413 0.900963485241
Ag 0.0870196297765 0.43225979805 -0.0131677277386 0.0734913498163
At 1.24030685425 0.888701200485 1.37352657318 0.819230675697
as 0.888888895512 0.0 0.5 0.0874999985099
bs 1.0 0.372549027205 0.722222208977 0.800000011921
ds 1.0 0.557692289352 0.933333337307 0.385245889425
gs 0.861111104488 0.460317462683 0.866666674614 0.552631556988
ts 1.0 0.565217375755 1.0 0.56302523613
a 0.107236981392 0.041934505105 0.0341603755951 0.104221411049
b 0.100623913109 0.0828673318028 0.0154242869467 0.169644787908
d 0.455688029528 0.544995725155 0.644232213497 0.367248773575
g 0.0220874268562 0.0849272310734 0.0115345735103 0.0546371750534
t 0.314363658428 0.245275214314 0.294648557901 0.30424785614
h 1.0 1.0 1.0 1.0
c 1.0 0 0 0
Aa 0.773219048977 0.151203915477 0.496116280556 0.353960067034
Ab 0.745575666428 0.447015762329 0.150798723102 0.565543651581
Ad 1.40154206753 1.26502549648 1.77163600922 0.900963485241
Ag 0.0870196297765 0.457679361105 0.0245951768011 0.0734913498163
At 1.24030685425 0.918286085129 1.43189799786 0.819230675697
as 0.888888895512 0.0 0.5 0.0874999985099
bs 1.0 0.372549027205 0.833333313465 0.800000011921
ds 1.0 0.596153855324 1.0 0.385245889425
gs 0.861111104488 0.516129016876 1.0 0.552631556988
ts 1.0 0.630434811115 1.0 0.56302523613
a 0.107236981392 0.0390569008887 0.0291887000203 0.104221411049
b 0.100623913109 0.0786489918828 0.014370280318 0.169644787908
d 0.455688029528 0.549910008907 0.648559451103 0.367248773575
g 0.0220874268562 0.0832460597157 0.0109738307074 0.0546371750534
t 0.314363658428 0.249138042331 0.29690772295 0.30424785614
h 1.0 1.0 1.0 1.0
c 1.0 0 0 0
Aa 0.773219048977 0.151203915477 0.496116280556 0.353960067034
Ab 0.745575666428 0.455199301243 0.188366740942 0.565543651581
Ad 1.40154206753 1.29979777336 1.84285128117 0.900963485241
Ag 0.0870196297765 0.479869812727 0.0712597891688 0.0734913498163
At 1.24030685425 0.955946207047 1.50352299213 0.819230675697
as 0.888888895512 0.0 0.5 0.0874999985099
bs 1.0 0.392156869173 1.0 0.800000011921
ds 1.0 0.673076927662 1.0 0.385245889425
gs 0.861111104488 0.548387110233 1.0 0.552631556988
ts 1.0 0.688888907433 1.0 0.56302523613
a 0.107236981392 0.0360014997423 0.0245475489646 0.104221411049
b 0.100623913109 0.0748720169067 0.0135480975732 0.169644787908
d 0.455688029528 0.557929158211 0.653495967388 0.367248773575
g 0.0220874268562 0.0796270594001 0.0104230372235 0.0546371750534
t 0.314363658428 0.251570284367 0.297985345125 0.30424785614
h 1.0 1.0 1.0 1.0
c 1.0 0 0 0
Aa 0.773219048977 0.151203915477 0.496116280556 0.353960067034
Ab 0.745575666428 0.469202816486 0.237986445427 0.565543651581
Ad 1.40154206753 1.34146237373 1.92135107517 0.900963485241
Ag 0.0870196297765 0.49594399333 0.124102398753 0.0734913498163
At 1.24030685425 0.995542645454 1.58030307293 0.819230675697
as 0.888888895512 0.0 0.5 0.0874999985099
bs 1.0 0.43137255311 1.0 0.800000011921
ds 1.0 0.745098054409 1.0 0.385245889425
gs 0.861111104488 0.56451612711 1.0 0.552631556988
ts 1.0 0.777777791023 1.0 0.56302523613
a 0.107236981392 0.0336511433125 0.0263360422105 0.104221411049
b 0.100623913109 0.0718239247799 0.0137356091291 0.169644787908
d 0.455688029528 0.566252589226 0.650693058968 0.367248773575
g 0.0220874268562 0.0759851112962 0.010439475067 0.0546371750534
t 0.314363658428 0.252287209034 0.298795849085 0.30424785614
h 1.0 1.0 1.0 1.0
c 1.0 0 0 0
Aa 0.773219048977 0.151203915477 0.498067975044 0.353960067034
Ab 0.745575666428 0.480473220348 0.21536539495 0.565543651581
Ad 1.40154206753 1.37721431255 1.89089357853 0.900963485241
Ag 0.0870196297765 0.504932582378 0.0961961224675 0.0734913498163
At 1.24030685425 1.02609932423 1.55289196968 0.819230675697
as 0.888888895512 0.0 0.519230782986 0.0874999985099
bs 1.0 0.450980395079 1.0 0.800000011921
ds 1.0 0.803921580315 1.0 0.385245889425
gs 0.861111104488 0.580645143986 1.0 0.552631556988
ts 1.0 0.844444453716 1.0 0.56302523613
a 0.107236981392 0.0328767672181 0.0329021699727 0.104221411049
b 0.100623913109 0.0698534697294 0.0150049543008 0.169644787908
d 0.455688029528 0.57019919157 0.645106077194 0.367248773575
g 0.0220874268562 0.0745813027024 0.0110707692802 0.0546371750534
t 0.314363658428 0.252489298582 0.29591602087 0.30424785614
h 1.0 1.0 1.0 1.0
c 1.0 0 0 0
Aa 0.773219048977 0.151203915477 0.500900506973 0.353960067034
Ab 0.745575666428 0.478502780199 0.15991063416 0.565543651581
Ad 1.40154206753 1.3903414011 1.79330706596 0.900963485241
Ag 0.0870196297765 0.506944775581 0.0278537608683 0.0734913498163
At 1.24030685425 1.03655779362 1.45484447479 0.819230675697
as 0.888888895512 0.0 0.519230782986 0.0874999985099
bs 1.0 0.460000008345 0.842105269432 0.800000011921
ds 1.0 0.843137264252 1.0 0.385245889425
gs 0.861111104488 0.590163946152 1.0 0.552631556988
ts 1.0 0.866666674614 1.0 0.56302523613
a 0.107236981392 0.0333643257618 0.0540922395885 0.104221411049
b 0.100623913109 0.0695213526487 0.0193428155035 0.169644787908
d 0.455688029528 0.565927147865 0.617346405983 0.367248773575
g 0.0220874268562 0.0776694491506 0.0135270562023 0.0546371750534
t 0.314363658428 0.253517717123 0.295691490173 0.30424785614
h 1.0 1.0 1.0 1.0
c 1.0 0 0 0
Aa 0.773219048977 0.136094152927 0.513812661171 0.353960067034
Ab 0.745575666428 0.454930007458 0.0671973899007 0.565543651581
Ad 1.40154206753 1.36557233334 1.57120656967 0.900963485241
Ag 0.0870196297765 0.503062009811 -0.088119007647 0.0734913498163
At 1.24030685425 1.01682007313 1.25151646137 0.819230675697
as 0.888888895512 0.0 0.538461565971 0.0874999985099
bs 1.0 0.40000000596 0.368421047926 0.800000011921
ds 1.0 0.784313738346 0.65625 0.385245889425
gs 0.861111104488 0.590163946152 0.612903237343 0.552631556988
ts 1.0 0.822222232819 0.736842095852 0.56302523613
a 0.107236981392 0.0347149260342 0.0874946042895 0.104221411049
b 0.100623913109 0.0717085450888 0.044040761888 0.169644787908
d 0.455688029528 0.54847484827 0.452588796616 0.367248773575
g 0.0220874268562 0.0873260423541 0.029473984614 0.0546371750534
t 0.314363658428 0.257775634527 0.386401861906 0.30424785614
h 1.0 1.0 1.0 1.0
c 1.0 0 0 0
Aa 0.773219048977 0.093766272068 0.221255376935 0.353960067034
Ab 0.745575666428 0.408820927143 -0.0768710821867 0.565543651581
Ad 1.40154206753 1.2924066782 0.934977889061 0.900963485241
Ag 0.0870196297765 0.494393765926 -0.251287043095 0.0734913498163
At 1.24030685425 0.964491903782 0.86631333828 0.819230675697
as 0.888888895512 0.0 0.0 0.0874999985099
bs 1.0 0.319999992847 0.0 0.800000011921
ds 1.0 0.647058844566 0.0 0.385245889425
gs 0.861111104488 0.573770463467 0.0967741906643 0.552631556988
ts 1.0 0.71111112833 0.0526315793395 0.56302523613
a 0.107236981392 0.0347149260342 0.0789874345064 0.104221411049
b 0.100623913109 0.0717085450888 0.042419526726 0.169644787908
d 0.455688029528 0.54847484827 0.464458018541 0.367248773575
g 0.0220874268562 0.0873260423541 0.0285939667374 0.0546371750534
t 0.314363658428 0.257775634527 0.385541051626 0.30424785614
h 1.0 1.0 1.0 1.0
c 1.0 0 0 0
Aa 0.773219048977 0.093766272068 0.221255376935 0.353960067034
Ab 0.745575666428 0.408820927143 -0.0487367846072 0.565543651581
Ad 1.40154206753 1.2924066782 0.99064385891 0.900963485241
Ag 0.0870196297765 0.494393765926 -0.220028221607 0.0734913498163
At 1.24030685425 0.964491903782 0.909768044949 0.819230675697
as 0.888888895512 0.0 0.0 0.0874999985099
bs 1.0 0.319999992847 0.0 0.800000011921
ds 1.0 0.647058844566 0.0 0.385245889425
gs 0.861111104488 0.573770463467 0.193548381329 0.552631556988
ts 1.0 0.71111112833 0.142857149243 0.56302523613
a 0.107236981392 0.0347149260342 0.0624515265226 0.104221411049
b 0.100623913109 0.0717085450888 0.0322657264769 0.169644787908
d 0.455688029528 0.54847484827 0.509016692638 0.367248773575
g 0.0220874268562 0.0873260423541 0.0222324244678 0.0546371750534
t 0.314363658428 0.257775634527 0.374033659697 0.30424785614
h 1.0 1.0 1.0 1.0
c 1.0 0 0 0
Aa 0.773219048977 0.093766272068 0.263393133879 0.353960067034
Ab 0.745575666428 0.408820927143 -0.0234085004777 0.565543651581
Ad 1.40154206753 1.2924066782 1.17458212376 0.900963485241
Ag 0.0870196297765 0.494393765926 -0.185163110495 0.0734913498163
At 1.24030685425 0.964491903782 1.04076075554 0.819230675697
as 0.888888895512 0.0 0.0754716992378 0.0874999985099
bs 1.0 0.319999992847 0.0 0.800000011921
ds 1.0 0.647058844566 0.0895522385836 0.385245889425
gs 0.861111104488 0.573770463467 0.290322571993 0.552631556988
ts 1.0 0.71111112833 0.375 0.56302523613
a 0.107236981392 0.0347149260342 0.0461535230279 0.104221411049
b 0.100623913109 0.0717085450888 0.0219514518976 0.169644787908
d 0.455688029528 0.54847484827 0.565369665623 0.367248773575
g 0.0220874268562 0.0873260423541 0.0156642086804 0.0546371750534
t 0.314363658428 0.257775634527 0.350861132145 0.30424785614
h 4.0 1.0 1.0 4.0
c 1.0 0 0 0
Aa 0.773219048977 0.093766272068 0.31526362896 0.353960067034
Ab 0.745575666428 0.408820927143 -0.00747798429802 0.565543651581
Ad 1.40154206753 1.2924066782 1.40339124203 0.900963485241
Ag 0.0870196297765 0.494393765926 -0.154032751918 0.0734913498163
At 1.24030685425 0.964491903782 1.1961940527 0.819230675697
as 0.888888895512 0.0 0.169811323285 0.0874999985099
bs 1.0 0.319999992847 0.0 0.800000011921
ds 1.0 0.647058844566 0.432835817337 0.385245889425
gs 0.861111104488 0.573770463467 0.387096762657 0.552631556988
ts 1.0 0.71111112833 0.642857134342 0.56302523613
a 0.107236981392 0.0347149260342 0.036870483309 0.104221411049
b 0.100623913109 0.0717085450888 0.0153264598921 0.169644787908
d 0.455688029528 0.54847484827 0.610810041428 0.367248773575
g 0.0220874268562 0.0873260423541 0.0114158811048 0.0546371750534
t 0.314363658428 0.257775634527 0.325577139854 0.30424785614
h 4.0 1.0 1.0 4.0
c 1.0 0 0 0
Aa 0.773219048977 0.093766272068 0.377328634262 0.353960067034
Ab 0.745575666428 0.408820927143 -0.00390834361315 0.565543651581
Ad 1.40154206753 1.2924066782 1.59655594826 0.900963485241
Ag 0.0870196297765 0.494393765926 -0.131840765476 0.0734913498163
At 1.24030685425 0.964491903782 1.32330369949 0.819230675697
as 0.888888895512 0.0 0.283018857241 0.0874999985099
bs 1.0 0.319999992847 0.0 0.800000011921
ds 1.0 0.647058844566 0.716417908669 0.385245889425
gs 0.861111104488 0.573770463467 0.483870953321 0.552631556988
ts 1.0 0.71111112833 0.875 0.56302523613
a 0.107236981392 0.0819985046983 0.0301806200296 0.104221411049
b 0.100623913109 0.0684448331594 0.01169642061 0.169644787908
d 0.455688029528 0.567875802517 0.644038677216 0.367248773575
g 0.0220874268562 0.0489687472582 0.00910635571927 0.0546371750534
t 0.314363658428 0.232712104917 0.304977923632 0.30424785614
h 1.0 1.0 1.0 1.0
c 1.0 0 0 0
Aa 0.773219048977 0.228098064661 0.400036036968 0.353960067034
Ab 0.745575666428 0.149632796645 -0.0116391545162 0.565543651581
Ad 1.40154206753 1.0685454607 1.72921979427 0.900963485241
Ag 0.0870196297765 0.00421111751348 -0.120347492397 0.0734913498163
At 1.24030685425 0.681111097336 1.40457630157 0.819230675697
as 0.888888895512 0.0 0.33962264657 0.0874999985099
bs 1.0 0.0 0.0 0.800000011921
ds 1.0 0.20000000298 0.9375 0.385245889425
gs 0.861111104488 0.0 0.516129016876 0.552631556988
ts 1.0 0.0681818202138 1.0 0.56302523613
a 0.107236981392 0.0908510759473 0.0263560581952 0.104221411049
b 0.100623913109 0.0781114771962 0.00985641777515 0.169644787908
d 0.455688029528 0.54480355978 0.667105615139 0.367248773575
g 0.0220874268562 0.0538512058556 0.0079853925854 0.0546371750534
t 0.314363658428 0.232382684946 0.288696497679 0.30424785614
h 1.0 1.0 1.0 1.0
c 1.0 0 0 0
Aa 0.773219048977 0.242620483041 0.400657445192 0.353960067034
Ab 0.745575666428 0.177005261183 -0.0265038982034 0.565543651581
Ad 1.40154206753 1.02053034306 1.80397152901 0.900963485241
Ag 0.0870196297765 0.0154858455062 -0.117926724255 0.0734913498163
At 1.24030685425 0.650494158268 1.44021856785 0.819230675697
as 0.888888895512 0.0 0.33962264657 0.0874999985099
bs 1.0 0.0 0.0 0.800000011921
ds 1.0 0.10000000149 1.0 0.385245889425
gs 0.861111104488 0.0 0.516129016876 0.552631556988
ts 1.0 0.0 1.0 0.56302523613
a 0.107236981392 0.0969343259931 0.0252644009888 0.104221411049
b 0.100623913109 0.0876278057694 0.00906059890985 0.169644787908
d 0.455688029528 0.527696192265 0.681286990643 0.367248773575
g 0.0220874268562 0.0586103871465 0.00758924288675 0.0546371750534
t 0.314363658428 0.229131266475 0.276798784733 0.30424785614
h 1.0 1.0 1.0 1.0
c 1.0 0 0 0
Aa 0.773219048977 0.242942124605 0.400657445192 0.353960067034
Ab 0.745575666428 0.199106454849 -0.0446946397424 0.565543651581
Ad 1.40154206753 0.978848516941 1.83147847652 0.900963485241
Ag 0.0870196297765 0.0244391206652 -0.121653087437 0.0734913498163
At 1.24030685425 0.616548895836 1.44031262398 0.819230675697
as 0.888888895512 0.0 0.33962264657 0.0874999985099
bs 1.0 0.0 0.0 0.800000011921
ds 1.0 0.019999999553 1.0 0.385245889425
gs 0.861111104488 0.0 0.516129016876 0.552631556988
ts 1.0 0.0 1.0 0.56302523613
a 0.107236981392 0.0998542457819 0.0258266795427 0.104221411049
b 0.100623913109 0.094469808042 0.0089330393821 0.169644787908
d 0.455688029528 0.523972988129 0.688263118267 0.367248773575
g 0.0220874268562 0.0611992068589 0.00765187572688 0.0546371750534
t 0.314363658428 0.220503747463 0.269325256348 0.30424785614
h 1.0 1.0 1.0 1.0
c 1.0 0 0 0
Aa 0.773219048977 0.242942124605 0.400657445192 0.353960067034
Ab 0.745575666428 0.218868613243 -0.0604118853807 0.565543651581
Ad 1.40154206753 0.962884485722 1.82634341717 0.900963485241
Ag 0.0870196297765 0.0303213987499 -0.127643227577 0.0734913498163
At 1.24030685425 0.586991548538 1.41886591911 0.819230675697
as 0.888888895512 0.0 0.326923072338 0.0874999985099
bs 1.0 0.0 0.0 0.800000011921
ds 1.0 0.0 1.0 0.385245889425
gs 0.861111104488 0.0 0.5 0.552631556988
ts 1.0 0.0 0.983050823212 0.56302523613
a 0.107236981392 0.0943634808064 0.0272613726556 0.104221411049
b 0.100623913109 0.093889541924 0.00924351997674 0.169644787908
d 0.455688029528 0.538354694843 0.690619409084 0.367248773575
g 0.0220874268562 0.0592385903001 0.00798198021948 0.0546371750534
t 0.314363658428 0.214153707027 0.264893710613 0.30424785614
h 1.0 1.0 1.0 1.0
c 1.0 0 0 0
Aa 0.773219048977 0.242942124605 0.400657445192 0.353960067034
Ab 0.745575666428 0.2407553792 -0.0690528824925 0.565543651581
Ad 1.40154206753 0.999206662178 1.80434858799 0.900963485241
Ag 0.0870196297765 0.0407428778708 -0.132779598236 0.0734913498163
At 1.24030685425 0.598863780499 1.38818144798 0.819230675697
as 0.888888895512 0.0 0.326923072338 0.0874999985099
bs 1.0 0.0377358496189 0.0 0.800000011921
ds 1.0 0.0799999982119 1.0 0.385245889425
gs 0.861111104488 0.0 0.5 0.552631556988
ts 1.0 0.0 0.915254235268 0.56302523613
a 0.107236981392 0.0801896676421 0.0290095414966 0.104221411049
b 0.100623913109 0.0859486982226 0.00987517926842 0.169644787908
d 0.455688029528 0.563701450825 0.69033408165 0.367248773575
g 0.0220874268562 0.0543600097299 0.00845295377076 0.0546371750534
t 0.314363658428 0.21580016613 0.262328267097 0.30424785614
h 1.0 1.0 1.0 1.0
c 1.0 0 0 0
Aa 0.773219048977 0.242942124605 0.400657445192 0.353960067034
Ab 0.745575666428 0.273063004017 -0.0673384219408 0.565543651581
Ad 1.40154206753 1.08987283707 1.77717590332 0.900963485241
Ag 0.0870196297765 0.0741032287478 -0.134874910116 0.0734913498163
At 1.24030685425 0.672875463963 1.35696160793 0.819230675697
as 0.888888895512 0.0 0.326923072338 0.0874999985099
bs 1.0 0.0943396240473 0.0 0.800000011921
ds 1.0 0.259999990463 0.95454543829 0.385245889425
gs 0.861111104488 0.0 0.466666668653 0.552631556988
ts 1.0 0.142857149243 0.879310369492 0.56302523613
a 0.107236981392 0.0652414634824 0.0308383312076 0.104221411049
b 0.100623913109 0.0766703337431 0.0107850059867 0.169644787908
d 0.455688029528 0.568964779377 0.688779652119 0.367248773575
g 0.0220874268562 0.0526419356465 0.00903396401554 0.0546371750534
t 0.314363658428 0.23648147285 0.260563015938 0.30424785614
h 1.0 1.0 1.0 1.0
c 1.0 0 0 0
Aa 0.773219048977 0.255342960358 0.400657445192 0.353960067034
Ab 0.745575666428 0.325446605682 -0.0556130073965 0.565543651581
Ad 1.40154206753 1.19590461254 1.74964690208 0.900963485241
Ag 0.0870196297765 0.162151098251 -0.132555067539 0.0734913498163
At 1.24030685425 0.814616382122 1.32747936249 0.819230675697
as 0.888888895512 0.0161290317774 0.326923072338 0.0874999985099
bs 1.0 0.188679248095 0.0 0.800000011921
ds 1.0 0.460000008345 0.924242436886 0.385245889425
gs 0.861111104488 0.134328365326 0.5 0.552631556988
ts 1.0 0.428571432829 0.827586233616 0.56302523613
a 0.107236981392 0.0652414634824 0.0313082411885 0.104221411049
b 0.100623913109 0.0766703337431 0.0116344699636 0.169644787908
d 0.455688029528 0.568964779377 0.690769791603 0.367248773575
g 0.0220874268562 0.0526419356465 0.00957836769521 0.0546371750534
t 0.314363658428 0.23648147285 0.256709158421 0.30424785614
h 1.0 1.0 1.0 1.0
c 1.0 0 0 0
Aa 0.773219048977 0.255342960358 0.400657445192 0.353960067034
Ab 0.745575666428 0.325446605682 -0.0292546208948 0.565543651581
Ad 1.40154206753 1.19590461254 1.74433207512 0.900963485241
Ag 0.0870196297765 0.162151098251 -0.11370972544 0.0734913498163
At 1.24030685425 0.814616382122 1.31444013119 0.819230675697
as 0.888888895512 0.0161290317774 0.326923072338 0.0874999985099
bs 1.0 0.173076927662 0.0833333358169 0.800000011921
ds 1.0 0.460000008345 0.907692313194 0.385245889425
gs 0.861111104488 0.134328365326 0.533333361149 0.552631556988
ts 1.0 0.428571432829 0.810344815254 0.56302523613
a 0.107236981392 0.0652414634824 0.0315664969385 0.104221411049
b 0.100623913109 0.0766703337431 0.0124647282064 0.169644787908
d 0.455688029528 0.568964779377 0.69163864851 0.367248773575
g 0.0220874268562 0.0526419356465 0.0102940285578 0.0546371750534
t 0.314363658428 0.23648147285 0.254036128521 0.30424785614
h 1.0 1.0 1.0 1.0
c 1.0 0 0 0
Aa 0.773219048977 0.255342960358 0.400657445192 0.353960067034
Ab 0.745575666428 0.325446605682 -0.00288612092845 0.565543651581
Ad 1.40154206753 1.19590461254 1.74131035805 0.900963485241
Ag 0.0870196297765 0.162151098251 -0.0859835594893 0.0734913498163
At 1.24030685425 0.814616382122 1.30632650852 0.819230675697
as 0.888888895512 0.0161290317774 0.326923072338 0.0874999985099
bs 1.0 0.173076927662 0.208333328366 0.800000011921
ds 1.0 0.460000008345 0.907692313194 0.385245889425
gs 0.861111104488 0.134328365326 0.620689630508 0.552631556988
ts 1.0 0.416666656733 0.793103456497 0.56302523613
a 0.107236981392 0.0652414634824 0.0315678939223 0.104221411049
b 0.100623913109 0.0766703337431 0.0130781717598 0.169644787908
d 0.455688029528 0.568964779377 0.691882908344 0.367248773575
g 0.0220874268562 0.0526419356465 0.011098317802 0.0546371750534
t 0.314363658428 0.23648147285 0.252372741699 0.30424785614
h 1.0 1.0 1.0 1.0
c 1.0 0 0 0
Aa 0.773219048977 0.255342960358 0.400657445192 0.353960067034
Ab 0.745575666428 0.325446605682 0.0179588831961 0.565543651581
Ad 1.40154206753 1.19590461254 1.7414444685 0.900963485241
Ag 0.0870196297765 0.162151098251 -0.0533310212195 0.0734913498163
At 1.24030685425 0.814616382122 1.3034542799 0.819230675697
as 0.888888895512 0.0161290317774 0.326923072338 0.0874999985099
bs 1.0 0.173076927662 0.291666656733 0.800000011921
ds 1.0 0.448979586363 0.907692313194 0.385245889425
gs 0.861111104488 0.134328365326 0.72413790226 0.552631556988
ts 1.0 0.416666656733 0.793103456497 0.56302523613
a 0.107236981392 0.0652414634824 0.0312227644026 0.104221411049
b 0.100623913109 0.0766703337431 0.0133828036487 0.169644787908
d 0.455688029528 0.568964779377 0.69141548872 0.367248773575
g 0.0220874268562 0.0526419356465 0.0117833688855 0.0546371750534
t 0.314363658428 0.23648147285 0.252195596695 0.30424785614
h 1.0 1.0 1.0 1.0
c 1.0 0 0 0
Aa 0.773219048977 0.255342960358 0.400657445192 0.353960067034
Ab 0.745575666428 0.325446605682 0.0327331908047 0.565543651581
Ad 1.40154206753 1.19590461254 1.74592518806 0.900963485241
Ag 0.0870196297765 0.162151098251 -0.0225444342941 0.0734913498163
At 1.24030685425 0.814616382122 1.30792355537 0.819230675697
as 0.888888895512 0.0161290317774 0.326923072338 0.0874999985099
bs 1.0 0.173076927662 0.333333343267 0.800000011921
ds 1.0 0.448979586363 0.907692313194 0.385245889425
gs 0.861111104488 0.134328365326 0.86206895113 0.552631556988
ts 1.0 0.416666656733 0.789473712444 0.56302523613
a 0.107236981392 0.0652414634824 0.0310875140131 0.104221411049
b 0.100623913109 0.0766703337431 0.0133626488969 0.169644787908
d 0.455688029528 0.568964779377 0.691336989403 0.367248773575
g 0.0220874268562 0.0526419356465 0.012147853151 0.0546371750534
t 0.314363658428 0.23648147285 0.252065002918 0.30424785614
h 1.0 1.0 1.0 1.0
c 1.0 0 0 0
Aa 0.773219048977 0.255342960358 0.406000524759 0.353960067034
Ab 0.745575666428 0.325446605682 0.0393071174622 0.565543651581
Ad 1.40154206753 1.19590461254 1.75310432911 0.900963485241
Ag 0.0870196297765 0.162151098251 -0.00208592182025 0.0734913498163
At 1.24030685425 0.814616382122 1.31492710114 0.819230675697
as 0.888888895512 0.0161290317774 0.326923072338 0.0874999985099
bs 1.0 0.156862750649 0.375 0.800000011921
ds 1.0 0.448979586363 0.923076927662 0.385245889425
gs 0.861111104488 0.134328365326 0.931034505367 0.552631556988
ts 1.0 0.416666656733 0.807017564774 0.56302523613
a 0.107236981392 0.0647581368685 0.0357252582908 0.104221411049
b 0.100623913109 0.079150184989 0.0133774532005 0.169644787908
d 0.455688029528 0.567300379276 0.68999505043 0.367248773575
g 0.0220874268562 0.0538316629827 0.0122780911624 0.0546371750534
t 0.314363658428 0.234959632158 0.248624160886 0.30424785614
h 1.0 1.0 1.0 1.0
c 1.0 0 0 0
Aa 0.773219048977 0.255342960358 0.46875038743 0.353960067034
Ab 0.745575666428 0.342500537634 0.0421484299004 0.565543651581
Ad 1.40154206753 1.19786167145 1.75462090969 0.900963485241
Ag 0.0870196297765 0.175086408854 0.00490584038198 0.0734913498163
At 1.24030685425 0.815041899681 1.31131827831 0.819230675697
as 0.888888895512 0.0161290317774 0.461538463831 0.0874999985099
bs 1.0 0.196078434587 0.375 0.800000011921
ds 1.0 0.448979586363 0.923076927662 0.385245889425
gs 0.861111104488 0.149253726006 0.931034505367 0.552631556988
ts 1.0 0.416666656733 0.807017564774 0.56302523613
a 0.107236981392 0.0630013123155 0.0409122779965 0.104221411049
b 0.100623913109 0.0809861645103 0.0139406807721 0.169644787908
d 0.455688029528 0.565073668957 0.688416063786 0.367248773575
g 0.0220874268562 0.0548433549702 0.0126628624275 0.0546371750534
t 0.314363658428 0.236095532775 0.244068086147 0.30424785614
h 1.0 1.0 1.0 1.0
c 1.0 0 0 0
Aa 0.773219048977 0.255342960358 0.510272741318 0.353960067034
Ab 0.745575666428 0.36440423131 0.0427030362189 0.565543651581
Ad 1.40154206753 1.20809841156 1.73627007008 0.900963485241
Ag 0.0870196297765 0.195117399096 0.000950968533289 0.0734913498163
At 1.24030685425 0.829081118107 1.2859300375 0.819230675697
as 0.888888895512 0.0161290317774 0.538461565971 0.0874999985099
bs 1.0 0.235294118524 0.391304343939 0.800000011921
ds 1.0 0.469387769699 0.892307698727 0.385245889425
gs 0.861111104488 0.179104477167 0.931034505367 0.552631556988
ts 1.0 0.468085110188 0.75 0.56302523613
a 0.107236981392 0.0583245307207 0.0533661209047 0.104221411049
b 0.100623913109 0.081900164485 0.0154192224145 0.169644787908
d 0.455688029528 0.566281735897 0.675596535206 0.367248773575
g 0.0220874268562 0.0553303547204 0.0136057268828 0.0546371750534
t 0.314363658428 0.238163203001 0.242012381554 0.30424785614
h 1.0 1.0 1.0 1.0
c 1.0 0 0 0
Aa 0.773219048977 0.24091245234 0.586216628551 0.353960067034
Ab 0.745575666428 0.388345986605 0.0470134839416 0.565543651581
Ad 1.40154206753 1.22809374332 1.68863844872 0.900963485241
Ag 0.0870196297765 0.218024685979 -0.00732722133398 0.0734913498163
At 1.24030685425 0.851935863495 1.24278855324 0.819230675697
as 0.888888895512 0.0 0.673076927662 0.0874999985099
bs 1.0 0.29411765933 0.391304343939 0.800000011921
ds 1.0 0.510204076767 0.8125 0.385245889425
gs 0.861111104488 0.223880603909 0.896551728249 0.552631556988
ts 1.0 0.510638296604 0.678571403027 0.56302523613
a 0.107236981392 0.0488417297602 0.0622956007719 0.104221411049
b 0.100623913109 0.0809650421143 0.0186639949679 0.169644787908
d 0.455688029528 0.575024545193 0.665031135082 0.367248773575
g 0.0220874268562 0.0547406300902 0.0162564925849 0.0546371750534
t 0.314363658428 0.240428060293 0.237752795219 0.30424785614
h 4.0 1.0 1.0 4.0
c 1.0 0 0 0
Aa 0.773219048977 0.192989319563 0.57820981741 0.353960067034
Ab 0.745575666428 0.412495851517 0.054757013917 0.565543651581
Ad 1.40154206753 1.26388466358 1.60659432411 0.900963485241
Ag 0.0870196297765 0.242508083582 -0.00522074336186 0.0734913498163
At 1.24030685425 0.88518345356 1.15987801552 0.819230675697
as 0.888888895512 0.0 0.673076927662 0.0874999985099
bs 1.0 0.333333343267 0.434782594442 0.800000011921
ds 1.0 0.591836750507 0.698412716389 0.385245889425
gs 0.861111104488 0.25373134017 0.896551728249 0.552631556988
ts 1.0 0.574468076229 0.535714268684 0.56302523613
a 0.107236981392 0.0408152155578 0.0748161152005 0.104221411049
b 0.100623913109 0.0767562761903 0.0236874278635 0.169644787908
d 0.455688029528 0.588474214077 0.639921069145 0.367248773575
g 0.0220874268562 0.0525819510221 0.0202623866498 0.0546371750534
t 0.314363658428 0.241372346878 0.241312980652 0.30424785614
h 4.0 1.0 1.0 4.0
c 1.0 0 0 0
Aa 0.773219048977 0.161579146981 0.568384647369 0.353960067034
Ab 0.745575666428 0.435870945454 0.0689074248075 0.565543651581
Ad 1.40154206753 1.320484519 1.50051593781 0.900963485241
Ag 0.0870196297765 0.271593749523 0.00108013045974 0.0734913498163
At 1.24030685425 0.933444559574 1.07697021961 0.819230675697
as 0.888888895512 0.0 0.653846144676 0.0874999985099
bs 1.0 0.372549027205 0.5 0.800000011921
ds 1.0 0.714285731316 0.53968256712 0.385245889425
gs 0.861111104488 0.298507452011 0.931034505367 0.552631556988
ts 1.0 0.680851042271 0.375 0.56302523613
a 0.107236981392 0.0317922830582 0.0878455042839 0.104221411049
b 0.100623913109 0.0705373212695 0.0293941441923 0.169644787908
d 0.455688029528 0.603714764118 0.603321909904 0.367248773575
g 0.0220874268562 0.0494491308928 0.024646807462 0.0546371750534
t 0.314363658428 0.244506508112 0.254791647196 0.30424785614
h 1.0 1.0 1.0 4.0
c 1.0 0 0 0
Aa 0.773219048977 0.118795312941 0.564155995846 0.353960067034
Ab 0.745575666428 0.464892566204 0.0886972844601 0.565543651581
Ad 1.40154206753 1.39730536938 1.40098559856 0.900963485241
Ag 0.0870196297765 0.310632228851 0.0121971350163 0.0734913498163
At 1.24030685425 1.00476396084 1.02662169933 0.819230675697
as 0.888888895512 0.0 0.634615361691 0.0874999985099
bs 1.0 0.43137255311 0.590909063816 0.800000011921
ds 1.0 0.857142865658 0.380952388048 0.385245889425
gs 0.861111104488 0.369230777025 0.965517222881 0.552631556988
ts 1.0 0.829787254333 0.285714298487 0.56302523613
a 0.107236981392 0.0317922830582 0.0946460142732 0.104221411049
b 0.100623913109 0.0705373212695 0.0333342924714 0.169644787908
d 0.455688029528 0.603714764118 0.572348892689 0.367248773575
g 0.0220874268562 0.0494491308928 0.0274866875261 0.0546371750534
t 0.314363658428 0.244506508112 0.272184103727 0.30424785614
h 1.0 1.0 1.0 1.0
c 1.0 0 0 0
Aa 0.773219048977 0.118795312941 0.564155995846 0.353960067034
Ab 0.745575666428 0.464892566204 0.110944896936 0.565543651581
Ad 1.40154206753 1.39730536938 1.34571456909 0.900963485241
Ag 0.0870196297765 0.310632228851 0.0271760877222 0.0734913498163
At 1.24030685425 1.00476396084 1.0229164362 0.819230675697
as 0.888888895512 0.0 0.634615361691 0.0874999985099
bs 1.0 0.43137255311 0.681818187237 0.800000011921
ds 1.0 0.857142865658 0.274193555117 0.385245889425
gs 0.861111104488 0.369230777025 1.0 0.552631556988
ts 1.0 0.829787254333 0.285714298487 0.56302523613
a 0.107236981392 0.0317922830582 0.0930094122887 0.104221411049
b 0.100623913109 0.0705373212695 0.0343912877142 0.169644787908
d 0.455688029528 0.603714764118 0.55779838562 0.367248773575
g 0.0220874268562 0.0494491308928 0.0281104259193 0.0546371750534
t 0.314363658428 0.244506508112 0.286690473557 0.30424785614
h 1.0 1.0 1.0 1.0
c 1.0 0 0 0
Aa 0.773219048977 0.118795312941 0.564155995846 0.353960067034
Ab 0.745575666428 0.464892566204 0.132077559829 0.565543651581
Ad 1.40154206753 1.39730536938 1.34210634232 0.900963485241
Ag 0.0870196297765 0.310632228851 0.0444965586066 0.0734913498163
At 1.24030685425 1.00476396084 1.0530424118 0.819230675697
as 0.888888895512 0.0 0.647058844566 0.0874999985099
bs 1.0 0.43137255311 0.772727251053 0.800000011921
ds 1.0 0.857142865658 0.274193555117 0.385245889425
gs 0.861111104488 0.369230777025 1.0 0.552631556988
ts 1.0 0.829787254333 0.339285701513 0.56302523613
a 0.107236981392 0.0317922830582 0.0851195454597 0.104221411049
b 0.100623913109 0.0705373212695 0.0266747064888 0.169644787908
d 0.455688029528 0.603714764118 0.581305265427 0.367248773575
g 0.0220874268562 0.0494491308928 0.0204580482095 0.0546371750534
t 0.314363658428 0.244506508112 0.286442428827 0.30424785614
h 1.0 1.0 1.0 1.0
c 1.0 0 0 0
Aa 0.773219048977 0.118795312941 0.650803864002 0.353960067034
Ab 0.745575666428 0.464892566204 0.146874189377 0.565543651581
Ad 1.40154206753 1.39730536938 1.48517882824 0.900963485241
Ag 0.0870196297765 0.310632228851 0.0316387489438 0.0734913498163
At 1.24030685425 1.00476396084 1.17781186104 0.819230675697
as 0.888888895512 0.0 0.823529422283 0.0874999985099
bs 1.0 0.43137255311 0.809523820877 0.800000011921
ds 1.0 0.857142865658 0.5 0.385245889425
gs 0.861111104488 0.369230777025 1.0 0.552631556988
ts 1.0 0.829787254333 0.563636362553 0.56302523613
a 0.107236981392 0.0317922830582 0.0763430595398 0.104221411049
b 0.100623913109 0.0705373212695 0.0241173859686 0.169644787908
d 0.455688029528 0.603714764118 0.595281481743 0.367248773575
g 0.0220874268562 0.0494491308928 0.0176427029073 0.0546371750534
t 0.314363658428 0.244506508112 0.286615341902 0.30424785614
h 1.0 1.0 1.0 1.0
c 1.0 0 0 0
Aa 0.773219048977 0.118795312941 0.652344703674 0.353960067034
Ab 0.745575666428 0.464892566204 0.151905372739 0.565543651581
Ad 1.40154206753 1.39730536938 1.54429757595 0.900963485241
Ag 0.0870196297765 0.310632228851 0.0161402802914 0.0734913498163
At 1.24030685425 1.00476396084 1.22687458992 0.819230675697
as 0.888888895512 0.0 0.823529422283 0.0874999985099
bs 1.0 0.43137255311 0.857142865658 0.800000011921
ds 1.0 0.857142865658 0.596774220467 0.385245889425
gs 0.861111104488 0.369230777025 0.933333337307 0.552631556988
ts 1.0 0.829787254333 0.654545426369 0.56302523613
a 0.107236981392 0.0317922830582 0.0742787793279 0.104221411049
b 0.100623913109 0.0705373212695 0.0230112504214 0.169644787908
d 0.455688029528 0.603714764118 0.597152113914 0.367248773575
g 0.0220874268562 0.0494491308928 0.0162116531283 0.0546371750534
t 0.314363658428 0.244506508112 0.289346218109 0.30424785614
h 1.0 1.0 1.0 1.0
c 1.0 0 0 0
Aa 0.773219048977 0.118795312941 0.653682887554 0.353960067034
Ab 0.745575666428 0.464892566204 0.144758373499 0.565543651581
Ad 1.40154206753 1.39730536938 1.55890309811 0.900963485241
Ag 0.0870196297765 0.310632228851 -0.00735455704853 0.0734913498163
At 1.24030685425 1.00476396084 1.24423599243 0.819230675697
as 0.888888895512 0.0 0.839999973774 0.0874999985099
bs 1.0 0.43137255311 0.809523820877 0.800000011921
ds 1.0 0.857142865658 0.629032254219 0.385245889425
gs 0.861111104488 0.369230777025 0.866666674614 0.552631556988
ts 1.0 0.829787254333 0.703703701496 0.56302523613
a 0.107236981392 0.0317922830582 0.0682680234313 0.104221411049
b 0.100623913109 0.0705373212695 0.0207402333617 0.169644787908
d 0.455688029528 0.603714764118 0.603686749935 0.367248773575
g 0.0220874268562 0.0494491308928 0.0144081469625 0.0546371750534
t 0.314363658428 0.244506508112 0.292896866798 0.30424785614
h 1.0 1.0 1.0 1.0
c 1.0 0 0 0
Aa 0.773219048977 0.118795312941 0.653682887554 0.353960067034
Ab 0.745575666428 0.464892566204 0.136279210448 0.565543651581
Ad 1.40154206753 1.39730536938 1.60027718544 0.900963485241
Ag 0.0870196297765 0.310632228851 -0.0219263248146 0.0734913498163
At 1.24030685425 1.00476396084 1.2861802578 0.819230675697
as 0.888888895512 0.0 0.839999973774 0.0874999985099
bs 1.0 0.43137255311 0.761904776096 0.800000011921
ds 1.0 0.857142865658 0.693548381329 0.385245889425
gs 0.861111104488 0.369230777025 0.833333313465 0.552631556988
ts 1.0 0.829787254333 0.777777791023 0.56302523613
a 0.107236981392 0.129970356822 0.0624976344407 0.104221411049
b 0.100623913109 0.112951517105 0.0185435898602 0.169644787908
d 0.455688029528 0.482569217682 0.611795067787 0.367248773575
g 0.0220874268562 0.105341084301 0.0121763506904 0.0546371750534
t 0.314363658428 0.16916783154 0.294987350702 0.30424785614
h 1.0 1.0 1.0 1.0
c 1.0 0 0 0
Aa 0.773219048977 0.720849514008 0.653682887554 0.353960067034
Ab 0.745575666428 0.659897267818 0.12601312995 0.565543651581
Ad 1.40154206753 1.29056477547 1.64442527294 0.900963485241
Ag 0.0870196297765 0.629602968693 -0.0566635429859 0.0734913498163
At 1.24030685425 0.835322976112 1.32762277126 0.819230675697
as 0.888888895512 0.790322601795 0.839999973774 0.0874999985099
bs 1.0 0.823529422283 0.714285731316 0.800000011921
ds 1.0 0.653061211109 0.758064508438 0.385245889425
gs 0.861111104488 0.859375 0.699999988079 0.552631556988
ts 1.0 0.468085110188 0.85185188055 0.56302523613
a 0.107236981392 0.139771834016 0.0598830319941 0.104221411049
b 0.100623913109 0.111451990902 0.0168998651206 0.169644787908
d 0.455688029528 0.462566018105 0.612595260143 0.367248773575
g 0.0220874268562 0.109421938658 0.00988548714668 0.0546371750534
t 0.314363658428 0.176788240671 0.3007363379 0.30424785614
h 1.0 1.0 1.0 1.0
c 1.0 0 0 0
Aa 0.773219048977 0.73716121912 0.653682887554 0.353960067034
Ab 0.745575666428 0.638829350471 0.104262374341 0.565543651581
Ad 1.40154206753 1.25691521168 1.66355276108 0.900963485241
Ag 0.0870196297765 0.630845963955 -0.128622785211 0.0734913498163
At 1.24030685425 0.839194893837 1.35456502438 0.819230675697
as 0.888888895512 0.806451618671 0.839999973774 0.0874999985099
bs 1.0 0.784313738346 0.619047641754 0.800000011921
ds 1.0 0.571428596973 0.790322601795 0.385245889425
gs 0.861111104488 0.859375 0.448275864124 0.552631556988
ts 1.0 0.478260874748 0.907407402992 0.56302523613
a 0.107236981392 0.142403379083 0.0568818412721 0.104221411049
b 0.100623913109 0.102772444487 0.0151070524007 0.169644787908
d 0.455688029528 0.460145205259 0.605429530144 0.367248773575
g 0.0220874268562 0.105062417686 0.00785884261131 0.0546371750534
t 0.314363658428 0.189616560936 0.314722776413 0.30424785614
h 1.0 1.0 1.0 1.0
c 1.0 0 0 0
Aa 0.773219048977 0.764146447182 0.658350944519 0.353960067034
Ab 0.745575666428 0.622502863407 0.082557015121 0.565543651581
Ad 1.40154206753 1.27352106571 1.68544089794 0.900963485241
Ag 0.0870196297765 0.632073521614 -0.201264128089 0.0734913498163
At 1.24030685425 0.888502418995 1.40130543709 0.819230675697
as 0.888888895512 0.868852436543 0.877551019192 0.0874999985099
bs 1.0 0.745098054409 0.523809552193 0.800000011921
ds 1.0 0.612244904041 0.822580635548 0.385245889425
gs 0.861111104488 0.859375 0.206896558404 0.552631556988
ts 1.0 0.577777802944 1.0 0.56302523613
a 0.107236981392 0.142456158996 0.0604549385607 0.104221411049
b 0.100623913109 0.0922745540738 0.0132865095511 0.169644787908
d 0.455688029528 0.465818583965 0.582451105118 0.367248773575
g 0.0220874268562 0.0960102900863 0.00638156849891 0.0546371750534
t 0.314363658428 0.203440412879 0.337425857782 0.30424785614
h 1.0 1.0 1.0 1.0
c 1.0 0 0 0
Aa 0.773219048977 0.805231273174 0.716900169849 0.353960067034
Ab 0.745575666428 0.616632044315 0.0588792860508 0.565543651581
Ad 1.40154206753 1.31976687908 1.7007278204 0.900963485241
Ag 0.0870196297765 0.633867800236 -0.25960418582 0.0734913498163
At 1.24030685425 0.959987282753 1.46364676952 0.819230675697
as 0.888888895512 0.934426248074 0.979591846466 0.0874999985099
bs 1.0 0.72549021244 0.428571432829 0.800000011921
ds 1.0 0.714285731316 0.854838728905 0.385245889425
gs 0.861111104488 0.859375 0.0 0.552631556988
ts 1.0 0.733333349228 1.0 0.56302523613
a 0.107236981392 0.137569218874 0.0633081644773 0.104221411049
b 0.100623913109 0.0848779529333 0.0120086725801 0.169644787908
d 0.455688029528 0.472263455391 0.55346095562 0.367248773575
g 0.0220874268562 0.0881667807698 0.00548576470464 0.0546371750534
t 0.314363658428 0.217122599483 0.365736454725 0.30424785614
h 1.0 1.0 1.0 1.0
c 1.0 0 0 0
Aa 0.773219048977 0.830592930317 0.765687823296 0.353960067034
Ab 0.745575666428 0.620866596699 0.043723102659 0.565543651581
Ad 1.40154206753 1.36625599861 1.70731508732 0.900963485241
Ag 0.0870196297765 0.637376666069 -0.296534687281 0.0734913498163
At 1.24030685425 1.02877676487 1.5273963213 0.819230675697
as 0.888888895512 0.98360657692 1.0 0.0874999985099
bs 1.0 0.745098054409 0.333333343267 0.800000011921
ds 1.0 0.795918345451 0.854838728905 0.385245889425
gs 0.861111104488 0.859375 0.0 0.552631556988
ts 1.0 0.886363625526 1.0 0.56302523613
a 0.107236981392 0.131014734507 0.0546914041042 0.104221411049
b 0.100623913109 0.0815977081656 0.0119369290769 0.169644787908
d 0.455688029528 0.475346326828 0.533474385738 0.367248773575
g 0.0220874268562 0.0840109959245 0.00503377057612 0.0546371750534
t 0.314363658428 0.228030249476 0.39486348629 0.30424785614
h 1.0 1.0 1.0 1.0
c 1.0 0 0 0
Aa 0.773219048977 0.837821543217 0.715305328369 0.353960067034
Ab 0.745575666428 0.632179379463 0.0542788356543 0.565543651581
Ad 1.40154206753 1.39751160145 1.70449984074 0.900963485241
Ag 0.0870196297765 0.64483755827 -0.320720374584 0.0734913498163
At 1.24030685425 1.07849383354 1.57383322716 0.819230675697
as 0.888888895512 0.98360657692 0.941176474094 0.0874999985099
bs 1.0 0.764705896378 0.380952388048 0.800000011921
ds 1.0 0.854166686535 0.854838728905 0.385245889425
gs 0.861111104488 0.875 0.0 0.552631556988
ts 1.0 1.0 1.0 0.56302523613
a 0.107236981392 0.126696452498 0.0587476119399 0.104221411049
b 0.100623913109 0.0817444175482 0.0137316202745 0.169644787908
d 0.455688029528 0.473308265209 0.51902025938 0.367248773575
g 0.0220874268562 0.084269054234 0.00502950418741 0.0546371750534
t 0.314363658428 0.23398180306 0.403470993042 0.30424785614
h 1.0 1.0 1.0 1.0
c 1.0 0 0 0
Aa 0.773219048977 0.837821543217 0.750397622585 0.353960067034
Ab 0.745575666428 0.647515177727 0.119129166007 0.565543651581
Ad 1.40154206753 1.4102011919 1.69659173489 0.900963485241
Ag 0.0870196297765 0.660725176334 -0.317067444324 0.0734913498163
At 1.24030685425 1.10423910618 1.58721971512 0.819230675697
as 0.888888895512 0.98360657692 1.0 0.0874999985099
bs 1.0 0.784313738346 0.714285731316 0.800000011921
ds 1.0 0.895833313465 0.838709652424 0.385245889425
gs 0.861111104488 0.90625 0.0 0.552631556988
ts 1.0 1.0 1.0 0.56302523613
a 0.107236981392 0.12802927196 0.0653773248196 0.104221411049
b 0.100623913109 0.084164775908 0.0176196489483 0.169644787908
d 0.455688029528 0.465768635273 0.510329246521 0.367248773575
g 0.0220874268562 0.088435523212 0.00520315300673 0.0546371750534
t 0.314363658428 0.233601793647 0.401470661163 0.30424785614
h 1.0 1.0 1.0 1.0
c 1.0 0 0 0
Aa 0.773219048977 0.846781253815 0.789421677589 0.353960067034
Ab 0.745575666428 0.664602339268 0.219991788268 0.565543651581
Ad 1.40154206753 1.40764224529 1.68184494972 0.900963485241
Ag 0.0870196297765 0.686098754406 -0.309738844633 0.0734913498163
At 1.24030685425 1.10794818401 1.57764828205 0.819230675697
as 0.888888895512 1.0 1.0 0.0874999985099
bs 1.0 0.823529422283 1.0 0.800000011921
ds 1.0 0.893617033958 0.822580635548 0.385245889425
gs 0.861111104488 0.951612889767 0.0 0.552631556988
ts 1.0 1.0 1.0 0.56302523613
a 0.107236981392 0.12944675982 0.072574570775 0.104221411049
b 0.100623913109 0.0883821249008 0.0231530927122 0.169644787908
d 0.455688029528 0.457247644663 0.504920661449 0.367248773575
g 0.0220874268562 0.0957756489515 0.00557804247364 0.0546371750534
t 0.314363658428 0.229147821665 0.393773645163 0.30424785614
h 1.0 1.0 1.0 1.0
c 1.0 0 0 0
Aa 0.773219048977 0.846781253815 0.818474054337 0.353960067034
Ab 0.745575666428 0.681054532528 0.322298616171 0.565543651581
Ad 1.40154206753 1.39484155178 1.66091275215 0.900963485241
Ag 0.0870196297765 0.715945184231 -0.295828580856 0.0734913498163
At 1.24030685425 1.09480583668 1.55293631554 0.819230675697
as 0.888888895512 1.0 1.0 0.0874999985099
bs 1.0 0.86274510622 1.0 0.800000011921
ds 1.0 0.87234044075 0.800000011921 0.385245889425
gs 0.861111104488 1.0 0.0 0.552631556988
ts 1.0 1.0 1.0 0.56302523613
a 0.107236981392 0.132545247674 0.0778160467744 0.104221411049
b 0.100623913109 0.0933611690998 0.029221881181 0.169644787908
d 0.455688029528 0.447526484728 0.50063586235 0.367248773575
g 0.0220874268562 0.104167640209 0.00619493518025 0.0546371750534
t 0.314363658428 0.222399458289 0.386131286621 0.30424785614
h 1.0 1.0 1.0 1.0
c 1.0 0 0 0
Aa 0.773219048977 0.846781253815 0.825652658939 0.353960067034
Ab 0.745575666428 0.694583415985 0.40029168129 0.565543651581
Ad 1.40154206753 1.37523591518 1.63410544395 0.900963485241
Ag 0.0870196297765 0.742149949074 -0.273379743099 0.0734913498163
At 1.24030685425 1.0715508461 1.52131843567 0.819230675697
as 0.888888895512 1.0 1.0 0.0874999985099
bs 1.0 0.882352948189 1.0 0.800000011921
ds 1.0 0.829787254333 0.75 0.385245889425
gs 0.861111104488 1.0 0.03125 0.552631556988
ts 1.0 0.95454543829 1.0 0.56302523613
a 0.107236981392 0.136795699596 0.0825992003083 0.104221411049
b 0.100623913109 0.0986937731504 0.0343404151499 0.169644787908
d 0.455688029528 0.436847150326 0.495751053095 0.367248773575
g 0.0220874268562 0.111766837537 0.00706277042627 0.0546371750534
t 0.314363658428 0.21589653194 0.380246549845 0.30424785614
h 1.0 1.0 1.0 1.0
c 1.0 0 0 0
Aa 0.773219048977 0.846781253815 0.825652658939 0.353960067034
Ab 0.745575666428 0.704998612404 0.444482386112 0.565543651581
Ad 1.40154206753 1.35103833675 1.60394048691 0.900963485241
Ag 0.0870196297765 0.759021818638 -0.242348089814 0.0734913498163
At 1.24030685425 1.04495453835 1.48874211311 0.819230675697
as 0.888888895512 1.0 1.0 0.0874999985099
bs 1.0 0.901960790157 1.0 0.800000011921
ds 1.0 0.787234067917 0.699999988079 0.385245889425
gs 0.861111104488 1.0 0.161290317774 0.552631556988
ts 1.0 0.886363625526 1.0 0.56302523613
a 0.107236981392 0.14170409739 0.0878293439746 0.104221411049
b 0.100623913109 0.104406580329 0.0422030575573 0.169644787908
d 0.455688029528 0.426138460636 0.466059267521 0.367248773575
g 0.0220874268562 0.117365144193 0.00901686772704 0.0546371750534
t 0.314363658428 0.210385724902 0.394891470671 0.30424785614
h 1.0 1.0 1.0 1.0
c 1.0 0 0 0
Aa 0.773219048977 0.846781253815 0.793773710728 0.353960067034
Ab 0.745575666428 0.714126706123 0.475478023291 0.565543651581
Ad 1.40154206753 1.32494962215 1.5185751915 0.900963485241
Ag 0.0870196297765 0.764937996864 -0.194810211658 0.0734913498163
At 1.24030685425 1.01841509342 1.44661176205 0.819230675697
as 0.888888895512 1.0 1.0 0.0874999985099
bs 1.0 0.921568632126 1.0 0.800000011921
ds 1.0 0.723404228687 0.566666662693 0.385245889425
gs 0.861111104488 1.0 0.290322571993 0.552631556988
ts 1.0 0.840909063816 0.965517222881 0.56302523613
a 0.107236981392 0.128447934985 0.0921561047435 0.104221411049
b 0.100623913109 0.116626791656 0.046374257654 0.169644787908
d 0.455688029528 0.414903312922 0.445876002312 0.367248773575
g 0.0220874268562 0.128934785724 0.010723637417 0.0546371750534
t 0.314363658428 0.211087167263 0.404870003462 0.30424785614
h 1.0 1.0 1.0 1.0
c 1.0 0 0 0
Aa 0.773219048977 0.769228219986 0.782881736755 0.353960067034
Ab 0.745575666428 0.727299392223 0.484634578228 0.565543651581
Ad 1.40154206753 1.27844798565 1.46757173538 0.900963485241
Ag 0.0870196297765 0.770871222019 -0.151300266385 0.0734913498163
At 1.24030685425 0.984962940216 1.42567324638 0.819230675697
as 0.888888895512 0.883333325386 1.0 0.0874999985099
bs 1.0 0.941176474094 1.0 0.800000011921
ds 1.0 0.638297855854 0.47457626462 0.385245889425
gs 0.861111104488 1.0 0.451612889767 0.552631556988
ts 1.0 0.75 0.928571403027 0.56302523613
a 0.107236981392 0.123445190489 0.094212308526 0.104221411049
b 0.100623913109 0.12527833879 0.047165427357 0.169644787908
d 0.455688029528 0.404790133238 0.439937531948 0.367248773575
g 0.0220874268562 0.133881390095 0.011869629845 0.0546371750534
t 0.314363658428 0.212604939938 0.406815111637 0.30424785614
h 1.0 1.0 1.0 1.0
c 1.0 0 0 0
Aa 0.773219048977 0.732294678688 0.782881736755 0.353960067034
Ab 0.745575666428 0.738696455956 0.482397854328 0.565543651581
Ad 1.40154206753 1.24805045128 1.4521651268 0.900963485241
Ag 0.0870196297765 0.767540693283 -0.116788744926 0.0734913498163
At 1.24030685425 0.968393862247 1.41817116737 0.819230675697
as 0.888888895512 0.816666662693 1.0 0.0874999985099
bs 1.0 0.980392158031 1.0 0.800000011921
ds 1.0 0.553191483021 0.457627117634 0.385245889425
gs 0.861111104488 1.0 0.533333361149 0.552631556988
ts 1.0 0.727272748947 0.910714268684 0.56302523613
a 0.107236981392 0.123227365315 0.0991752520204 0.104221411049
b 0.100623913109 0.13061311841 0.046953715384 0.169644787908
d 0.455688029528 0.399430543184 0.43805372715 0.367248773575
g 0.0220874268562 0.133520305157 0.0128621077165 0.0546371750534
t 0.314363658428 0.213208660483 0.402955204248 0.30424785614
h 1.0 1.0 1.0 1.0
c 1.0 0 0 0
Aa 0.773219048977 0.724211335182 0.782881736755 0.353960067034
Ab 0.745575666428 0.749490976334 0.458148419857 0.565543651581
Ad 1.40154206753 1.23494541645 1.42800581455 0.900963485241
Ag 0.0870196297765 0.759051501751 -0.104209423065 0.0734913498163
At 1.24030685425 0.962309002876 1.39173519611 0.819230675697
as 0.888888895512 0.800000011921 1.0 0.0874999985099
bs 1.0 1.0 1.0 0.800000011921
ds 1.0 0.531914889812 0.396551728249 0.385245889425
gs 0.861111104488 1.0 0.566666662693 0.552631556988
ts 1.0 0.70454543829 0.875 0.56302523613
a 0.107236981392 0.12298578769 0.1022464782 0.104221411049
b 0.100623913109 0.133183866739 0.0458661280572 0.169644787908
d 0.455688029528 0.400695234537 0.439309746027 0.367248773575
g 0.0220874268562 0.129982978106 0.0134420534596 0.0546371750534
t 0.314363658428 0.213152140379 0.3991355896 0.30424785614
h 1.0 1.0 1.0 1.0
c 1.0 0 0 0
Aa 0.773219048977 0.72449195385 0.782881736755 0.353960067034
Ab 0.745575666428 0.759088635445 0.43472546339 0.565543651581
Ad 1.40154206753 1.23745119572 1.41600418091 0.900963485241
Ag 0.0870196297765 0.74852347374 -0.0983010083437 0.0734913498163
At 1.24030685425 0.963326752186 1.37435376644 0.819230675697
as 0.888888895512 0.800000011921 1.0 0.0874999985099
bs 1.0 1.0 1.0 0.800000011921
ds 1.0 0.531914889812 0.379310339689 0.385245889425
gs 0.861111104488 0.984848499298 0.600000023842 0.552631556988
ts 1.0 0.70454543829 0.839285731316 0.56302523613
a 0.107236981392 0.129052042961 0.102783612907 0.104221411049
b 0.100623913109 0.133105576038 0.0456554070115 0.169644787908
d 0.455688029528 0.403816819191 0.439549088478 0.367248773575
g 0.0220874268562 0.124558404088 0.0138802267611 0.0546371750534
t 0.314363658428 0.209467157722 0.398131668568 0.30424785614
h 1.0 1.0 1.0 1.0
c 1.0 0 0 0
Aa 0.773219048977 0.753498911858 0.782881736755 0.353960067034
Ab 0.745575666428 0.766930282116 0.430450081825 0.565543651581
Ad 1.40154206753 1.24891841412 1.41396522522 0.900963485241
Ag 0.0870196297765 0.738107025623 -0.0866455733776 0.0734913498163
At 1.24030685425 0.963849961758 1.37098455429 0.819230675697
as 0.888888895512 0.850000023842 1.0 0.0874999985099
bs 1.0 1.0 1.0 0.800000011921
ds 1.0 0.574468076229 0.379310339689 0.385245889425
gs 0.861111104488 0.969230771065 0.633333325386 0.552631556988
ts 1.0 0.70454543829 0.839285731316 0.56302523613
a 0.107236981392 0.130676805973 0.105571903288 0.104221411049
b 0.100623913109 0.134414672852 0.0465771593153 0.169644787908
d 0.455688029528 0.408722490072 0.441086858511 0.367248773575
g 0.0220874268562 0.121874049306 0.0145526491106 0.0546371750534
t 0.314363658428 0.204311996698 0.392211437225 0.30424785614
h 1.0 1.0 1.0 1.0
c 1.0 0 0 0
Aa 0.773219048977 0.760465979576 0.782881736755 0.353960067034
Ab 0.745575666428 0.772714138031 0.427506387234 0.565543651581
Ad 1.40154206753 1.25569605827 1.40385746956 0.900963485241
Ag 0.0870196297765 0.730178713799 -0.0777245461941 0.0734913498163
At 1.24030685425 0.95456135273 1.35285365582 0.819230675697
as 0.888888895512 0.866666674614 1.0 0.0874999985099
bs 1.0 1.0 1.0 0.800000011921
ds 1.0 0.574468076229 0.36206895113 0.385245889425
gs 0.861111104488 0.953846156597 0.666666686535 0.552631556988
ts 1.0 0.681818187237 0.818181812763 0.56302523613
a 0.107236981392 0.134058967233 0.111263334751 0.104221411049
b 0.100623913109 0.137554109097 0.0488690361381 0.169644787908
d 0.455688029528 0.409650921822 0.448129594326 0.367248773575
g 0.0220874268562 0.12267614156 0.0155646018684 0.0546371750534
t 0.314363658428 0.19605986774 0.376173436642 0.30424785614
h 1.0 1.0 1.0 1.0
c 1.0 0 0 0
Aa 0.773219048977 0.765018284321 0.782881736755 0.353960067034
Ab 0.745575666428 0.77619600296 0.425563424826 0.565543651581
Ad 1.40154206753 1.25013637543 1.38793325424 0.900963485241
Ag 0.0870196297765 0.726482570171 -0.0713323354721 0.0734913498163
At 1.24030685425 0.930111169815 1.31191778183 0.819230675697
as 0.888888895512 0.866666674614 1.0 0.0874999985099
bs 1.0 1.0 1.0 0.800000011921
ds 1.0 0.574468076229 0.327586203814 0.385245889425
gs 0.861111104488 0.93846154213 0.699999988079 0.552631556988
ts 1.0 0.636363625526 0.745454549789 0.56302523613
a 0.107236981392 0.139147683978 0.116502076387 0.104221411049
b 0.100623913109 0.141164943576 0.0524738207459 0.169644787908
d 0.455688029528 0.410071760416 0.464140564203 0.367248773575
g 0.0220874268562 0.125736817718 0.0168934706599 0.0546371750534
t 0.314363658428 0.183878809214 0.349990069866 0.30424785614
h 1.0 1.0 1.0 1.0
c 1.0 0 0 0
Aa 0.773219048977 0.770263493061 0.769896686077 0.353960067034
Ab 0.745575666428 0.776514351368 0.423505693674 0.565543651581
Ad 1.40154206753 1.23964738846 1.37021255493 0.900963485241
Ag 0.0870196297765 0.726249933243 -0.0687181130052 0.0734913498163
At 1.24030685425 0.891319155693 1.24761867523 0.819230675697
as 0.888888895512 0.883333325386 0.981818199158 0.0874999985099
bs 1.0 1.0 1.0 0.800000011921
ds 1.0 0.553191483021 0.310344815254 0.385245889425
gs 0.861111104488 0.9375 0.699999988079 0.552631556988
ts 1.0 0.54545456171 0.618181824684 0.56302523613
a 0.107236981392 0.137290552258 0.121132194996 0.104221411049
b 0.100623913109 0.143287882209 0.0562147051096 0.169644787908
d 0.455688029528 0.418119937181 0.487982064486 0.367248773575
g 0.0220874268562 0.128521576524 0.0182855259627 0.0546371750534
t 0.314363658428 0.172780051827 0.316385507584 0.30424785614
h 1.0 1.0 1.0 1.0
c 1.0 0 0 0
Aa 0.773219048977 0.754052340984 0.750761091709 0.353960067034
Ab 0.745575666428 0.772621154785 0.417351484299 0.565543651581
Ad 1.40154206753 1.23771262169 1.35590541363 0.900963485241
Ag 0.0870196297765 0.725387692451 -0.0703909993172 0.0734913498163
At 1.24030685425 0.853905320168 1.16771817207 0.819230675697
as 0.888888895512 0.850000023842 0.945454537868 0.0874999985099
bs 1.0 1.0 1.0 0.800000011921
ds 1.0 0.531914889812 0.263157904148 0.385245889425
gs 0.861111104488 0.9375 0.699999988079 0.552631556988
ts 1.0 0.454545468092 0.472727268934 0.56302523613
a 0.107236981392 0.130837544799 0.118279889226 0.104221411049
b 0.100623913109 0.141155436635 0.0583678781986 0.169644787908
d 0.455688029528 0.434614062309 0.51528865099 0.367248773575
g 0.0220874268562 0.126789778471 0.0195997692645 0.0546371750534
t 0.314363658428 0.166603177786 0.288463801146 0.30424785614
h 1.0 1.0 1.0 1.0
c 1.0 0 0 0
Aa 0.773219048977 0.730599522591 0.705013692379 0.353960067034
Ab 0.745575666428 0.763564765453 0.398276716471 0.565543651581
Ad 1.40154206753 1.25197088718 1.34415340424 0.900963485241
Ag 0.0870196297765 0.716951429844 -0.0756462290883 0.0734913498163
At 1.24030685425 0.835550427437 1.09219408035 0.819230675697
as 0.888888895512 0.816666662693 0.854545474052 0.0874999985099
bs 1.0 1.0 1.0 0.800000011921
ds 1.0 0.574468076229 0.245614036918 0.385245889425
gs 0.861111104488 0.921875 0.666666686535 0.552631556988
ts 1.0 0.409090906382 0.345454543829 0.56302523613
