a 0.216898962855 0.102760367095 0.0538652352989 0.153479233384
b 0.278702646494 0.0963170528412 0.0264531094581 0.199178680778
d 0.139268994331 0.499674171209 0.664510965347 0.438659518957
g 0.0482800044119 0.0630450025201 0.0129301659763 0.0787002593279
t 0.316849380732 0.238203406334 0.242240548134 0.129982292652
h 1.0 1.0 1.0 1.0
c 0.0 0 0 0
Aa 0.382611453533 0.596028268337 0.511276960373 0.187368646264
Ab 0.491495072842 0.567905843258 0.202445164323 0.300561875105
Ad 0.190208390355 1.28288948536 1.60247051716 0.643446564674
Ag -0.269878745079 0.383853286505 -0.108427479863 -0.102704800665
At 0.547206819057 0.961150586605 1.16421532631 0.115203216672
as 0.0 0.472727268934 0.630434811115 0.0
bs 0.268292695284 0.595238089561 0.791666686535 0.0
ds 0.0 0.643835604191 0.849056601524 0.0
gs 0.0 0.288888901472 0.47619047761 0.0
ts 0.303030312061 0.594936728477 0.65625 0.0
a 0.216898962855 0.109261237085 0.054010476917 0.153479233384
b 0.278702646494 0.100464999676 0.0277092009783 0.199178680778
d 0.139268994331 0.490122705698 0.663551449776 0.438659518957
g 0.0482800044119 0.0602900348604 0.0135321123526 0.0787002593279
t 0.316849380732 0.239861026406 0.241196766496 0.129982292652
h 1.0 1.0 1.0 1.0
c 0.0 0 0 0
Aa 0.382611453533 0.596028268337 0.511276960373 0.187368646264
Ab 0.491495072842 0.559576928616 0.221422970295 0.300561875105
Ad 0.190208390355 1.24786698818 1.60067355633 0.643446564674
Ag -0.269878745079 0.337807655334 -0.0898354351521 -0.102704800665
At 0.547206819057 0.9375218153 1.16117048264 0.115203216672
as 0.0 0.472727268934 0.630434811115 0.0
bs 0.268292695284 0.571428596973 0.875 0.0
ds 0.0 0.589041113853 0.849056601524 0.0
gs 0.0 0.20000000298 0.523809552193 0.0
ts 0.303030312061 0.556962013245 0.65625 0.0
a 0.216898962855 0.111802615225 0.0538138002157 0.153479233384
b 0.278702646494 0.100727453828 0.0289913080633 0.199178680778
d 0.139268994331 0.487925738096 0.662094533443 0.438659518957
g 0.0482800044119 0.0561814196408 0.0138902030885 0.0787002593279
t 0.316849380732 0.243362784386 0.24121016264 0.129982292652
h 1.0 1.0 1.0 1.0
c 0.0 0 0 0
Aa 0.382611453533 0.600238025188 0.511276960373 0.187368646264
Ab 0.491495072842 0.554933905602 0.242651119828 0.300561875105
Ad 0.190208390355 1.24013972282 1.601303339 0.643446564674
Ag -0.269878745079 0.301378726959 -0.0769081041217 -0.102704800665
At 0.547206819057 0.938040196896 1.16277897358 0.115203216672
as 0.0 0.490909099579 0.630434811115 0.0
bs 0.268292695284 0.547619044781 0.958333313465 0.0
ds 0.0 0.589041113853 0.849056601524 0.0
gs 0.0 0.111111111939 0.536585390568 0.0
ts 0.303030312061 0.569620251656 0.65625 0.0
a 0.216898962855 0.110915049911 0.0534606538713 0.153479233384
b 0.278702646494 0.0985501632094 0.0299905911088 0.199178680778
d 0.139268994331 0.491632372141 0.661598742008 0.438659518957
g 0.0482800044119 0.0525202490389 0.014013454318 0.0787002593279
t 0.316849380732 0.246382176876 0.240936532617 0.129982292652
h 1.0 1.0 1.0 1.0
c 0.0 0 0 0
Aa 0.382611453533 0.601275444031 0.511276960373 0.187368646264
Ab 0.491495072842 0.549942314625 0.260227739811 0.300561875105
Ad 0.190208390355 1.24792540073 1.60383737087 0.643446564674
Ag -0.269878745079 0.27661177516 -0.0702120661736 -0.102704800665
At 0.547206819057 0.947894275188 1.16514539719 0.115203216672
as 0.0 0.490909099579 0.630434811115 0.0
bs 0.268292695284 0.547619044781 1.0 0.0
ds 0.0 0.589041113853 0.849056601524 0.0
gs 0.0 0.0444444455206 0.574999988079 0.0
ts 0.303030312061 0.569620251656 0.65625 0.0
a 0.216898962855 0.110110037029 0.0533329881728 0.153479233384
b 0.278702646494 0.095670722425 0.0305982977152 0.199178680778
d 0.139268994331 0.497463107109 0.662234783173 0.438659518957
g 0.0482800044119 0.0503491051495 0.0140918511897 0.0787002593279
t 0.316849380732 0.246407032013 0.239742085338 0.129982292652
h 1.0 1.0 1.0 1.0
c 0.0 0 0 0
Aa 0.382611453533 0.601275444031 0.511276960373 0.187368646264
Ab 0.491495072842 0.540227591991 0.269978314638 0.300561875105
Ad 0.190208390355 1.25620937347 1.60529303551 0.643446564674
Ag -0.269878745079 0.261440306902 -0.0667508840561 -0.102704800665
At 0.547206819057 0.951101660728 1.1640253067 0.115203216672
as 0.0 0.490909099579 0.630434811115 0.0
bs 0.268292695284 0.523809552193 1.0 0.0
ds 0.0 0.602739751339 0.849056601524 0.0
gs 0.0 0.0222222227603 0.574999988079 0.0
ts 0.303030312061 0.576923072338 0.650793671608 0.0
a 0.216898962855 0.112048991024 0.0537560358644 0.153479233384
b 0.278702646494 0.0941008105874 0.0308697540313 0.199178680778
d 0.139268994331 0.501130521297 0.663761675358 0.438659518957
g 0.0482800044119 0.0499351732433 0.0143586033955 0.0787002593279
t 0.316849380732 0.242784515023 0.237253934145 0.129982292652
h 1.0 1.0 1.0 1.0
c 0.0 0 0 0
Aa 0.382611453533 0.601275444031 0.511276960373 0.187368646264
Ab 0.491495072842 0.525460839272 0.270382910967 0.300561875105
Ad 0.190208390355 1.25181829929 1.60286188126 0.643446564674
Ag -0.269878745079 0.250274062157 -0.0620380677283 -0.102704800665
At 0.547206819057 0.937088489532 1.15606319904 0.115203216672
as 0.0 0.481481492519 0.630434811115 0.0
bs 0.268292695284 0.47619047761 1.0 0.0
ds 0.0 0.602739751339 0.849056601524 0.0
gs 0.0 0.0 0.600000023842 0.0
ts 0.303030312061 0.551282048225 0.634920656681 0.0
a 0.217187643051 0.11869392544 0.0549752116203 0.108580693603
b 0.268304854631 0.0952684134245 0.0310803391039 0.327673792839
d 0.163205623627 0.498391538858 0.666004061699 0.237904712558
g 0.101999357343 0.0513591952622 0.0149705410004 0.0985951498151
t 0.249302536249 0.236286923289 0.232969850302 0.227245643735
h 1.0 1.0 1.0 1.0
c 0.0 0 0 0
Aa 0.112241767347 0.601275444031 0.511276960373 0.0111413160339
Ab 0.204035177827 0.505795896053 0.263595819473 0.490830421448
Ad -0.0118582323194 1.22441768646 1.59458696842 0.351791739464
Ag -0.215995892882 0.237465202808 -0.0536524355412 -0.0307557396591
At 0.172133356333 0.9002866745 1.13840985298 0.331884264946
as 0.0 0.481481492519 0.630434811115 0.0
bs 0.0 0.428571432829 1.0 0.655172407627
ds 0.0 0.561643838882 0.830188691616 0.0
gs 0.0 0.0 0.600000023842 0.0285714287311
ts 0.0 0.512820541859 0.619047641754 0.145833328366
a 0.251116216183 0.131213605404 0.0571607016027 0.124030530453
b 0.259535044432 0.100072003901 0.0314851291478 0.350278556347
d 0.138319388032 0.484897047281 0.668009400368 0.220627725124
g 0.100574523211 0.0547299236059 0.0159533396363 0.10250133276
t 0.250454813242 0.22908744216 0.227391451597 0.202561855316
h 1.0 1.0 1.0 1.0
c 0.0 0 0 0
Aa 0.199089810252 0.601275444031 0.511276960373 0.0458935014904
Ab 0.213411048055 0.483609169722 0.252284914255 0.496778458357
Ad -0.0599019117653 1.16894614697 1.57896196842 0.296024978161
Ag -0.19829697907 0.221521422267 -0.0429689474404 -0.0369055978954
At 0.197944432497 0.843297839165 1.11095356941 0.258922547102
as 0.0 0.481481492519 0.630434811115 0.0
bs 0.0 0.390243887901 0.959999978542 0.655172407627
ds 0.0 0.5 0.811320781708 0.0
gs 0.0 0.0 0.649999976158 0.0
ts 0.0 0.435897439718 0.571428596973 0.0729166641831
a 0.26839157939 0.149534836411 0.0610609129071 0.141605168581
b 0.253465473652 0.108582310379 0.0325654372573 0.366952031851
d 0.129259839654 0.459463208914 0.668589770794 0.204475834966
g 0.0988764390349 0.0600781589746 0.0174099635333 0.103262498975
t 0.25000667572 0.222341492772 0.220373898745 0.183704465628
h 1.0 1.0 1.0 1.0
c 0.0 0 0 0
Aa 0.246200039983 0.601275444031 0.511276960373 0.0877950638533
Ab 0.221349969506 0.462292164564 0.23827059567 0.501325309277
Ad -0.0711052343249 1.08878386021 1.5506734848 0.247357949615
Ag -0.18747600913 0.205249726772 -0.0336884446442 -0.0493414029479
At 0.215382784605 0.773553609848 1.06867384911 0.200835689902
as 0.0 0.481481492519 0.630434811115 0.0
bs 0.0 0.341463416815 0.920000016689 0.689655184746
ds 0.0 0.380281686783 0.754716992378 0.0
gs 0.0 0.0 0.649999976158 0.0
ts 0.0 0.346153855324 0.507936537266 0.0104166669771
a 0.285856127739 0.170711711049 0.0677774846554 0.163317710161
b 0.243925943971 0.120056711137 0.0350518748164 0.372871488333
d 0.132048264146 0.426573455334 0.666006803513 0.190062060952
g 0.0956669077277 0.0671894997358 0.0197197422385 0.102046445012
t 0.242502763867 0.215468630195 0.211444094777 0.171702280641
h 1.0 1.0 1.0 1.0
c 0.0 0 0 0
Aa 0.289694517851 0.59807664156 0.50699275732 0.136654958129
Ab 0.220805004239 0.445199787617 0.22061856091 0.495180845261
Ad -0.0457203127444 0.995807170868 1.49938595295 0.202517107129
Ag -0.185691267252 0.193114757538 -0.0291914641857 -0.0675804391503
At 0.218263700604 0.699197411537 1.00110292435 0.158397734165
as 0.0 0.481481492519 0.608695626259 0.0
bs 0.0 0.27500000596 0.839999973774 0.655172407627
ds 0.0 0.239436626434 0.660377383232 0.0
gs 0.0 0.0 0.692307710648 0.0
ts 0.0 0.256410270929 0.396825402975 0.0
a 0.290628969669 0.177285388112 0.0771244391799 0.185590356588
b 0.237357407808 0.135575667024 0.0402607396245 0.369286328554
d 0.142933562398 0.401414513588 0.658765256405 0.178029105067
g 0.0937858298421 0.0766130164266 0.0236739162356 0.100965864956
t 0.235294237733 0.2091114223 0.20017567277 0.166128367186
h 1.0 1.0 1.0 1.0
c 0.0 0 0 0
Aa 0.3000420928 0.550727665424 0.479987055063 0.176891610026
Ab 0.212105974555 0.434236437082 0.197676762938 0.475699424744
Ad -0.00816260743886 0.905647754669 1.41152572632 0.158827215433
Ag -0.19115960598 0.18635725975 -0.0329348556697 -0.0874892175198
At 0.208314478397 0.622432410717 0.894206345081 0.128779992461
as 0.0 0.388888895512 0.565217375755 0.0
bs 0.0 0.25 0.759999990463 0.586206912994
ds 0.0 0.112676054239 0.5 0.0
gs 0.0 0.0 0.692307710648 0.0
ts 0.0 0.153846159577 0.222222223878 0.0
a 0.292432278395 0.156491115689 0.0896531641483 0.215397894382
b 0.234295591712 0.157026678324 0.0505771413445 0.353070259094
d 0.15298563242 0.393793076277 0.643051147461 0.168710723519
g 0.0926238745451 0.0890550687909 0.0306887049228 0.0996054783463
t 0.227662622929 0.203634053469 0.186029806733 0.163215637207
h 1.0 1.0 1.0 1.0
c 0.0 0 0 0
Aa 0.3000420928 0.427726149559 0.418807059526 0.232603341341
Ab 0.203780904412 0.429209917784 0.170195713639 0.447223007679
Ad 0.0186674334109 0.828504562378 1.27448701859 0.126504585147
Ag -0.199260279536 0.182895123959 -0.0467800013721 -0.102354899049
At 0.191308513284 0.542086899281 0.735823988914 0.112123653293
as 0.0 0.166666671634 0.434782594442 0.0428571440279
bs 0.0 0.25 0.639999985695 0.482758611441
ds 0.0 0.0140845067799 0.230769231915 0.0
gs 0.0 0.0 0.641025662422 0.0
ts 0.0 0.0512820519507 0.0 0.0
a 0.304274886847 0.118592202663 0.110441073775 0.246012300253
b 0.235203653574 0.180808648467 0.0695225521922 0.325491398573
d 0.153403937817 0.400209188461 0.609077513218 0.168623998761
g 0.0908817797899 0.102090336382 0.0426641888916 0.0976615473628
t 0.216235741973 0.198299631476 0.168294653296 0.162210777402
h 1.0 1.0 1.0 1.0
c 0.0 0 0 0
Aa 0.324331372976 0.246182665229 0.342805802822 0.296098172665
Ab 0.21250936389 0.429345726967 0.141800910234 0.417680829763
Ad 0.0269017927349 0.774413585663 1.08434772491 0.132060706615
Ag -0.200457885861 0.181111171842 -0.0702613294125 -0.105135075748
At 0.175992786884 0.469448417425 0.525745511055 0.11522102356
as 0.0 0.0 0.260869562626 0.128571435809
bs 0.0 0.256410270929 0.519999980927 0.413793116808
ds 0.0 0.0 0.0 0.0
gs 0.0 0.0 0.589743614197 0.0
ts 0.0 0.0 0.0 0.0
a 0.333198666573 0.0923820361495 0.146560415626 0.274685353041
b 0.237148046494 0.194292798638 0.0973377749324 0.286497414112
d 0.144964203238 0.412950098515 0.544318974018 0.184282019734
g 0.0858438163996 0.108555302024 0.0589424148202 0.0935343578458
t 0.198845267296 0.191819757223 0.152840435505 0.161000847816
h 1.0 1.0 1.0 1.0
c 0.0 0 0 0
Aa 0.402984827757 0.114188939333 0.294930905104 0.378565788269
Ab 0.255301117897 0.437058150768 0.117195643485 0.396850973368
Ad 0.0415423437953 0.764499008656 0.864767670631 0.20521324873
Ag -0.186009407043 0.184252455831 -0.100657865405 -0.0892985463142
At 0.178796812892 0.431494772434 0.313152492046 0.146558433771
as 0.0769230797887 0.0 0.152173906565 0.257142871618
bs 0.0 0.256410270929 0.439999997616 0.310344815254
ds 0.0 0.0 0.0 0.0
gs 0.0 0.0 0.512820541859 0.0
ts 0.0 0.0 0.0 0.0
a 0.333198666573 0.101774059236 0.188707008958 0.274685353041
b 0.237148046494 0.18790332973 0.118176236749 0.286497414112
d 0.144964203238 0.425361126661 0.468864411116 0.184282019734
g 0.0858438163996 0.104586422443 0.0692705959082 0.0935343578458
t 0.198845267296 0.180375054479 0.15498174727 0.161000847816
h 1.0 1.0 1.0 1.0
c 0.0 0 0 0
Aa 0.402984827757 0.189743459225 0.300960510969 0.378565788269
Ab 0.255301117897 0.45604082942 0.0977026373148 0.396850973368
Ad 0.0415423437953 0.810864150524 0.696219742298 0.20521324873
Ag -0.186009407043 0.201581686735 -0.134278610349 -0.0892985463142
At 0.178796812892 0.438282847404 0.21545304358 0.146558433771
as 0.0769230797887 0.0 0.173913046718 0.257142871618
bs 0.0 0.307692319155 0.360000014305 0.310344815254
ds 0.0 0.0399999991059 0.0 0.0
gs 0.0 0.0 0.410256415606 0.0
ts 0.0 0.0 0.0 0.0
a 0.333198666573 0.106236219406 0.206808403134 0.274685353041
b 0.237148046494 0.177707314491 0.113985478878 0.286497414112
d 0.144964203238 0.446714669466 0.435598790646 0.184282019734
g 0.0858438163996 0.100324861705 0.0647393465042 0.0935343578458
t 0.198845267296 0.16901691258 0.178867965937 0.161000847816
h 1.0 1.0 1.0 1.0
c 0.0 0 0 0
Aa 0.402984827757 0.264463365078 0.338814228773 0.378565788269
Ab 0.255301117897 0.487896054983 0.0800955668092 0.396850973368
Ad 0.0415423437953 0.888220965862 0.662332713604 0.20521324873
Ag -0.186009407043 0.239599317312 -0.165585622191 -0.0892985463142
At 0.178796812892 0.466120898724 0.275778651237 0.146558433771
as 0.0588235296309 0.0 0.260869562626 0.260869562626
bs 0.0 0.410256415606 0.280000001192 0.310344815254
ds 0.0 0.146666660905 0.0 0.0
gs 0.0 0.0799999982119 0.333333343267 0.0
ts 0.0 0.0 0.0 0.0
a 0.333198666573 0.128995388746 0.204523727298 0.274685353041
b 0.237148046494 0.166942864656 0.0952615886927 0.286497414112
d 0.144964203238 0.447486311197 0.439341127872 0.184282019734
g 0.0858438163996 0.0965264216065 0.053288847208 0.0935343578458
t 0.198845267296 0.160049021244 0.207584708929 0.161000847816
h 1.0 1.0 1.0 1.0
c 0.0 0 0 0
Aa 0.402984827757 0.419788122177 0.393402427435 0.378565788269
Ab 0.255301117897 0.531781792641 0.0615765303373 0.396850973368
Ad 0.0415423437953 0.959993720055 0.725460588932 0.20521324873
Ag -0.186009407043 0.293860137463 -0.190704971552 -0.0892985463142
At 0.178796812892 0.513466954231 0.399854063988 0.146558433771
as 0.0588235296309 0.220338985324 0.369565218687 0.260869562626
bs 0.0 0.512820541859 0.20000000298 0.310344815254
ds 0.0 0.239999994636 0.0 0.0
gs 0.0 0.180000007153 0.282051295042 0.0
ts 0.0 0.0506329126656 0.0 0.0
a 0.333198666573 0.17099276185 0.165053874254 0.274685353041
b 0.237148046494 0.154660105705 0.0787172988057 0.286497414112
d 0.144964203238 0.424229711294 0.472913056612 0.184282019734
g 0.0858438163996 0.0914938598871 0.0442513599992 0.0935343578458
t 0.198845267296 0.158623561263 0.239064410329 0.161000847816
h 1.0 1.0 1.0 1.0
c 0.0 0 0 0
Aa 0.402984827757 0.626809358597 0.364239513874 0.378565788269
Ab 0.255301117897 0.58320993185 0.0426839999855 0.396850973368
Ad 0.0415423437953 1.02143275738 0.821395158768 0.20521324873
Ag -0.186009407043 0.355223566294 -0.207459554076 -0.0892985463142
At 0.178796812892 0.594199299812 0.525128722191 0.146558433771
as 0.0588235296309 0.559322059155 0.304347813129 0.260869562626
bs 0.0 0.641025662422 0.119999997318 0.310344815254
ds 0.0 0.291666656733 0.0 0.0
gs 0.0 0.300000011921 0.230769231915 0.0
ts 0.0 0.151898726821 0.0 0.0
a 0.32890111208 0.205273300409 0.141769528389 0.284142524004
b 0.23833809793 0.142171725631 0.064625993371 0.292554229498
d 0.143642514944 0.397474050522 0.498015731573 0.179857119918
g 0.0872112214565 0.085685916245 0.0363341905177 0.0977862775326
t 0.201907068491 0.169395014644 0.259254544973 0.145659849048
h 1.0 1.0 1.0 1.0
c 0.0 0 0 0
Aa 0.397466570139 0.795548379421 0.373989164829 0.368102699518
Ab 0.257594704628 0.636029183865 0.0328134819865 0.380772858858
Ad 0.0376842282712 1.08252465725 0.919649362564 0.169494092464
Ag -0.179026380181 0.416125386953 -0.217278257012 -0.0951555967331
At 0.185552760959 0.712116539478 0.636132657528 0.0779063403606
as 0.0588235296309 0.847457647324 0.326086968184 0.246376812458
bs 0.0 0.769230782986 0.0799999982119 0.285714298487
ds 0.0 0.375 0.0 0.0
gs 0.023809524253 0.428571432829 0.205128207803 0.0
ts 0.0 0.303797453642 0.0 0.0
a 0.326929599047 0.202422738075 0.130751892924 0.292339354753
b 0.240583434701 0.134093299508 0.0551975369453 0.300216853619
d 0.140930369496 0.390664607286 0.514976263046 0.1719661057
g 0.0881246700883 0.0827146396041 0.0302920229733 0.101673640311
t 0.203431919217 0.190104708076 0.268782287836 0.133804038167
h 1.0 1.0 1.0 1.0
c 0.0 0 0 0
Aa 0.397322535515 0.863128602505 0.410274714231 0.35517463088
Ab 0.264134019613 0.684276342392 0.0357464365661 0.366722375154
Ad 0.031872920692 1.14867341518 1.00561392307 0.124730154872
Ag -0.172034189105 0.47445166111 -0.22484497726 -0.103504292667
At 0.191287413239 0.835862159729 0.723227381706 0.0157565549016
as 0.0392156876624 0.966101706028 0.413043469191 0.217391297221
bs 0.0 0.897435903549 0.0416666679084 0.214285716414
ds 0.0 0.472222208977 0.0 0.0
gs 0.0487804859877 0.551020383835 0.17948718369 0.0
ts 0.0 0.461538463831 0.0298507455736 0.0
a 0.322337716818 0.181359618902 0.119236826897 0.29429858923
b 0.244403511286 0.128961294889 0.0506104491651 0.30464053154
d 0.142509162426 0.397167533636 0.530356526375 0.167848736048
g 0.0883367881179 0.0823265314102 0.0262037143111 0.103754475713
t 0.202412813902 0.210185036063 0.273592472076 0.129457682371
h 1.0 1.0 1.0 1.0
c 0.0 0 0 0
Aa 0.393736869097 0.871195316315 0.421468764544 0.338681936264
Ab 0.273533165455 0.723114073277 0.0492985546589 0.353681415319
Ad 0.0392685346305 1.21162843704 1.06962633133 0.094811797142
Ag -0.168432667851 0.528194487095 -0.236578777432 -0.114099435508
At 0.191663742065 0.935256481171 0.782162487507 -0.0179784521461
as 0.0392156876624 0.983050823212 0.434782594442 0.202898547053
bs 0.0 1.0 0.125 0.178571432829
ds 0.0 0.563380300999 0.0483870953321 0.0
gs 0.0487804859877 0.673469364643 0.153846159577 0.0
ts 0.0 0.584415555 0.119402982295 0.0
a 0.318043261766 0.16530944407 0.112108252943 0.292054861784
b 0.246977925301 0.125136062503 0.0490662641823 0.297922849655
d 0.151326432824 0.404394477606 0.540911018848 0.171322286129
g 0.0872586220503 0.0835789442062 0.0233958885074 0.103537641466
t 0.196393758059 0.221581071615 0.274518609047 0.135162383318
h 1.0 1.0 1.0 1.0
c 0.0 0 0 0
Aa 0.391917616129 0.871195316315 0.425703167915 0.323691904545
Ab 0.282089561224 0.750280082226 0.06684859097 0.332331269979
Ad 0.0693462044001 1.25970292091 1.10919141769 0.092041336
Ag -0.169760257006 0.574994504452 -0.254794865847 -0.126674264669
At 0.182559102774 0.99843031168 0.814637362957 -0.0109166773036
as 0.0392156876624 0.982758641243 0.434782594442 0.173913046718
bs 0.0192307699472 1.0 0.166666671634 0.107142858207
ds 0.0204081628472 0.633802831173 0.112903222442 0.0
gs 0.0487804859877 0.755102038383 0.102564103901 0.0
ts 0.0 0.675324678421 0.164179101586 0.0
a 0.315514057875 0.156475692987 0.108528874815 0.291035562754
b 0.24800850451 0.123164951801 0.0494150742888 0.275544345379
d 0.165257096291 0.408286452293 0.547398269176 0.182159632444
g 0.0853242129087 0.086312957108 0.0215255655348 0.102430082858
t 0.185896113515 0.225759938359 0.273132234812 0.148830354214
h 1.0 1.0 1.0 1.0
c 0.0 0 0 0
Aa 0.391917616129 0.871195316315 0.425815880299 0.315145283937
Ab 0.287365466356 0.767235577106 0.0841300040483 0.291390746832
Ad 0.111059032381 1.28771340847 1.12857401371 0.111651360989
Ag -0.176028817892 0.612824440002 -0.276774853468 -0.13837325573
At 0.162169203162 1.03039526939 0.826643526554 0.0238907337189
as 0.0392156876624 0.982758641243 0.434782594442 0.15942029655
bs 0.0196078438312 1.0 0.25 0.0
ds 0.047619048506 0.66197180748 0.145161285996 0.0
gs 0.0243902429938 0.836734712124 0.0526315793395 0.0
ts 0.0 0.714285731316 0.179104477167 0.0
a 0.314702063799 0.15240855515 0.108745075762 0.292444497347
b 0.250497937202 0.123131811619 0.0507132783532 0.238425344229
d 0.178957507014 0.408768683672 0.549176633358 0.199818581343
g 0.0835075974464 0.0898568034172 0.0202603787184 0.102187789977
t 0.172334894538 0.225834161043 0.271104633808 0.167123809457
h 1.0 1.0 1.0 1.0
c 0.0 0 0 0
Aa 0.391917616129 0.871195316315 0.432000100613 0.313973009586
Ab 0.292822211981 0.778556227684 0.100712180138 0.225281998515
Ad 0.146767958999 1.2996635437 1.13530254364 0.14856544137
Ag -0.184255987406 0.641736924648 -0.297761946917 -0.14267142117
At 0.130391269922 1.04197561741 0.828727424145 0.0709678828716
as 0.0392156876624 0.982758641243 0.456521749496 0.15942029655
bs 0.0196078438312 1.0 0.333333343267 0.0
ds 0.0680272132158 0.699999988079 0.145161285996 0.0
gs 0.0 0.897959172726 0.0 0.0
ts 0.0 0.727272748947 0.194029852748 0.0
a 0.309755384922 0.150410726666 0.108857907355 0.287533819675
b 0.260822474957 0.124880462885 0.052670314908 0.194189220667
d 0.185444518924 0.406293213367 0.549049317837 0.22735761106
g 0.0831778123975 0.0937799215317 0.0194052886218 0.103916719556
t 0.160799816251 0.224635660648 0.270017206669 0.187002629042
h 1.0 1.0 1.0 1.0
c 0.0 0 0 0
Aa 0.38444468379 0.871195316315 0.434032082558 0.311871051788
Ab 0.309770852327 0.790410995483 0.118737995625 0.141407206655
Ad 0.161639809608 1.30275607109 1.13678336143 0.209891572595
Ag -0.186566695571 0.666026353836 -0.314907819033 -0.130132496357
At 0.0997113585472 1.04539513588 0.828563511372 0.125029787421
as 0.0196078438312 0.982758641243 0.456521749496 0.15942029655
bs 0.0588235296309 1.0 0.416666656733 0.0
ds 0.0816326513886 0.699999988079 0.131147533655 0.0078740157187
gs 0.0 0.938775539398 0.0 0.0
ts 0.0 0.727272748947 0.194029852748 0.0
a 0.309755384922 0.148911297321 0.108701124787 0.287533819675
b 0.260822474957 0.128310590982 0.0549830123782 0.194189220667
d 0.185444518924 0.401360720396 0.54732221365 0.22735761106
g 0.0831778123975 0.09835909307 0.0188343599439 0.103916719556
t 0.160799816251 0.223058283329 0.270159304142 0.187002629042
h 1.0 1.0 1.0 1.0
c 0.0 0 0 0
Aa 0.38444468379 0.871195316315 0.434032082558 0.311871051788
Ab 0.309770852327 0.806530177593 0.138026595116 0.141407206655
Ad 0.161639809608 1.30180251598 1.1360411644 0.209891572595
Ag -0.186566695571 0.691082179546 -0.327251106501 -0.130132496357
At 0.0997113585472 1.04668605328 0.829418003559 0.125029787421
as 0.0196078438312 1.0 0.456521749496 0.15942029655
bs 0.0588235296309 1.0 0.5 0.0
ds 0.0816326513886 0.699999988079 0.131147533655 0.0078740157187
gs 0.0 1.0 0.0 0.0
ts 0.0 0.727272748947 0.194029852748 0.0
a 0.309755384922 0.147523865104 0.10879547894 0.287533819675
b 0.260822474957 0.13290502131 0.0571573935449 0.194189220667
d 0.185444518924 0.39482280612 0.544539690018 0.22735761106
g 0.0831778123975 0.103626050055 0.0184698179364 0.103916719556
t 0.160799816251 0.221122249961 0.271037608385 0.187002629042
h 1.0 1.0 1.0 1.0
c 0.0 0 0 0
Aa 0.38444468379 0.871195316315 0.434642255306 0.311871051788
Ab 0.309770852327 0.825874328613 0.155103817582 0.141407206655
Ad 0.161639809608 1.29873526096 1.13406097889 0.209891572595
Ag -0.186566695571 0.71780192852 -0.335505962372 -0.130132496357
At 0.0997113585472 1.04696547985 0.831061005592 0.125029787421
as 0.0196078438312 1.0 0.456521749496 0.15942029655
bs 0.0588235296309 1.0 0.541666686535 0.0
ds 0.0816326513886 0.699999988079 0.116666667163 0.0078740157187
gs 0.0 1.0 0.0 0.0
ts 0.0 0.727272748947 0.194029852748 0.0
a 0.309755384922 0.14697048068 0.109484069049 0.287533819675
b 0.260822474957 0.138038024306 0.0590111650527 0.194189220667
d 0.185444518924 0.386383861303 0.540916442871 0.22735761106
g 0.0831778123975 0.109699316323 0.018406406045 0.103916719556
t 0.160799816251 0.218908309937 0.272181928158 0.187002629042
h 1.0 1.0 1.0 1.0
c 0.0 0 0 0
Aa 0.38444468379 0.871195316315 0.434846043587 0.311871051788
Ab 0.309770852327 0.843963861465 0.166429281235 0.141407206655
Ad 0.161639809608 1.29098415375 1.1286252737 0.209891572595
Ag -0.186566695571 0.74416911602 -0.33953589201 -0.130132496357
At 0.0997113585472 1.04422736168 0.830354392529 0.125029787421
as 0.0196078438312 1.0 0.456521749496 0.15942029655
bs 0.0588235296309 1.0 0.583333313465 0.0
ds 0.0816326513886 0.685714304447 0.116666667163 0.0078740157187
gs 0.0 1.0 0.0 0.0
ts 0.0 0.727272748947 0.19696970284 0.0
a 0.309755384922 0.148305997252 0.111614942551 0.287533819675
b 0.260822474957 0.143243283033 0.0607099533081 0.194189220667
d 0.185444518924 0.375063747168 0.536273062229 0.22735761106
g 0.0831778123975 0.11639277637 0.0187637191266 0.103916719556
t 0.160799816251 0.216994196177 0.272638320923 0.187002629042
h 1.0 1.0 1.0 1.0
c 0.0 0 0 0
Aa 0.38444468379 0.871195316315 0.434846043587 0.311871051788
Ab 0.309770852327 0.856110811234 0.170383617282 0.141407206655
Ad 0.161639809608 1.27414166927 1.11650967598 0.209891572595
Ag -0.186566695571 0.765962600708 -0.339557349682 -0.130132496357
At 0.0997113585472 1.03648471832 0.822710633278 0.125029787421
as 0.0196078438312 1.0 0.444444447756 0.15942029655
bs 0.0588235296309 1.0 0.625 0.0
ds 0.0816326513886 0.657142877579 0.0677966102958 0.0078740157187
gs 0.0 1.0 0.0 0.0
ts 0.0 0.714285731316 0.181818187237 0.0
a 0.193112835288 0.152170807123 0.115883901715 0.247143894434
b 0.182349815965 0.148299992085 0.0626797229052 0.177477017045
d 0.400826662779 0.36008566618 0.530318379402 0.256547480822
g 0.0966006144881 0.123188629746 0.0197745710611 0.189461007714
t 0.12711006403 0.216254919767 0.271343410015 0.129370599985
h 1.0 1.0 1.0 1.0
c 0.0105902440846 0 0 0
Aa 0.414145857096 0.871195316315 0.434846043587 0.239911571145
Ab 0.389240026474 0.860005021095 0.167949989438 0.0961038097739
Ad 0.731291353703 1.24526977539 1.09535956383 0.256129443645
Ag 0.113314606249 0.779434561729 -0.333069980145 0.124481521547
At 0.232514634728 1.02382993698 0.804342210293 -0.0412027090788
as 0.0784313753247 1.0 0.444444447756 0.0579710155725
bs 0.215686276555 1.0 0.625 0.0
ds 0.469387769699 0.614285707474 0.0338983051479 0.0393700785935
gs 0.731707334518 1.0 0.0 0.536585390568
ts 0.047619048506 0.701298713684 0.151515156031 0.0
a 0.204758599401 0.158580392599 0.123205155134 0.321359366179
b 0.218051731586 0.152945712209 0.0655467882752 0.178713753819
d 0.35899502039 0.341897308826 0.522668778896 0.220448374748
g 0.0982245057821 0.129430517554 0.0216457843781 0.161417707801
t 0.119970165193 0.217146083713 0.266933500767 0.118060804904
h 1.0 1.0 1.0 1.0
c 0.0105902440846 0 0 0
Aa 0.414145857096 0.871195316315 0.434846043587 0.378625661135
Ab 0.441463261843 0.855483114719 0.160768553615 0.123792715371
Ad 0.657992124557 1.20484149456 1.06244373322 0.214941620827
Ag 0.0951235741377 0.782982468605 -0.320409506559 0.0795858800411
At 0.181976959109 1.00769782066 0.77062022686 -0.0562595240772
as 0.0599999986589 1.0 0.444444447756 0.260869562626
bs 0.313725501299 1.0 0.583333313465 0.0
ds 0.421768695116 0.557142853737 0.0 0.0078740157187
gs 0.68292683363 1.0 0.0 0.43902438879
ts 0.0 0.675324678421 0.106060609221 0.0
a 0.213920220733 0.167851954699 0.135904088616 0.343890309334
b 0.247758030891 0.15728752315 0.0702001973987 0.18628552556
d 0.32201603055 0.322253346443 0.5113260746 0.200015425682
g 0.100348450243 0.135269016027 0.0248315148056 0.149691298604
t 0.115957282484 0.21733815968 0.257738113403 0.12011744082
h 1.0 1.0 1.0 1.0
c 0.0105902440846 0 0 0
Aa 0.414145857096 0.871195316315 0.436367064714 0.410186707973
Ab 0.477921754122 0.842963159084 0.149472847581 0.143945887685
Ad 0.591771543026 1.1544662714 1.01183247566 0.174830287695
Ag 0.0854046791792 0.777467250824 -0.301862239838 0.0489633567631
At 0.148192048073 0.983404874802 0.714313149452 -0.0466271340847
as 0.0599999986589 1.0 0.444444447756 0.29411765933
bs 0.392156869173 1.0 0.541666686535 0.0
ds 0.374149650335 0.485714286566 0.0 0.0
gs 0.658536612988 1.0 0.0500000007451 0.34999999404
ts 0.0 0.657894730568 0.0153846153989 0.0
a 0.22115804255 0.181911110878 0.151054367423 0.347954392433
b 0.265463411808 0.16265539825 0.0786583051085 0.190954744816
d 0.293847799301 0.301095634699 0.495686322451 0.185244739056
g 0.103042259812 0.142113998532 0.0303624626249 0.145365357399
t 0.11648850888 0.212223857641 0.24423854053 0.130480751395
h 1.0 1.0 1.0 1.0
c 0.0105902440846 0 0 0
Aa 0.414145857096 0.871195316315 0.417023986578 0.410186707973
Ab 0.493447780609 0.82260453701 0.133635312319 0.149594858289
Ad 0.537565588951 1.09004056454 0.933097660542 0.136410281062
Ag 0.0824585109949 0.763972938061 -0.279772281647 0.0311253238469
At 0.135726198554 0.938130259514 0.625704884529 -0.0157891735435
as 0.0599999986589 1.0 0.40000000596 0.29411765933
bs 0.411764711142 1.0 0.458333343267 0.0
ds 0.326388895512 0.40000000596 0.0 0.0
gs 0.658536612988 1.0 0.10000000149 0.300000011921
ts 0.0 0.608108103275 0.0 0.0
a 0.227554395795 0.204407900572 0.166027709842 0.350544184446
b 0.272303253412 0.171540215611 0.094133593142 0.188410818577
d 0.273210316896 0.275274038315 0.472458064556 0.173028916121
g 0.105853639543 0.152265235782 0.0401380583644 0.143294781446
t 0.121078394353 0.196512594819 0.227242559195 0.14472129941
h 1.0 1.0 1.0 1.0
c 0.0105902440846 0 0 0
Aa 0.414145857096 0.871195316315 0.358604222536 0.410186707973
Ab 0.492113471031 0.795063555241 0.112168267369 0.140549808741
Ad 0.493557691574 1.00046288967 0.812786877155 0.103562638164
Ag 0.0817664042115 0.743298351765 -0.258020013571 0.0216743275523
At 0.140127271414 0.854088008404 0.494913309813 0.0259764101356
as 0.0599999986589 1.0 0.288888901472 0.29411765933
bs 0.411764711142 1.0 0.375 0.0
ds 0.291666656733 0.275362312794 0.0 0.0
gs 0.658536612988 1.0 0.15000000596 0.27500000596
ts 0.0 0.493150681257 0.0 0.0
a 0.233598694205 0.219311878085 0.1843021065 0.352088838816
b 0.273702055216 0.191524639726 0.121254652739 0.181884288788
d 0.257428765297 0.244826152921 0.431458175182 0.164407595992
g 0.107967585325 0.171823143959 0.0572192370892 0.141702502966
t 0.127302914858 0.172514185309 0.205765813589 0.159916758537
h 1.0 1.0 1.0 1.0
c 0.0105902440846 0 0 0
Aa 0.414145857096 0.821183145046 0.267676353455 0.410186707973
Ab 0.482953488827 0.762345612049 0.0858444720507 0.123329609632
Ad 0.456332534552 0.868978798389 0.637084782124 0.0794563218951
Ag 0.0789688527584 0.715202629566 -0.240311890841 0.0149119757116
At 0.1505138129 0.716945767403 0.315519273281 0.0674284175038
as 0.0599999986589 0.907407402992 0.0888888910413 0.29411765933
bs 0.392156869173 0.931818187237 0.25 0.0
ds 0.263888895512 0.0869565233588 0.0 0.0
gs 0.658536612988 0.980392158031 0.20000000298 0.25
ts 0.0 0.301369875669 0.0 0.0
a 0.2383710742 0.203845009208 0.189471885562 0.352589935064
b 0.276126801968 0.233480632305 0.169385477901 0.175974696875
d 0.244188025594 0.209143087268 0.368846327066 0.158128976822
g 0.108426369727 0.209203213453 0.0879120901227 0.139286592603
t 0.132887735963 0.144328057766 0.184384226799 0.174019798636
h 1.0 1.0 1.0 1.0
c 0.0105902440846 0 0 0
Aa 0.414145857096 0.669290363789 0.105642721057 0.410186707973
Ab 0.478000849485 0.728241145611 0.0569741092622 0.1083670035
Ad 0.424616664648 0.680433809757 0.394943386316 0.061928268522
Ag 0.0720272213221 0.680558621883 -0.227853447199 0.00682608922943
At 0.160377204418 0.519341051579 0.0938216894865 0.103515438735
as 0.0599999986589 0.629629611969 0.0 0.29411765933
bs 0.392156869173 0.863636374474 0.130434781313 0.0
ds 0.243055552244 0.0 0.0 0.0
gs 0.634146332741 0.921568632126 0.22499999404 0.22499999404
ts 0.0 0.0410958901048 0.0 0.019417475909
a 0.240209832788 0.148470282555 0.187635406852 0.351369202137
b 0.284061551094 0.304150611162 0.239395335317 0.174701601267
d 0.23123319447 0.163325831294 0.272664219141 0.152196928859
g 0.107870556414 0.268424451351 0.134660288692 0.136243924499
t 0.136624857783 0.115628816187 0.165644749999 0.18548835814
h 1.0 1.0 1.0 1.0
c 0.0105902440846 0 0 0
Aa 0.414145857096 0.385797441006 -0.0770345777273 0.410186707973
Ab 0.486967533827 0.697246611118 0.0287663359195 0.106719911098
Ad 0.397605240345 0.427212804556 0.0852787867188 0.0468289144337
Ag 0.0664580017328 0.642979979515 -0.22110979259 -0.00125981098972
At 0.169084772468 0.277224004269 -0.131171688437 0.132739678025
as 0.0599999986589 0.0925925895572 0.0 0.29411765933
bs 0.392156869173 0.772727251053 0.0434782616794 0.0
ds 0.229166671634 0.0 0.0 0.0
gs 0.609756112099 0.843137264252 0.25 0.22499999404
ts 0.0 0.0 0.0 0.0490196086466
a 0.257974028587 0.0931475460529 0.205477043986 0.354599654675
b 0.289648026228 0.379849791527 0.296492308378 0.177509069443
d 0.211974442005 0.109661146998 0.161645665765 0.14406041801
g 0.105376139283 0.32811024785 0.177461355925 0.132531449199
t 0.135027363896 0.0892312526703 0.158923640847 0.191299408674
h 1.0 1.0 1.0 1.0
c 0.0105902440846 0 0 0
Aa 0.460235148668 0.0613763406873 -0.156688660383 0.424461811781
Ab 0.510529756546 0.671816825867 0.00256144045852 0.123944029212
Ad 0.374942690134 0.132257685065 -0.260887920856 0.0332681536674
Ag 0.07140147686 0.60822468996 -0.220348164439 -0.00295757409185
At 0.179080963135 0.0427219048142 -0.268263489008 0.156437128782
as 0.159999996424 0.0 0.0 0.308823525906
bs 0.450980395079 0.727272748947 0.0 0.0
ds 0.208333328366 0.0 0.0 0.0
gs 0.634146332741 0.784313738346 0.25 0.22499999404
ts 0.00943396240473 0.0 0.0 0.0693069323897
a 0.297760903835 0.0738083645701 0.237948223948 0.358958631754
b 0.285570770502 0.420963615179 0.308522224426 0.182311266661
d 0.18703456223 0.0704539269209 0.0952966883779 0.135798826814
g 0.101030826569 0.360130816698 0.194050073624 0.130160078406
t 0.128602951765 0.074643291533 0.164182797074 0.192771181464
h 1.0 1.0 1.0 1.0
c 0.0105902440846 0 0 0
Aa 0.558465301991 -0.106068298221 -0.135528787971 0.450489044189
Ab 0.540311396122 0.650070667267 -0.0227247942239 0.156258121133
Ad 0.35651949048 -0.126268714666 -0.532933473587 0.0283406358212
Ag 0.0890515446663 0.58228635788 -0.224097430706 0.00992242526263
At 0.19384855032 -0.101183116436 -0.296683609486 0.180486723781
as 0.360000014305 0.0 0.0 0.375
bs 0.509803950787 0.681818187237 0.0 0.0
ds 0.194444447756 0.0 0.0 0.0
gs 0.68292683363 0.72549021244 0.230769231915 0.25
ts 0.0188679248095 0.0 0.0 0.0816326513886
a 0.339543640614 0.0718497782946 0.241021081805 0.348473459482
b 0.275766551495 0.429071009159 0.301615178585 0.188784793019
d 0.164691492915 0.0563864484429 0.0783047676086 0.131528973579
g 0.0971177816391 0.372903436422 0.199954390526 0.132899016142
t 0.122880555689 0.0697893202305 0.179104566574 0.198313757777
h 1.0 1.0 1.0 1.0
c 0.0105902440846 0 0 0
Aa 0.655810713768 -0.149881795049 -0.147379592061 0.459141641855
Ab 0.565456688404 0.626221954823 -0.0499814376235 0.192938938737
Ad 0.341586261988 -0.255132496357 -0.63564646244 0.0359933674335
Ag 0.112213887274 0.565289139748 -0.22850368917 0.0404936932027
At 0.214398294687 -0.162518277764 -0.276327967644 0.214324772358
as 0.540000021458 0.0 0.0 0.380952388048
bs 0.549019634724 0.613636374474 0.0 0.0
ds 0.1875 0.0 0.0 0.0
gs 0.731707334518 0.680000007153 0.230769231915 0.324999988079
ts 0.0377358496189 0.0 0.0 0.112244896591
a 0.372727662325 0.078083589673 0.231896445155 0.331772327423
b 0.263789623976 0.4184422791 0.284412652254 0.191336393356
d 0.148314788938 0.0575120039284 0.089787453413 0.130621999502
g 0.0937673598528 0.378300905228 0.202140077949 0.137673303485
t 0.121400564909 0.0676611959934 0.191763371229 0.208595976233
h 1.0 1.0 1.0 1.0
c 0.020656067878 0 0 0
Aa 0.729000091553 -0.133672997355 -0.1700399369 0.463789224625
Ab 0.578866183758 0.595402777195 -0.0813851282001 0.224746674299
Ad 0.328792929649 -0.266474276781 -0.582118391991 0.0589654147625
Ag 0.129660144448 0.551604628563 -0.22968159616 0.081798799336
At 0.241829186678 -0.195893108845 -0.252568393946 0.262255012989
as 0.699999988079 0.0 0.0 0.40000000596
bs 0.588235318661 0.54545456171 0.0 0.0
ds 0.180555552244 0.0 0.0 0.0
gs 0.780487775803 0.660000026226 0.230769231915 0.425000011921
ts 0.0660377368331 0.0 0.0 0.163265302777
a 0.400893568993 0.090124540031 0.230879485607 0.313175916672
b 0.264307409525 0.398904025555 0.261398285627 0.194843292236
d 0.118942335248 0.0648026913404 0.110862322152 0.122668117285
g 0.091826826334 0.380201160908 0.202853664756 0.138409748673
t 0.124029867351 0.0659676045179 0.194006249309 0.230902925134
h 1.0 1.0 1.0 1.0
c 0.0313481390476 0 0 0
Aa 0.771806776524 -0.0879759788513 -0.1700399369 0.464002817869
Ab 0.590887069702 0.558049380779 -0.116122573614 0.257899910212
Ad 0.244114175439 -0.231225982308 -0.488641321659 0.0569461323321
Ag 0.131747275591 0.537194371223 -0.226242423058 0.109381102026
At 0.262304008007 -0.22348831594 -0.24560958147 0.331643879414
as 0.77999997139 0.0 0.0 0.40000000596
bs 0.600000023842 0.477272719145 0.0 0.117647059262
ds 0.118055552244 0.0 0.0 0.0
gs 0.780487775803 0.620000004768 0.230769231915 0.5
ts 0.0849056616426 0.0 0.0 0.237113401294
a 0.412157535553 0.104235157371 0.228689432144 0.300247550011
b 0.268229663372 0.374952614307 0.240433096886 0.191535592079
d 0.0938528180122 0.0815678015351 0.138919457793 0.12284758687
g 0.090781763196 0.374935239553 0.204882800579 0.137177348137
t 0.134978234768 0.0643091723323 0.187075212598 0.248191922903
h 1.0 1.0 1.0 1.0
c 0.0424628034234 0 0 0
Aa 0.783634483814 -0.035990614444 -0.172796010971 0.482610553503
Ab 0.597078025341 0.519971549511 -0.151047840714 0.287380605936
Ad 0.141018554568 -0.142486095428 -0.389279007912 0.0944977253675
Ag 0.126569822431 0.519951403141 -0.220536574721 0.14241348207
At 0.298834979534 -0.245731920004 -0.260025858879 0.39991876483
as 0.800000011921 0.0 0.0 0.433333337307
bs 0.600000023842 0.386363625526 0.0 0.205882355571
ds 0.0419580414891 0.0 0.0 0.0
gs 0.756097555161 0.600000023842 0.256410270929 0.574999988079
ts 0.122641511261 0.0 0.0 0.309278339148
a 0.420918405056 0.161138936877 0.222489371896 0.289620667696
b 0.267848402262 0.323985517025 0.224232181907 0.187732473016
d 0.0746800079942 0.113900616765 0.173599854112 0.126209184527
g 0.0891635715961 0.333864301443 0.206339761615 0.136116534472
t 0.147389605641 0.0671106427908 0.17333881557 0.260321140289
h 1.0 1.0 1.0 1.0
c 0.0542037189007 0 0 0
Aa 0.795738637447 0.184642910957 -0.183858782053 0.503443419933
Ab 0.599429786205 0.487968027592 -0.180470094085 0.315153241158
Ad 0.0447450615466 0.0339684933424 -0.291618704796 0.142704814672
Ag 0.121728181839 0.501012384892 -0.216585114598 0.175524741411
At 0.340007573366 -0.195766195655 -0.292272210121 0.457123279572
as 0.819999992847 0.0 0.0 0.466666668653
bs 0.620000004768 0.318181812763 0.0 0.264705896378
ds 0.0 0.0 0.0 0.0152671756223
gs 0.756097555161 0.560000002384 0.256410270929 0.649999976158
ts 0.16037735343 0.0 0.0 0.360824733973
a 0.419192016125 0.224695757031 0.223649740219 0.273761302233
b 0.267308354378 0.258775383234 0.208030328155 0.187198489904
d 0.0648760274053 0.165184929967 0.211809873581 0.134293332696
g 0.0892939120531 0.27014502883 0.199886187911 0.136810153723
t 0.15932969749 0.0811988860369 0.156623870134 0.267936706543
h 1.0 1.0 1.0 1.0
c 0.0667745396495 0 0 0
Aa 0.798794984818 0.401926070452 -0.169901058078 0.507343113422
Ab 0.603394508362 0.463254153728 -0.20134280622 0.342273384333
Ad -0.011533793062 0.268301635981 -0.193523272872 0.198025479913
Ag 0.127203851938 0.481928169727 -0.218686699867 0.206089377403
At 0.378678709269 -0.0401187464595 -0.324611514807 0.4980032444
as 0.839999973774 0.253968268633 0.0 0.47457626462
bs 0.620000004768 0.25 0.0 0.352941185236
ds 0.0 0.0 0.0 0.0610687024891
gs 0.780487775803 0.519999980927 0.256410270929 0.725000023842
ts 0.198113203049 0.0 0.0 0.412371128798
a 0.41012185812 0.279685884714 0.242617294192 0.258675575256
b 0.267474412918 0.194594562054 0.185947790742 0.188281804323
d 0.06209262833 0.214769110084 0.247903227806 0.145390883088
g 0.0911952480674 0.205049976707 0.178464755416 0.137945860624
t 0.169115871191 0.105900458992 0.145066931844 0.269705891609
h 1.0 1.0 1.0 1.0
c 0.0801752731204 0 0 0
Aa 0.79975092411 0.597051143646 -0.0912457332015 0.50695514679
Ab 0.61412024498 0.439511299133 -0.206776484847 0.36900806427
Ad -0.0201219394803 0.482352435589 -0.0818853154778 0.256736844778
Ag 0.146810203791 0.462240308523 -0.224615037441 0.233908355236
At 0.415022373199 0.175278440118 -0.314599066973 0.525090098381
as 0.839999973774 0.555555582047 0.0 0.47457626462
bs 0.639999985695 0.204545453191 0.0 0.454545468092
ds 0.0 0.0 0.0 0.0992366448045
gs 0.804878056049 0.479999989271 0.230769231915 0.800000011921
ts 0.226415097713 0.0 0.0 0.432989686728
a 0.395967423916 0.292875438929 0.250693380833 0.241163864732
b 0.269720494747 0.149644896388 0.161505833268 0.191406369209
d 0.0637886971235 0.257509350777 0.291729480028 0.158468440175
g 0.0938454195857 0.1602627635 0.148972183466 0.139860346913
t 0.176677957177 0.139707550406 0.147099137306 0.269100993872
h 1.0 1.0 1.0 1.0
c 0.0948132351041 0 0 0
Aa 0.800009548664 0.70179527998 0.000329197529936 0.495710968971
Ab 0.633264064789 0.4101742208 -0.190625458956 0.395355135202
Ad 0.00709384772927 0.645905315876 0.0661666318774 0.313341498375
Ag 0.174763202667 0.439944952726 -0.225708499551 0.259093314409
At 0.449532479048 0.380332201719 -0.231203556061 0.543314039707
as 0.839999973774 0.730158746243 0.0 0.457627117634
bs 0.680000007153 0.136363640428 0.0 0.5
ds 0.0 0.0561797767878 0.0 0.13846154511
gs 0.87804877758 0.439999997616 0.236842110753 0.875
ts 0.264150947332 0.0 0.0 0.453608244658
a 0.382001042366 0.271550059319 0.257751911879 0.220949158072
b 0.272494316101 0.12127776444 0.135660260916 0.196353882551
d 0.0680773183703 0.296468526125 0.334740906954 0.172004237771
g 0.0955542251468 0.132711082697 0.118362084031 0.141867354512
t 0.181873098016 0.177992597222 0.153484806418 0.268825352192
h 1.0 1.0 1.0 1.0
c 0.110479667783 0 0 0
Aa 0.803300440311 0.725132346153 0.126448258758 0.472133666277
Ab 0.656593322754 0.375063687563 -0.15230101347 0.420880794525
Ad 0.0542383342981 0.763261079788 0.23995514214 0.363380461931
Ag 0.201485767961 0.41418966651 -0.211541056633 0.279723793268
At 0.481004357338 0.541684448719 -0.0986882522702 0.557311534882
as 0.839999973774 0.761904776096 0.0 0.423728823662
bs 0.72000002861 0.0454545468092 0.0 0.59375
ds 0.00680272094905 0.191011235118 0.0 0.178294569254
gs 0.951219499111 0.379999995232 0.289473682642 0.925000011921
ts 0.292452841997 0.17499999702 0.0 0.463917523623
a 0.368348926306 0.247063606977 0.247542247176 0.216192722321
b 0.275539040565 0.101768054068 0.118171446025 0.198653206229
d 0.0731977298856 0.327692091465 0.375051885843 0.180331125855
g 0.0961317792535 0.113544777036 0.0982644632459 0.140299201012
t 0.186782538891 0.209931463003 0.16096997261 0.264523774385
h 1.0 1.0 1.0 1.0
c 0.126762166619 0 0 0
Aa 0.803300440311 0.725132346153 0.223157033324 0.481803297997
Ab 0.677224159241 0.339935064316 -0.0979797393084 0.445057809353
Ad 0.101538643241 0.84778958559 0.403599053621 0.403032928705
Ag 0.21990801394 0.387490779161 -0.178095787764 0.29401743412
At 0.508377313614 0.654401123524 0.0362525582314 0.569426953793
as 0.839999973774 0.761904776096 0.178571432829 0.440677970648
bs 0.759999990463 0.0 0.0 0.65625
ds 0.0408163256943 0.280898869038 0.0 0.209302321076
gs 1.0 0.340000003576 0.368421047926 0.949999988079
ts 0.32075470686 0.3125 0.0 0.484536081553
a 0.357372790575 0.230315044522 0.229486331344 0.212717846036
b 0.273557245731 0.0891797021031 0.108647622168 0.200630292296
d 0.0827522575855 0.34979724884 0.404255777597 0.188452348113
g 0.0945766419172 0.100266359746 0.0878081545234 0.137423813343
t 0.19174104929 0.230441644788 0.169802129269 0.260775715113
h 1.0 1.0 1.0 1.0
c 0.143253415823 0 0 0
Aa 0.805867671967 0.725132346153 0.284668684006 0.492245852947
Ab 0.689794421196 0.313076049089 -0.0400678962469 0.466838419437
Ad 0.170526057482 0.906626403332 0.530568063259 0.439643472433
Ag 0.228530094028 0.363965272903 -0.1325532794 0.302503883839
At 0.535461306572 0.725371003151 0.153854981065 0.580709040165
as 0.839999973774 0.761904776096 0.290909081697 0.457627117634
bs 0.800000011921 0.0 0.0 0.71875
ds 0.0884353742003 0.348314613104 0.0 0.240310072899
gs 1.0 0.280000001192 0.5 0.975000023842
ts 0.33962264657 0.40000000596 0.0 0.489583343267
