eeg 843.874938965 847.164855957 824.135131836 815.91027832
eeg 845.519897461 847.164855957 824.135131836 827.425109863
eeg 843.874938965 845.519897461 825.780151367 829.070068359
eeg 842.229919434 845.519897461 825.780151367 840.584960938
eeg 845.519897461 847.164855957 827.425109863 832.360046387
eeg 847.164855957 848.809875488 824.135131836 832.360046387
eeg 848.809875488 845.519897461 820.845214844 835.650024414
eeg 852.09979248 845.519897461 822.49017334 832.360046387
a 0.345731198788 0.151717439294 0.217215955257 0.0449760891497
b 0.226785480976 0.181801095605 0.121605917811 0.0393543206155
d 0.160162389278 0.275083303452 0.240415096283 0.854655563831
g 0.110392838717 0.0853879973292 0.141827493906 0.0133992973715
t 0.156928092241 0.30601015687 0.278935521841 0.0476147420704
h 1.0 1.0 1.0 1.0
c 0.868608117104
Aa 0.351045191288 -0.679391026497 -0.446480661631 0.821904361248
Ab 0.167921826243 -0.60083001852 -0.698417723179 0.763915121555
Ad 0.0168671272695 -0.420962274075 -0.402410656214 2.10071372986
Ag -0.144752502441 -0.92902970314 -0.631611943245 0.296004742384
At 0.00800726935267 -0.374690711498 -0.337868571281 0.846664130688
as 0.160493820906 0.0 0.15000000596 0.673267304897
bs 0.222222223878 0.162162154913 0.0 1.0
ds 0.0 0.0 0.0774193555117 1.0
gs 0.285714298487 0.222222223878 1.0 0.89473682642
ts 0.0210526324809 0.0 0.245454549789 0.687022924423
eeg 848.809875488 845.519897461 824.135131836 834.005004883
eeg 838.940002441 843.874938965 819.200195312 830.715087891
eeg 848.809875488 847.164855957 824.135131836 838.940002441
eeg 847.164855957 847.164855957 822.49017334 842.229919434
eeg 848.809875488 845.519897461 820.845214844 850.454833984
eeg 848.809875488 847.164855957 824.135131836 843.874938965
eeg 848.809875488 848.809875488 819.200195312 843.874938965
eeg 848.809875488 845.519897461 824.135131836 838.940002441
eeg 847.164855957 848.809875488 822.49017334 827.425109863
eeg 852.09979248 845.519897461 819.200195312 819.200195312
eeg 855.389770508 845.519897461 824.135131836 840.584960938
eeg 853.744812012 845.519897461 822.49017334 817.555236816
eeg 842.229919434 843.874938965 822.49017334 827.425109863
eeg 840.584960938 843.874938965 820.845214844 824.135131836
eeg 847.164855957 847.164855957 822.49017334 827.425109863
eeg 847.164855957 845.519897461 822.49017334 840.584960938
eeg 853.744812012 847.164855957 822.49017334 850.454833984
eeg 850.454833984 848.809875488 825.780151367 848.809875488
eeg 848.809875488 848.809875488 822.49017334 848.809875488
eeg 848.809875488 847.164855957 817.555236816 855.389770508
eeg 847.164855957 847.164855957 822.49017334 868.549621582
eeg 843.874938965 842.229919434 820.845214844 875.129516602
a 0.363383710384 0.158529177308 0.215113610029 0.0449416935444
b 0.229772076011 0.183377668262 0.125607132912 0.0394748933613
d 0.139585480094 0.281711339951 0.237341120839 0.858680844307
g 0.113043189049 0.0856713503599 0.14772644639 0.0126757379621
t 0.154215544462 0.290710449219 0.274211674929 0.0442268513143
h 1.0 1.0 1.0 1.0
c 0.868608117104
Aa 0.378500282764 -0.663247764111 -0.470747023821 0.821904361248
Ab 0.179432094097 -0.600010514259 -0.704400599003 0.765575885773
Ad -0.0370249226689 -0.413552641869 -0.428041905165 2.10308670998
Ag -0.128620743752 -0.93052136898 -0.633956670761 0.272228240967
At 0.00626298645511 -0.399896323681 -0.365328937769 0.814940989017
as 0.216216221452 0.0 0.116666667163 0.673267304897
bs 0.25 0.162162154913 0.0 1.0
ds 0.0 0.0 0.0580645166337 1.0
gs 0.357142865658 0.230769231915 0.941176474094 0.842105269432
ts 0.0105263162404 0.0 0.211009174585 0.664122164249
eeg 845.519897461 845.519897461 820.845214844 878.419494629
eeg 847.164855957 847.164855957 822.49017334 883.354431152
eeg 853.744812012 847.164855957 819.200195312 881.709472656
eeg 850.454833984 847.164855957 820.845214844 881.709472656
eeg 843.874938965 845.519897461 820.845214844 880.064453125
eeg 843.874938965 843.874938965 819.200195312 873.484558105
eeg 838.940002441 843.874938965 817.555236816 871.839599609
eeg 840.584960938 842.229919434 819.200195312 868.549621582
eeg 842.229919434 843.874938965 819.200195312 865.259643555
eeg 845.519897461 843.874938965 819.200195312 861.969726562
eeg 843.874938965 840.584960938 817.555236816 857.034729004
eeg 857.034729004 845.519897461 815.91027832 870.194580078
eeg 861.969726562 843.874938965 819.200195312 873.484558105
eeg 838.940002441 838.940002441 820.845214844 865.259643555
eeg 837.29498291 838.940002441 824.135131836 858.679748535
eeg 842.229919434 838.940002441 822.49017334 855.389770508
eeg 845.519897461 837.29498291 825.780151367 857.034729004
eeg 847.164855957 838.940002441 825.780151367 855.389770508
eeg 840.584960938 840.584960938 827.425109863 853.744812012
eeg 848.809875488 837.29498291 830.715087891 857.034729004
eeg 852.09979248 838.940002441 824.135131836 848.809875488
eeg 843.874938965 837.29498291 829.070068359 861.969726562
a 0.375629544258 0.176971867681 0.197609439492 0.0470096804202
b 0.233815416694 0.18563683331 0.130321741104 0.0405260585248
d 0.122646339238 0.281460821629 0.241466119885 0.856455862522
g 0.116879120469 0.0873205289245 0.154960229993 0.0128096444532
t 0.151029601693 0.268609941006 0.275642484426 0.0431987717748
h 1.0 1.0 1.0 1.0
c 0.868608117104
Aa 0.389435023069 -0.624257445335 -0.531243503094 0.821904361248
Ab 0.183548420668 -0.603497564793 -0.712034344673 0.757451474667
Ad -0.0966701209545 -0.4227437675 -0.444194972515 2.08242201805
Ag -0.117587767541 -0.931045353413 -0.636830925941 0.257254183292
At -0.0062626474537 -0.443039625883 -0.386705040932 0.785188496113
as 0.229729726911 0.0 0.0166666675359 0.670000016689
bs 0.25 0.162162154913 0.0 1.0
ds 0.0 0.0 0.0454545468092 1.0
gs 0.392857134342 0.230769231915 0.941176474094 0.789473712444
ts 0.0 0.0 0.192660555243 0.641221344471
eeg 850.454833984 838.940002441 824.135131836 858.679748535
eeg 848.809875488 840.584960938 827.425109863 860.324707031
eeg 850.454833984 838.940002441 822.49017334 865.259643555
eeg 860.324707031 837.29498291 822.49017334 863.614685059
eeg 843.874938965 835.650024414 820.845214844 858.679748535
eeg 847.164855957 837.29498291 822.49017334 853.744812012
eeg 852.09979248 838.940002441 825.780151367 858.679748535
eeg 852.09979248 838.940002441 820.845214844 855.389770508
eeg 850.454833984 835.650024414 822.49017334 857.034729004
eeg 852.09979248 837.29498291 822.49017334 868.549621582
eeg 852.09979248 840.584960938 820.845214844 865.259643555
eeg 852.09979248 840.584960938 824.135131836 865.259643555
eeg 850.454833984 842.229919434 829.070068359 861.969726562
eeg 850.454833984 842.229919434 830.715087891 861.969726562
eeg 848.809875488 842.229919434 825.780151367 847.164855957
eeg 847.164855957 843.874938965 829.070068359 850.454833984
eeg 845.519897461 845.519897461 824.135131836 853.744812012
eeg 858.679748535 847.164855957 825.780151367 861.969726562
eeg 840.584960938 845.519897461 832.360046387 853.744812012
eeg 829.070068359 835.650024414 827.425109863 840.584960938
eeg 832.360046387 835.650024414 832.360046387 850.454833984
eeg 822.49017334 834.005004883 837.29498291 843.874938965
a 0.383224457502 0.196008652449 0.189477592707 0.0505672805011
b 0.236729443073 0.190037220716 0.130227595568 0.0418564975262
d 0.111714348197 0.278115898371 0.250797569752 0.850602507591
g 0.121856920421 0.0907000005245 0.157060161233 0.0134077854455
t 0.146474823356 0.24513822794 0.27243706584 0.0435659103096
h 1.0 1.0 1.0 1.0
c 0.878778755665
Aa 0.389435023069 -0.594948410988 -0.557663619518 0.825751006603
Ab 0.180234074593 -0.608385026455 -0.72051846981 0.743644297123
Ad -0.145909234881 -0.442997872829 -0.435898125172 2.05160808563
Ag -0.108167998493 -0.929616391659 -0.639155447483 0.249238476157
At -0.0282552037388 -0.497812628746 -0.399955272675 0.76102823019
as 0.229729726911 0.0 0.0 0.670000016689
bs 0.25 0.135135129094 0.0 0.981481492519
ds 0.0 0.0 0.0457516349852 1.0
gs 0.428571432829 0.230769231915 0.941176474094 0.789473712444
ts 0.0 0.0 0.183486238122 0.625954210758
eeg 829.070068359 835.650024414 842.229919434 853.744812012
eeg 824.135131836 835.650024414 847.164855957 845.519897461
eeg 819.200195312 832.360046387 852.09979248 832.360046387
eeg 810.975280762 832.360046387 857.034729004 827.425109863
eeg 806.040344238 834.005004883 857.034729004 812.620300293
eeg 797.815490723 834.005004883 863.614685059 817.555236816
eeg 784.655639648 832.360046387 870.194580078 827.425109863
eeg 786.300598145 825.780151367 871.839599609 812.620300293
eeg 776.430725098 827.425109863 876.774536133 814.265258789
eeg 771.495788574 822.49017334 875.129516602 804.395385742
eeg 771.495788574 820.845214844 873.484558105 806.040344238
eeg 769.850830078 817.555236816 876.774536133 801.105407715
eeg 768.205810547 817.555236816 883.354431152 792.880554199
eeg 764.91583252 814.265258789 881.709472656 774.785766602
eeg 778.075683594 810.975280762 883.354431152 787.945556641
eeg 781.365661621 815.91027832 883.354431152 807.68536377
eeg 779.720703125 819.200195312 881.709472656 787.945556641
eeg 778.075683594 819.200195312 883.354431152 796.170471191
eeg 779.720703125 817.555236816 878.419494629 824.135131836
eeg 789.590576172 814.265258789 871.839599609 827.425109863
eeg 809.330322266 814.265258789 870.194580078 848.809875488
eeg 835.650024414 817.555236816 863.614685059 861.969726562
a 0.383168041706 0.21111959219 0.176841780543 0.0572480969131
b 0.233402937651 0.192568317056 0.121731624007 0.042845569551
d 0.116732053459 0.281933665276 0.286554098129 0.841132700443
g 0.124569498003 0.0933735221624 0.147521883249 0.0140144657344
t 0.142127469182 0.221004873514 0.267350614071 0.0447591803968
h 1.0 1.0 1.0 1.0
c 0.889027953148
Aa 0.389435023069 -0.57095181942 -0.563916802406 0.855983197689
Ab 0.174152061343 -0.610895574093 -0.726098299026 0.73012804985
Ad -0.126764133573 -0.44533342123 -0.35429507494 2.02308654785
Ag -0.0985425338149 -0.925256669521 -0.64264523983 0.244798690081
At -0.0412762127817 -0.551078557968 -0.384420484304 0.749104261398
as 0.229729726911 0.0 0.0 0.696969687939
bs 0.222222223878 0.135135129094 0.0 0.962962985039
ds 0.0 0.0 0.0980392172933 1.0
gs 0.464285701513 0.230769231915 0.941176474094 0.763157904148
ts 0.0 0.0 0.192660555243 0.62790697813
eeg 835.650024414 825.780151367 858.679748535 843.874938965
eeg 843.874938965 822.49017334 855.389770508 855.389770508
eeg 853.744812012 820.845214844 848.809875488 870.194580078
eeg 861.969726562 822.49017334 847.164855957 875.129516602
eeg 873.484558105 824.135131836 847.164855957 883.354431152
eeg 884.999450684 827.425109863 843.874938965 901.44921875
eeg 876.774536133 830.715087891 842.229919434 881.709472656
eeg 889.934387207 830.715087891 838.940002441 875.129516602
eeg 903.094238281 830.715087891 837.29498291 903.094238281
eeg 898.159240723 834.005004883 835.650024414 909.674133301
eeg 903.094238281 834.005004883 834.005004883 904.739196777
eeg 893.224304199 837.29498291 830.715087891 889.934387207
eeg 898.159240723 837.29498291 825.780151367 896.514282227
eeg 908.029174805 840.584960938 825.780151367 898.159240723
eeg 894.86932373 842.229919434 829.070068359 898.159240723
eeg 903.094238281 843.874938965 825.780151367 903.094238281
eeg 896.514282227 840.584960938 829.070068359 911.319091797
eeg 888.289367676 840.584960938 825.780151367 898.159240723
eeg 896.514282227 838.940002441 822.49017334 898.159240723
eeg 891.579345703 838.940002441 825.780151367 884.999450684
eeg 894.86932373 840.584960938 820.845214844 886.64440918
eeg 893.224304199 842.229919434 822.49017334 899.804260254
a 0.351354539394 0.206107988954 0.162396922708 0.0572480969131
b 0.212680354714 0.189368009567 0.0974747762084 0.042845569551
d 0.154639452696 0.305722862482 0.37268564105 0.841132700443
g 0.117622233927 0.0926429852843 0.11663235724 0.0140144657344
t 0.163703411818 0.206158131361 0.250810325146 0.0447591803968
h 1.0 1.0 1.0 1.0
c 0.899575293064
Aa 0.389435023069 -0.57095181942 -0.505529224873 0.855983197689
Ab 0.171416848898 -0.607740044594 -0.727214813232 0.73012804985
Ad 0.0330097898841 -0.399718731642 -0.144764393568 2.02308654785
Ag -0.0858211070299 -0.918234109879 -0.649287998676 0.244798690081
At 0.0577471926808 -0.570846199989 -0.316761642694 0.749104261398
as 0.229729726911 0.0 0.0655737668276 0.696969687939
bs 0.222222223878 0.135135129094 0.0 0.962962985039
ds 0.0217391308397 0.0 0.236842110753 1.0
gs 0.5 0.269230782986 0.882352948189 0.763157904148
ts 0.0833333358169 0.0 0.25925925374 0.62790697813
eeg 893.224304199 842.229919434 824.135131836 898.159240723
eeg 891.579345703 842.229919434 822.49017334 889.934387207
eeg 880.064453125 840.584960938 824.135131836 893.224304199
eeg 883.354431152 840.584960938 825.780151367 906.384155273
eeg 878.419494629 842.229919434 825.780151367 917.899047852
eeg 884.999450684 842.229919434 824.135131836 891.579345703
eeg 886.64440918 842.229919434 825.780151367 894.86932373
eeg 876.774536133 840.584960938 827.425109863 914.609069824
eeg 886.64440918 842.229919434 825.780151367 917.899047852
eeg 898.159240723 845.519897461 825.780151367 931.058898926
eeg 901.44921875 848.809875488 825.780151367 908.029174805
eeg 893.224304199 847.164855957 827.425109863 911.319091797
eeg 891.579345703 847.164855957 829.070068359 916.25402832
eeg 881.709472656 845.519897461 824.135131836 904.739196777
eeg 883.354431152 845.519897461 827.425109863 917.899047852
eeg 888.289367676 845.519897461 824.135131836 908.029174805
eeg 878.419494629 843.874938965 827.425109863 903.094238281
eeg 873.484558105 840.584960938 824.135131836 903.094238281
eeg 875.129516602 842.229919434 822.49017334 903.094238281
eeg 871.839599609 842.229919434 822.49017334 896.514282227
eeg 873.484558105 842.229919434 825.780151367 903.094238281
eeg 881.709472656 845.519897461 820.845214844 896.514282227
a 0.346386611462 0.177848234773 0.104840375483 0.0572480969131
b 0.214113742113 0.167877301574 0.0622320845723 0.042845569551
d 0.156491458416 0.360481142998 0.515945494175 0.841132700443
g 0.118922710419 0.0825925841928 0.0709504187107 0.0140144657344
t 0.164085492492 0.211200743914 0.246031612158 0.0447591803968
h 1.0 1.0 1.0 1.0
c 0.910367429256
Aa 0.389435023069 -0.57095181942 -0.487853586674 0.855983197689
Ab 0.180518478155 -0.59600943327 -0.714367747307 0.73012804985
Ad 0.0443645752966 -0.264118850231 0.204221710563 2.02308654785
Ag -0.0748612508178 -0.90406036377 -0.657427191734 0.244798690081
At 0.0649441480637 -0.496305972338 -0.117391221225 0.749104261398
as 0.229729726911 0.0 0.098360657692 0.69072163105
bs 0.235294118524 0.162162154913 0.0 0.962962985039
ds 0.0329670347273 0.048951048404 0.467105269432 1.0
gs 0.535714268684 0.307692319155 0.823529422283 0.756756782532
ts 0.0833333358169 0.0 0.444444447756 0.62790697813
eeg 876.774536133 842.229919434 820.845214844 891.579345703
eeg 868.549621582 845.519897461 822.49017334 901.44921875
eeg 870.194580078 845.519897461 822.49017334 903.094238281
eeg 863.614685059 842.229919434 824.135131836 901.44921875
eeg 868.549621582 843.874938965 822.49017334 906.384155273
eeg 865.259643555 842.229919434 820.845214844 901.44921875
eeg 858.679748535 842.229919434 820.845214844 875.129516602
eeg 850.454833984 842.229919434 820.845214844 875.129516602
eeg 858.679748535 842.229919434 820.845214844 868.549621582
eeg 861.969726562 843.874938965 819.200195312 881.709472656
eeg 865.259643555 843.874938965 822.49017334 904.739196777
eeg 858.679748535 842.229919434 820.845214844 893.224304199
eeg 850.454833984 840.584960938 819.200195312 884.999450684
eeg 847.164855957 838.940002441 819.200195312 876.774536133
eeg 848.809875488 840.584960938 817.555236816 888.289367676
eeg 857.034729004 840.584960938 820.845214844 883.354431152
eeg 858.679748535 842.229919434 822.49017334 883.354431152
eeg 857.034729004 842.229919434 825.780151367 884.999450684
eeg 847.164855957 842.229919434 822.49017334 871.839599609
eeg 852.09979248 843.874938965 820.845214844 878.419494629
eeg 857.034729004 842.229919434 822.49017334 881.709472656
eeg 852.09979248 843.874938965 820.845214844 873.484558105
a 0.340617030859 0.131456151605 0.0600190386176 0.0572480969131
b 0.217240557075 0.130282685161 0.0352780967951 0.042845569551
d 0.154357805848 0.441896319389 0.620906710625 0.841132700443
g 0.120084784925 0.0648595914245 0.0367959737778 0.0140144657344
t 0.167699828744 0.23150524497 0.247000187635 0.0447591803968
h 1.0 1.0 1.0 1.0
c 0.921457767487
Aa 0.389435023069 -0.57095181942 -0.451535880566 0.855983197689
Ab 0.194109588861 -0.574846029282 -0.682319760323 0.73012804985
Ad 0.0456972680986 -0.0444123633206 0.56320142746 2.02308654785
Ag -0.0633433237672 -0.87775850296 -0.664024591446 0.244798690081
At 0.0817012786865 -0.325171887875 0.162872359157 0.749104261398
as 0.229729726911 0.0 0.16393442452 0.69072163105
bs 0.264705896378 0.216216221452 0.0 0.962962985039
ds 0.0337078645825 0.202797204256 0.703947365284 1.0
gs 0.571428596973 0.423076927662 0.764705896378 0.756756782532
ts 0.104166664183 0.0490196086466 0.703703701496 0.62790697813
eeg 853.744812012 842.229919434 824.135131836 866.904663086
eeg 843.874938965 840.584960938 824.135131836 863.614685059
eeg 842.229919434 840.584960938 824.135131836 861.969726562
eeg 852.09979248 840.584960938 820.845214844 860.324707031
eeg 852.09979248 838.940002441 824.135131836 866.904663086
eeg 842.229919434 842.229919434 822.49017334 865.259643555
eeg 853.744812012 845.519897461 822.49017334 865.259643555
eeg 848.809875488 845.519897461 824.135131836 866.904663086
eeg 847.164855957 845.519897461 819.200195312 860.324707031
eeg 853.744812012 845.519897461 822.49017334 857.034729004
eeg 850.454833984 847.164855957 819.200195312 865.259643555
eeg 860.324707031 848.809875488 815.91027832 858.679748535
eeg 860.324707031 845.519897461 819.200195312 860.324707031
eeg 860.324707031 843.874938965 815.91027832 855.389770508
eeg 863.614685059 845.519897461 820.845214844 865.259643555
eeg 870.194580078 842.229919434 817.555236816 875.129516602
eeg 857.034729004 842.229919434 819.200195312 860.324707031
eeg 840.584960938 840.584960938 824.135131836 825.780151367
eeg 829.070068359 838.940002441 824.135131836 843.874938965
eeg 834.005004883 840.584960938 824.135131836 847.164855957
eeg 847.164855957 842.229919434 822.49017334 863.614685059
eeg 850.454833984 840.584960938 820.845214844 868.549621582
a 0.33559858799 0.0901665240526 0.0393594652414 0.0572480969131
b 0.220669880509 0.095154248178 0.0217754431069 0.042845569551
d 0.148234993219 0.516444027424 0.669691801071 0.841132700443
g 0.121759258211 0.0488040558994 0.0201953873038 0.0140144657344
t 0.17373727262 0.249431163073 0.248977914453 0.0447591803968
h 1.0 1.0 1.0 1.0
c 0.93303412199
Aa 0.389435023069 -0.57095181942 -0.378863662481 0.855983197689
Ab 0.207357943058 -0.547568976879 -0.635945856571 0.73012804985
Ad 0.0345656126738 0.187026083469 0.851962089539 2.02308654785
Ag -0.0508831292391 -0.837541222572 -0.668660640717 0.244798690081
At 0.103507876396 -0.129046440125 0.422247976065 0.749104261398
as 0.229729726911 0.0 0.278688520193 0.69072163105
bs 0.323529422283 0.297297298908 0.105263158679 0.962962985039
ds 0.0224719103426 0.363636374474 0.906666696072 1.0
gs 0.629629611969 0.576923072338 0.764705896378 0.756756782532
ts 0.125 0.245098039508 0.944444417953 0.625
eeg 852.09979248 843.874938965 820.845214844 857.034729004
eeg 855.389770508 845.519897461 820.845214844 858.679748535
eeg 858.679748535 847.164855957 820.845214844 857.034729004
eeg 855.389770508 847.164855957 817.555236816 858.679748535
eeg 853.744812012 847.164855957 820.845214844 850.454833984
eeg 855.389770508 848.809875488 819.200195312 855.389770508
eeg 860.324707031 847.164855957 820.845214844 866.904663086
eeg 855.389770508 847.164855957 822.49017334 848.809875488
eeg 857.034729004 847.164855957 822.49017334 843.874938965
eeg 855.389770508 848.809875488 819.200195312 850.454833984
eeg 861.969726562 850.454833984 815.91027832 847.164855957
eeg 858.679748535 850.454833984 819.200195312 850.454833984
eeg 858.679748535 850.454833984 819.200195312 834.005004883
eeg 858.679748535 848.809875488 815.91027832 830.715087891
eeg 857.034729004 850.454833984 817.555236816 840.584960938
eeg 865.259643555 848.809875488 819.200195312 847.164855957
eeg 863.614685059 848.809875488 819.200195312 873.484558105
eeg 855.389770508 850.454833984 820.845214844 866.904663086
eeg 858.679748535 848.809875488 820.845214844 853.744812012
eeg 860.324707031 848.809875488 817.555236816 843.874938965
eeg 861.969726562 852.09979248 819.200195312 829.070068359
eeg 858.679748535 850.454833984 824.135131836 824.135131836
a 0.32492479682 0.0638452842832 0.0312368534505 0.0572480969131
b 0.225012376904 0.0717444941401 0.0155266597867 0.042845569551
d 0.143315792084 0.569172918797 0.690054059029 0.841132700443
g 0.125839665532 0.0385972000659 0.0127061801031 0.0140144657344
t 0.180907383561 0.256640076637 0.250476211309 0.0447591803968
h 1.0 1.0 1.0 1.0
c 0.94509524107
Aa 0.375356793404 -0.57095181942 -0.284409165382 0.855983197689
Ab 0.215780347586 -0.520292103291 -0.587998390198 0.73012804985
Ad 0.0198680143803 0.379163563251 1.05980670452 2.02308654785
Ag -0.0366084836423 -0.78952485323 -0.67506146431 0.244798690081
At 0.12103022635 0.0332438237965 0.619690060616 0.749104261398
as 0.205479457974 0.0 0.426229506731 0.69072163105
bs 0.323529422283 0.378378391266 0.236842110753 0.962962985039
ds 0.0112359551713 0.507042229176 1.0 1.0
gs 0.666666686535 0.769230782986 0.705882370472 0.777777791023
ts 0.145833328366 0.401960790157 1.0 0.625
eeg 855.389770508 852.09979248 820.845214844 802.750427246
eeg 853.744812012 848.809875488 822.49017334 799.460449219
eeg 857.034729004 847.164855957 824.135131836 794.525512695
eeg 853.744812012 845.519897461 820.845214844 796.170471191
eeg 857.034729004 845.519897461 819.200195312 787.945556641
eeg 855.389770508 847.164855957 819.200195312 781.365661621
eeg 853.744812012 847.164855957 815.91027832 781.365661621
eeg 855.389770508 845.519897461 817.555236816 763.270874023
eeg 853.744812012 845.519897461 822.49017334 768.205810547
eeg 845.519897461 845.519897461 824.135131836 773.14074707
eeg 855.389770508 842.229919434 819.200195312 792.880554199
eeg 853.744812012 843.874938965 822.49017334 784.655639648
eeg 847.164855957 843.874938965 820.845214844 779.720703125
eeg 852.09979248 845.519897461 822.49017334 779.720703125
eeg 857.034729004 847.164855957 822.49017334 783.010620117
eeg 855.389770508 850.454833984 822.49017334 799.460449219
eeg 850.454833984 848.809875488 822.49017334 791.235534668
eeg 850.454833984 850.454833984 825.780151367 787.945556641
eeg 848.809875488 848.809875488 822.49017334 787.945556641
eeg 855.389770508 845.519897461 822.49017334 829.070068359
eeg 855.389770508 848.809875488 824.135131836 806.040344238
eeg 834.005004883 845.519897461 820.845214844 773.14074707
a 0.307278484106 0.0474586635828 0.025814961642 0.0513091757894
b 0.229988947511 0.0587252527475 0.0125628402457 0.0406675972044
d 0.144070923328 0.603517413139 0.700006484985 0.852551281452
g 0.132267832756 0.0331211164594 0.00913551170379 0.0127592105418
t 0.1863938272 0.257177531719 0.252480208874 0.0427127219737
h 1.0 1.0 1.0 1.0
c 0.957310974598
Aa 0.343934088945 -0.588616907597 -0.237262248993 0.827796697617
Ab 0.218108907342 -0.496107518673 -0.550045907497 0.72685021162
Ad 0.0149782812223 0.515757381916 1.19596838951 2.04832220078
Ag -0.0221438352019 -0.744827449322 -0.688400864601 0.223425507545
At 0.126833453774 0.145300626755 0.753093600273 0.748158931732
as 0.169014081359 0.0 0.50819671154 0.659793794155
bs 0.352941185236 0.432432442904 0.342105269432 0.944444417953
ds 0.0 0.595744669437 1.0 1.0
gs 0.740740716457 0.923076927662 0.647058844566 0.722222208977
ts 0.145833328366 0.509803950787 1.0 0.625
eeg 845.519897461 847.164855957 819.200195312 801.105407715
eeg 850.454833984 848.809875488 825.780151367 787.945556641
eeg 850.454833984 845.519897461 819.200195312 812.620300293
eeg 855.389770508 847.164855957 822.49017334 842.229919434
eeg 845.519897461 842.229919434 819.200195312 830.715087891
eeg 847.164855957 842.229919434 817.555236816 847.164855957
eeg 853.744812012 843.874938965 822.49017334 868.549621582
eeg 848.809875488 842.229919434 820.845214844 861.969726562
eeg 850.454833984 843.874938965 819.200195312 858.679748535
eeg 843.874938965 843.874938965 820.845214844 865.259643555
eeg 848.809875488 845.519897461 822.49017334 866.904663086
eeg 847.164855957 845.519897461 822.49017334 865.259643555
eeg 840.584960938 845.519897461 819.200195312 876.774536133
eeg 850.454833984 845.519897461 822.49017334 880.064453125
eeg 848.809875488 847.164855957 817.555236816 875.129516602
eeg 845.519897461 845.519897461 820.845214844 878.419494629
eeg 845.519897461 845.519897461 820.845214844 880.064453125
eeg 842.229919434 845.519897461 817.555236816 873.484558105
eeg 840.584960938 845.519897461 817.555236816 896.514282227
eeg 842.229919434 845.519897461 822.49017334 904.739196777
eeg 829.070068359 845.519897461 820.845214844 904.739196777
eeg 835.650024414 843.874938965 817.555236816 917.899047852
a 0.283199250698 0.0438861064613 0.0220871157944 0.0460553131998
b 0.235662162304 0.0521531179547 0.0111870653927 0.0394652709365
d 0.153601139784 0.620948255062 0.705163478851 0.863493680954
g 0.139275833964 0.030229607597 0.00730611570179 0.0115528181195
t 0.18826161325 0.252782911062 0.254256248474 0.039432913065
h 1.0 1.0 1.0 1.0
c 0.9691401124
Aa 0.296030640602 -0.550437271595 -0.229668945074 0.795465171337
Ab 0.2162283957 -0.47548404336 -0.525091767311 0.728400528431
Ad 0.0303330067545 0.600291073322 1.27448189259 2.06844449043
Ag -0.012185706757 -0.712331831455 -0.710121393204 0.19487336278
At 0.11870034039 0.209983363748 0.831463694572 0.728044271469
as 0.0985915511847 0.0259740259498 0.516666650772 0.62886595726
bs 0.323529422283 0.486486494541 0.394736856222 0.962962985039
ds 0.0224719103426 0.659574449062 1.0 1.0
gs 0.777777791023 1.0 0.529411792755 0.638888895512
ts 0.145833328366 0.578431367874 1.0 0.609375
eeg 838.940002441 843.874938965 825.780151367 919.544006348
eeg 850.454833984 840.584960938 822.49017334 924.478942871
eeg 855.389770508 845.519897461 822.49017334 917.899047852
eeg 834.005004883 845.519897461 824.135131836 903.094238281
eeg 829.070068359 843.874938965 819.200195312 896.514282227
eeg 825.780151367 843.874938965 820.845214844 909.674133301
eeg 824.135131836 837.29498291 822.49017334 911.319091797
eeg 834.005004883 840.584960938 819.200195312 912.964111328
eeg 830.715087891 847.164855957 825.780151367 898.159240723
eeg 817.555236816 845.519897461 820.845214844 889.934387207
eeg 817.555236816 847.164855957 809.330322266 896.514282227
eeg 822.49017334 847.164855957 810.975280762 891.579345703
eeg 822.49017334 840.584960938 822.49017334 901.44921875
eeg 840.584960938 845.519897461 817.555236816 922.833984375
eeg 847.164855957 860.324707031 812.620300293 914.609069824
eeg 809.330322266 857.034729004 820.845214844 875.129516602
eeg 815.91027832 861.969726562 799.460449219 876.774536133
eeg 801.105407715 863.614685059 807.68536377 850.454833984
eeg 781.365661621 860.324707031 829.070068359 843.874938965
eeg 781.365661621 868.549621582 810.975280762 847.164855957
eeg 764.91583252 870.194580078 812.620300293 822.49017334
eeg 761.625915527 866.904663086 809.330322266 824.135131836
a 0.261186480522 0.0505374930799 0.0204097367823 0.0443398393691
b 0.23957721889 0.0495694503188 0.0106773646548 0.0395503826439
d 0.170413181186 0.624557733536 0.706933379173 0.869140446186
g 0.142790570855 0.0286590512842 0.00632972223684 0.0108228828758
t 0.186032563448 0.246676266193 0.255649805069 0.0361464582384
h 1.0 1.0 1.0 1.0
c 0.980273485184
Aa 0.250465959311 -0.448365360498 -0.22810074687 0.778946876526
Ab 0.212960794568 -0.456764966249 -0.509474098682 0.72930341959
Ad 0.0650184825063 0.643593549728 1.31144034863 2.0712428093
Ag -0.0117851840332 -0.694717228413 -0.736553490162 0.16649569571
At 0.103104248643 0.240148320794 0.869707345963 0.690218508244
as 0.0285714287311 0.155844151974 0.516666650772 0.618556678295
bs 0.323529422283 0.540540516376 0.459459453821 0.962962985039
ds 0.0561797767878 0.685714304447 1.0 1.0
gs 0.777777791023 1.0 0.352941185236 0.555555582047
ts 0.126315787435 0.607843160629 1.0 0.578125
eeg 764.91583252 870.194580078 789.590576172 834.005004883
eeg 761.625915527 871.839599609 792.880554199 814.265258789
eeg 763.270874023 875.129516602 802.750427246 801.105407715
eeg 759.980895996 875.129516602 796.170471191 804.395385742
eeg 769.850830078 873.484558105 799.460449219 799.460449219
eeg 768.205810547 868.549621582 792.880554199 799.460449219
eeg 778.075683594 863.614685059 804.395385742 810.975280762
eeg 783.010620117 860.324707031 794.525512695 819.200195312
eeg 799.460449219 858.679748535 792.880554199 827.425109863
eeg 791.235534668 860.324707031 797.815490723 832.360046387
eeg 802.750427246 858.679748535 789.590576172 820.845214844
eeg 815.91027832 858.679748535 792.880554199 822.49017334
eeg 806.040344238 857.034729004 797.815490723 835.650024414
eeg 812.620300293 857.034729004 801.105407715 827.425109863
eeg 815.91027832 852.09979248 796.170471191 825.780151367
eeg 819.200195312 853.744812012 796.170471191 840.584960938
eeg 827.425109863 855.389770508 796.170471191 834.005004883
eeg 837.29498291 855.389770508 797.815490723 843.874938965
eeg 825.780151367 855.389770508 804.395385742 840.584960938
eeg 829.070068359 852.09979248 802.750427246 824.135131836
eeg 834.005004883 850.454833984 799.460449219 825.780151367
eeg 832.360046387 850.454833984 801.105407715 824.135131836
a 0.234933435917 0.0537769272923 0.0196699611843 0.0470655076206
b 0.242138266563 0.0493515841663 0.0106919156387 0.0414525978267
d 0.194213718176 0.624994039536 0.707108855247 0.86663967371
g 0.142261520028 0.0278874486685 0.00584763614461 0.0109847337008
t 0.186453059316 0.243989989161 0.256681650877 0.0338574647903
h 1.0 1.0 1.0 1.0
c 0.990324378014
Aa 0.194819033146 -0.403820902109 -0.231147795916 0.778946876526
Ab 0.207937628031 -0.441115766764 -0.495895802975 0.723795890808
Ad 0.112154103816 0.661459028721 1.32453489304 2.0440826416
Ag -0.0230383276939 -0.689008057117 -0.75797098875 0.147033661604
At 0.0944437235594 0.252955138683 0.8844435215 0.635898530483
as 0.0 0.207792207599 0.516666650772 0.618556678295
bs 0.323529422283 0.611111104488 0.486486494541 0.944444417953
ds 0.112359553576 0.699999988079 1.0 1.0
gs 0.703703701496 1.0 0.235294118524 0.5
ts 0.117021277547 0.623762369156 1.0 0.53125
eeg 835.650024414 852.09979248 804.395385742 809.330322266
eeg 843.874938965 850.454833984 806.040344238 815.91027832
eeg 848.809875488 847.164855957 804.395385742 827.425109863
eeg 845.519897461 848.809875488 804.395385742 812.620300293
eeg 827.425109863 850.454833984 810.975280762 783.010620117
eeg 835.650024414 852.09979248 806.040344238 784.655639648
eeg 832.360046387 850.454833984 806.040344238 783.010620117
eeg 842.229919434 852.09979248 807.68536377 792.880554199
eeg 850.454833984 852.09979248 809.330322266 796.170471191
eeg 835.650024414 853.744812012 810.975280762 784.655639648
eeg 838.940002441 852.09979248 812.620300293 792.880554199
eeg 840.584960938 852.09979248 810.975280762 804.395385742
eeg 842.229919434 848.809875488 807.68536377 794.525512695
eeg 843.874938965 848.809875488 812.620300293 799.460449219
eeg 842.229919434 847.164855957 814.265258789 812.620300293
eeg 848.809875488 848.809875488 815.91027832 827.425109863
eeg 843.874938965 853.744812012 817.555236816 834.005004883
eeg 847.164855957 852.09979248 817.555236816 834.005004883
eeg 834.005004883 848.809875488 815.91027832 838.940002441
eeg 838.940002441 848.809875488 817.555236816 852.09979248
eeg 838.940002441 848.809875488 815.91027832 865.259643555
eeg 843.874938965 848.809875488 817.555236816 868.549621582
a 0.212903603911 0.0727383643389 0.019469993189 0.0540017858148
b 0.237076491117 0.0487054698169 0.0110210152343 0.0456161648035
d 0.221408218145 0.612600207329 0.707123875618 0.853728473186
g 0.136420756578 0.0268913991749 0.00578894838691 0.012502996251
t 0.192190945148 0.239064529538 0.256596148014 0.0341505743563
h 1.0 1.0 1.0 1.0
c 0.990324378014
Aa 0.150940105319 -0.254020124674 -0.231147795916 0.778946876526
Ab 0.197645589709 -0.428205907345 -0.478291988373 0.705657482147
Ad 0.167950838804 0.67139351368 1.32898187637 1.9778585434
Ag -0.0423624701798 -0.68617027998 -0.757913947105 0.143552854657
At 0.106490008533 0.262731492519 0.888736486435 0.579936742783
as 0.0 0.402597397566 0.516666650772 0.614583313465
bs 0.29411765933 0.638888895512 0.540540516376 0.907407402992
ds 0.181818187237 0.707142829895 1.0 0.989417970181
gs 0.666666686535 1.0 0.235294118524 0.5
ts 0.127659574151 0.633663356304 1.0 0.4921875
eeg 845.519897461 847.164855957 815.91027832 863.614685059
eeg 838.940002441 845.519897461 814.265258789 866.904663086
eeg 848.809875488 847.164855957 817.555236816 875.129516602
eeg 853.744812012 848.809875488 820.845214844 865.259643555
eeg 853.744812012 850.454833984 819.200195312 881.709472656
eeg 855.389770508 850.454833984 819.200195312 883.354431152
eeg 855.389770508 850.454833984 820.845214844 884.999450684
eeg 861.969726562 852.09979248 817.555236816 894.86932373
eeg 858.679748535 852.09979248 822.49017334 898.159240723
eeg 852.09979248 850.454833984 822.49017334 904.739196777
eeg 847.164855957 850.454833984 820.845214844 898.159240723
eeg 850.454833984 850.454833984 825.780151367 906.384155273
eeg 857.034729004 850.454833984 825.780151367 911.319091797
eeg 847.164855957 848.809875488 824.135131836 889.934387207
eeg 853.744812012 847.164855957 824.135131836 903.094238281
eeg 853.744812012 850.454833984 824.135131836 908.029174805
eeg 842.229919434 855.389770508 819.200195312 883.354431152
eeg 842.229919434 855.389770508 819.200195312 896.514282227
eeg 835.650024414 852.09979248 820.845214844 881.709472656
eeg 832.360046387 853.744812012 819.200195312 876.774536133
eeg 838.940002441 850.454833984 824.135131836 889.934387207
eeg 842.229919434 852.09979248 815.91027832 883.354431152
a 0.187474757433 0.0969075188041 0.0194815807045 0.0647873654962
b 0.22269718349 0.0470136702061 0.0115870349109 0.0524632632732
d 0.253833711147 0.594243943691 0.706989765167 0.828074991703
g 0.128509312868 0.0257370248437 0.00628842087463 0.0158644504845
t 0.207485035062 0.236097842455 0.255653202534 0.0388099327683
h 1.0 1.0 1.0 1.0
c 0.990324378014
Aa 0.101648941636 -0.100628174841 -0.225723609328 0.765576124191
Ab 0.176420867443 -0.414761513472 -0.451375514269 0.673941135406
Ad 0.233255416155 0.686979115009 1.33406531811 1.87215554714
Ag -0.0623592436314 -0.676427304745 -0.716806232929 0.154510885477
At 0.145692914724 0.28610637784 0.892303407192 0.543028771877
as 0.0 0.610389590263 0.516666650772 0.589473664761
bs 0.21875 0.666666686535 0.621621608734 0.85185188055
ds 0.25 0.712230205536 1.0 0.936507940292
gs 0.592592597008 1.0 0.470588237047 0.527777791023
ts 0.170212760568 0.660000026226 1.0 0.4609375
eeg 843.874938965 852.09979248 815.91027832 884.999450684
eeg 845.519897461 848.809875488 815.91027832 889.934387207
eeg 843.874938965 850.454833984 819.200195312 891.579345703
eeg 843.874938965 852.09979248 822.49017334 891.579345703
eeg 845.519897461 850.454833984 819.200195312 901.44921875
eeg 860.324707031 850.454833984 820.845214844 909.674133301
eeg 838.940002441 847.164855957 822.49017334 888.289367676
eeg 832.360046387 848.809875488 824.135131836 876.774536133
eeg 843.874938965 850.454833984 824.135131836 886.64440918
eeg 838.940002441 852.09979248 827.425109863 878.419494629
eeg 845.519897461 850.454833984 827.425109863 903.094238281
eeg 845.519897461 848.809875488 827.425109863 886.64440918
eeg 843.874938965 847.164855957 822.49017334 868.549621582
eeg 853.744812012 848.809875488 822.49017334 883.354431152
eeg 848.809875488 848.809875488 822.49017334 883.354431152
eeg 847.164855957 847.164855957 820.845214844 886.64440918
eeg 845.519897461 845.519897461 820.845214844 889.934387207
eeg 848.809875488 848.809875488 822.49017334 868.549621582
eeg 853.744812012 847.164855957 820.845214844 876.774536133
eeg 850.454833984 845.519897461 824.135131836 881.709472656
eeg 853.744812012 847.164855957 824.135131836 866.904663086
eeg 858.679748535 847.164855957 820.845214844 868.549621582
a 0.14970882237 0.123305439949 0.0190660618246 0.0647873654962
b 0.200456917286 0.0440288670361 0.0122824488208 0.0524632632732
d 0.29586020112 0.573443949223 0.708407819271 0.828074991703
g 0.120588004589 0.0245218649507 0.00738997990265 0.0158644504845
t 0.233386054635 0.234699860215 0.252853691578 0.0388099327683
h 1.0 1.0 1.0 1.0
c 0.990324378014
Aa 0.0168679114431 0.0472640432417 -0.225723609328 0.765576124191
Ab 0.143641591072 -0.399980694056 -0.416699647903 0.673941135406
Ad 0.312707066536 0.714772760868 1.34429872036 1.87215554714
Ag -0.0770753622055 -0.654164671898 -0.637341380119 0.154510885477
At 0.209695443511 0.326794624329 0.896884679794 0.543028771877
as 0.0 0.805194795132 0.516666650772 0.589473664761
bs 0.125 0.722222208977 0.702702701092 0.85185188055
ds 0.340909093618 0.7338129282 1.0 0.936507940292
gs 0.518518507481 1.0 0.941176474094 0.527777791023
ts 0.244680851698 0.707070708275 1.0 0.4609375
eeg 855.389770508 847.164855957 820.845214844 868.549621582
eeg 853.744812012 847.164855957 824.135131836 857.034729004
eeg 843.874938965 845.519897461 822.49017334 863.614685059
eeg 848.809875488 843.874938965 819.200195312 863.614685059
eeg 860.324707031 845.519897461 817.555236816 858.679748535
eeg 852.09979248 842.229919434 819.200195312 865.259643555
eeg 855.389770508 842.229919434 820.845214844 855.389770508
eeg 850.454833984 843.874938965 825.780151367 838.940002441
eeg 843.874938965 838.940002441 825.780151367 825.780151367
eeg 838.940002441 838.940002441 824.135131836 830.715087891
eeg 840.584960938 842.229919434 825.780151367 829.070068359
eeg 835.650024414 840.584960938 825.780151367 812.620300293
eeg 840.584960938 842.229919434 825.780151367 810.975280762
eeg 842.229919434 843.874938965 824.135131836 812.620300293
eeg 840.584960938 842.229919434 825.780151367 819.200195312
eeg 838.940002441 843.874938965 825.780151367 815.91027832
eeg 838.940002441 843.874938965 822.49017334 819.200195312
eeg 842.229919434 842.229919434 824.135131836 820.845214844
eeg 835.650024414 840.584960938 824.135131836 840.584960938
eeg 835.650024414 843.874938965 822.49017334 838.940002441
eeg 838.940002441 843.874938965 824.135131836 832.360046387
eeg 842.229919434 843.874938965 825.780151367 824.135131836
a 0.151237308979 0.121949523687 0.0184248127043 0.0647873654962
b 0.0511175952852 0.0419477857649 0.012973215431 0.0524632632732
d 0.553031206131 0.568855106831 0.71152472496 0.828074991703
g 0.0292081795633 0.02408211492 0.0088629629463 0.0158644504845
t 0.215405732393 0.24316547811 0.248214289546 0.0388099327683
h 1.0 1.0 1.0 1.0
c 1.0
Aa 0.838882029057 0.0824640765786 -0.225723609328 0.765576124191
Ab 0.367793500423 -0.3810069561 -0.37807905674 0.673941135406
Ad 1.40197277069 0.751285612583 1.36106336117 1.87215554714
Ag 0.124727591872 -0.622021377087 -0.543547749519 0.154510885477
At 0.99248033762 0.382185906172 0.903700113297 0.543028771877
as 0.876712322235 0.844155848026 0.516666650772 0.589473664761
bs 0.84375 0.777777791023 0.805555582047 0.85185188055
ds 1.0 0.762589931488 1.0 0.936507940292
gs 1.0 1.0 1.0 0.527777791023
ts 1.0 0.767676770687 1.0 0.4609375
eeg 834.005004883 843.874938965 824.135131836 830.715087891
eeg 834.005004883 840.584960938 824.135131836 824.135131836
eeg 842.229919434 843.874938965 822.49017334 829.070068359
eeg 840.584960938 843.874938965 824.135131836 840.584960938
eeg 850.454833984 843.874938965 824.135131836 822.49017334
eeg 847.164855957 843.874938965 822.49017334 829.070068359
eeg 843.874938965 842.229919434 825.780151367 822.49017334
eeg 850.454833984 843.874938965 820.845214844 822.49017334
eeg 852.09979248 845.519897461 820.845214844 829.070068359
eeg 855.389770508 847.164855957 819.200195312 822.49017334
eeg 840.584960938 843.874938965 822.49017334 824.135131836
eeg 838.940002441 840.584960938 829.070068359 810.975280762
eeg 847.164855957 842.229919434 830.715087891 815.91027832
eeg 840.584960938 840.584960938 825.780151367 810.975280762
eeg 850.454833984 842.229919434 824.135131836 799.460449219
eeg 845.519897461 840.584960938 827.425109863 809.330322266
eeg 850.454833984 840.584960938 825.780151367 814.265258789
eeg 855.389770508 843.874938965 827.425109863 817.555236816
eeg 857.034729004 842.229919434 827.425109863 824.135131836
eeg 858.679748535 843.874938965 829.070068359 837.29498291
eeg 843.874938965 843.874938965 829.070068359 840.584960938
eeg 838.940002441 845.519897461 827.425109863 838.940002441
a 0.0886706709862 0.110931999981 0.0176991224289 0.0647873654962
b 0.0399626754224 0.0407197251916 0.0135432938114 0.0524632632732
d 0.619860708714 0.570070743561 0.71585547924 0.828074991703
g 0.0220535211265 0.0239642113447 0.0102968467399 0.0158644504845
t 0.229452431202 0.254313290119 0.242605254054 0.0388099327683
h 1.0 1.0 1.0 1.0
c 1.0
Aa 0.865915000439 0.0759799778461 -0.225723609328 0.765576124191
Ab 0.51978957653 -0.359272032976 -0.341951012611 0.673941135406
Ad 1.71042907238 0.786851942539 1.38115000725 1.87215554714
Ag 0.261612951756 -0.589513719082 -0.460971087217 0.154510885477
At 1.27882766724 0.436292231083 0.911224901676 0.543028771877
as 0.904109597206 0.831168830395 0.516666650772 0.589473664761
bs 1.0 0.833333313465 0.942857146263 0.85185188055
ds 1.0 0.782608687878 1.0 0.936507940292
gs 1.0 1.0 1.0 0.527777791023
ts 1.0 0.818181812763 1.0 0.4609375
eeg 840.584960938 847.164855957 824.135131836 848.809875488
eeg 832.360046387 845.519897461 829.070068359 840.584960938
eeg 840.584960938 843.874938965 829.070068359 858.679748535
eeg 847.164855957 845.519897461 825.780151367 863.614685059
eeg 850.454833984 845.519897461 827.425109863 866.904663086
eeg 838.940002441 843.874938965 830.715087891 875.129516602
eeg 838.940002441 842.229919434 825.780151367 873.484558105
eeg 847.164855957 845.519897461 824.135131836 871.839599609
eeg 834.005004883 845.519897461 827.425109863 870.194580078
eeg 840.584960938 845.519897461 829.070068359 866.904663086
eeg 840.584960938 848.809875488 829.070068359 875.129516602
eeg 845.519897461 845.519897461 830.715087891 865.259643555
eeg 857.034729004 847.164855957 829.070068359 875.129516602
eeg 832.360046387 843.874938965 829.070068359 860.324707031
eeg 832.360046387 843.874938965 829.070068359 853.744812012
eeg 825.780151367 847.164855957 827.425109863 857.034729004
eeg 834.005004883 845.519897461 825.780151367 855.389770508
eeg 840.584960938 847.164855957 830.715087891 861.969726562
eeg 837.29498291 843.874938965 829.070068359 870.194580078
eeg 845.519897461 845.519897461 829.070068359 873.484558105
eeg 847.164855957 845.519897461 827.425109863 871.839599609
eeg 842.229919434 843.874938965 827.425109863 868.549621582
a 0.064771130681 0.104382500052 0.0176647175103 0.0647873654962
b 0.03632042557 0.0400934256613 0.0139311319217 0.0524632632732
d 0.643396854401 0.569466233253 0.719759523869 0.828074991703
g 0.019477551803 0.0238454472274 0.0113948797807 0.0158644504845
t 0.236034050584 0.262212365866 0.237249732018 0.0388099327683
h 1.0 1.0 1.0 1.0
c 1.0
Aa 0.868716359138 0.0759799778461 -0.21167460084 0.765576124191
Ab 0.617485761642 -0.339574545622 -0.314794868231 0.673941135406
Ad 1.86581373215 0.812820255756 1.39840614796 1.87215554714
Ag 0.346869200468 -0.565242230892 -0.402071535587 0.154510885477
At 1.43030953407 0.47600543499 0.916424453259 0.543028771877
as 0.957142829895 0.831168830395 0.550000011921 0.589473664761
bs 1.0 0.888888895512 1.0 0.85185188055
ds 1.0 0.804347813129 1.0 0.936507940292
gs 1.0 1.0 1.0 0.527777791023
ts 1.0 0.858585834503 1.0 0.4609375
eeg 838.940002441 845.519897461 830.715087891 876.774536133
eeg 842.229919434 848.809875488 827.425109863 870.194580078
eeg 850.454833984 847.164855957 829.070068359 858.679748535
eeg 852.09979248 848.809875488 825.780151367 858.679748535
eeg 838.940002441 845.519897461 824.135131836 852.09979248
eeg 837.29498291 842.229919434 827.425109863 855.389770508
eeg 838.940002441 845.519897461 827.425109863 861.969726562
eeg 835.650024414 842.229919434 825.780151367 852.09979248
eeg 847.164855957 840.584960938 820.845214844 840.584960938
eeg 848.809875488 847.164855957 822.49017334 852.09979248
eeg 830.715087891 852.09979248 827.425109863 840.584960938
eeg 840.584960938 853.744812012 824.135131836 860.324707031
eeg 832.360046387 853.744812012 825.780151367 850.454833984
eeg 830.715087891 850.454833984 822.49017334 848.809875488
eeg 847.164855957 850.454833984 824.135131836 857.034729004
eeg 837.29498291 848.809875488 825.780151367 838.940002441
eeg 847.164855957 850.454833984 820.845214844 860.324707031
eeg 845.519897461 847.164855957 822.49017334 850.454833984
eeg 850.454833984 850.454833984 820.845214844 860.324707031
eeg 843.874938965 848.809875488 824.135131836 865.259643555
eeg 845.519897461 845.519897461 824.135131836 865.259643555
eeg 855.389770508 845.519897461 822.49017334 857.034729004
a 0.0556810498238 0.101149737835 0.0178240574896 0.0647873654962
b 0.0355787016451 0.0400714799762 0.0142574990168 0.0524632632732
d 0.652593433857 0.568736672401 0.722297787666 0.828074991703
g 0.0186014715582 0.0237462967634 0.0121670681983 0.0158644504845
t 0.237545341253 0.266295850277 0.233453556895 0.0388099327683
h 1.0 1.0 1.0 1.0
c 1.0
Aa 0.868716359138 0.0759799778461 -0.201047405601 0.765576124191
Ab 0.6741989851 -0.326149404049 -0.298010617495 0.673941135406
Ad 1.93765163422 0.825926423073 1.40666234493 1.87215554714
Ag 0.392556220293 -0.553388893604 -0.366868048906 0.154510885477
At 1.49875545502 0.496379584074 0.9161465168 0.543028771877
as 0.957142829895 0.831168830395 0.566666662693 0.589473664761
bs 1.0 0.916666686535 1.0 0.85185188055
ds 1.0 0.811594188213 1.0 0.936507940292
gs 1.0 1.0 1.0 0.527777791023
ts 1.0 0.878787875175 1.0 0.4609375
eeg 838.940002441 843.874938965 820.845214844 868.549621582
eeg 838.940002441 845.519897461 825.780151367 863.614685059
eeg 840.584960938 847.164855957 824.135131836 865.259643555
eeg 843.874938965 843.874938965 822.49017334 876.774536133
eeg 847.164855957 843.874938965 820.845214844 876.774536133
eeg 843.874938965 845.519897461 822.49017334 893.224304199
eeg 835.650024414 843.874938965 822.49017334 901.44921875
eeg 837.29498291 842.229919434 822.49017334 904.739196777
eeg 843.874938965 843.874938965 824.135131836 904.739196777
eeg 840.584960938 843.874938965 822.49017334 898.159240723
eeg 843.874938965 842.229919434 824.135131836 904.739196777
eeg 840.584960938 842.229919434 825.780151367 898.159240723
eeg 838.940002441 837.29498291 820.845214844 898.159240723
eeg 847.164855957 840.584960938 822.49017334 896.514282227
eeg 857.034729004 842.229919434 820.845214844 909.674133301
eeg 847.164855957 842.229919434 822.49017334 908.029174805
eeg 830.715087891 843.874938965 824.135131836 881.709472656
eeg 845.519897461 845.519897461 824.135131836 891.579345703
eeg 835.650024414 845.519897461 822.49017334 884.999450684
eeg 845.519897461 847.164855957 822.49017334 888.289367676
eeg 848.809875488 843.874938965 825.780151367 891.579345703
eeg 845.519897461 845.519897461 825.780151367 888.289367676
a 0.0633078217506 0.101215191185 0.0185051616281 0.0647873654962
b 0.0371487997472 0.0405351966619 0.0147176701576 0.0524632632732
d 0.641430437565 0.568013012409 0.723174571991 0.828074991703
g 0.0194809474051 0.0236372482032 0.0129605233669 0.0158644504845
t 0.23863196373 0.266599357128 0.230642095208 0.0388099327683
h 1.0 1.0 1.0 1.0
c 1.0
Aa 0.868716359138 0.0759799778461 -0.193900421262 0.765576124191
Ab 0.63720369339 -0.32143342495 -0.29335424304 0.673941135406
Ad 1.87440848351 0.825092554092 1.39804983139 1.87215554714
Ag 0.356869012117 -0.555668771267 -0.348570764065 0.154510885477
At 1.44498753548 0.496593385935 0.901745259762 0.543028771877
as 0.956521749496 0.826666653156 0.566666662693 0.589473664761
bs 1.0 0.944444417953 1.0 0.85185188055
ds 1.0 0.811594188213 1.0 0.936507940292
gs 1.0 1.0 1.0 0.527777791023
ts 1.0 0.878787875175 1.0 0.4609375
eeg 843.874938965 847.164855957 825.780151367 891.579345703
eeg 850.454833984 847.164855957 829.070068359 899.804260254
eeg 845.519897461 845.519897461 824.135131836 894.86932373
eeg 842.229919434 843.874938965 824.135131836 886.64440918
eeg 845.519897461 843.874938965 824.135131836 889.934387207
eeg 850.454833984 845.519897461 822.49017334 896.514282227
eeg 848.809875488 843.874938965 824.135131836 898.159240723
eeg 842.229919434 843.874938965 825.780151367 881.709472656
eeg 847.164855957 845.519897461 827.425109863 863.614685059
eeg 843.874938965 845.519897461 827.425109863 857.034729004
eeg 837.29498291 843.874938965 824.135131836 843.874938965
eeg 838.940002441 842.229919434 822.49017334 837.29498291
eeg 835.650024414 843.874938965 822.49017334 829.070068359
eeg 838.940002441 843.874938965 822.49017334 830.715087891
eeg 834.005004883 843.874938965 824.135131836 837.29498291
eeg 837.29498291 843.874938965 822.49017334 838.940002441
eeg 837.29498291 837.29498291 824.135131836 850.454833984
eeg 847.164855957 838.940002441 824.135131836 853.744812012
eeg 860.324707031 837.29498291 825.780151367 866.904663086
eeg 857.034729004 835.650024414 832.360046387 866.904663086
eeg 830.715087891 838.940002441 830.715087891 843.874938965
eeg 842.229919434 842.229919434 827.425109863 847.164855957
a 0.0725260078907 0.10498303175 0.0203536469489 0.0647873654962
b 0.0397844724357 0.0417366661131 0.0156578533351 0.0524632632732
d 0.627274155617 0.565684080124 0.722488582134 0.828074991703
g 0.0209658630192 0.0236199684441 0.0143288113177 0.0158644504845
t 0.239449486136 0.263976246119 0.227171108127 0.0388099327683
h 1.0 1.0 1.0 1.0
c 1.0
Aa 0.868716359138 0.0759799778461 -0.186954662204 0.765576124191
Ab 0.607936143875 -0.324621409178 -0.300864696503 0.673941135406
Ad 1.80568003654 0.807434797287 1.36323404312 1.87215554714
Ag 0.329735308886 -0.571859836578 -0.339386731386 0.154510885477
At 1.38743650913 0.476425737143 0.860756158829 0.543028771877
as 0.956521749496 0.826666653156 0.583333313465 0.589473664761
bs 1.0 0.916666686535 1.0 0.85185188055
ds 1.0 0.795620441437 1.0 0.936507940292
gs 1.0 1.0 1.0 0.527777791023
ts 1.0 0.858585834503 1.0 0.4609375
eeg 852.09979248 845.519897461 825.780151367 866.904663086
eeg 866.904663086 848.809875488 824.135131836 871.839599609
eeg 873.484558105 848.809875488 824.135131836 876.774536133
eeg 873.484558105 847.164855957 825.780151367 876.774536133
eeg 861.969726562 852.09979248 822.49017334 883.354431152
eeg 875.129516602 853.744812012 824.135131836 893.224304199
eeg 866.904663086 852.09979248 822.49017334 893.224304199
eeg 871.839599609 853.744812012 825.780151367 893.224304199
eeg 875.129516602 853.744812012 824.135131836 903.094238281
eeg 878.419494629 855.389770508 824.135131836 908.029174805
eeg 881.709472656 858.679748535 830.715087891 911.319091797
eeg 883.354431152 860.324707031 827.425109863 904.739196777
eeg 884.999450684 857.034729004 830.715087891 912.964111328
eeg 878.419494629 861.969726562 827.425109863 911.319091797
eeg 888.289367676 865.259643555 829.070068359 899.804260254
eeg 889.934387207 865.259643555 829.070068359 908.029174805
eeg 889.934387207 868.549621582 829.070068359 909.674133301
eeg 893.224304199 861.969726562 829.070068359 927.768920898
eeg 894.86932373 863.614685059 825.780151367 927.768920898
eeg 888.289367676 860.324707031 829.070068359 919.544006348
eeg 901.44921875 863.614685059 827.425109863 916.25402832
eeg 899.804260254 865.259643555 827.425109863 912.964111328
a 0.0819474831223 0.113537527621 0.0238266978413 0.0647873654962
b 0.0430158637464 0.0443831011653 0.0175541825593 0.0524632632732
d 0.612525463104 0.557655632496 0.720906674862 0.828074991703
g 0.0229581017047 0.0239254981279 0.0169694479555 0.0158644504845
t 0.23955309391 0.260498225689 0.220742985606 0.0388099327683
h 1.0 1.0 1.0 1.0
c 1.0
Aa 0.868716359138 0.0759799778461 -0.186954662204 0.765576124191
Ab 0.588809370995 -0.331941813231 -0.319637924433 0.673941135406
Ad 1.74230480194 0.767206668854 1.2938605547 1.87215554714
Ag 0.316116690636 -0.600298464298 -0.334350764751 0.154510885477
At 1.33458244801 0.436645299196 0.779868364334 0.543028771877
as 0.956521749496 0.826666653156 0.583333313465 0.589473664761
bs 1.0 0.916666686535 0.94594591856 0.85185188055
ds 1.0 0.772058844566 1.0 0.936507940292
gs 1.0 1.0 1.0 0.527777791023
ts 1.0 0.818181812763 1.0 0.4609375
eeg 883.354431152 863.614685059 820.845214844 908.029174805
eeg 886.64440918 861.969726562 819.200195312 921.188964844
eeg 894.86932373 858.679748535 824.135131836 916.25402832
eeg 884.999450684 857.034729004 827.425109863 914.609069824
eeg 888.289367676 855.389770508 827.425109863 914.609069824
eeg 883.354431152 855.389770508 827.425109863 916.25402832
eeg 868.549621582 853.744812012 822.49017334 912.964111328
eeg 878.419494629 853.744812012 822.49017334 914.609069824
eeg 871.839599609 852.09979248 825.780151367 906.384155273
eeg 873.484558105 850.454833984 824.135131836 904.739196777
eeg 870.194580078 848.809875488 824.135131836 904.739196777
eeg 876.774536133 848.809875488 827.425109863 906.384155273
eeg 871.839599609 848.809875488 822.49017334 901.44921875
eeg 871.839599609 848.809875488 822.49017334 904.739196777
eeg 871.839599609 848.809875488 824.135131836 903.094238281
eeg 871.839599609 848.809875488 822.49017334 904.739196777
eeg 873.484558105 850.454833984 822.49017334 898.159240723
eeg 870.194580078 847.164855957 820.845214844 891.579345703
eeg 865.259643555 847.164855957 820.845214844 884.999450684
eeg 855.389770508 842.229919434 822.49017334 878.419494629
eeg 865.259643555 842.229919434 822.49017334 888.289367676
eeg 857.034729004 842.229919434 822.49017334 889.934387207
a 0.0913097634912 0.127328500152 0.0303937904537 0.0647873654962
b 0.0460798256099 0.0490620881319 0.0211360212415 0.0524632632732
d 0.599293351173 0.540248334408 0.718066334724 0.828074991703
g 0.0254163239151 0.0247643757612 0.0218051075935 0.0158644504845
t 0.237900719047 0.258596718311 0.208598747849 0.0388099327683
h 1.0 1.0 1.0 1.0
c 1.0
Aa 0.870338618755 0.0759799778461 -0.187298178673 0.765576124191
Ab 0.573332250118 -0.338199615479 -0.345059812069 0.673941135406
Ad 1.68746089935 0.703647792339 1.18608152866 1.87215554714
Ag 0.314934164286 -0.635118246078 -0.331524819136 0.154510885477
At 1.28621721268 0.383677393198 0.64922863245 0.543028771877
as 0.956521749496 0.826666653156 0.583333313465 0.589473664761
bs 1.0 0.888888895512 0.864864885807 0.85185188055
ds 1.0 0.725925922394 0.94915252924 0.936507940292
gs 1.0 1.0 1.0 0.527777791023
ts 1.0 0.767676770687 0.904411792755 0.4609375
eeg 853.744812012 842.229919434 819.200195312 886.64440918
eeg 855.389770508 843.874938965 825.780151367 881.709472656
eeg 847.164855957 842.229919434 824.135131836 868.549621582
eeg 860.324707031 843.874938965 820.845214844 875.129516602
eeg 866.904663086 843.874938965 822.49017334 881.709472656
eeg 868.549621582 845.519897461 820.845214844 896.514282227
eeg 868.549621582 842.229919434 825.780151367 911.319091797
eeg 838.940002441 842.229919434 824.135131836 857.034729004
eeg 847.164855957 845.519897461 824.135131836 861.969726562
eeg 847.164855957 845.519897461 824.135131836 870.194580078
eeg 848.809875488 848.809875488 824.135131836 861.969726562
eeg 861.969726562 848.809875488 825.780151367 886.64440918
eeg 855.389770508 850.454833984 820.845214844 875.129516602
eeg 860.324707031 852.09979248 822.49017334 866.904663086
eeg 866.904663086 853.744812012 820.845214844 875.129516602
eeg 875.129516602 853.744812012 822.49017334 868.549621582
eeg 868.549621582 852.09979248 822.49017334 870.194580078
eeg 863.614685059 853.744812012 822.49017334 870.194580078
eeg 861.969726562 852.09979248 824.135131836 875.129516602
eeg 861.969726562 850.454833984 824.135131836 866.904663086
eeg 853.744812012 847.164855957 822.49017334 860.324707031
eeg 852.09979248 848.809875488 817.555236816 866.904663086
a 0.0990748405457 0.143841058016 0.0396951884031 0.0647873654962
b 0.048423692584 0.0551438108087 0.0274509023875 0.0524632632732
d 0.589318811893 0.514329373837 0.715292930603 0.828074991703
g 0.0280235838145 0.0259940270334 0.0300021879375 0.0158644504845
t 0.235159039497 0.260691761971 0.18755877018 0.0388099327683
h 1.0 1.0 1.0 1.0
c 1.0
Aa 0.870338618755 0.0759799778461 -0.208030506968 0.765576124191
Ab 0.559433162212 -0.340406090021 -0.368211776018 0.673941135406
Ad 1.64472556114 0.629338443279 1.0477155447 1.87215554714
Ag 0.321898937225 -0.667029321194 -0.329615443945 0.154510885477
At 1.2457369566 0.334224402905 0.466369003057 0.543028771877
as 0.956521749496 0.826666653156 0.550000011921 0.589473664761
bs 1.0 0.888888895512 0.805555582047 0.85185188055
ds 1.0 0.679104506969 0.870056509972 0.936507940292
gs 1.0 1.0 1.0 0.527777791023
ts 1.0 0.724489808083 0.764705896378 0.4609375
eeg 842.229919434 847.164855957 822.49017334 870.194580078
eeg 830.715087891 850.454833984 824.135131836 884.999450684
eeg 848.809875488 850.454833984 825.780151367 868.549621582
eeg 848.809875488 852.09979248 822.49017334 865.259643555
eeg 847.164855957 853.744812012 819.200195312 861.969726562
eeg 845.519897461 850.454833984 820.845214844 852.09979248
eeg 843.874938965 850.454833984 817.555236816 863.614685059
eeg 847.164855957 850.454833984 819.200195312 865.259643555
eeg 852.09979248 850.454833984 820.845214844 873.484558105
eeg 852.09979248 852.09979248 819.200195312 870.194580078
eeg 848.809875488 852.09979248 820.845214844 883.354431152
eeg 853.744812012 852.09979248 820.845214844 884.999450684
eeg 850.454833984 852.09979248 822.49017334 880.064453125
eeg 848.809875488 850.454833984 817.555236816 883.354431152
eeg 860.324707031 852.09979248 819.200195312 878.419494629
eeg 845.519897461 848.809875488 825.780151367 876.774536133
eeg 842.229919434 845.519897461 824.135131836 878.419494629
eeg 848.809875488 848.809875488 829.070068359 888.289367676
eeg 845.519897461 850.454833984 820.845214844 880.064453125
eeg 848.809875488 852.09979248 819.200195312 868.549621582
eeg 852.09979248 850.454833984 817.555236816 865.259643555
eeg 847.164855957 847.164855957 820.845214844 865.259643555
a 0.104225583375 0.15635997057 0.0489163286984 0.0647873654962
b 0.0493070334196 0.0599178820848 0.0367859937251 0.0524632632732
d 0.585964798927 0.488374322653 0.714592218399 0.828074991703
g 0.0301751531661 0.0269310157746 0.0417144559324 0.0158644504845
t 0.230327412486 0.268416792154 0.157990992069 0.0388099327683
h 1.0 1.0 1.0 1.0
c 1.0
Aa 0.870338618755 0.0779213905334 -0.257706642151 0.765576124191
Ab 0.545273125172 -0.338647723198 -0.381477981806 0.673941135406
Ad 1.62023580074 0.572548687458 0.906897783279 1.87215554714
Ag 0.332013756037 -0.685951411724 -0.326873928308 0.154510885477
At 1.21470987797 0.312605530024 0.251471847296 0.543028771877
as 0.956521749496 0.839999973774 0.466666668653 0.589473664761
bs 1.0 0.914285719395 0.771428585052 0.85185188055
ds 1.0 0.634328365326 0.790960431099 0.936507940292
gs 1.0 1.0 1.0 0.527777791023
ts 1.0 0.704081654549 0.607407391071 0.4609375
eeg 843.874938965 847.164855957 819.200195312 876.774536133
eeg 850.454833984 845.519897461 819.200195312 883.354431152
eeg 850.454833984 847.164855957 820.845214844 881.709472656
eeg 852.09979248 847.164855957 822.49017334 881.709472656
eeg 860.324707031 848.809875488 822.49017334 884.999450684
eeg 853.744812012 850.454833984 822.49017334 894.86932373
eeg 852.09979248 848.809875488 822.49017334 884.999450684
eeg 855.389770508 850.454833984 819.200195312 883.354431152
eeg 857.034729004 850.454833984 820.845214844 886.64440918
eeg 853.744812012 847.164855957 824.135131836 888.289367676
eeg 853.744812012 847.164855957 824.135131836 894.86932373
eeg 863.614685059 848.809875488 825.780151367 901.44921875
eeg 843.874938965 847.164855957 822.49017334 876.774536133
eeg 835.650024414 845.519897461 825.780151367 865.259643555
eeg 838.940002441 845.519897461 829.070068359 866.904663086
eeg 842.229919434 842.229919434 822.49017334 871.839599609
eeg 857.034729004 842.229919434 822.49017334 896.514282227
eeg 860.324707031 845.519897461 822.49017334 888.289367676
eeg 852.09979248 840.584960938 824.135131836 878.419494629
eeg 855.389770508 843.874938965 825.780151367 888.289367676
eeg 852.09979248 842.229919434 824.135131836 883.354431152
eeg 843.874938965 837.29498291 824.135131836 883.354431152
a 0.106285102665 0.159686997533 0.0650920644403 0.0647873654962
b 0.0488913543522 0.0603747293353 0.0457567349076 0.0524632632732
d 0.589861631393 0.473800361156 0.709370613098 0.828074991703
g 0.0314229801297 0.0267533436418 0.0527652688324 0.0158644504845
t 0.223538935184 0.279384553432 0.127015322447 0.0388099327683
h 1.0 1.0 1.0 1.0
c 1.0
Aa 0.870338618755 0.0865450426936 -0.230920612812 0.765576124191
Ab 0.53309828043 -0.335869312286 -0.383993625641 0.673941135406
Ad 1.61461639404 0.558870851994 0.806424498558 1.87215554714
Ag 0.341113597155 -0.689346432686 -0.322100490332 0.154510885477
At 1.19321942329 0.329477876425 0.0594074726105 0.543028771877
as 0.956521749496 0.839999973774 0.516666650772 0.589473664761
bs 1.0 0.911764681339 0.742857158184 0.85185188055
ds 1.0 0.624060153961 0.738636374474 0.936507940292
gs 1.0 1.0 1.0 0.527777791023
ts 1.0 0.724489808083 0.466666668653 0.4609375
eeg 842.229919434 842.229919434 825.780151367 883.354431152
eeg 848.809875488 842.229919434 825.780151367 870.194580078
eeg 847.164855957 842.229919434 824.135131836 878.419494629
eeg 845.519897461 840.584960938 825.780151367 880.064453125
eeg 848.809875488 840.584960938 825.780151367 873.484558105
eeg 850.454833984 842.229919434 825.780151367 881.709472656
eeg 853.744812012 843.874938965 825.780151367 870.194580078
eeg 857.034729004 845.519897461 822.49017334 876.774536133
eeg 845.519897461 842.229919434 825.780151367 873.484558105
eeg 853.744812012 843.874938965 827.425109863 876.774536133
eeg 855.389770508 843.874938965 829.070068359 861.969726562
eeg 842.229919434 843.874938965 825.780151367 875.129516602
eeg 845.519897461 843.874938965 824.135131836 860.324707031
eeg 843.874938965 843.874938965 825.780151367 870.194580078
eeg 838.940002441 840.584960938 825.780151367 875.129516602
eeg 845.519897461 840.584960938 827.425109863 870.194580078
eeg 873.484558105 843.874938965 824.135131836 886.64440918
eeg 857.034729004 850.454833984 825.780151367 884.999450684
eeg 824.135131836 848.809875488 829.070068359 845.519897461
eeg 814.265258789 845.519897461 827.425109863 838.940002441
eeg 794.525512695 842.229919434 829.070068359 812.620300293
eeg 794.525512695 842.229919434 830.715087891 814.265258789
a 0.10637768358 0.15360724926 0.0761132314801 0.0647873654962
b 0.0482145696878 0.0575980842113 0.0506991371512 0.0524632632732
d 0.597423136234 0.472975432873 0.706126987934 0.828074991703
g 0.0319353714585 0.0257096607238 0.0590858347714 0.0158644504845
t 0.216049253941 0.290109574795 0.107974782586 0.0388099327683
h 1.0 1.0 1.0 1.0
c 1.0
Aa 0.870338618755 0.0928656980395 -0.205754980445 0.765576124191
Ab 0.526666402817 -0.333137989044 -0.382214576006 0.673941135406
Ad 1.61977016926 0.581292569637 0.761667668819 1.87215554714
Ag 0.347760051489 -0.683449685574 -0.31573176384 0.154510885477
At 1.17804086208 0.369016051292 -0.0538927838206 0.543028771877
as 0.956521749496 0.853333353996 0.550000011921 0.589473664761
bs 0.976190447807 0.941176474094 0.771428585052 0.85185188055
ds 1.0 0.639097750187 0.715909063816 0.936507940292
gs 1.0 1.0 1.0 0.527777791023
ts 1.0 0.77319586277 0.377777785063 0.4609375
eeg 794.525512695 837.29498291 827.425109863 806.040344238
eeg 764.91583252 834.005004883 827.425109863 791.235534668
eeg 756.690979004 834.005004883 827.425109863 792.880554199
eeg 759.980895996 829.070068359 827.425109863 779.720703125
eeg 756.690979004 825.780151367 829.070068359 773.14074707
eeg 746.821105957 824.135131836 829.070068359 776.430725098
eeg 751.75604248 820.845214844 829.070068359 774.785766602
eeg 759.980895996 820.845214844 827.425109863 781.365661621
eeg 768.205810547 820.845214844 827.425109863 796.170471191
eeg 774.785766602 822.49017334 830.715087891 786.300598145
eeg 779.720703125 824.135131836 825.780151367 806.040344238
eeg 789.590576172 825.780151367 827.425109863 809.330322266
eeg 784.655639648 825.780151367 824.135131836 814.265258789
eeg 797.815490723 827.425109863 825.780151367 824.135131836
eeg 810.975280762 829.070068359 824.135131836 815.91027832
eeg 812.620300293 832.360046387 824.135131836 829.070068359
eeg 819.200195312 834.005004883 827.425109863 835.650024414
eeg 817.555236816 834.005004883 824.135131836 832.360046387
eeg 820.845214844 834.005004883 820.845214844 838.940002441
eeg 827.425109863 835.650024414 825.780151367 835.650024414
eeg 827.425109863 835.650024414 824.135131836 834.005004883
eeg 829.070068359 834.005004883 822.49017334 848.809875488
a 0.10702662915 0.147779628634 0.0808222219348 0.0647873654962
b 0.04826124385 0.0543996877968 0.0522743165493 0.0524632632732
d 0.601230204105 0.472993969917 0.703783988953 0.828074991703
g 0.0322824716568 0.0244169402868 0.0616194456816 0.0158644504845
t 0.211199432611 0.300409764051 0.101500034332 0.0388099327683
h 1.0 1.0 1.0 1.0
c 1.0
Aa 0.872945070267 0.102473162115 -0.194232359529 0.765576124191
Ab 0.527051746845 -0.331544965506 -0.383474767208 0.673941135406
Ad 1.62249410152 0.607714235783 0.745676219463 1.87215554714
Ag 0.352420032024 -0.679450154305 -0.312045365572 0.154510885477
At 1.16814601421 0.410572648048 -0.0952969640493 0.543028771877
as 0.956521749496 0.866666674614 0.566666662693 0.589473664761
bs 0.976190447807 0.941176474094 0.742857158184 0.85185188055
ds 1.0 0.661654114723 0.702857136726 0.936507940292
gs 1.0 1.0 1.0 0.527777791023
ts 1.0 0.81443297863 0.348148137331 0.4609375
eeg 830.715087891 835.650024414 819.200195312 842.229919434
eeg 837.29498291 838.940002441 822.49017334 843.874938965
eeg 830.715087891 838.940002441 825.780151367 843.874938965
eeg 834.005004883 838.940002441 824.135131836 840.584960938
eeg 842.229919434 840.584960938 825.780151367 861.969726562
eeg 834.005004883 838.940002441 822.49017334 855.389770508
eeg 842.229919434 840.584960938 822.49017334 857.034729004
eeg 835.650024414 838.940002441 824.135131836 857.034729004
eeg 838.940002441 840.584960938 819.200195312 855.389770508
eeg 850.454833984 838.940002441 822.49017334 855.389770508
eeg 842.229919434 837.29498291 822.49017334 855.389770508
eeg 840.584960938 840.584960938 824.135131836 852.09979248
eeg 842.229919434 838.940002441 824.135131836 857.034729004
eeg 845.519897461 842.229919434 820.845214844 857.034729004
eeg 847.164855957 843.874938965 822.49017334 858.679748535
eeg 842.229919434 840.584960938 822.49017334 863.614685059
eeg 837.29498291 842.229919434 817.555236816 852.09979248
eeg 837.29498291 840.584960938 820.845214844 855.389770508
eeg 838.940002441 840.584960938 822.49017334 857.034729004
eeg 837.29498291 840.584960938 820.845214844 855.389770508
eeg 835.650024414 840.584960938 824.135131836 847.164855957
eeg 834.005004883 840.584960938 819.200195312 842.229919434
a 0.111089199781 0.147518232465 0.0841349959373 0.0647873654962
b 0.0490760691464 0.0526918657124 0.0531686842442 0.0524632632732
d 0.596811890602 0.468348294497 0.702875673771 0.828074991703
g 0.0328141450882 0.0233545508236 0.0629145503044 0.0158644504845
t 0.210208714008 0.308087050915 0.0969061255455 0.0388099327683
h 1.0 1.0 1.0 1.0
c 1.0
Aa 0.887861073017 0.114556238055 -0.194232359529 0.765576124191
Ab 0.533059000969 -0.332545876503 -0.393553137779 0.673941135406
Ad 1.61802661419 0.616279482841 0.727669477463 1.87215554714
Ag 0.358250319958 -0.685917913914 -0.320457965136 0.154510885477
At 1.16483998299 0.43438398838 -0.132857784629 0.543028771877
as 0.971014499664 0.878378391266 0.566666662693 0.589473664761
bs 1.0 0.941176474094 0.714285731316 0.85185188055
ds 1.0 0.661654114723 0.699421942234 0.936507940292
gs 1.0 1.0 1.0 0.527777791023
ts 1.0 0.83505153656 0.333333343267 0.4609375
eeg 830.715087891 842.229919434 820.845214844 838.940002441
eeg 832.360046387 840.584960938 820.845214844 852.09979248
eeg 835.650024414 842.229919434 819.200195312 855.389770508
eeg 835.650024414 842.229919434 822.49017334 863.614685059
eeg 835.650024414 840.584960938 820.845214844 850.454833984
eeg 842.229919434 842.229919434 819.200195312 853.744812012
eeg 835.650024414 842.229919434 820.845214844 855.389770508
eeg 834.005004883 842.229919434 822.49017334 853.744812012
eeg 837.29498291 843.874938965 820.845214844 858.679748535
eeg 840.584960938 847.164855957 815.91027832 857.034729004
eeg 843.874938965 845.519897461 824.135131836 858.679748535
eeg 837.29498291 843.874938965 822.49017334 852.09979248
eeg 837.29498291 842.229919434 820.845214844 850.454833984
eeg 838.940002441 842.229919434 820.845214844 857.034729004
eeg 855.389770508 845.519897461 820.845214844 873.484558105
eeg 838.940002441 847.164855957 824.135131836 850.454833984
eeg 814.265258789 845.519897461 825.780151367 834.005004883
eeg 820.845214844 842.229919434 820.845214844 838.940002441
eeg 827.425109863 843.874938965 820.845214844 835.650024414
eeg 840.584960938 843.874938965 822.49017334 850.454833984
eeg 835.650024414 843.874938965 822.49017334 850.454833984
eeg 832.360046387 845.519897461 827.425109863 853.744812012
a 0.119187057018 0.152960434556 0.0914496183395 0.0647873654962
b 0.0495497360826 0.0529515333474 0.0552505813539 0.0524632632732
d 0.58262437582 0.457426398993 0.696274399757 0.828074991703
g 0.0331410057843 0.0225642193109 0.0639553368092 0.0158644504845
t 0.215497851372 0.31409740448 0.0930700525641 0.0388099327683
h 1.0 1.0 1.0 1.0
c 1.0
Aa 0.92358225584 0.125888139009 -0.194232359529 0.765576124191
Ab 0.542394518852 -0.334812402725 -0.413077384233 0.673941135406
Ad 1.61274182796 0.601630270481 0.687366187572 1.87215554714
Ag 0.367718845606 -0.705270648003 -0.349537461996 0.154510885477
At 1.18079614639 0.43837338686 -0.186604291201 0.543028771877
as 1.0 0.891891896725 0.566666662693 0.589473664761
bs 1.0 0.911764681339 0.685714304447 0.85185188055
ds 1.0 0.654135346413 0.67630058527 0.936507940292
gs 1.0 0.931034505367 1.0 0.527777791023
ts 1.0 0.845360815525 0.287878781557 0.4609375
eeg 830.715087891 840.584960938 827.425109863 855.389770508
eeg 842.229919434 843.874938965 825.780151367 860.324707031
eeg 843.874938965 843.874938965 824.135131836 852.09979248
eeg 835.650024414 842.229919434 825.780151367 855.389770508
eeg 835.650024414 843.874938965 825.780151367 858.679748535
eeg 842.229919434 842.229919434 827.425109863 857.034729004
eeg 845.519897461 845.519897461 825.780151367 858.679748535
eeg 837.29498291 843.874938965 822.49017334 852.09979248
eeg 838.940002441 845.519897461 825.780151367 845.519897461
eeg 838.940002441 845.519897461 825.780151367 861.969726562
eeg 832.360046387 845.519897461 820.845214844 852.09979248
eeg 842.229919434 847.164855957 824.135131836 850.454833984
eeg 842.229919434 845.519897461 825.780151367 858.679748535
eeg 840.584960938 845.519897461 824.135131836 843.874938965
eeg 838.940002441 847.164855957 829.070068359 853.744812012
eeg 838.940002441 847.164855957 824.135131836 853.744812012
eeg 842.229919434 850.454833984 824.135131836 858.679748535
eeg 847.164855957 848.809875488 829.070068359 857.034729004
eeg 857.034729004 850.454833984 824.135131836 857.034729004
