a 0.336791753769 0.288038283587 0.14021025598 0.226396560669
b 0.159511387348 0.0458057373762 0.169221311808 0.150947496295
d 0.226972818375 0.408397018909 0.386847823858 0.293197780848
g 0.0484182648361 0.019413921982 0.149085253477 0.0684479400516
t 0.228305757046 0.238345041871 0.154635369778 0.261010229588
h 1.0 1.0 1.0 1.0
c 0.818799674511 0 0 0
Aa 0.850566744804 0.367775708437 0.0774676725268 1.06499743462
Ab 0.525996983051 -0.430754631758 0.159142911434 0.888953447342
Ad 0.679179131985 0.519408106804 0.518227994442 1.17728829384
Ag 0.00821449607611 -0.803561210632 0.104122571647 0.545487940311
At 0.681722164154 0.28553161025 0.11999668926 1.1267850399
as 0.893617033958 0.258620679379 0.117647059262 0.739726006985
bs 0.680000007153 0.0 0.375 0.68292683363
ds 0.190082639456 0.0 0.147058829665 0.456375837326
gs 0.105263158679 0.0606060624123 0.477272719145 0.411764711142
ts 0.473118275404 0.0 0.141304343939 0.98507463932
a 0.335343211889 0.242033317685 0.124295257032 0.218471616507
b 0.15580740571 0.0367246121168 0.133415237069 0.145478531718
d 0.23199416697 0.461076885462 0.461521267891 0.312386214733
g 0.0491784140468 0.0146454945207 0.114481717348 0.06435611099
t 0.227676808834 0.245519697666 0.166286513209 0.2593075037
h 1.0 1.0 1.0 1.0
c 0.806416869164 0 0 0
Aa 0.850566744804 0.417992472649 0.122229501605 1.06915700436
Ab 0.517665266991 -0.40092548728 0.15298037231 0.892560899258
Ad 0.690554261208 0.697890639305 0.69196665287 1.22445380688
Ag 0.0168517101556 -0.800178647041 0.0865110903978 0.538351774216
At 0.682395994663 0.424203664064 0.248631983995 1.14357709885
as 0.893617033958 0.344827592373 0.176470592618 0.75342464447
bs 0.666666686535 0.021276595071 0.333333343267 0.68292683363
ds 0.198347106576 0.0196078438312 0.313725501299 0.489932894707
gs 0.105263158679 0.0606060624123 0.431818187237 0.411764711142
ts 0.473118275404 0.103448279202 0.282608687878 1.0
a 0.335970938206 0.200566083193 0.105439797044 0.214785382152
b 0.152420222759 0.0321300029755 0.111495867372 0.141667470336
d 0.238064810634 0.502917766571 0.516888618469 0.32869797945
g 0.050579559058 0.0120552424341 0.0933203473687 0.0613207295537
t 0.222964480519 0.252330929041 0.172855362296 0.253528445959
h 1.0 1.0 1.0 1.0
c 0.794324696064 0 0 0
Aa 0.850566744804 0.417992472649 0.122229501605 1.07832407951
Ab 0.507307589054 -0.377354264259 0.146483719349 0.897589445114
Ad 0.700960218906 0.817231953144 0.812621951103 1.26311635971
Ag 0.028240064159 -0.803089082241 0.0692013055086 0.533926606178
At 0.672500669956 0.517705500126 0.33690777421 1.15034604073
as 0.893617033958 0.344827592373 0.176470592618 0.767123281956
bs 0.583333313465 0.0652173906565 0.315789461136 0.68292683363
ds 0.206611573696 0.119999997318 0.43137255311 0.51677852869
gs 0.157894730568 0.0606060624123 0.409090906382 0.39393940568
ts 0.462365597486 0.180722892284 0.369565218687 1.0
a 0.340277045965 0.179364159703 0.095085605979 0.215020611882
b 0.150201767683 0.0298524666578 0.0983770564198 0.139726668596
d 0.242568492889 0.526226043701 0.550195991993 0.34066671133
g 0.052427649498 0.0105855427682 0.0819757729769 0.0595285631716
t 0.214525043964 0.253971815109 0.174365565181 0.245057433844
h 1.0 1.0 1.0 1.0
c 0.782294094563 0 0 0
Aa 0.850566744804 0.417992472649 0.122229501605 1.08975255489
Ab 0.495409101248 -0.360762983561 0.137008547783 0.902551710606
Ad 0.703568458557 0.885429143906 0.884632110596 1.28960216045
Ag 0.0382944382727 -0.811030089855 0.0578002370894 0.531997799873
At 0.650212049484 0.56904232502 0.385575443506 1.14654028416
as 0.893617033958 0.344827592373 0.176470592618 0.780821919441
bs 0.541666686535 0.108695648611 0.289473682642 0.707317054272
ds 0.20000000298 0.189999997616 0.5 0.536912739277
gs 0.184210523963 0.03125 0.386363625526 0.375
ts 0.440860211849 0.21250000596 0.423913031816 1.0
a 0.348855435848 0.170487090945 0.0905526056886 0.213659837842
b 0.149645283818 0.0290931183845 0.0908144563437 0.139418616891
d 0.242206051946 0.537342309952 0.567470669746 0.35059055686
g 0.054561663419 0.00995581969619 0.0774452909827 0.0592419914901
t 0.204731568694 0.253121644258 0.173716977239 0.237089022994
h 1.0 1.0 1.0 1.0
c 0.770263493061 0 0 0
Aa 0.851443111897 0.417992472649 0.122229501605 1.08975255489
Ab 0.483860641718 -0.349908769131 0.123483538628 0.904350340366
Ad 0.69298261404 0.916552007198 0.919271945953 1.30482983589
Ag 0.0456852093339 -0.815622031689 0.0543235689402 0.532659232616
At 0.619982421398 0.589630246162 0.405170798302 1.13494110107
as 0.893617033958 0.344827592373 0.179104477167 0.791666686535
bs 0.5 0.130434781313 0.263157904148 0.707317054272
ds 0.184873953462 0.212121218443 0.539215683937 0.543624162674
gs 0.184210523963 0.0 0.363636374474 0.375
ts 0.408602148294 0.23749999702 0.439560443163 0.985294103622
a 0.360360771418 0.167864650488 0.0892736837268 0.214043825865
b 0.151030465961 0.0290670376271 0.0863727703691 0.13878184557
d 0.234771028161 0.541541039944 0.575010061264 0.357801705599
g 0.0570084750652 0.00998600851744 0.0766886025667 0.0597948096693
t 0.196829244494 0.251541286707 0.172654867172 0.229577809572
h 1.0 1.0 1.0 1.0
c 0.758452653885 0 0 0
Aa 0.852448582649 0.417992472649 0.122229501605 1.08975255489
Ab 0.474775671959 -0.343566000462 0.107882879674 0.901582479477
Ad 0.666355609894 0.926664590836 0.931181490421 1.31289219856
Ag 0.0516505017877 -0.807574868202 0.0562368407845 0.535913288593
At 0.589800715446 0.593642532825 0.408684849739 1.12017965317
as 0.893617033958 0.344827592373 0.179104477167 0.791666686535
bs 0.458333343267 0.130434781313 0.236842110753 0.707317054272
ds 0.159663870931 0.222222223878 0.577319562435 0.550335586071
gs 0.210526317358 0.03125 0.363636374474 0.375
ts 0.369565218687 0.23749999702 0.450549453497 0.970149278641
a 0.351565808058 0.167355000973 0.089278653264 0.214950576425
b 0.159707814455 0.0292237773538 0.0835842564702 0.137344002724
d 0.226862058043 0.543440163136 0.578243434429 0.363211542368
g 0.0615655630827 0.0104886703193 0.0770987793803 0.060783572495
t 0.200298771262 0.249492406845 0.171794891357 0.223710298538
h 1.0 1.0 1.0 1.0
c 0.747122466564 0 0 0
Aa 0.814068496227 0.417992472649 0.122229501605 1.08975255489
Ab 0.471388012171 -0.339909911156 0.0936063528061 0.895223617554
Ad 0.623823702335 0.929505467415 0.933592557907 1.31757354736
Ag 0.0573997013271 -0.784925818443 0.0585293769836 0.541200101376
At 0.569740116596 0.591411054134 0.406492114067 1.10709989071
as 0.808510661125 0.344827592373 0.153846159577 0.802816927433
bs 0.458333343267 0.152173906565 0.184210523963 0.68292683363
ds 0.126050427556 0.232323229313 0.577319562435 0.550335586071
gs 0.236842110753 0.09375 0.386363625526 0.40625
ts 0.347826093435 0.23749999702 0.433333337307 0.940298497677
a 0.321497946978 0.167134821415 0.0895300582051 0.215978890657
b 0.17531260848 0.0295898020267 0.0818439424038 0.135733142495
d 0.218830034137 0.544672906399 0.580795705318 0.366649270058
g 0.0685158893466 0.011175762862 0.0772182717919 0.0620804801583
t 0.215843513608 0.247426718473 0.170612052083 0.219558224082
h 1.0 1.0 1.0 1.0
c 0.736171066761 0 0 0
Aa 0.736041724682 0.417992472649 0.122229501605 1.08975255489
Ab 0.472676664591 -0.33393239975 0.0832471475005 0.888027071953
Ad 0.568970441818 0.931061267853 0.934283971786 1.31959199905
Ag 0.0646548271179 -0.75679731369 0.0579806752503 0.548296272755
At 0.56300252676 0.58837211132 0.402270317078 1.09689092636
as 0.638297855854 0.344827592373 0.153846159577 0.814285695553
bs 0.458333343267 0.152173906565 0.157894730568 0.68292683363
ds 0.0840336158872 0.232323229313 0.577319562435 0.547945201397
gs 0.236842110753 0.1875 0.386363625526 0.451612889767
ts 0.336956530809 0.23749999702 0.438202261925 0.925373136997
a 0.281653642654 0.166908621788 0.0897791609168 0.217863336205
b 0.192678883672 0.0301360748708 0.0806316286325 0.135073378682
d 0.211985632777 0.546237409115 0.583833873272 0.366914719343
g 0.0765720680356 0.0118294712156 0.0767623782158 0.0641315057874
t 0.23710976541 0.244888409972 0.168992951512 0.216017067432
h 1.0 1.0 1.0 1.0
c 0.725708723068 0 0 0
Aa 0.640574932098 0.417992472649 0.122229501605 1.08975255489
Ab 0.475693702698 -0.32539960742 0.0755593776703 0.882138073444
Ad 0.517166018486 0.932895123959 0.935343265533 1.31613349915
Ag 0.0749299377203 -0.731520950794 0.0542023964226 0.558639764786
At 0.565809011459 0.584481954575 0.396922558546 1.08605635166
as 0.446808516979 0.344827592373 0.15625 0.814285695553
bs 0.458333343267 0.173913046718 0.131578952074 0.658536612988
ds 0.0336134470999 0.232323229313 0.577319562435 0.541095912457
gs 0.263157904148 0.28125 0.363636374474 0.483870953321
ts 0.336956530809 0.22499999404 0.426966279745 0.910447776318
a 0.246392101049 0.166234686971 0.0900367423892 0.221742287278
b 0.203774049878 0.0310400463641 0.0795947089791 0.137339264154
d 0.211519628763 0.549222290516 0.587086737156 0.362569749355
g 0.0836644098163 0.0123840346932 0.0759530365467 0.0679899975657
t 0.254649817944 0.241118967533 0.167328774929 0.210358694196
h 1.0 1.0 1.0 1.0
c 0.725708723068 0 0 0
Aa 0.559940099716 0.417992472649 0.122229501605 1.08975255489
Ab 0.477462202311 -0.310806810856 0.0686939135194 0.881698668003
Ad 0.493663996458 0.937018990517 0.936511993408 1.30329549313
Ag 0.0908540561795 -0.70986700058 0.0483548641205 0.576349020004
At 0.574256658554 0.579502224922 0.391380339861 1.06686449051
as 0.27659574151 0.344827592373 0.147540986538 0.814285695553
bs 0.458333343267 0.217391297221 0.131578952074 0.658536612988
ds 0.01680672355 0.232323229313 0.568421065807 0.534246563911
gs 0.315789461136 0.34375 0.363636374474 0.516129016876
ts 0.347826093435 0.22499999404 0.420454531908 0.880596995354
a 0.219492867589 0.164846852422 0.0913106352091 0.229566603899
b 0.203896686435 0.0321031697094 0.0782507658005 0.144609615207
d 0.227546781301 0.554482638836 0.589629173279 0.351967930794
g 0.0882064625621 0.012934631668 0.0748284161091 0.0741669163108
t 0.260857194662 0.235632702708 0.165980994701 0.199688956141
h 1.0 1.0 1.0 1.0
c 0.725708723068 0 0 0
Aa 0.510389864445 0.417992472649 0.127485528588 1.09456408024
Ab 0.478379637003 -0.292540282011 0.0604527704418 0.893852591515
Ad 0.526040136814 0.944799780846 0.937543153763 1.28015851974
Ag 0.114469848573 -0.687334120274 0.0410307236016 0.603865623474
At 0.585372269154 0.57314735651 0.387022525072 1.03400945663
as 0.170212760568 0.344827592373 0.16393442452 0.814285695553
bs 0.5 0.260869562626 0.105263158679 0.68292683363
ds 0.0420168079436 0.242424249649 0.563829779625 0.524137914181
gs 0.368421047926 0.40625 0.340909093618 0.612903237343
ts 0.358695656061 0.215189874172 0.409090906382 0.835820913315
a 0.204110786319 0.162245079875 0.0974019169807 0.24870428443
b 0.192668020725 0.03278940171 0.0762249082327 0.155645683408
d 0.255206644535 0.563165962696 0.587778568268 0.332364082336
g 0.0889089033008 0.0134833296761 0.0731988623738 0.0809471681714
t 0.259105622768 0.22831620276 0.165395736694 0.182338804007
h 1.0 1.0 1.0 1.0
c 0.725708723068 0 0 0
Aa 0.50521504879 0.417992472649 0.156303524971 1.12648200989
Ab 0.480158776045 -0.276445567608 0.0498329289258 0.922935843468
Ad 0.602241098881 0.958457350731 0.936949729919 1.25241279602
Ag 0.144294381142 -0.662381887436 0.0322403535247 0.639000415802
At 0.608825981617 0.566357672215 0.386260300875 0.991677880287
as 0.148936167359 0.344827592373 0.196721315384 0.869565188885
bs 0.5 0.282608687878 0.078947365284 0.756097555161
ds 0.109243698418 0.262626260519 0.544444441795 0.50344824791
gs 0.44736841321 0.5 0.318181812763 0.741935491562
ts 0.391304343939 0.202531650662 0.409090906382 0.776119410992
a 0.200956210494 0.157889604568 0.105586759746 0.263813257217
b 0.192025750875 0.0326691567898 0.073976457119 0.15738736093
d 0.258210718632 0.576954722404 0.58218473196 0.322729259729
g 0.091332398355 0.013915091753 0.0713287070394 0.0882928967476
t 0.257474899292 0.218571409583 0.166923344135 0.167777225375
h 1.0 1.0 1.0 1.0
c 0.73634827137 0 0 0
Aa 0.503510594368 0.417992472649 0.192916318774 1.12648200989
Ab 0.483768641949 -0.26622313261 0.0384004041553 0.902155280113
Ad 0.612383425236 0.980780661106 0.934367656708 1.2140237093
Ag 0.161034032702 -0.636874973774 0.0225711930543 0.651111185551
At 0.611144065857 0.559232294559 0.39182394743 0.929918408394
as 0.148936167359 0.344827592373 0.26229506731 0.869565188885
bs 0.5 0.304347813129 0.0526315793395 0.707317054272
ds 0.117647059262 0.282828271389 0.544444441795 0.475862056017
gs 0.5 0.580645143986 0.302325576544 0.774193525314
ts 0.391304343939 0.202531650662 0.420454531908 0.686567187309
a 0.191279560328 0.153458446264 0.114660896361 0.276565909386
b 0.193582057953 0.0314486399293 0.0718218311667 0.161985442042
d 0.2655595541 0.596675753593 0.57055670023 0.312128394842
g 0.0939374640584 0.0140039259568 0.0697069987655 0.0976813957095
t 0.255641341209 0.204413205385 0.173253551126 0.151638865471
h 1.0 1.0 1.0 1.0
c 0.747696578503 0 0 0
Aa 0.487006306648 0.42583578825 0.232518345118 1.11799275875
Ab 0.492202848196 -0.26255312562 0.0293594729155 0.885670125484
Ad 0.629499673843 1.01558339596 0.929401874542 1.17052745819
Ag 0.178176566958 -0.613905191422 0.0163794178516 0.666006028652
At 0.612968802452 0.550353944302 0.411785185337 0.857004642487
as 0.106382980943 0.344827592373 0.327868849039 0.855072438717
bs 0.541666686535 0.326086968184 0.0263157896698 0.658536612988
ds 0.135593220592 0.313131302595 0.544444441795 0.448275864124
gs 0.552631556988 0.645161271095 0.279069781303 0.806451618671
ts 0.391304343939 0.189873412251 0.443181812763 0.567164182663
a 0.181179583073 0.155092388391 0.122178450227 0.27781689167
b 0.196518063545 0.0292427875102 0.0703611969948 0.171722769737
d 0.271951317787 0.617508649826 0.552915275097 0.303303658962
g 0.0954753980041 0.013641227968 0.069133810699 0.109261080623
t 0.25487563014 0.184514924884 0.185411274433 0.137895613909
h 1.0 1.0 1.0 1.0
c 0.759708344936 0 0 0
Aa 0.470659613609 0.461602717638 0.268416762352 1.08960735798
Ab 0.505952835083 -0.262969017029 0.0287553723902 0.880676627159
Ad 0.647041499615 1.06165528297 0.924080729485 1.12772631645
Ag 0.192441821098 -0.59413433075 0.0211126469076 0.684314191341
At 0.618878662586 0.537043690681 0.449558287859 0.785399198532
as 0.0851063802838 0.413793116808 0.393442630768 0.838235318661
bs 0.583333313465 0.326086968184 0.0263157896698 0.658536612988
ds 0.144067794085 0.357142865658 0.533333361149 0.416666656733
gs 0.567567586899 0.709677398205 0.302325576544 0.870967745781
ts 0.402173906565 0.164556965232 0.488636374474 0.462686568499
a 0.174438089132 0.167736142874 0.1280195117 0.267644286156
b 0.200163006783 0.0265525858849 0.0705924779177 0.187466040254
d 0.274479180574 0.631897926331 0.529588103294 0.292910158634
g 0.0949628576636 0.0129558024928 0.0700218304992 0.123315952718
t 0.255956858397 0.160857528448 0.201778069139 0.128663569689
h 1.0 1.0 1.0 1.0
c 0.772484540939 0 0 0
Aa 0.465019732714 0.536140501499 0.302951455116 1.04192495346
Ab 0.524762272835 -0.264379352331 0.0444337315857 0.887289524078
Ad 0.661887824535 1.11216080189 0.919613540173 1.08110129833
Ag 0.200932189822 -0.576021850109 0.0409087538719 0.705386161804
At 0.631545186043 0.517955243587 0.500549256802 0.723822534084
as 0.0638297870755 0.526315808296 0.449999988079 0.764705896378
bs 0.666666686535 0.288888901472 0.0526315793395 0.658536612988
ds 0.153846159577 0.402061849833 0.533333361149 0.388888895512
gs 0.594594597816 0.774193525314 0.348837196827 0.93548387289
ts 0.413043469191 0.151898726821 0.551724135876 0.373134315014
a 0.169392108917 0.164317369461 0.120027318597 0.266325771809
b 0.204790949821 0.0247364081442 0.0742622166872 0.205156117678
d 0.274513751268 0.655937075615 0.51073539257 0.270152807236
g 0.0924973636866 0.0126091912389 0.0734609141946 0.137095525861
t 0.258805811405 0.142399966717 0.221514135599 0.12126980722
h 1.0 1.0 1.0 1.0
c 0.785937309265 0 0 0
Aa 0.465019732714 0.557023227215 0.286402076483 1.01419305801
Ab 0.547437310219 -0.265323638916 0.0778898671269 0.900864303112
Ad 0.674690663815 1.15820193291 0.915317952633 1.02038931847
Ag 0.202255889773 -0.557973027229 0.0731782987714 0.725803136826
At 0.649100542068 0.49484962225 0.552523434162 0.672532558441
as 0.0434782616794 0.561403512955 0.416666656733 0.720588207245
bs 0.75 0.288888901472 0.157894730568 0.707317054272
ds 0.162393167615 0.453608244658 0.528089880943 0.35971224308
gs 0.611111104488 0.838709652424 0.418604642153 1.0
ts 0.434782594442 0.113924048841 0.609195411205 0.298507452011
a 0.164574891329 0.153562352061 0.109569236636 0.27607935667
b 0.20971223712 0.0236390456557 0.0803157612681 0.2232054919
d 0.275319993496 0.680685162544 0.493844926357 0.237340644002
g 0.0887759551406 0.012577643618 0.0786577761173 0.148806601763
t 0.261616915464 0.129535794258 0.237612307072 0.114567935467
h 1.0 1.0 1.0 1.0
c 0.799158155918 0 0 0
Aa 0.465019732714 0.5467222929 0.256764143705 1.00990903378
Ab 0.570279896259 -0.265932500362 0.121876314282 0.917580068111
Ad 0.688493907452 1.1933838129 0.910666108131 0.944247305393
Ag 0.196951508522 -0.539963185787 0.112817175686 0.741497337818
At 0.66632193327 0.472827345133 0.592944443226 0.627938270569
as 0.0434782616794 0.543859660625 0.366666674614 0.720588207245
bs 0.875 0.288888901472 0.263157904148 0.75
ds 0.17948718369 0.484536081553 0.528089880943 0.302158266306
gs 0.583333313465 0.903225779533 0.511627912521 1.0
ts 0.445652186871 0.0886075943708 0.651162803173 0.238805964589
a 0.160977974534 0.146203666925 0.101422525942 0.282270908356
b 0.212994471192 0.0228949096054 0.0876624286175 0.242320433259
d 0.280340611935 0.696863949299 0.478312313557 0.207118824124
g 0.0849596560001 0.0126954205334 0.0854441523552 0.156596809626
t 0.260727286339 0.121342033148 0.24715860188 0.111693032086
h 1.0 1.0 1.0 1.0
c 0.812379002571 0 0 0
Aa 0.465019732714 0.537956774235 0.230758756399 1.00514149666
Ab 0.586621582508 -0.267262548208 0.167437821627 0.938865363598
Ad 0.705939292908 1.21614646912 0.904335856438 0.870694935322
Ag 0.187466010451 -0.523354411125 0.156306669116 0.7492582798
At 0.674439787865 0.457009762526 0.617600083351 0.602501451969
as 0.0434782616794 0.535714268684 0.333333343267 0.705882370472
bs 0.916666686535 0.288888901472 0.405405402184 0.824999988079
ds 0.181034475565 0.50515460968 0.516853928566 0.251798570156
gs 0.583333313465 0.967741906643 0.604651153088 1.0
ts 0.450549453497 0.0389610379934 0.674418628216 0.181818187237
a 0.157513618469 0.143493309617 0.0939288660884 0.279814332724
b 0.212684303522 0.0223693586886 0.0953007489443 0.261398345232
d 0.292926132679 0.704260408878 0.465852081776 0.187416777015
g 0.0821986198425 0.0128649482504 0.094229824841 0.158033043146
t 0.254677295685 0.11701194942 0.250688463449 0.113337486982
h 1.0 1.0 1.0 1.0
c 0.825135946274 0 0 0
Aa 0.459546267986 0.537956774235 0.202475264668 0.99688231945
Ab 0.589963614941 -0.269221395254 0.208772525191 0.967315256596
Ad 0.72898632288 1.22885835171 0.897924244404 0.822820842266
Ag 0.177092701197 -0.509466826916 0.203864574432 0.748760282993
At 0.668218433857 0.449355304241 0.628810584545 0.604385972023
as 0.0222222227603 0.535714268684 0.283333331347 0.691176474094
bs 1.0 0.288888901472 0.513513505459 0.875
ds 0.206896558404 0.52577316761 0.511363625526 0.215827330947
gs 0.527777791023 1.0 0.720930218697 1.0
ts 0.450549453497 0.0389610379934 0.697674393654 0.181818187237
a 0.146333575249 0.141974925995 0.0913966298103 0.271746098995
b 0.208330959082 0.0220819357783 0.102033950388 0.278077661991
d 0.318696737289 0.707371354103 0.453429818153 0.178537979722
g 0.0814718678594 0.0130253564566 0.10435564816 0.153194844723
t 0.245166867971 0.115546457469 0.248783946037 0.118443414569
h 1.0 1.0 1.0 1.0
c 0.838018774986 0 0 0
Aa 0.42515489459 0.537956774235 0.198032528162 0.994070053101
Ab 0.578564703465 -0.270217746496 0.245847016573 1.00407278538
Ad 0.763188540936 1.2353925705 0.893612384796 0.811637341976
Ag 0.170818582177 -0.499465286732 0.255618274212 0.745150864124
At 0.649272739887 0.448501735926 0.632924675941 0.633417606354
as 0.0 0.527272701263 0.283333331347 0.691176474094
bs 0.956521749496 0.288888901472 0.594594597816 0.975000023842
ds 0.232758626342 0.520833313465 0.494117647409 0.208633095026
gs 0.542857170105 1.0 0.837209284306 1.0
ts 0.428571432829 0.0389610379934 0.690476179123 0.227272734046
a 0.1252694875 0.140814393759 0.0892994776368 0.252808064222
b 0.197759091854 0.0219610035419 0.108262695372 0.295038372278
d 0.360752224922 0.708272218704 0.442517876625 0.178650319576
g 0.0824260786176 0.0130867091939 0.115296989679 0.147290915251
t 0.233793124557 0.115865662694 0.244622960687 0.12621229887
h 1.0 1.0 1.0 1.0
c 0.850901603699 0 0 0
Aa 0.357023715973 0.537956774235 0.198032528162 0.982610404491
Ab 0.555314898491 -0.269038110971 0.28166243434 1.04969799519
Ad 0.816387414932 1.23950994015 0.893114387989 0.83182322979
Ag 0.175243064761 -0.493859827518 0.30900156498 0.747995376587
At 0.62801015377 0.453264474869 0.635680794716 0.680921137333
as 0.0 0.518518507481 0.283333331347 0.676470577717
bs 0.826086938381 0.288888901472 0.702702701092 1.0
ds 0.275862067938 0.536842107773 0.488095223904 0.226277366281
gs 0.542857170105 1.0 0.976744174957 1.0
ts 0.406593412161 0.0389610379934 0.686747014523 0.303030312061
a 0.101166456938 0.139652147889 0.0867561846972 0.232120841742
b 0.179465636611 0.0218952894211 0.114248722792 0.308236598969
d 0.414106160402 0.708620905876 0.43295994401 0.18503883481
g 0.083029024303 0.0130586279556 0.126150235534 0.141256213188
t 0.222232729197 0.116773046553 0.239884898067 0.13334749639
h 1.0 1.0 1.0 1.0
c 0.864261627197 0 0 0
Aa 0.280639469624 0.537956774235 0.198032528162 0.982610404491
Ab 0.529584288597 -0.266740173101 0.317583441734 1.10578048229
Ad 0.892714619637 1.24332308769 0.896179795265 0.884159147739
Ag 0.194832891226 -0.491193324327 0.360620170832 0.766903817654
At 0.622410953045 0.460251748562 0.639734983444 0.741881132126
as 0.0 0.509433984756 0.283333331347 0.676470577717
bs 0.739130437374 0.295454531908 0.810810804367 1.0
ds 0.344827592373 0.536842107773 0.481927722692 0.257352948189
gs 0.600000023842 1.0 1.0 1.0
ts 0.395604401827 0.0519480518997 0.698795199394 0.39393940568
a 0.0602028034627 0.13849529624 0.0839275494218 0.190237939358
b 0.105191119015 0.0217428784817 0.119722731411 0.268060237169
d 0.582938373089 0.708944380283 0.42445114255 0.281735032797
g 0.0513481684029 0.0129183037207 0.136422201991 0.108817763627
t 0.200319513679 0.117899157107 0.235476389527 0.151149019599
h 1.0 1.0 1.0 1.0
c 0.877592742443 0 0 0
Aa 0.276523083448 0.537956774235 0.198032528162 0.977387785912
Ab 0.518885433674 -0.266161233187 0.35230460763 1.1263231039
Ad 1.26252901554 1.24713385105 0.901955664158 1.14793145657
Ag 0.207431346178 -0.492272794247 0.409013032913 0.734790444374
At 0.798629641533 0.468032419682 0.646075367928 0.8774959445
as 0.0 0.509433984756 0.283333331347 0.661764681339
bs 0.695652186871 0.295454531908 0.891891896725 1.0
ds 0.663793087006 0.536842107773 0.493975907564 0.436090230942
gs 0.657142877579 1.0 1.0 0.939393937588
ts 0.606741547585 0.0649350658059 0.695121943951 0.590909063816
a 0.0422121919692 0.137422695756 0.081028111279 0.164867952466
b 0.0767695456743 0.0214302241802 0.125012427568 0.230246260762
d 0.644968211651 0.709687113762 0.416579455137 0.365011662245
g 0.0369957983494 0.0126506416127 0.146246477962 0.0832223445177
t 0.199054270983 0.11880929023 0.231133535504 0.156651780009
h 1.0 1.0 1.0 1.0
c 0.889167070389 0 0 0
Aa 0.255969882011 0.537956774235 0.198032528162 0.973250806332
Ab 0.515720903873 -0.269075006247 0.386349976063 1.11830711365
Ad 1.44007027149 1.25096523762 0.909094631672 1.31842124462
Ag 0.198684349656 -0.497989177704 0.454482227564 0.676354527473
At 0.929503440857 0.474748700857 0.653259754181 0.951049923897
as 0.0 0.509433984756 0.283333331347 0.661764681339
bs 0.652173936367 0.295454531908 0.972972989082 1.0
ds 0.818965494633 0.547368407249 0.506024122238 0.571428596973
gs 0.62857145071 1.0 1.0 0.757575750351
ts 0.752808988094 0.0649350658059 0.707317054272 0.712121188641
a 0.0325307920575 0.136446371675 0.0781346410513 0.156872987747
b 0.0647117495537 0.0209556836635 0.130608677864 0.186055451632
d 0.667038202286 0.710860192776 0.40773537755 0.42965567112
g 0.0287085939199 0.012195052579 0.156504750252 0.0622823536396
t 0.207010686398 0.119542710483 0.227016568184 0.165133550763
h 1.0 1.0 1.0 1.0
c 0.889167070389 0 0 0
Aa 0.21854659915 0.537956774235 0.198032528162 0.977085232735
Ab 0.517235100269 -0.275703430176 0.421160936356 1.05117952824
Ad 1.53040266037 1.25477898121 0.915567278862 1.41465759277
Ag 0.164263889194 -0.510821580887 0.4997164011 0.575902104378
At 1.02224469185 0.480517834425 0.661246478558 0.999372422695
as 0.0 0.509803950787 0.298245608807 0.661764681339
bs 0.652173936367 0.272727280855 1.0 1.0
ds 0.896551728249 0.542553186417 0.506024122238 0.639097750187
gs 0.514285743237 0.96875 1.0 0.454545468092
ts 0.863636374474 0.0779220759869 0.719512224197 0.787878811359
a 0.0250532422215 0.135788947344 0.0753248184919 0.0894670635462
b 0.060223788023 0.0204825233668 0.136979281902 0.141185894608
d 0.681141495705 0.711853444576 0.398219138384 0.527353048325
g 0.0232025962323 0.0116069484502 0.167563736439 0.0483756288886
t 0.210378870368 0.120268158615 0.221913009882 0.193618386984
h 1.0 1.0 1.0 1.0
c 0.875568449497 0 0 0
Aa 0.144608333707 0.537956774235 0.198032528162 0.677640199661
Ab 0.525512456894 -0.283524245024 0.457749336958 0.875768303871
Ad 1.57898175716 1.25748288631 0.921216547489 1.44807851315
Ag 0.111280977726 -0.530189633369 0.545274496078 0.410603672266
At 1.06874644756 0.48524299264 0.667277157307 1.01292359829
as 0.0 0.509803950787 0.272727280855 0.223880603909
bs 0.695652186871 0.25 1.0 0.609756112099
ds 0.939655184746 0.542553186417 0.51807230711 0.661538481712
gs 0.371428579092 0.90625 1.0 0.0
ts 0.92045456171 0.0779220759869 0.728395044804 0.803030312061
a 0.0278858896345 0.136171281338 0.0729950666428 0.100413225591
b 0.0629152953625 0.0201757103205 0.144130304456 0.138934060931
d 0.670336425304 0.711036801338 0.388304948807 0.499253511429
g 0.0249814800918 0.011061290279 0.179532453418 0.0516945794225
t 0.213880926371 0.121554918587 0.215037226677 0.209704622626
h 1.0 1.0 1.0 1.0
c 0.863289058208 0 0 0
Aa 0.180938869715 0.537956774235 0.198032528162 0.728417217731
Ab 0.5343105793 -0.291299909353 0.493494361639 0.869435012341
Ad 1.56184709072 1.25576329231 0.923911929131 1.42494738102
Ag 0.133172526956 -0.552322924137 0.588882029057 0.440071314573
At 1.06572639942 0.488643795252 0.667252659798 1.04823422432
as 0.0 0.5 0.25925925374 0.313432842493
bs 0.739130437374 0.25 1.0 0.609756112099
ds 0.92173910141 0.537634432316 0.524390220642 0.646153867245
gs 0.441176474094 0.84375 1.0 0.088235296309
ts 0.91954022646 0.0909090936184 0.728395044804 0.876923084259
a 0.028829485178 0.139913618565 0.0721917673945 0.115370549262
b 0.0635517835617 0.0203088354319 0.152775898576 0.136923134327
d 0.668206989765 0.706170082092 0.377148658037 0.46541082859
g 0.0264003425837 0.0108583234251 0.193805038929 0.0538460426033
t 0.21301138401 0.122749149799 0.204078629613 0.228449448943
h 1.0 1.0 1.0 1.0
c 0.852118492126 0 0 0
Aa 0.199971467257 0.537956774235 0.198032528162 0.795846104622
Ab 0.543262302876 -0.300218224525 0.523599684238 0.870227992535
Ad 1.56504559517 1.24100601673 0.916057407856 1.40158760548
Ag 0.161744147539 -0.572140514851 0.626909911633 0.464904934168
At 1.06853735447 0.481115221977 0.649342358112 1.0925412178
as 0.0 0.5 0.245283022523 0.402985066175
bs 0.782608687878 0.227272734046 1.0 0.609756112099
ds 0.92173910141 0.521739125252 0.512195110321 0.630769252777
gs 0.515151500702 0.78125 1.0 0.147058829665
ts 0.931034505367 0.0779220759869 0.71604937315 0.93846154213
a 0.0287408214062 0.150352448225 0.0721769630909 0.123679511249
b 0.0622810423374 0.0212279036641 0.164756402373 0.136352494359
d 0.67140930891 0.694287478924 0.360788792372 0.433626502752
g 0.0273707974702 0.0113403229043 0.2142252177 0.054888535291
t 0.210198059678 0.122791856527 0.188052639365 0.251452952623
h 1.0 1.0 1.0 1.0
c 0.852118492126 0 0 0
Aa 0.211855188012 0.537956774235 0.184456631541 0.835992395878
Ab 0.547711849213 -0.312246650457 0.542900323868 0.878357708454
Ad 1.58034336567 1.20238554478 0.883311092854 1.38081049919
Ag 0.190643444657 -0.584528326988 0.656928658485 0.483176290989
At 1.07598471642 0.450015813112 0.600337445736 1.14415132999
as 0.0 0.5 0.215686276555 0.462686568499
bs 0.826086938381 0.186046510935 1.0 0.634146332741
ds 0.939130425453 0.478260874748 0.475609749556 0.612403094769
gs 0.606060624123 0.71875 1.0 0.205882355571
ts 0.941860437393 0.0389610379934 0.654321014881 1.0
a 0.0289492160082 0.171348571777 0.0755994692445 0.123110108078
b 0.0605084970593 0.0233555156738 0.181415528059 0.135591104627
d 0.67549431324 0.671734988689 0.332530379295 0.410540103912
g 0.0281926356256 0.0128704234958 0.244965687394 0.054726768285
t 0.206855356693 0.120690509677 0.165488958359 0.276031941175
h 1.0 1.0 1.0 1.0
c 0.852118492126 0 0 0
Aa 0.227208003402 0.537956774235 0.168372735381 0.848859190941
Ab 0.54738754034 -0.327534258366 0.548528432846 0.890796661377
Ad 1.59519290924 1.13127422333 0.811685323715 1.37192106247
Ag 0.215706884861 -0.586330890656 0.67895925045 0.49676528573
At 1.08123803139 0.38574936986 0.50862300396 1.19952476025
as 0.0 0.489795923233 0.196078434587 0.49253731966
bs 0.782608687878 0.139534890652 1.0 0.658536612988
ds 0.947826087475 0.402173906565 0.390243887901 0.609375
gs 0.666666686535 0.71875 1.0 0.242424249649
ts 0.953488349915 0.0 0.543209850788 1.0
a 0.0298956260085 0.185005411506 0.074185334146 0.116774462163
b 0.0593245066702 0.02780739218 0.205103039742 0.132749810815
d 0.677201390266 0.651410102844 0.290863156319 0.401590704918
g 0.0293122138828 0.0162279922515 0.291682988405 0.0533864758909
t 0.204266235232 0.119549132884 0.138165473938 0.295498520136
h 1.0 1.0 1.0 1.0
c 0.852118492126 0 0 0
Aa 0.246755853295 0.479604333639 0.10001308471 0.848859190941
Ab 0.544382333755 -0.34341982007 0.541667103767 0.904545247555
Ad 1.60186600685 1.02627432346 0.6933837533 1.38529491425
Ag 0.238196834922 -0.577315330505 0.694606125355 0.50894254446
At 1.08134484291 0.289966344833 0.370094567537 1.25206661224
as 0.0 0.354166656733 0.0588235296309 0.49253731966
bs 0.782608687878 0.0930232554674 1.0 0.68292683363
ds 0.956521749496 0.282608687878 0.234567895532 0.614173233509
gs 0.757575750351 0.75 1.0 0.303030312061
ts 0.952941179276 0.0 0.362500011921 1.0
a 0.0334536843002 0.168590843678 0.0728016495705 0.108963146806
b 0.0589194819331 0.036079287529 0.232377752662 0.127792492509
d 0.674101054668 0.64834022522 0.235516473651 0.407892346382
g 0.0307574328035 0.0225387513638 0.350513845682 0.0514068976045
t 0.202768340707 0.124450922012 0.108790270984 0.303945124149
h 1.0 1.0 1.0 1.0
c 0.852118492126 0 0 0
Aa 0.295034945011 0.313633471727 0.0232386197895 0.848859190941
Ab 0.540849924088 -0.355942577124 0.527291953564 0.918084919453
Ad 1.59931600094 0.898602426052 0.533118665218 1.42212510109
Ag 0.258541077375 -0.560270667076 0.705802559853 0.522600948811
At 1.0775911808 0.181797608733 0.197687461972 1.29437470436
as 0.0 0.0 0.0 0.49253731966
bs 0.782608687878 0.0697674453259 1.0 0.731707334518
ds 0.956521749496 0.152173906565 0.0250000003725 0.642857134342
gs 0.818181812763 0.8125 1.0 0.3125
ts 0.941176474094 0.0 0.15000000596 1.0
a 0.0361830890179 0.123805418611 0.0736081823707 0.108291260898
b 0.059178750962 0.0478440262377 0.254638522863 0.122145935893
d 0.668755292892 0.658161878586 0.181210115552 0.420656979084
g 0.0324212685227 0.031899034977 0.406009912491 0.0493975393474
t 0.203461632133 0.138289660215 0.0845332667232 0.299508303404
h 1.0 1.0 1.0 1.0
c 0.862556040287 0 0 0
Aa 0.323235064745 0.0494439005852 -0.0274914875627 0.879612505436
Ab 0.536895215511 -0.363468021154 0.511506557465 0.931898117065
Ad 1.58999669552 0.775036990643 0.363764882088 1.46894717216
Ag 0.275559455156 -0.539518177509 0.714119076729 0.53872436285
At 1.07321190834 0.0974939763546 0.0326100848615 1.32142794132
as 0.0338983051479 0.0 0.0 0.537313461304
bs 0.739130437374 0.0465116277337 1.0 0.756097555161
ds 0.956140339375 0.0108695654199 0.0 0.682539701462
gs 0.875 0.875 1.0 0.375
ts 0.941176474094 0.0 0.0 1.0
a 0.0413561686873 0.101914413273 0.0772656053305 0.108291260898
b 0.059583876282 0.0570892430842 0.264726102352 0.122145935893
d 0.659897983074 0.648873388767 0.146466627717 0.420656979084
g 0.0339652486145 0.0401735566556 0.439721763134 0.0493975393474
t 0.20519669354 0.151949390769 0.0718198865652 0.299508303404
h 1.0 1.0 1.0 1.0
c 0.873515367508 0 0 0
Aa 0.372995704412 -0.115854144096 -0.0350922606885 0.879612505436
Ab 0.531584143639 -0.367535471916 0.499718308449 0.931898117065
Ad 1.57593226433 0.688070237637 0.242660194635 1.46894717216
Ag 0.287490189075 -0.520149469376 0.720099508762 0.53872436285
At 1.06862580776 0.0576092302799 -0.0668337568641 1.32142794132
as 0.12068965286 0.0 0.0 0.537313461304
bs 0.727272748947 0.0465116277337 1.0 0.756097555161
ds 0.938596487045 0.0 0.0 0.682539701462
gs 0.9375 0.9375 1.0 0.375
ts 0.941176474094 0.0 0.0 1.0
a 0.0446363538504 0.103586301208 0.0791207179427 0.108291260898
b 0.060237724334 0.0602899603546 0.266061276197 0.122145935893
d 0.65235966444 0.632040321827 0.134659186006 0.420656979084
g 0.035468775779 0.0441217683256 0.451129764318 0.0493975393474
t 0.207297459245 0.159961655736 0.069029070437 0.299508303404
h 1.0 1.0 1.0 1.0
c 0.884474754333 0 0 0
Aa 0.394823253155 -0.134651899338 -0.0323930457234 0.879612505436
Ab 0.5250030756 -0.369709223509 0.494298398495 0.931898117065
Ad 1.5596216917 0.650790572166 0.198552727699 1.46894717216
Ag 0.294980734587 -0.505301296711 0.723618209362 0.53872436285
At 1.06172847748 0.0540616847575 -0.0916512310505 1.32142794132
as 0.155172407627 0.0 0.0 0.537313461304
bs 0.681818187237 0.023809524253 1.0 0.756097555161
ds 0.929824590683 0.0 0.0 0.682539701462
gs 0.9375 0.96875 1.0 0.375
ts 0.929411768913 0.0 0.0 1.0
a 0.0489688143134 0.140323743224 0.0801576972008 0.108291260898
b 0.0608746744692 0.0564888119698 0.264234364033 0.122145935893
d 0.645632684231 0.603370666504 0.135005161166 0.420656979084
g 0.0369046516716 0.0422468967736 0.448931574821 0.0493975393474
t 0.207619160414 0.157569900155 0.0716712027788 0.299508303404
h 1.0 1.0 1.0 1.0
c 0.895695090294 0 0 0
Aa 0.423613905907 0.0276131685823 -0.0231906287372 0.879612505436
Ab 0.518131017685 -0.367555558681 0.494853436947 0.931898117065
Ad 1.54367983341 0.661066174507 0.203214526176 1.46894717216
Ag 0.300775438547 -0.493723213673 0.725044310093 0.53872436285
At 1.05096173286 0.0779552534223 -0.0717911422253 1.32142794132
as 0.206896558404 0.0 0.0 0.530303001404
bs 0.681818187237 0.023809524253 1.0 0.756097555161
ds 0.912280678749 0.0 0.0 0.688000023365
gs 0.96875 1.0 1.0 0.375
ts 0.917647063732 0.0 0.0 1.0
a 0.0538660697639 0.170109570026 0.0856783911586 0.108291260898
b 0.061155449599 0.0490568839014 0.25979757309 0.122145935893
d 0.642357766628 0.58893173933 0.141165331006 0.420656979084
g 0.038250412792 0.0366766452789 0.435619711876 0.0493975393474
t 0.204370334744 0.15522518754 0.0777389854193 0.299508303404
h 1.0 1.0 1.0 1.0
c 0.907176315784 0 0 0
Aa 0.456677407026 0.18209554255 0.0181027892977 0.879612505436
Ab 0.511797249317 -0.357933223248 0.499866604805 0.931898117065
Ad 1.53313910961 0.721431732178 0.234959557652 1.46894717216
Ag 0.307998239994 -0.484243631363 0.724339008331 0.53872436285
At 1.035779953 0.142328962684 -0.0241296421736 1.32142794132
as 0.258620679379 0.0 0.0666666701436 0.530303001404
bs 0.636363625526 0.047619048506 1.0 0.756097555161
ds 0.91150444746 0.0204081628472 0.0 0.688000023365
gs 1.0 1.0 1.0 0.375
ts 0.89411765337 0.0 0.0 1.0
a 0.0577158294618 0.213464662433 0.100762531161 0.106240466237
b 0.0613791979849 0.039505943656 0.251240611076 0.120043255389
d 0.640348851681 0.568965792656 0.152487188578 0.415236979723
g 0.0409184508026 0.028629982844 0.409639567137 0.049698613584
t 0.199637681246 0.149433597922 0.0858700945973 0.308780699968
h 1.0 1.0 1.0 1.0
c 0.91891849041 0 0 0
Aa 0.476585626602 0.398049414158 0.111341774464 0.879149496555
Ab 0.503311872482 -0.334614127874 0.508132576942 0.932197272778
Ad 1.52170729637 0.823809623718 0.291276037693 1.47115552425
Ag 0.327209860086 -0.474455475807 0.720444619656 0.549203753471
At 1.01553320885 0.243171676993 0.0418846420944 1.34250962734
as 0.293103456497 0.360655725002 0.216666668653 0.530303001404
bs 0.590909063816 0.095238097012 1.0 0.756097555161
ds 0.901785731316 0.122448980808 0.0 0.688000023365
gs 1.0 1.0 1.0 0.40625
ts 0.870588243008 0.0599999986589 0.0777777805924 1.0
a 0.0666009113193 0.212262481451 0.103836670518 0.101170934737
b 0.0605627261102 0.0330403856933 0.243114724755 0.118863426149
d 0.637086987495 0.579534888268 0.17435246706 0.4064039886
g 0.0432280525565 0.0228495839983 0.381931990385 0.0507958270609
t 0.192521348596 0.152312681079 0.0967641621828 0.322765827179
h 1.0 1.0 1.0 1.0
c 0.93092161417 0 0 0
Aa 0.536524891853 0.502760410309 0.14638005197 0.866050958633
Ab 0.49525013566 -0.305067718029 0.515840530396 0.936043441296
Ad 1.51724338531 0.938966751099 0.371457368135 1.46995317936
Ag 0.348810374737 -0.465234518051 0.712015330791 0.566823244095
At 0.997523605824 0.358623236418 0.115743838251 1.36988270283
as 0.396551728249 0.524590134621 0.266666680574 0.5
bs 0.54545456171 0.166666671634 1.0 0.756097555161
ds 0.892857134342 0.244897961617 0.0693069323897 0.693548381329
gs 1.0 1.0 1.0 0.4375
ts 0.857142865658 0.180000007153 0.155555561185 1.0
a 0.0748779848218 0.210564896464 0.104378476739 0.0964534059167
b 0.0588721483946 0.027253581211 0.228611886501 0.118432350457
d 0.634582042694 0.582504928112 0.210041180253 0.39673191309
g 0.0449384860694 0.0179966129363 0.344157844782 0.0515176057816
t 0.186729341745 0.161679968238 0.112810626626 0.336864709854
h 1.0 1.0 1.0 1.0
c 0.9434466362 0 0 0
Aa 0.590783178806 0.613899469376 0.178703576326 0.856952786446
Ab 0.486338913441 -0.274062931538 0.51919144392 0.946105539799
Ad 1.51891684532 1.05581307411 0.482397079468 1.47113239765
Ag 0.36904746294 -0.454295694828 0.696850299835 0.584590911865
At 0.987641572952 0.499169707298 0.212442651391 1.40009069443
as 0.491228073835 0.704918026924 0.333333343267 0.484848499298
bs 0.5 0.238095238805 1.0 0.780487775803
ds 0.901785731316 0.357142865658 0.178217828274 0.699186980724
gs 1.0 1.0 1.0 0.5
ts 0.855421662331 0.323232322931 0.266666680574 1.0
a 0.081327073276 0.195104882121 0.105993822217 0.0913259759545
b 0.056910764426 0.0223620850593 0.202262446284 0.118008382618
d 0.628339529037 0.588826239109 0.264428019524 0.390265494585
g 0.0459573455155 0.0141125218943 0.291470766068 0.0511477924883
t 0.187465280294 0.179594293237 0.135844945908 0.34925237298
h 1.0 1.0 1.0 1.0
c 0.956493496895 0 0 0
Aa 0.632414519787 0.700086653233 0.234809339046 0.849671006203
Ab 0.477373808622 -0.240669190884 0.515444040298 0.960989534855
Ad 1.52037370205 1.17980563641 0.631836235523 1.48043680191
Ag 0.384534299374 -0.440576821566 0.674123764038 0.597903609276
At 0.995100200176 0.664111077785 0.342572271824 1.43221604824
as 0.561403512955 0.852459013462 0.416666656733 0.484848499298
bs 0.454545468092 0.333333343267 1.0 0.829268276691
ds 0.901785731316 0.489795923233 0.3267326653 0.713114738464
gs 1.0 1.0 1.0 0.5625
ts 0.867469906807 0.484848499298 0.411111116409 1.0
a 0.0922600924969 0.169032692909 0.0973572805524 0.0862093344331
b 0.0550165809691 0.0185407344252 0.169670060277 0.116610743105
d 0.611698687077 0.60107344389 0.335046082735 0.390271157026
g 0.0461820401251 0.0110838003457 0.234303429723 0.0496069267392
t 0.194842591882 0.200269326568 0.163623154163 0.357301831245
h 1.0 1.0 1.0 1.0
c 0.969540417194 0 0 0
Aa 0.69462120533 0.757675945759 0.2639760077 0.846676051617
Ab 0.470100909472 -0.202167823911 0.505212783813 0.977860331535
Ad 1.51614487171 1.30863273144 0.800712108612 1.50248813629
Ag 0.394080460072 -0.425606071949 0.645386219025 0.606664061546
At 1.0192912817 0.831319689751 0.489452362061 1.46415698528
as 0.666666686535 0.934426248074 0.466666668653 0.469696968794
bs 0.454545468092 0.428571432829 1.0 0.853658556938
ds 0.892857134342 0.622448980808 0.495049506426 0.729508221149
gs 1.0 1.0 1.0 0.5625
ts 0.903614461422 0.656565666199 0.577777802944 1.0
a 0.119844250381 0.141484722495 0.0892515555024 0.0780555382371
b 0.0536739453673 0.0159827750176 0.138760596514 0.114461049438
d 0.576588690281 0.616308093071 0.402835994959 0.398800343275
g 0.0452929139137 0.00889676716179 0.183638125658 0.0474369525909
t 0.204600185156 0.217327624559 0.185513734818 0.361246109009
h 1.0 1.0 1.0 1.0
c 0.982848227024 0 0 0
Aa 0.820935368538 0.787408649921 0.301217973232 0.829673290253
Ab 0.472081720829 -0.159648731351 0.492868334055 0.995927274227
Ad 1.50318431854 1.42649698257 0.955730438232 1.53802502155
Ag 0.398348450661 -0.414068639278 0.614565014839 0.613386332989
At 1.05322420597 0.973814070225 0.618978261948 1.49507272243
as 0.89473682642 0.98360657692 0.525423705578 0.454545468092
bs 0.454545468092 0.523809552193 0.979166686535 0.902438998222
ds 0.883928596973 0.73469388485 0.643564343452 0.760330557823
gs 1.0 1.0 1.0 0.59375
ts 0.939759016037 0.797979772091 0.72413790226 1.0
