a 0.209096893668 0.063343167305 0.0746333524585 0.221293270588
b 0.203993067145 0.0624440647662 0.0587241128087 0.212053403258
d 0.339112341404 0.738965272903 0.69472527504 0.255495846272
g 0.0637844577432 0.0198026392609 0.0384616851807 0.156802207232
t 0.18401324749 0.115444839001 0.133455589414 0.154355272651
h 1.0 1.0 1.0 1.0
c 1.0 0 0 0
Aa 0.739012181759 0.195263385773 -0.142232641578 0.622580587864
Ab 0.728280007839 0.189054787159 -0.246349155903 0.604057610035
Ad 0.949008226395 1.26218760014 0.826647460461 0.684996247292
Ag 0.223379477859 -0.309713304043 -0.430137306452 0.472964555025
At 0.683513700962 0.455938130617 0.11017113924 0.466133832932
as 0.923076927662 1.0 0.615384638309 0.68292683363
bs 1.0 1.0 1.0 0.384615391493
ds 0.982456147671 1.0 1.0 1.0
gs 0.29411765933 0.380952388048 1.0 0.740740716457
ts 1.0 1.0 0.928571403027 0.871794879436
a 0.214873939753 0.0605163052678 0.0682893097401 0.226195573807
b 0.208637684584 0.0596202090383 0.0539363957942 0.205748602748
d 0.332556933165 0.746520459652 0.716257929802 0.265808731318
g 0.0622363947332 0.0187650099397 0.0355110764503 0.154091089964
t 0.181695058942 0.114578001201 0.126005321741 0.148156002164
h 1.0 1.0 1.0 1.0
c 1.0 0 0 0
Aa 0.739012181759 0.195263385773 -0.142232641578 0.651416838169
Ab 0.726221263409 0.188784465194 -0.244703441858 0.610269665718
Ad 0.928694486618 1.28643274307 0.878484070301 0.721502006054
Ag 0.200872883201 -0.313260227442 -0.426221549511 0.484710276127
At 0.666171610355 0.472492218018 0.12380348891 0.467651993036
as 0.923076927662 1.0 0.615384638309 0.756097555161
bs 0.95454543829 1.0 1.0 0.423076927662
ds 0.946428596973 1.0 1.0 1.0
gs 0.176470592618 0.380952388048 1.0 0.777777791023
ts 1.0 1.0 0.963636338711 0.897435903549
a 0.218364283442 0.0579277873039 0.0641431808472 0.222310230136
b 0.209427922964 0.0569754354656 0.050718460232 0.199101820588
d 0.3321595788 0.754837810993 0.729354858398 0.283439844847
g 0.0604528561234 0.0176523718983 0.0335040129721 0.154114335775
t 0.17959536612 0.112606585026 0.122279517353 0.141033783555
h 1.0 1.0 1.0 1.0
c 1.0 0 0 0
Aa 0.739012181759 0.195263385773 -0.142232641578 0.668010413647
Ab 0.720865190029 0.188064083457 -0.244217067957 0.620126187801
Ad 0.921177387238 1.31023013592 0.91355574131 0.773511826992
Ag 0.181247442961 -0.320820510387 -0.424286305904 0.508893966675
At 0.654125750065 0.483940213919 0.13797056675 0.470374107361
as 0.923076927662 1.0 0.615384638309 0.804878056049
bs 0.95454543829 1.0 1.0 0.461538463831
ds 0.928571403027 1.0 1.0 1.0
gs 0.0588235296309 0.333333343267 1.0 0.884615361691
ts 1.0 1.0 1.0 0.897435903549
a 0.219254076481 0.0549198463559 0.0608328916132 0.211652845144
b 0.208669319749 0.0541834942997 0.0480161383748 0.195586666465
d 0.337847024202 0.764410257339 0.739397227764 0.300179928541
g 0.0578746721148 0.0165039934218 0.0319625362754 0.157564476132
t 0.176354900002 0.109982423484 0.119791194797 0.135016083717
h 1.0 1.0 1.0 1.0
c 1.0 0 0 0
Aa 0.739012181759 0.195263385773 -0.142232641578 0.669765412807
Ab 0.717523097992 0.189401075244 -0.244983896613 0.635480582714
Ad 0.92678463459 1.33886063099 0.942506730556 0.821522951126
Ag 0.160553067923 -0.326876878738 -0.421729892492 0.54159963131
At 0.644452035427 0.496857374907 0.152053773403 0.474526822567
as 0.923076927662 1.0 0.615384638309 0.804878056049
bs 0.909090936184 1.0 1.0 0.5
ds 0.928571403027 1.0 1.0 1.0
gs 0.0 0.285714298487 1.0 1.0
ts 1.0 1.0 1.0 0.897435903549
a 0.219347402453 0.0518238097429 0.0576836913824 0.204858109355
b 0.208396211267 0.0514796376228 0.0454040914774 0.195294082165
d 0.344087928534 0.774485468864 0.749532341957 0.308657050133
g 0.0543891936541 0.0155648486689 0.0305832400918 0.16170476377
t 0.173779264092 0.106646217406 0.11679661274 0.129485994577
h 1.0 1.0 1.0 1.0
c 1.0 0 0 0
Aa 0.739012181759 0.195263385773 -0.142854243517 0.677146375179
Ab 0.716769516468 0.192369550467 -0.246812269092 0.656382322311
Ad 0.934549152851 1.36974728107 0.970883131027 0.855169415474
Ag 0.133392304182 -0.327121049166 -0.418423771858 0.574416041374
At 0.637877643108 0.508679509163 0.163522973657 0.477916032076
as 0.923076927662 1.0 0.615384638309 0.800000011921
bs 0.904761910439 1.0 1.0 0.576923072338
ds 0.946428596973 1.0 1.0 1.0
gs 0.0 0.285714298487 1.0 1.0
ts 1.0 1.0 1.0 0.923076927662
a 0.221257939935 0.0491892881691 0.0570664964616 0.204259246588
b 0.209728509188 0.0491618998349 0.0428579375148 0.197392269969
d 0.34778958559 0.783103048801 0.758583664894 0.309996008873
g 0.0505520254374 0.0150032984093 0.0290927644819 0.164999529719
t 0.170671954751 0.103542484343 0.112399116158 0.12335292995
h 1.0 1.0 1.0 1.0
c 1.0 0 0 0
Aa 0.739012181759 0.195263385773 -0.124801725149 0.693526268005
Ab 0.71577078104 0.195021495223 -0.249151661992 0.678674697876
Ad 0.935429930687 1.39721179008 0.998820602894 0.874700665474
Ag 0.0978519171476 -0.320420414209 -0.417397916317 0.600827276707
At 0.626275479794 0.518511414528 0.169579967856 0.47449401021
as 0.94594591856 1.0 0.634615361691 0.850000023842
bs 0.904761910439 1.0 1.0 0.692307710648
ds 0.946428596973 1.0 1.0 1.0
gs 0.0 0.333333343267 1.0 1.0
ts 0.94594591856 1.0 1.0 0.897435903549
a 0.226818963885 0.0473501048982 0.0560545995831 0.200646802783
b 0.212896600366 0.047302544117 0.0409450791776 0.201718524098
d 0.343993276358 0.78973197937 0.767848670483 0.311376333237
g 0.0473887398839 0.0148046789691 0.0275153424591 0.168953031301
t 0.168902426958 0.100810721517 0.107636280358 0.11730530858
h 1.0 1.0 1.0 1.0
c 1.0 0 0 0
Aa 0.739012181759 0.195263385773 -0.11423818022 0.693526268005
Ab 0.711501598358 0.194826930761 -0.250647723675 0.695839822292
Ad 0.919882774353 1.41742217541 1.0224262476 0.88437962532
Ag 0.0590080171824 -0.309658557177 -0.423274517059 0.618860006332
At 0.610968708992 0.523449122906 0.169109255075 0.460411697626
as 0.94594591856 1.0 0.653846144676 0.850000023842
bs 0.904761910439 1.0 1.0 0.730769217014
ds 0.928571403027 1.0 1.0 1.0
gs 0.0 0.380952388048 1.0 1.0
ts 0.918918907642 1.0 1.0 0.871794879436
a 0.235243856907 0.0463985428214 0.0552459955215 0.196301534772
b 0.216711744666 0.0460711792111 0.0397755503654 0.205875828862
d 0.332610964775 0.793591439724 0.776595890522 0.313518047333
g 0.0455550551414 0.0148907126859 0.0257810931653 0.17362344265
t 0.169878393412 0.0990481004119 0.102601476014 0.110681138933
h 1.0 1.0 1.0 1.0
c 1.0 0 0 0
Aa 0.739012181759 0.195263385773 -0.109947696328 0.683831393719
Ab 0.703376352787 0.192188382149 -0.252632290125 0.704513132572
Ad 0.889430463314 1.42835605145 1.03794658184 0.887170314789
Ag 0.0260304901749 -0.298325449228 -0.440947145224 0.630516111851
At 0.597632050514 0.524605214596 0.158905118704 0.434981375933
as 0.94594591856 1.0 0.673076927662 0.824999988079
bs 0.857142865658 1.0 1.0 0.769230782986
ds 0.872727274895 1.0 1.0 1.0
gs 0.0 0.428571432829 1.0 1.0
ts 0.891891896725 1.0 0.982758641243 0.794871807098
a 0.245245665312 0.0463912189007 0.0550023391843 0.19531583786
b 0.216146081686 0.0455474406481 0.0389657616615 0.208961889148
d 0.32123374939 0.794509828091 0.784722268581 0.314320802689
g 0.0443184971809 0.0151111576706 0.0237623266876 0.178926333785
t 0.173056006432 0.0984403640032 0.0975473076105 0.10247515142
h 1.0 1.0 1.0 1.0
c 1.0 0 0 0
Aa 0.748891532421 0.195263385773 -0.109947696328 0.678075790405
Ab 0.694037556648 0.187291577458 -0.259645700455 0.70740544796
Ad 0.866111338139 1.42892682552 1.04438710213 0.884711444378
Ag 0.00587523775175 -0.291874676943 -0.474439889193 0.64001262188
At 0.597476840019 0.522000789642 0.13888643682 0.397956907749
as 0.972972989082 1.0 0.673076927662 0.824999988079
bs 0.809523820877 1.0 0.949999988079 0.769230782986
ds 0.818181812763 1.0 1.0 1.0
gs 0.0 0.47619047761 1.0 1.0
ts 0.864864885807 1.0 0.948275864124 0.71794873476
a 0.242014735937 0.0477016381919 0.0550830885768 0.197424650192
b 0.209271878004 0.0458708256483 0.0379075929523 0.213503211737
d 0.329240828753 0.791884124279 0.793276369572 0.310459107161
g 0.043090518564 0.015458879061 0.0214976090938 0.185764655471
t 0.176382020116 0.0990845412016 0.092235326767 0.0928483754396
h 1.0 1.0 1.0 1.0
c 1.0 0 0 0
Aa 0.748891532421 0.195198982954 -0.116384282708 0.678075790405
Ab 0.685760617256 0.178202241659 -0.278676360846 0.712078809738
Ad 0.882563412189 1.41532731056 1.04202198982 0.874678850174
Ag -0.000568561838008 -0.294156312943 -0.525012373924 0.651637494564
At 0.611504018307 0.512671589851 0.107494741678 0.350448727608
as 0.972972989082 1.0 0.653846144676 0.824999988079
bs 0.761904776096 1.0 0.850000023842 0.800000011921
ds 0.854545474052 1.0 1.0 1.0
gs 0.0 0.428571432829 0.888888895512 1.0
ts 0.918918907642 1.0 0.896551728249 0.578947365284
a 0.229747772217 0.0505211241543 0.0566524900496 0.204067200422
b 0.194191619754 0.0471578203142 0.0364117287099 0.221488311887
d 0.360464692116 0.786282718182 0.800827145576 0.298079162836
g 0.0411448664963 0.0160498116165 0.0192261692137 0.194117709994
t 0.174451053143 0.0999885126948 0.08688249439 0.0822475850582
h 1.0 1.0 1.0 1.0
c 1.0 0 0 0
Aa 0.751231849194 0.190266445279 -0.120603956282 0.690032482147
Ab 0.678211033344 0.160347148776 -0.312581688166 0.725610077381
Ad 0.946843266487 1.38237214088 1.02971577644 0.854590892792
Ag 0.00429620081559 -0.307736635208 -0.58993023634 0.668324410915
At 0.631654143333 0.486743539572 0.0651093050838 0.295382410288
as 0.972972989082 1.0 0.653846144676 0.850000023842
bs 0.761904776096 0.925925910473 0.699999988079 0.839999973774
ds 0.963636338711 1.0 1.0 1.0
gs 0.0 0.380952388048 0.722222208977 1.0
ts 0.972972989082 0.989010989666 0.807017564774 0.421052634716
a 0.221434101462 0.0551943108439 0.0593115612864 0.21204136312
b 0.174919173121 0.0495744943619 0.0352152325213 0.233470872045
d 0.398289322853 0.778282701969 0.805624902248 0.278391212225
g 0.0389648005366 0.0170931089669 0.0173469763249 0.203814446926
t 0.166392594576 0.0998553931713 0.082501322031 0.0722821056843
h 1.0 1.0 1.0 1.0
c 1.0 0 0 0
Aa 0.772668123245 0.178031668067 -0.12819480896 0.707650601864
Ab 0.670261025429 0.13139565289 -0.354603618383 0.749462664127
Ad 1.0276222229 1.32727468014 1.00479865074 0.825885534286
Ag 0.0180960465223 -0.331041574478 -0.662110447884 0.69046497345
At 0.648557603359 0.435508906841 0.015126737766 0.240260779858
as 1.0 0.98360657692 0.634615361691 0.875
bs 0.714285731316 0.814814805984 0.449999988079 0.959999978542
ds 1.0 1.0 1.0 1.0
gs 0.0 0.285714298487 0.514285743237 1.0
ts 1.0 0.934065937996 0.719298243523 0.289473682642
a 0.209082350135 0.0600511357188 0.0637799873948 0.21511939168
b 0.160154119134 0.0537667945027 0.0353930555284 0.248080596328
d 0.435251861811 0.770376563072 0.804913759232 0.256990224123
g 0.0380431041121 0.0189034398645 0.0161190927029 0.214340090752
t 0.157468572259 0.0969020426273 0.0797941163182 0.0654696971178
h 1.0 1.0 1.0 1.0
c 1.0 0 0 0
Aa 0.778093218803 0.143931359053 -0.1371242553 0.716598212719
Ab 0.662313938141 0.0959242656827 -0.392890632153 0.778511404991
Ad 1.09651648998 1.25211322308 0.963940620422 0.793835222721
Ag 0.0380517840385 -0.358049035072 -0.734468102455 0.715022027493
At 0.65496969223 0.351743042469 -0.0398378334939 0.199958980083
as 1.0 0.918032765388 0.615384638309 0.899999976158
bs 0.666666686535 0.666666686535 0.300000011921 1.0
ds 1.0 0.993103444576 0.971222996712 1.0
gs 0.0 0.15000000596 0.285714298487 1.0
ts 1.0 0.846153855324 0.631578922272 0.184210523963
a 0.204671114683 0.0605744607747 0.0705898925662 0.213297531009
b 0.148147433996 0.0605955533683 0.0380605570972 0.262035936117
d 0.462524026632 0.766845166683 0.795990586281 0.238102257252
g 0.0373802110553 0.0217455085367 0.0156991481781 0.22390408814
t 0.147277221084 0.0902393087745 0.0796597972512 0.0626601874828
h 1.0 1.0 1.0 1.0
c 1.0 0 0 0
Aa 0.797360420227 0.0648042559624 -0.146923437715 0.716598212719
Ab 0.656997978687 0.0649554356933 -0.415190845728 0.805973231792
Ad 1.15143811703 1.16722238064 0.905241966248 0.764375865459
Ag 0.0589456111193 -0.380115747452 -0.799789905548 0.737674415112
At 0.65443944931 0.237910449505 -0.0944267585874 0.184604048729
as 1.0 0.786885261536 0.596153855324 0.899999976158
bs 0.619047641754 0.555555582047 0.15000000596 1.0
ds 1.0 0.930555582047 0.928057551384 1.0
gs 0.0 0.0500000007451 0.114285714924 1.0
ts 1.0 0.72527474165 0.526315808296 0.138888895512
a 0.20469468832 0.0556169338524 0.0675486922264 0.219003260136
b 0.132700622082 0.070040948689 0.0441594198346 0.266595810652
d 0.493104159832 0.766904234886 0.788710713387 0.224032431841
g 0.0348589383066 0.0254313517362 0.0162658765912 0.225161954761
t 0.134641602635 0.0820065438747 0.0833152830601 0.0652065426111
h 1.0 1.0 1.0 1.0
c 1.0 0 0 0
Aa 0.845888435841 -0.0506258048117 -0.234098628163 0.742298007011
Ab 0.657654762268 0.0495191961527 -0.418692201376 0.827700734138
Ad 1.22772049904 1.0889083147 0.833202183247 0.752158284187
Ag 0.077095977962 -0.390463411808 -0.852438092232 0.754342377186
At 0.663961112499 0.118015676737 -0.142990916967 0.216138586402
as 1.0 0.606557369232 0.423076927662 0.975000023842
bs 0.649999976158 0.518518507481 0.15000000596 1.0
ds 1.0 0.881944417953 0.877697825432 1.0
gs 0.0 0.0 0.0 1.0
ts 1.0 0.593406617641 0.456140339375 0.222222223878
a 0.198447495699 0.055120781064 0.0602028258145 0.216845452785
b 0.128806680441 0.0790187120438 0.0525908172131 0.271975636482
d 0.504199564457 0.761208713055 0.780518889427 0.21528019011
g 0.0344755090773 0.0288827568293 0.0178043860942 0.231486111879
t 0.134070768952 0.075769007206 0.0888830721378 0.0644126087427
h 1.0 1.0 1.0 1.0
c 1.0 0 0 0
Aa 0.841620266438 -0.10710785538 -0.354474872351 0.742298007011
Ab 0.653913080692 0.0493067242205 -0.413181841373 0.840677678585
Ad 1.24657714367 1.03308057785 0.758291661739 0.739151716232
Ag 0.081485375762 -0.387784570456 -0.883564770222 0.770672619343
At 0.671308815479 0.0310683436692 -0.185272678733 0.215118572116
as 1.0 0.50819671154 0.196078434587 0.975000023842
bs 0.649999976158 0.518518507481 0.20000000298 1.0
ds 1.0 0.840277791023 0.827338159084 0.980000019073
gs 0.0 0.0 0.0 1.0
ts 1.0 0.494505494833 0.375 0.228571429849
a 0.190933957696 0.0649518817663 0.0553344674408 0.214547485113
b 0.127814739943 0.0831048041582 0.0608932077885 0.281435370445
d 0.513218343258 0.743875443935 0.768005847931 0.199349492788
g 0.0336441025138 0.0306828804314 0.0206085052341 0.239371940494
t 0.134388849139 0.077384993434 0.0951579809189 0.0652957037091
h 1.0 1.0 1.0 1.0
c 1.0 0 0 0
Aa 0.838469207287 -0.0513291284442 -0.449269741774 0.736181914806
Ab 0.664166927338 0.0557052828372 -0.407696634531 0.854037165642
Ad 1.26788818836 1.00757932663 0.693099021912 0.704273641109
Ag 0.0844949707389 -0.377024739981 -0.878219008446 0.783731758595
At 0.685949265957 0.0247359033674 -0.213820278645 0.219543084502
as 1.0 0.606557369232 0.0196078438312 0.949999988079
bs 0.699999988079 0.518518507481 0.20000000298 1.0
ds 1.0 0.819444417953 0.782608687878 0.897959172726
gs 0.0 0.0500000007451 0.0 1.0
ts 1.0 0.483516484499 0.321428567171 0.257142871618
a 0.18351124227 0.0779453739524 0.0566354617476 0.215049237013
b 0.127734094858 0.0798988267779 0.0669234022498 0.295044779778
d 0.520615637302 0.724965333939 0.745379924774 0.175174176693
g 0.0323637500405 0.0301690306515 0.0252253431827 0.24738098681
t 0.13577529788 0.0870214626193 0.105835877359 0.0673508197069
h 1.0 1.0 1.0 1.0
c 1.0 0 0 0
Aa 0.838469207287 0.046998616308 -0.478935658932 0.729587495327
Ab 0.681113302708 0.0577486380935 -0.406446069479 0.86693751812
Ad 1.2913236618 1.01552546024 0.640353560448 0.640519678593
Ag 0.0848653391004 -0.365230381489 -0.830187022686 0.790415883064
At 0.707627236843 0.094834625721 -0.20739120245 0.225392475724
as 1.0 0.75409835577 0.0 0.949999988079
bs 0.800000011921 0.555555582047 0.20000000298 1.0
ds 1.0 0.826388895512 0.746376812458 0.775510191917
gs 0.0 0.10000000149 0.0606060624123 1.0
ts 1.0 0.560439586639 0.339285701513 0.257142871618
a 0.174418985844 0.0849314555526 0.0595720633864 0.215370550752
b 0.126859411597 0.0707462802529 0.0706804171205 0.311546266079
d 0.528402447701 0.718020021915 0.706798017025 0.147181093693
g 0.0309965293854 0.0275573655963 0.0317311435938 0.255833297968
t 0.13932262361 0.0987448692322 0.131218343973 0.0700687915087
h 1.0 1.0 1.0 1.0
c 1.0 0 0 0
Aa 0.835494995117 0.131599336863 -0.483308345079 0.71619027853
Ab 0.697223901749 0.0522344000638 -0.409051865339 0.876526474953
Ad 1.31686604023 1.05866730213 0.590944349766 0.550855994225
Ag 0.0852143093944 -0.357231527567 -0.756865262985 0.790960967541
At 0.737922847271 0.197045326233 -0.140356451273 0.228528529406
as 1.0 0.901639342308 0.0 0.899999976158
bs 0.850000023842 0.518518507481 0.20000000298 1.0
ds 1.0 0.861111104488 0.715328454971 0.591836750507
gs 0.0 0.15000000596 0.272727280855 1.0
ts 1.0 0.677777767181 0.464285701513 0.285714298487
a 0.163602843881 0.0801966041327 0.0626492798328 0.209565013647
b 0.124385274947 0.059410598129 0.0726801455021 0.32895347476
d 0.53987467289 0.730201601982 0.649927258492 0.121511518955
g 0.0299693997949 0.0240058898926 0.0390713252127 0.266945928335
t 0.142167806625 0.106185294688 0.175671994686 0.0730240568519
h 1.0 1.0 1.0 1.0
c 1.0 0 0 0
Aa 0.827881515026 0.171051546931 -0.478729695082 0.684222102165
Ab 0.708859622478 0.0407594963908 -0.414229959249 0.880037784576
Ad 1.34638357162 1.1303383112 0.537218987942 0.44752073288
Ag 0.0907687172294 -0.352786630392 -0.683787643909 0.789326608181
At 0.766891956329 0.292959928513 -0.0309432409704 0.22636924684
as 1.0 0.967213094234 0.0 0.824999988079
bs 0.949999988079 0.481481492519 0.15000000596 1.0
ds 1.0 0.909722208977 0.676470577717 0.375
gs 0.0399999991059 0.20000000298 0.484848499298 1.0
ts 1.0 0.78888887167 0.660714268684 0.257142871618
a 0.147493839264 0.0693921223283 0.0670018345118 0.203230798244
b 0.121373295784 0.0493089072406 0.0733011439443 0.341402560472
d 0.557101368904 0.752770125866 0.584295511246 0.0994049161673
g 0.0297615788877 0.020795898512 0.0454045683146 0.280013203621
t 0.144269913435 0.107732973993 0.229996904731 0.0759485140443
h 1.0 1.0 1.0 1.0
c 1.0 0 0 0
Aa 0.801228702068 0.173659846187 -0.459407627583 0.651835978031
Ab 0.71657794714 0.0252750534564 -0.420383572578 0.877113223076
Ad 1.37838900089 1.20901203156 0.48113822937 0.341254293919
Ag 0.106110788882 -0.34967264533 -0.628394782543 0.791024923325
At 0.791630625725 0.36469835043 0.0762276649475 0.224365726113
as 1.0 0.967213094234 0.0 0.75
bs 0.949999988079 0.407407402992 0.15000000596 1.0
ds 1.0 0.972027957439 0.639705896378 0.145833328366
gs 0.0799999982119 0.20000000298 0.666666686535 1.0
ts 1.0 0.866666674614 0.839285731316 0.257142871618
a 0.128028988838 0.0599825195968 0.067219093442 0.206533178687
b 0.118892453611 0.0420685522258 0.0728441178799 0.343836843967
d 0.579483091831 0.773053050041 0.531223356724 0.0801188051701
g 0.0302831102163 0.0185696613044 0.0495582297444 0.291547089815
t 0.143312364817 0.106326214969 0.279155224562 0.0779640898108
h 1.0 1.0 1.0 1.0
c 1.0 0 0 0
Aa 0.757644534111 0.163235068321 -0.463021785021 0.650199651718
Ab 0.725490510464 0.00916795991361 -0.428119927645 0.871562302113
Ad 1.41337692738 1.27341961861 0.434762716293 0.23894430697
Ag 0.13153667748 -0.345985621214 -0.595398664474 0.799918532372
At 0.806619882584 0.411850720644 0.155331298709 0.227104470134
as 0.87804877758 0.950819671154 0.0 0.75
bs 1.0 0.370370358229 0.10000000149 1.0
ds 1.0 1.0 0.602941155434 0.0
gs 0.20000000298 0.20000000298 0.757575750351 1.0
ts 1.0 0.922222197056 0.982142865658 0.257142871618
a 0.119240261614 0.0550932921469 0.065973199904 0.207174748182
b 0.11661477387 0.037408683449 0.0712837725878 0.343694597483
d 0.596763014793 0.785550236702 0.50089931488 0.0654123947024
g 0.0306883379817 0.0173573028296 0.0511589758098 0.303416699171
t 0.136693581939 0.104590505362 0.310684710741 0.0803015604615
h 1.0 1.0 1.0 1.0
c 1.0 0 0 0
Aa 0.752473473549 0.160518661141 -0.470520287752 0.650199651718
Ab 0.74280411005 -0.00760761788115 -0.436897188425 0.870035588741
Ad 1.45185244083 1.31459391117 0.409862577915 0.149522900581
Ag 0.163023918867 -0.341097801924 -0.580966055393 0.815902352333
At 0.81179869175 0.438912212849 0.202432006598 0.238586828113
as 0.87804877758 0.950819671154 0.0 0.75
bs 1.0 0.296296298504 0.0500000007451 1.0
ds 1.0 1.0 0.588235318661 0.0
gs 0.319999992847 0.25 0.818181812763 1.0
ts 1.0 0.955555558205 1.0 0.314285725355
a 0.111309073865 0.0525912307203 0.06103400141 0.204085871577
b 0.117133781314 0.0345938317478 0.0692704841495 0.344719707966
d 0.6150406003 0.791650533676 0.49432811141 0.0563223995268
g 0.031091561541 0.016930827871 0.0512965731323 0.312290549278
t 0.125424951315 0.104233570397 0.324070841074 0.0825814753771
h 1.0 1.0 1.0 1.0
c 1.0 0 0 0
Aa 0.750573456287 0.156668439507 -0.501756668091 0.650199651718
Ab 0.772725045681 -0.0252462122589 -0.44678029418 0.877852857113
Ad 1.49294674397 1.33428859711 0.406686812639 0.0910678952932
Ag 0.196685403585 -0.335566669703 -0.577240169048 0.834945619106
At 0.802426815033 0.453762710094 0.223311439157 0.257269382477
as 0.87804877758 0.934426248074 0.0 0.75
bs 1.0 0.222222223878 0.0 1.0
ds 1.0 1.0 0.577777802944 0.0
gs 0.439999997616 0.25 0.84375 1.0
ts 1.0 0.966666638851 1.0 0.371428579092
a 0.103204779327 0.0513630546629 0.0617773719132 0.198081552982
b 0.121014855802 0.0327721945941 0.0668303444982 0.347904324532
d 0.631075084209 0.794244885445 0.494260907173 0.0542908161879
g 0.0315687060356 0.0169292036444 0.0505959168077 0.314228743315
t 0.113136559725 0.104690670967 0.326535463333 0.0854945555329
h 1.0 1.0 1.0 1.0
c 1.0 0 0 0
Aa 0.743213951588 0.151378840208 -0.49064040184 0.650199651718
Ab 0.812352836132 -0.0437664985657 -0.456496149302 0.894815504551
Ad 1.52959525585 1.34068238735 0.412486433983 0.088082022965
Ag 0.228770956397 -0.330635458231 -0.577354371548 0.850601553917
At 0.783117115498 0.460635989904 0.232460513711 0.285294085741
as 0.853658556938 0.934426248074 0.0 0.75
bs 1.0 0.148148149252 0.0 1.0
ds 1.0 1.0 0.585185170174 0.0
gs 0.600000023842 0.300000011921 0.84375 1.0
ts 1.0 0.977777779102 1.0 0.428571432829
a 0.0960850417614 0.0503124222159 0.0633163526654 0.190925687551
b 0.127546414733 0.0315404199064 0.0650605857372 0.351448208094
d 0.642144024372 0.795704305172 0.494426578283 0.0592873990536
g 0.0321668423712 0.0170699581504 0.0499702654779 0.306482106447
t 0.102057658136 0.105372883379 0.327226221561 0.0918565690517
h 1.0 1.0 1.0 1.0
c 1.0 0 0 0
Aa 0.729723036289 0.142655879259 -0.47608679533 0.650199651718
Ab 0.852735519409 -0.0601518861949 -0.464284688234 0.915196657181
Ad 1.55469965935 1.34173238277 0.416499167681 0.142297700047
Ag 0.254475682974 -0.326786875725 -0.57889097929 0.855740427971
At 0.755912840366 0.463709533215 0.237245425582 0.332445532084
as 0.829268276691 0.918032765388 0.0 0.75
bs 1.0 0.111111111939 0.0 1.0
ds 1.0 1.0 0.585185170174 0.0
gs 0.680000007153 0.300000011921 0.84375 1.0
ts 1.0 0.977777779102 1.0 0.571428596973
a 0.0960850417614 0.0499726720154 0.0649150684476 0.190925687551
b 0.127546414733 0.0305915996432 0.0642239451408 0.351448208094
d 0.642144024372 0.7964220047 0.492442458868 0.0592873990536
g 0.0321668423712 0.0172130372375 0.0497300438583 0.306482106447
t 0.102057658136 0.105800673366 0.328688472509 0.0918565690517
h 1.0 1.0 1.0 1.0
c 1.0 0 0 0
Aa 0.729723036289 0.138812363148 -0.465658605099 0.650199651718
Ab 0.852735519409 -0.0743180438876 -0.47030711174 0.915196657181
Ad 1.55469965935 1.34122300148 0.414351373911 0.142297700047
Ag 0.254475682974 -0.32406270504 -0.58138525486 0.855740427971
At 0.755912840366 0.464568197727 0.238780394197 0.332445532084
as 0.829268276691 0.918032765388 0.0188679248095 0.75
bs 1.0 0.037037037313 0.0 1.0
ds 1.0 1.0 0.585185170174 0.0
gs 0.680000007153 0.300000011921 0.84375 1.0
ts 1.0 0.977777779102 1.0 0.571428596973
a 0.0960850417614 0.0500807091594 0.0677733868361 0.190925687551
b 0.127546414733 0.0298501327634 0.0640783756971 0.351448208094
d 0.642144024372 0.797009587288 0.488171577454 0.0592873990536
g 0.0321668423712 0.0173734966666 0.0497126877308 0.306482106447
t 0.102057658136 0.105686053634 0.330263972282 0.0918565690517
h 1.0 1.0 1.0 1.0
c 1.0 0 0 0
Aa 0.729723036289 0.138812363148 -0.449484080076 0.650199651718
Ab 0.852735519409 -0.0859118551016 -0.473831743002 0.915196657181
Ad 1.55469965935 1.34060549736 0.408029258251 0.142297700047
Ag 0.254475682974 -0.320970892906 -0.584075987339 0.855740427971
At 0.755912840366 0.463159561157 0.238317936659 0.332445532084
as 0.829268276691 0.918032765388 0.0566037744284 0.75
bs 1.0 0.0 0.0 1.0
ds 1.0 1.0 0.585185170174 0.0
gs 0.680000007153 0.34999999404 0.8125 1.0
ts 1.0 0.977528095245 1.0 0.571428596973
a 0.0960850417614 0.0502228103578 0.0706728175282 0.190925687551
b 0.127546414733 0.0291491206735 0.0641732737422 0.351448208094
d 0.642144024372 0.797383248806 0.485273957253 0.0592873990536
g 0.0321668423712 0.0176473017782 0.0496789850295 0.306482106447
t 0.102057658136 0.105597540736 0.330200970173 0.0918565690517
h 1.0 1.0 1.0 1.0
c 1.0 0 0 0
Aa 0.729723036289 0.138812363148 -0.433117687702 0.650199651718
Ab 0.852735519409 -0.0974631905556 -0.47501590848 0.915196657181
Ad 1.55469965935 1.33957850933 0.40361687541 0.142297700047
Ag 0.254475682974 -0.315410345793 -0.586197376251 0.855740427971
At 0.755912840366 0.461565166712 0.236408233643 0.332445532084
as 0.829268276691 0.918032765388 0.0943396240473 0.75
bs 1.0 0.0 0.0 1.0
ds 1.0 1.0 0.577777802944 0.0
gs 0.680000007153 0.34999999404 0.8125 1.0
ts 1.0 0.977528095245 1.0 0.571428596973
a 0.0960850417614 0.0504934303463 0.0717286765575 0.190925687551
b 0.127546414733 0.0284783598036 0.064258299768 0.351448208094
d 0.642144024372 0.797756850719 0.486083686352 0.0592873990536
g 0.0321668423712 0.0180724915117 0.0494998209178 0.306482106447
t 0.102057658136 0.105198852718 0.32842952013 0.0918565690517
h 1.0 1.0 1.0 1.0
c 1.0 0 0 0
Aa 0.729723036289 0.138812363148 -0.426371991634 0.650199651718
Ab 0.852735519409 -0.10990756005 -0.474135607481 0.915196657181
Ad 1.55469965935 1.33744800091 0.404646217823 0.142297700047
Ag 0.254475682974 -0.307404518127 -0.587461173534 0.855740427971
At 0.755912840366 0.457588464022 0.234377339482 0.332445532084
as 0.829268276691 0.918032765388 0.0943396240473 0.75
bs 1.0 0.0 0.0 1.0
ds 1.0 0.993288576603 0.582089543343 0.0
gs 0.680000007153 0.40000000596 0.8125 1.0
ts 1.0 0.977528095245 1.0 0.571428596973
a 0.0960850417614 0.0509804785252 0.0785354301333 0.190925687551
b 0.127546414733 0.0280436668545 0.0641239583492 0.351448208094
d 0.642144024372 0.797796905041 0.484303444624 0.0592873990536
g 0.0321668423712 0.0185464303941 0.0487585067749 0.306482106447
t 0.102057658136 0.104632534087 0.32427868247 0.0918565690517
h 1.0 1.0 1.0 1.0
c 1.0 0 0 0
Aa 0.729723036289 0.138812363148 -0.381922841072 0.650199651718
Ab 0.852735519409 -0.12075676769 -0.469968169928 0.915196657181
Ad 1.55469965935 1.33330082893 0.408129096031 0.142297700047
Ag 0.254475682974 -0.30033120513 -0.588938057423 0.855740427971
At 0.755912840366 0.451075166464 0.233929917216 0.332445532084
as 0.829268276691 0.918032765388 0.196078434587 0.75
bs 1.0 0.0 0.0 1.0
ds 1.0 0.993243217468 0.589552223682 0.0
gs 0.680000007153 0.449999988079 0.8125 1.0
ts 1.0 0.966292142868 1.0 0.571428596973
a 0.0960850417614 0.0522132180631 0.0884573832154 0.116130337119
b 0.127546414733 0.0284402351826 0.0645189881325 0.403338640928
d 0.642144024372 0.798062741756 0.480765730143 0.150917977095
g 0.0321668423712 0.0191338229924 0.0474508181214 0.211803421378
t 0.102057658136 0.102150000632 0.318807065487 0.117809616029
h 1.0 1.0 1.0 1.0
c 1.0 0 0 0
Aa 0.729723036289 0.138812363148 -0.325972169638 0.29866912961
Ab 0.852735519409 -0.125034913421 -0.463018745184 0.839393317699
Ad 1.55469965935 1.3230689764 0.409227252007 0.412464439869
Ag 0.254475682974 -0.297166347504 -0.596462547779 0.559656441212
At 0.755912840366 0.430270284414 0.230821684003 0.304904192686
as 0.829268276691 0.918032765388 0.280000001192 0.0
bs 1.0 0.0 0.0454545468092 1.0
ds 1.0 0.993197262287 0.589552223682 0.410714298487
gs 0.680000007153 0.449999988079 0.78125 0.692307710648
ts 1.0 0.943820238113 1.0 0.485714286566
a 0.105383217335 0.055297549814 0.0975410118699 0.116242498159
b 0.166828483343 0.0305366199464 0.0662376210093 0.403524249792
d 0.606963276863 0.796869158745 0.480709582567 0.170535460114
g 0.0468368977308 0.0201827809215 0.0453225038946 0.200230777264
t 0.0739881172776 0.097113892436 0.310189306736 0.109467029572
h 1.0 1.0 1.0 1.0
c 1.0 0 0 0
Aa 0.584692656994 0.138812363148 -0.286284416914 0.3068164289
Ab 0.784191429615 -0.119072556496 -0.454366952181 0.847321093082
Ad 1.34508359432 1.29749345779 0.406411081553 0.47326618433
Ag 0.232509329915 -0.298912495375 -0.619157791138 0.542982339859
At 0.43108317256 0.383387833834 0.21615511179 0.280734807253
as 0.463414639235 0.918032765388 0.367346942425 0.0
bs 1.0 0.0 0.0454545468092 1.0
ds 1.0 0.972789108753 0.578947365284 0.517857134342
gs 0.583333313465 0.449999988079 0.793103456497 0.641025662422
ts 0.390243887901 0.887640476227 0.968253970146 0.428571432829
a 0.0897360891104 0.06209724769 0.101212643087 0.114203676581
b 0.131089523435 0.0355488434434 0.0698288753629 0.403979659081
d 0.676152169704 0.789812743664 0.492030888796 0.191095724702
g 0.0379395857453 0.022381676361 0.04254469648 0.190130069852
t 0.065082654357 0.0901594683528 0.2943829 0.100590884686
h 1.0 1.0 1.0 1.0
c 1.0 0 0 0
Aa 0.604860961437 0.138812363148 -0.286284416914 0.307034671307
Ab 0.769461810589 -0.103434510529 -0.44748416543 0.855714082718
Ad 1.48193824291 1.2432641983 0.400473177433 0.530605554581
Ag 0.23098641634 -0.304367393255 -0.662673771381 0.528405368328
At 0.465359091759 0.300751358271 0.17739340663 0.25191321969
as 0.512195110321 0.916666686535 0.367346942425 0.0
bs 1.0 0.0 0.0909090936184 1.0
ds 1.0 0.938775539398 0.578947365284 0.618181824684
gs 0.583333313465 0.40000000596 0.678571403027 0.615384638309
ts 0.449999988079 0.79545456171 0.920634925365 0.323529422283
a 0.0804331153631 0.0681615993381 0.10833196342 0.112752139568
b 0.107374422252 0.0458093732595 0.0751824378967 0.409774780273
d 0.720990717411 0.774585664272 0.511039912701 0.204143464565
g 0.0324885621667 0.0269832126796 0.0394705347717 0.182518810034
t 0.058713208884 0.0844601467252 0.265975177288 0.090810790658
h 1.0 1.0 1.0 1.0
c 1.0 0 0 0
Aa 0.621152460575 0.0902231559157 -0.286284416914 0.307628422976
Ab 0.746618390083 -0.0823622643948 -0.444924622774 0.868048846722
Ad 1.57364726067 1.1457529068 0.38741376996 0.565439105034
Ag 0.227448046207 -0.312222927809 -0.72476798296 0.51681125164
At 0.484453380108 0.183335229754 0.103800065815 0.213641092181
as 0.56097561121 0.833333313465 0.367346942425 0.0
bs 1.0 0.107142858207 0.047619048506 1.0
ds 1.0 0.870748281479 0.571428596973 0.672727286816
gs 0.583333313465 0.40000000596 0.444444447756 0.578947365284
ts 0.5 0.659090936184 0.79365080595 0.205882355571
a 0.0744337290525 0.0692673698068 0.120325639844 0.112135827541
b 0.0925537496805 0.06592027843 0.0833229646087 0.423547923565
d 0.749843120575 0.746221125126 0.528759896755 0.204925969243
g 0.0291048865765 0.0360300801694 0.0375525578856 0.177111521363
t 0.0540645346045 0.0825611427426 0.230038940907 0.0822787508368
h 1.0 1.0 1.0 1.0
c 1.0 0 0 0
Aa 0.629091262817 -0.0380535572767 -0.286284416914 0.307628422976
Ab 0.723715484142 -0.0595632307231 -0.445877879858 0.884786605835
Ad 1.63229191303 0.994285285473 0.356615900993 0.569481015205
Ag 0.22128739953 -0.321917027235 -0.792003035545 0.506130874157
At 0.490233957767 0.0381934195757 -0.00484125781804 0.173171713948
as 0.585365831852 0.616666674614 0.367346942425 0.0
bs 0.909090936184 0.178571432829 0.047619048506 1.0
ds 1.0 0.767123281956 0.541353404522 0.690909087658
gs 0.541666686535 0.34999999404 0.222222223878 0.552631556988
ts 0.524999976158 0.5 0.619047641754 0.088235296309
a 0.0702260509133 0.0779973343015 0.137120470405 0.114435680211
b 0.0828734859824 0.102022193372 0.093994744122 0.440554261208
d 0.769908428192 0.681930661201 0.535651624203 0.19595643878
g 0.0266069881618 0.0516437739134 0.0380639135838 0.172850877047
t 0.0503850318491 0.0864060297608 0.195169270039 0.0762027278543
h 1.0 1.0 1.0 1.0
c 1.0 0 0 0
Aa 0.636833071709 -0.154267579317 -0.286284416914 0.31734213233
Ab 0.708750426769 -0.0376526750624 -0.450283169746 0.902780056
Ad 1.67677390575 0.787392914295 0.305495679379 0.550940215588
Ag 0.215330511332 -0.333329349756 -0.84287327528 0.496452242136
At 0.492636322975 -0.109803274274 -0.132975280285 0.140751183033
as 0.589743614197 0.416666656733 0.367346942425 0.0
bs 0.863636374474 0.222222223878 0.047619048506 1.0
ds 1.0 0.620689630508 0.503759384155 0.64814811945
gs 0.521739125252 0.300000011921 0.037037037313 0.513513505459
ts 0.524999976158 0.333333343267 0.428571432829 0.0
a 0.0697715207934 0.101961545646 0.154735863209 0.117292284966
b 0.0755328759551 0.155408099294 0.105510734022 0.456506878138
d 0.784193098545 0.575060665607 0.528678417206 0.183025762439
g 0.0242819469422 0.0730432569981 0.0410442873836 0.169730514288
t 0.0462205447257 0.0945264175534 0.17003069818 0.0734445750713
h 1.0 1.0 1.0 1.0
c 1.0 0 0 0
Aa 0.670160830021 -0.200939998031 -0.286284416914 0.328393727541
Ab 0.704618632793 -0.0179027635604 -0.452578753233 0.918571591377
Ad 1.72090566158 0.550337314606 0.247316166759 0.521636486053
Ag 0.211766123772 -0.34579628706 -0.86262267828 0.488884210587
At 0.491317689419 -0.233823210001 -0.24534805119 0.125083982944
as 0.692307710648 0.34999999404 0.367346942425 0.0232558138669
bs 0.818181812763 0.296296298504 0.047619048506 1.0
ds 1.0 0.462068974972 0.466165423393 0.603773593903
gs 0.521739125252 0.20000000298 0.0 0.513513505459
ts 0.524999976158 0.183908045292 0.238095238805 0.0
a 0.0704685375094 0.128683269024 0.166135087609 0.119171708822
b 0.0703617706895 0.207551538944 0.114109382033 0.468178242445
d 0.793218970299 0.470849633217 0.514273405075 0.170620769262
g 0.0223335567862 0.0912211835384 0.0449101999402 0.167990908027
t 0.0436171405017 0.101694352925 0.160571947694 0.0740383714437
h 1.0 1.0 1.0 1.0
c 1.0 0 0 0
Aa 0.710254848003 -0.208418473601 -0.286284416914 0.335353851318
Ab 0.709596335888 -0.000814593280666 -0.449424445629 0.92959189415
Ad 1.76165270805 0.354941666126 0.204448267817 0.491212576628
Ag 0.211217477918 -0.357844859362 -0.85440081358 0.484466463327
At 0.501916766167 -0.310643702745 -0.301076084375 0.128637522459
as 0.794871807098 0.333333343267 0.367346942425 0.0232558138669
bs 0.863636374474 0.370370358229 0.047619048506 1.0
ds 1.0 0.324137926102 0.428571432829 0.547169804573
gs 0.521739125252 0.15000000596 0.0 0.486486494541
ts 0.550000011921 0.103448279202 0.15873016417 0.0
a 0.0684804171324 0.139702871442 0.16768476367 0.122301988304
b 0.0678707510233 0.23507027328 0.116150446236 0.473502457142
d 0.799356222153 0.423943191767 0.508333384991 0.160295858979
g 0.0211658068001 0.0979773625731 0.0475058592856 0.167356446385
t 0.0431268066168 0.103306315839 0.160325542092 0.0765432342887
h 1.0 1.0 1.0 1.0
c 1.0 0 0 0
Aa 0.720846652985 -0.21312455833 -0.286284416914 0.346433877945
Ab 0.71696293354 0.0128678167239 -0.44575715065 0.934322595596
Ad 1.78802061081 0.268977761269 0.195370584726 0.463922649622
Ag 0.21091504395 -0.367204129696 -0.834030866623 0.482642829418
At 0.520027518272 -0.3442029953 -0.305775314569 0.142907172441
as 0.820512831211 0.333333343267 0.367346942425 0.0465116277337
bs 0.863636374474 0.407407402992 0.047619048506 1.0
ds 1.0 0.268965512514 0.424242436886 0.480769217014
gs 0.521739125252 0.10000000149 0.037037037313 0.486486494541
ts 0.600000023842 0.0574712641537 0.142857149243 0.0285714287311
a 0.0681451559067 0.138203248382 0.161815524101 0.124393239617
b 0.0673941969872 0.240640997887 0.111977398396 0.474415242672
d 0.799025893211 0.420249581337 0.515335857868 0.153514400125
g 0.0207894444466 0.0969463810325 0.0484074391425 0.168105095625
t 0.0446452908218 0.103959798813 0.162463784218 0.0795720145106
h 1.0 1.0 1.0 1.0
c 1.0 0 0 0
Aa 0.725195169449 -0.218856468797 -0.288017451763 0.351368844509
Ab 0.72038269043 0.0219949148595 -0.447907269001 0.932730734348
Ad 1.79432106018 0.264132559299 0.215052723885 0.442721188068
Ag 0.209603056312 -0.37284308672 -0.812125563622 0.482152938843
At 0.54153585434 -0.342509269714 -0.286281108856 0.157332405448
as 0.820512831211 0.316666662693 0.375 0.0697674453259
bs 0.909090936184 0.444444447756 0.047619048506 1.0
ds 1.0 0.26206895709 0.442748099566 0.442307680845
gs 0.521739125252 0.10000000149 0.148148149252 0.486486494541
ts 0.649999976158 0.0689655169845 0.174603179097 0.0857142880559
a 0.0695480927825 0.116220198572 0.147196218371 0.130363315344
b 0.0684806481004 0.239823609591 0.104390338063 0.470463991165
d 0.793447136879 0.442890405655 0.533668279648 0.149174377322
g 0.0211170762777 0.0947730839252 0.0486496053636 0.168779984117
t 0.0474070571363 0.106292694807 0.166095584631 0.0812183246017
h 1.0 1.0 1.0 1.0
c 1.0 0 0 0
Aa 0.725195169449 -0.287527292967 -0.312836110592 0.368878781796
Ab 0.718477845192 0.027083043009 -0.462072432041 0.926249802113
Ad 1.7824280262 0.293487370014 0.246538624167 0.42741766572
Ag 0.20754379034 -0.37612387538 -0.793653428555 0.481044352055
At 0.558752954006 -0.326305478811 -0.26037466526 0.163377419114
as 0.820512831211 0.20000000298 0.333333343267 0.11627907306
bs 0.909090936184 0.481481492519 0.0 1.0
ds 1.0 0.282758623362 0.465648859739 0.403846144676
gs 0.521739125252 0.0500000007451 0.222222223878 0.486486494541
ts 0.699999988079 0.0804597735405 0.209677413106 0.0857142880559
a 0.0725064724684 0.0958188995719 0.135253354907 0.142603173852
b 0.070469237864 0.231035977602 0.0940903425217 0.462468832731
d 0.784913480282 0.476296395063 0.552401542664 0.145643368363
g 0.0219260025769 0.0898217409849 0.0483514070511 0.168319553137
t 0.0501847937703 0.10702700913 0.169903367758 0.0809650868177
h 1.0 1.0 1.0 1.0
c 1.0 0 0 0
Aa 0.725195169449 -0.354206889868 -0.332397729158 0.406168669462
Ab 0.712817966938 0.0280215609819 -0.490000724792 0.917121887207
Ad 1.75964021683 0.342219233513 0.278709113598 0.415330141783
Ag 0.20577788353 -0.382276564837 -0.779136657715 0.478174030781
At 0.565390586853 -0.306164652109 -0.23334376514 0.160337239504
as 0.820512831211 0.0833333358169 0.291666656733 0.186046510935
bs 0.863636374474 0.481481492519 0.0 1.0
ds 1.0 0.317241370678 0.496183216572 0.372549027205
gs 0.478260874748 0.0500000007451 0.25925925374 0.486486494541
ts 0.699999988079 0.103448279202 0.241935476661 0.088235296309
a 0.0760871618986 0.0788226574659 0.126549869776 0.152467653155
b 0.0729892551899 0.21640650928 0.0834752619267 0.462077021599
d 0.775833010674 0.519940137863 0.569872498512 0.142228648067
g 0.0230554621667 0.0814827829599 0.0480131134391 0.165684700012
t 0.0520350970328 0.103347934783 0.172089263797 0.0775419473648
h 1.0 1.0 1.0 1.0
c 1.0 0 0 0
Aa 0.725195169449 -0.411613672972 -0.346164047718 0.431574732065
Ab 0.707142710686 0.0270055793226 -0.526867985725 0.913111388683
Ad 1.73365199566 0.407688617706 0.307351917028 0.401384115219
Ag 0.206657618284 -0.397198885679 -0.767065882683 0.467679440975
At 0.560180127621 -0.293962955475 -0.212671995163 0.137933701277
as 0.820512831211 0.0 0.25 0.255813956261
bs 0.818181812763 0.444444447756 0.0 1.0
ds 1.0 0.365517228842 0.519083976746 0.352941185236
gs 0.478260874748 0.0 0.296296298504 0.459459453821
ts 0.699999988079 0.105882354081 0.290322571993 0.0294117648154
a 0.0762615799904 0.0732357054949 0.127076983452 0.159655615687
b 0.0723372474313 0.199376821518 0.0743266865611 0.46105235815
d 0.776093423367 0.560617029667 0.581406354904 0.141921386123
g 0.0231002438813 0.0708680972457 0.0473740175366 0.162487372756
t 0.0522074773908 0.0959023535252 0.169815927744 0.0748832598329
h 1.0 1.0 1.0 1.0
c 1.0 0 0 0
Aa 0.725195169449 -0.40798407793 -0.329217642546 0.446914315224
Ab 0.702251374722 0.0269677173346 -0.562139749527 0.907480359077
Ad 1.73280334473 0.475959300995 0.331195265055 0.395777910948
Ag 0.206505939364 -0.422256201506 -0.757744312286 0.454549700022
At 0.560622096062 -0.290877699852 -0.203306093812 0.118114829063
as 0.820512831211 0.0 0.291666656733 0.279069781303
bs 0.818181812763 0.444444447756 0.0 1.0
ds 1.0 0.402777791023 0.534351170063 0.340000003576
gs 0.478260874748 0.0 0.333333343267 0.428571432829
ts 0.699999988079 0.117647059262 0.290322571993 0.0
a 0.0780043229461 0.068856395781 0.129124626517 0.16091068089
b 0.0715726092458 0.18783544004 0.0681543052197 0.459281533957
d 0.774637341499 0.590907692909 0.588854253292 0.144387930632
g 0.023538056761 0.0618512257934 0.0466518253088 0.162275120616
t 0.0522476695478 0.0905492827296 0.167214974761 0.0731447413564
h 1.0 1.0 1.0 1.0
c 1.0 0 0 0
Aa 0.732122302055 -0.405747264624 -0.311238735914 0.443695574999
Ab 0.694750487804 0.0300859883428 -0.588754475117 0.899189651012
Ad 1.7291020155 0.527828097343 0.347760021687 0.396641552448
Ag 0.211774259806 -0.452343225479 -0.753379166126 0.447362601757
At 0.558070540428 -0.286806493998 -0.198972627521 0.10129377991
as 0.846153855324 0.0 0.333333343267 0.279069781303
bs 0.772727251053 0.481481492519 0.0 1.0
ds 1.0 0.444444447756 0.546153843403 0.340000003576
gs 0.5 0.0 0.370370358229 0.40000000596
ts 0.699999988079 0.117647059262 0.306451618671 0.0
a 0.0814600735903 0.0663052126765 0.126156941056 0.161266177893
b 0.0714747384191 0.182845130563 0.0633844062686 0.454850107431
d 0.770074009895 0.605297923088 0.604195713997 0.144968539476
g 0.0243487507105 0.0560403726995 0.0448363386095 0.16581812501
t 0.0526424124837 0.0895113423467 0.161426618695 0.07309705019
h 1.0 1.0 1.0 1.0
c 1.0 0 0 0
Aa 0.742698907852 -0.405747264624 -0.307868808508 0.438562035561
Ab 0.685906648636 0.0347884818912 -0.606797516346 0.888887047768
Ad 1.71828651428 0.554674267769 0.372397720814 0.392292529345
Ag 0.218230783939 -0.478793919086 -0.757149815559 0.450650781393
At 0.553089857101 -0.275416851044 -0.200804784894 0.094918616116
as 0.871794879436 0.0 0.340425521135 0.279069781303
bs 0.727272748947 0.481481492519 0.0 1.0
ds 1.0 0.458333343267 0.56153845787 0.340000003576
gs 0.54545456171 0.0 0.333333343267 0.428571432829
ts 0.675000011921 0.129411771894 0.306451618671 0.0
a 0.0820358172059 0.0658484473825 0.116720482707 0.171037986875
b 0.0731343999505 0.18173108995 0.0575562752783 0.444631040096
d 0.764463305473 0.605272114277 0.634638309479 0.13964626193
g 0.0257284995168 0.0535310283303 0.0408052168787 0.170606061816
t 0.0546379797161 0.0936173498631 0.150279700756 0.0740786269307
h 1.0 1.0 1.0 1.0
c 1.0 0 0 0
Aa 0.726327896118 -0.403732687235 -0.31105735898 0.462738871574
Ab 0.676446139812 0.037151042372 -0.618111729622 0.8776460886
Ad 1.69568109512 0.559672474861 0.424321860075 0.374675601721
Ag 0.222738847136 -0.493672609329 -0.767488777637 0.461640745401
At 0.549819052219 -0.250921875238 -0.201304107904 0.0993391945958
as 0.820512831211 0.0 0.340425521135 0.325581401587
bs 0.681818187237 0.518518507481 0.0 1.0
ds 1.0 0.465277791023 0.6015625 0.300000011921
gs 0.54545456171 0.0 0.296296298504 0.457142859697
ts 0.675000011921 0.164705887437 0.306451618671 0.0
a 0.0884300023317 0.0656773522496 0.0940320417285 0.191270068288
b 0.0764162093401 0.179295346141 0.0511704795063 0.429112046957
d 0.749428629875 0.599705576897 0.677358448505 0.130532369018
g 0.027538144961 0.0536419153214 0.035975124687 0.174607336521
t 0.0581869967282 0.101679779589 0.141463875771 0.0744781643152
h 1.0 1.0 1.0 1.0
c 1.0 0 0 0
Aa 0.731505632401 -0.403732687235 -0.362784296274 0.514217317104
Ab 0.668091475964 0.032420694828 -0.627040743828 0.865141034126
Ad 1.65963625908 0.556789755821 0.494758367538 0.348288565874
Ag 0.224840655923 -0.491644054651 -0.7800578475 0.474632829428
At 0.549731910229 -0.213913753629 -0.185414627194 0.104599289596
as 0.846153855324 0.0 0.234042555094 0.441860467196
bs 0.681818187237 0.481481492519 0.0 0.971428573132
ds 1.0 0.458333343267 0.66141730547 0.259999990463
gs 0.54545456171 0.0 0.25925925374 0.485714286566
ts 0.675000011921 0.20000000298 0.322580635548 0.0
a 0.0956615582108 0.0648141726851 0.0828109309077 0.197024911642
b 0.081786558032 0.171498283744 0.045561157167 0.417829185724
d 0.729345679283 0.59755641222 0.707374751568 0.127398893237
g 0.0298495795578 0.0555300936103 0.0316640175879 0.180968403816
t 0.0633566528559 0.110601045191 0.132589161396 0.0767786204815
h 1.0 1.0 1.0 1.0
c 1.0 0 0 0
Aa 0.731505632401 -0.403732687235 -0.371217310429 0.523405611515
Ab 0.66345012188 0.0188571289182 -0.630710244179 0.849883258343
Ad 1.61370158195 0.560976266861 0.560344517231 0.334050118923
Ag 0.225706383586 -0.470874249935 -0.788738965988 0.486487269402
At 0.552560389042 -0.171643421054 -0.16679699719 0.114124797285
as 0.846153855324 0.0 0.217391297221 0.465116292238
bs 0.636363625526 0.444444447756 0.0 0.942857146263
ds 1.0 0.465277791023 0.722222208977 0.204081639647
gs 0.54545456171 0.0 0.222222223878 0.5
ts 0.675000011921 0.258823543787 0.354838699102 0.0
a 0.103504091501 0.0631824657321 0.0798028856516 0.199885427952
b 0.087977848947 0.159228295088 0.0427178405225 0.398407131433
d 0.706432878971 0.602093219757 0.720653653145 0.137771934271
g 0.0323524661362 0.0587653852999 0.0291388537735 0.185299605131
t 0.0697326883674 0.116730600595 0.12768676877 0.0786359086633
h 1.0 1.0 1.0 1.0
c 1.0 0 0 0
Aa 0.731505632401 -0.403732687235 -0.353635787964 0.530675053596
Ab 0.66092145443 -0.00230899383314 -0.625045120716 0.830220997334
Ad 1.56561899185 0.575334489346 0.602072179317 0.369054675102
Ag 0.226455464959 -0.435207664967 -0.791181921959 0.497768431902
At 0.559984505177 -0.13714453578 -0.149508491158 0.125514835119
as 0.846153855324 0.0 0.239130437374 0.488372087479
bs 0.636363625526 0.370370358229 0.0 0.885714292526
ds 0.991228044033 0.472222208977 0.753968238831 0.285714298487
gs 0.54545456171 0.0 0.222222223878 0.558823525906
ts 0.699999988079 0.29411765933 0.387096762657 0.0277777779847
a 0.110930718482 0.061532754451 0.0807996839285 0.196966841817
b 0.0931607857347 0.146661385894 0.0431365147233 0.371291399002
d 0.685136675835 0.607888400555 0.720619261265 0.164793521166
g 0.0344253443182 0.0630709305406 0.0279981940985 0.187446027994
t 0.076346449554 0.120846532285 0.127446353436 0.0795022174716
h 1.0 1.0 1.0 1.0
c 1.0 0 0 0
Aa 0.734058558941 -0.403732687235 -0.332113564014 0.530675053596
Ab 0.658239901066 -0.0265232548118 -0.604678153992 0.805996835232
Ad 1.52478396893 0.59098482132 0.618182659149 0.453222066164
Ag 0.225885018706 -0.39300981164 -0.79239320755 0.509158194065
At 0.571795582771 -0.110604852438 -0.134195789695 0.136661171913
as 0.846153855324 0.0 0.304347813129 0.488372087479
bs 0.636363625526 0.25925925374 0.0 0.800000011921
ds 0.956140339375 0.486111104488 0.769841253757 0.4375
gs 0.54545456171 0.047619048506 0.222222223878 0.588235318661
ts 0.725000023842 0.321428567171 0.403225809336 0.0555555559695
a 0.11704851687 0.0617660395801 0.0810420438647 0.192175865173
b 0.0951473340392 0.136823698878 0.046119146049 0.340321034193
d 0.668722689152 0.609285235405 0.716800510883 0.201621636748
g 0.0351814217865 0.0678377449512 0.0275479014963 0.187338888645
t 0.0839000195265 0.124287292361 0.128490373492 0.078542560339
h 1.0 1.0 1.0 1.0
c 1.0 0 0 0
Aa 0.744084298611 -0.393810659647 -0.328508883715 0.530675053596
Ab 0.654115021229 -0.0483990907669 -0.573338031769 0.778864979744
Ad 1.50096440315 0.600260198116 0.618179023266 0.551513314247
Ag 0.222031757236 -0.353089004755 -0.797130763531 0.519604146481
At 0.599480450153 -0.0901337042451 -0.12834867835 0.142081260681
as 0.89473682642 0.0169491525739 0.304347813129 0.488372087479
bs 0.590909063816 0.185185179114 0.0 0.742857158184
ds 0.938596487045 0.493055552244 0.769841253757 0.645833313465
gs 0.54545456171 0.238095238805 0.185185179114 0.617647051811
ts 0.800000011921 0.345238089561 0.419354826212 0.0833333358169
a 0.120224453509 0.0614790394902 0.0787169486284 0.187600299716
b 0.0921207219362 0.130450189114 0.0507348924875 0.312911957502
d 0.662449896336 0.608824491501 0.713845729828 0.237121164799
g 0.0339126586914 0.0726903825998 0.0270808991045 0.186323285103
t 0.0912922695279 0.126555874944 0.12962153554 0.0760433077812
h 1.0 1.0 1.0 1.0
c 1.0 0 0 0
Aa 0.764154613018 -0.391758769751 -0.34542632103 0.530675053596
Ab 0.648519158363 -0.0650411397219 -0.536187827587 0.752863705158
Ad 1.50531482697 0.604006290436 0.612109780312 0.632411837578
Ag 0.214523643255 -0.319008916616 -0.808831512928 0.527708649635
At 0.64459580183 -0.0782035440207 -0.128817379475 0.138502553105
as 0.947368443012 0.0338983051479 0.260869562626 0.47619047761
bs 0.590909063816 0.111111111939 0.0 0.657142877579
ds 0.938596487045 0.493055552244 0.761904776096 0.8125
gs 0.5 0.380952388048 0.148148149252 0.666666686535
ts 0.923076927662 0.357142865658 0.419354826212 0.0833333358169
a 0.113893762231 0.0618453621864 0.0761857405305 0.184099003673
b 0.0850247517228 0.126152515411 0.0561329312623 0.293649256229
d 0.6717056036 0.607513189316 0.712483942509 0.262639462948
g 0.0310323294252 0.0770845338702 0.0263020172715 0.186155825853
t 0.0983435288072 0.127404376864 0.128895372152 0.0734564587474
h 1.0 1.0 1.0 1.0
c 1.0 0 0 0
Aa 0.770098805428 -0.38533654809 -0.362737238407 0.530675053596
Ab 0.643144190311 -0.0757478028536 -0.49539321661 0.733452498913
Ad 1.54077780247 0.606912016869 0.608164131641 0.684983611107
Ag 0.205413207412 -0.289676457644 -0.824621915817 0.535500228405
At 0.706344604492 -0.0714593529701 -0.134373620152 0.131653606892
as 0.973684191704 0.0338983051479 0.239130437374 0.47619047761
bs 0.54545456171 0.074074074626 0.0 0.600000023842
ds 0.973684191704 0.493055552244 0.761904776096 0.916666686535
gs 0.454545468092 0.523809552193 0.074074074626 0.666666686535
ts 1.0 0.369047611952 0.403225809336 0.0555555559695
a 0.102243028581 0.0612050704658 0.0753866806626 0.18154758215
b 0.0770047828555 0.123438335955 0.0608725063503 0.283324450254
d 0.68877607584 0.60894292593 0.71237641573 0.274629116058
g 0.0277809277177 0.0815924853086 0.0251765046269 0.188137471676
t 0.104195162654 0.124821186066 0.126187875867 0.0723613575101
h 1.0 1.0 1.0 1.0
c 1.0 0 0 0
Aa 0.761991977692 -0.386531323195 -0.362737238407 0.530675053596
Ab 0.638875901699 -0.0818686783314 -0.455610692501 0.723968625069
Ad 1.59043633938 0.611257851124 0.612677693367 0.710431158543
Ag 0.196104988456 -0.261668562889 -0.839036405087 0.546159863472
At 0.770205795765 -0.0770304352045 -0.139014214277 0.131191313267
as 0.947368443012 0.0344827584922 0.239130437374 0.47619047761
bs 0.54545456171 0.0769230797887 0.159999996424 0.558823525906
ds 1.0 0.5 0.761904776096 0.979166686535
gs 0.409090906382 0.666666686535 0.037037037313 0.696969687939
ts 1.0 0.357142865658 0.403225809336 0.0555555559695
a 0.0914811640978 0.0573941618204 0.0731306374073 0.179297238588
b 0.0703283026814 0.122964508832 0.0641748011112 0.278852760792
d 0.704393625259 0.611296772957 0.716512203217 0.275808423758
g 0.0251910947263 0.0873992368579 0.0239174701273 0.192221850157
t 0.108605802059 0.120945297182 0.122264899313 0.073819719255
h 1.0 1.0 1.0 1.0
c 1.0 0 0 0
Aa 0.7475476861 -0.41491022706 -0.362737238407 0.530589103699
Ab 0.633346140385 -0.0839981660247 -0.419472068548 0.722390413284
Ad 1.63403141499 0.61247420311 0.628386974335 0.717622995377
Ag 0.187463030219 -0.232270300388 -0.848121345043 0.560818254948
At 0.822069048882 -0.0911889523268 -0.139534801245 0.145187884569
as 0.89473682642 0.0 0.239130437374 0.47619047761
bs 0.5 0.0384615398943 0.319999992847 0.558823525906
ds 1.0 0.496503502131 0.777777791023 0.979166686535
gs 0.409090906382 0.809523820877 0.0 0.757575750351
ts 1.0 0.337349385023 0.403225809336 0.0833333358169
a 0.0847188532352 0.0572620444 0.0702733173966 0.175773859024
b 0.0657067596912 0.125442713499 0.0662155225873 0.276348888874
d 0.713703215122 0.604834318161 0.722947776318 0.272763282061
g 0.0235994681716 0.0950397178531 0.0227412972599 0.197680234909
t 0.112271733582 0.117421224713 0.117822080851 0.0774337202311
h 1.0 1.0 1.0 1.0
c 1.0 0 0 0
Aa 0.734606564045 -0.421410620213 -0.362133681774 0.525651216507
Ab 0.624236524105 -0.0808320119977 -0.387964308262 0.722154676914
Ad 1.66014409065 0.602358937263 0.650182843208 0.716482818127
Ag 0.179528728127 -0.201372310519 -0.852108895779 0.57666015625
At 0.856896936893 -0.109530843794 -0.137697413564 0.169627055526
as 0.868421077728 0.0 0.239130437374 0.452380955219
bs 0.454545468092 0.0769230797887 0.439999997616 0.558823525906
ds 1.0 0.489510476589 0.800000011921 0.979166686535
gs 0.363636374474 0.952380955219 0.0 0.787878811359
ts 1.0 0.31325301528 0.403225809336 0.142857149243
a 0.0831312462687 0.0591369234025 0.0691100805998 0.169660925865
b 0.0624395683408 0.132122844458 0.0676339417696 0.273641467094
d 0.716356575489 0.586500763893 0.727444827557 0.271435648203
g 0.0226601995528 0.10514369607 0.0217200890183 0.203664958477
t 0.115412376821 0.117095775902 0.114091090858 0.0815970078111
h 1.0 1.0 1.0 1.0
c 1.0 0 0 0
Aa 0.734606564045 -0.421410620213 -0.352450072765 0.509895443916
Ab 0.610302150249 -0.0722914114594 -0.361826777458 0.717495501041
Ad 1.66997146606 0.574999213219 0.66980856657 0.71398049593
Ag 0.170105963945 -0.171486124396 -0.855129897594 0.589229941368
At 0.877094626427 -0.124728128314 -0.134739711881 0.191987842321
as 0.868421077728 0.0 0.260869562626 0.428571432829
bs 0.409090906382 0.115384615958 0.560000002384 0.529411792755
ds 1.0 0.471830993891 0.815999984741 0.979166686535
gs 0.318181812763 1.0 0.0 0.848484873772
ts 1.0 0.280487805605 0.409836053848 0.20000000298
a 0.0830181241035 0.0605659410357 0.0670014023781 0.166016221046
b 0.0599676221609 0.142431810498 0.0688012316823 0.269829392433
d 0.717263638973 0.560402035713 0.731507837772 0.271808803082
g 0.021953523159 0.117036879063 0.0208613201976 0.208220914006
t 0.117797099054 0.119563356042 0.111828230321 0.0841246843338
h 1.0 1.0 1.0 1.0
c 1.0 0 0 0
Aa 0.734606564045 -0.431959182024 -0.354098975658 0.496884047985
Ab 0.593350470066 -0.0605806745589 -0.342586666346 0.707822799683
Ad 1.67111241817 0.534312069416 0.684036076069 0.71099704504
Ag 0.156937867403 -0.145864918828 -0.860841095448 0.595257878304
At 0.886568248272 -0.136589542031 -0.131631419063 0.201656967402
as 0.864864885807 0.0 0.239130437374 0.380952388048
bs 0.318181812763 0.153846159577 0.639999985695 0.529411792755
ds 1.0 0.439716309309 0.822580635548 0.979166686535
gs 0.227272734046 1.0 0.0 0.848484873772
ts 1.0 0.268292695284 0.426229506731 0.228571429849
a 0.08340716362 0.0602246373892 0.0644153207541 0.165066897869
b 0.0584591403604 0.152801111341 0.0696497634053 0.267083883286
d 0.717232525349 0.537827849388 0.738150119781 0.272660940886
g 0.0212082490325 0.127737879753 0.01996678859 0.210941970348
t 0.119692891836 0.121408551931 0.10781801492 0.0842462927103
h 1.0 1.0 1.0 1.0
c 1.0 0 0 0
Aa 0.734606564045 -0.453504860401 -0.362532883883 0.487877100706
Ab 0.580255627632 -0.0491525158286 -0.328602433205 0.696864843369
Ad 1.66906321049 0.497364223003 0.696622610092 0.705840051174
Ag 0.139908000827 -0.126959353685 -0.871213853359 0.594380140305
At 0.89147156477 -0.149029761553 -0.138830736279 0.195767909288
as 0.864864885807 0.0 0.239130437374 0.380952388048
bs 0.238095238805 0.192307695746 0.680000007153 0.470588237047
ds 1.0 0.407142847776 0.830645143986 0.958333313465
gs 0.181818187237 1.0 0.0 0.848484873772
ts 1.0 0.256097555161 0.409836053848 0.20000000298
a 0.0837673693895 0.0571734569967 0.0630355849862 0.170586854219
b 0.0583506636322 0.159449249506 0.0706583559513 0.265171706676
d 0.716789245605 0.529386460781 0.743926227093 0.271098464727
g 0.0204184744507 0.134230211377 0.0191363617778 0.21095007658
t 0.12067425251 0.119760654867 0.103243492544 0.0821928828955
h 1.0 1.0 1.0 1.0
c 1.0 0 0 0
Aa 0.734606564045 -0.485659867525 -0.366229832172 0.496615231037
Ab 0.577577471733 -0.0402318425477 -0.316652089357 0.688196897507
Ad 1.66692316532 0.480918467045 0.705714285374 0.69779676199
Ag 0.121554963291 -0.115004062653 -0.883956253529 0.588849365711
At 0.893146336079 -0.164540171623 -0.151952907443 0.179503887892
as 0.864864885807 0.0 0.217391297221 0.380952388048
bs 0.190476194024 0.230769231915 0.72000002861 0.470588237047
ds 1.0 0.40000000596 0.838709652424 0.958333313465
gs 0.0909090936184 1.0 0.0 0.848484873772
ts 1.0 0.231707319617 0.393442630768 0.171428576112
a 0.0837300345302 0.0594922378659 0.0554432608187 0.173548713326
b 0.0599723681808 0.161001011729 0.074045881629 0.265651077032
d 0.715314924717 0.529894948006 0.751375794411 0.268704861403
g 0.0197545383126 0.135223537683 0.0189265664667 0.211127445102
t 0.121228121221 0.114388264716 0.100208491087 0.0809678956866
h 1.0 1.0 1.0 1.0
c 1.0 0 0 0
Aa 0.734265267849 -0.465032368898 -0.430073112249 0.496615231037
Ab 0.589335203171 -0.0326640866697 -0.304420948029 0.681505441666
Ad 1.66588127613 0.4846971035 0.701935350895 0.686469316483
Ag 0.107050836086 -0.10844039917 -0.896849989891 0.58173853159
At 0.894987344742 -0.181111201644 -0.173017337918 0.165506675839
as 0.864864885807 0.0 0.0666666701436 0.380952388048
bs 0.285714298487 0.269230782986 0.759999990463 0.441176474094
ds 1.0 0.40000000596 0.838709652424 0.914893627167
gs 0.0 1.0 0.0 0.818181812763
ts 1.0 0.219512194395 0.360655725002 0.114285714924
a 0.0817782953382 0.0931497141719 0.0507527552545 0.178803190589
b 0.0629034116864 0.157292127609 0.0810678303242 0.265152364969
d 0.714478552341 0.51437741518 0.753111124039 0.263626426458
g 0.0193875320256 0.129844173789 0.0194777064025 0.210313260555
t 0.121452212334 0.105336584151 0.0955905765295 0.0821047574282
h 1.0 1.0 1.0 1.0
c 0.989878773689 0 0 0
Aa 0.725013256073 -0.251223325729 -0.49049282074 0.504127800465
Ab 0.611049413681 -0.0236978754401 -0.287103891373 0.675248026848
Ad 1.66636443138 0.490877002478 0.680906653404 0.672741532326
Ag 0.0998977124691 -0.106982417405 -0.906414628029 0.574619233608
At 0.896780610085 -0.19782564044 -0.215537339449 0.166120871902
as 0.837837815285 0.288135588169 0.0 0.404761910439
bs 0.380952388048 0.269230782986 0.839999973774 0.411764711142
ds 1.0 0.407142847776 0.822580635548 0.893617033958
gs 0.0 1.0 0.0 0.787878811359
ts 1.0 0.195121943951 0.278688520193 0.114285714924
a 0.0812545791268 0.157461374998 0.0546271540225 0.176833048463
b 0.0656167119741 0.151658296585 0.0901647657156 0.267043143511
d 0.711715042591 0.474872738123 0.743745803833 0.258113920689
g 0.0193301197141 0.12039604038 0.0204093549401 0.211262926459
t 0.122083567083 0.0956115573645 0.0910529121757 0.0867469757795
h 1.0 1.0 1.0 1.0
c 0.979643285275 0 0 0
Aa 0.724748730659 0.00459488341585 -0.484410613775 0.489836513996
Ab 0.631915330887 -0.0117129590362 -0.266782313585 0.668854534626
Ad 1.66720700264 0.483998090029 0.649605333805 0.654084503651
Ag 0.10113542527 -0.11196693033 -0.911989927292 0.567096352577
At 0.901558101177 -0.212068751454 -0.262525349855 0.180527433753
as 0.837837815285 0.711864411831 0.0 0.380952388048
bs 0.47619047761 0.346153855324 0.916666686535 0.411764711142
ds 1.0 0.40000000596 0.798387110233 0.851063847542
gs 0.0 1.0 0.0 0.774193525314
ts 1.0 0.18292683363 0.213114753366 0.171428576112
a 0.0852556452155 0.218697413802 0.0651398450136 0.172439023852
b 0.0675661191344 0.149024292827 0.0971373766661 0.272980183363
d 0.704754948616 0.431669145823 0.731457948685 0.247206419706
g 0.0195539295673 0.110953196883 0.0210006535053 0.213348552585
t 0.122869372368 0.0896559432149 0.0852641686797 0.0940258055925
h 1.0 1.0 1.0 1.0
c 0.969536066055 0 0 0
Aa 0.747575700283 0.170297071338 -0.421670049429 0.465102314949
Ab 0.646581530571 0.0037104790099 -0.248130381107 0.664597928524
Ad 1.66489064693 0.465604454279 0.628672599792 0.621526539326
Ag 0.1080866009 -0.124406740069 -0.91328394413 0.557556450367
At 0.9062961936 -0.216967478395 -0.304750174284 0.201713845134
as 0.891891896725 1.0 0.108695648611 0.309523820877
bs 0.523809552193 0.384615391493 1.0 0.382352948189
ds 1.0 0.385714292526 0.782258093357 0.782608687878
gs 0.047619048506 1.0 0.0 0.741935491562
ts 1.0 0.170731708407 0.131147533655 0.228571429849
a 0.0938878878951 0.255362153053 0.0785778611898 0.162885963917
b 0.0694625675678 0.150473281741 0.0984500944614 0.288192242384
d 0.6912368536 0.404661625624 0.72495919466 0.22880782187
g 0.0202434360981 0.103266119957 0.0208965688944 0.216575950384
t 0.125169232488 0.0862368494272 0.0771163031459 0.103537991643
h 1.0 1.0 1.0 1.0
c 0.969536066055 0 0 0
Aa 0.783920884132 0.250318139791 -0.333307772875 0.420518100262
Ab 0.653062164783 0.0206210222095 -0.235391885042 0.668316721916
Ad 1.65093827248 0.450253635645 0.631705522537 0.568105340004
Ag 0.117595560849 -0.142880514264 -0.908532977104 0.544244706631
At 0.908808946609 -0.221145495772 -0.341461807489 0.2237341851
as 1.0 1.0 0.304347813129 0.214285716414
bs 0.571428596973 0.461538463831 1.0 0.411764711142
ds 0.991735517979 0.374100714922 0.788617908955 0.673913061619
gs 0.095238097012 1.0 0.0 0.709677398205
ts 1.0 0.170731708407 0.0819672122598 0.285714298487
a 0.106362946332 0.25518772006 0.0882688686252 0.156631290913
b 0.0730719342828 0.156707704067 0.0951314270496 0.311361521482
d 0.668285608292 0.403069764376 0.72536444664 0.200435400009
g 0.0218703765422 0.0989161878824 0.0204580593854 0.216952800751
t 0.130409106612 0.0861186534166 0.0707772225142 0.114619001746
h 1.0 1.0 1.0 1.0
c 0.969536066055 0 0 0
Aa 0.815535068512 0.248066291213 -0.264080911875 0.386994242668
Ab 0.652495324612 0.0362968854606 -0.231564477086 0.685380637646
Ad 1.61370682716 0.446586728096 0.650667786598 0.494090139866
Ag 0.128600969911 -0.163526102901 -0.899024009705 0.528481006622
At 0.904052615166 -0.223696246743 -0.359994977713 0.251372337341
as 1.0 1.0 0.434782594442 0.119047619402
bs 0.600000023842 0.479999989271 1.0 0.441176474094
ds 0.958677709103 0.3669064641 0.804878056049 0.5
gs 0.142857149243 1.0 0.0 0.677419364452
ts 1.0 0.158536583185 0.049180328846 0.371428579092
a 0.126068666577 0.260932922363 0.0931721106172 0.160525456071
b 0.0797253847122 0.159141436219 0.0902078524232 0.335836172104
d 0.629948019981 0.401767730713 0.729909420013 0.166771829128
g 0.0249832067639 0.0931518152356 0.020310908556 0.210526943207
t 0.139274761081 0.0850061103702 0.066399730742 0.126339614391
h 1.0 1.0 1.0 1.0
c 0.969536066055 0 0 0
Aa 0.84383970499 0.264246076345 -0.223794177175 0.394921094179
Ab 0.644829154015 0.0495004951954 -0.237835764885 0.715504646301
Ad 1.54253721237 0.451692283154 0.670188844204 0.411499887705
Ag 0.14088074863 -0.183091446757 -0.885350763798 0.512684881687
At 0.887104988098 -0.222832635045 -0.370913773775 0.290916770697
as 1.0 1.0 0.521739125252 0.142857149243
bs 0.550000011921 0.560000002384 1.0 0.529411792755
ds 0.900826454163 0.374100714922 0.827868878841 0.31111112237
gs 0.190476194024 0.95454543829 0.0 0.612903237343
ts 1.0 0.170731708407 0.0333333350718 0.485714286566
a 0.148813709617 0.259321838617 0.0915399342775 0.189552381635
b 0.0911738649011 0.161662861705 0.0861703902483 0.347146570683
d 0.576461911201 0.405441254377 0.737622559071 0.134551003575
g 0.0304609704763 0.0885856673121 0.0207374766469 0.193217724562
t 0.153089553118 0.0849883854389 0.0639296546578 0.135532334447
h 1.0 1.0 1.0 1.0
c 0.959403216839 0 0 0
Aa 0.843752980232 0.265521496534 -0.225763291121 0.489080399275
Ab 0.630980432034 0.06029266119 -0.252015799284 0.751864016056
Ad 1.43188071251 0.459610342979 0.68046027422 0.34023809433
Ag 0.154853790998 -0.200954124331 -0.870617985725 0.497398108244
At 0.856055617332 -0.218958005309 -0.381671518087 0.343394070864
as 1.0 1.0 0.521739125252 0.380952388048
bs 0.5 0.600000023842 1.0 0.647058844566
ds 0.809917330742 0.381294965744 0.836065590382 0.155555561185
gs 0.238095238805 0.904761910439 0.0333333350718 0.548387110233
ts 1.0 0.170731708407 0.0166666675359 0.62857145071
a 0.170708745718 0.25714597106 0.0924159884453 0.247667327523
b 0.107629545033 0.163789778948 0.0835013315082 0.337072998285
d 0.512902140617 0.407518357038 0.740181088448 0.109304212034
g 0.0387333594263 0.0841987356544 0.0215072892606 0.167300820351
t 0.170026212931 0.0873471572995 0.0623942986131 0.138654634356
h 1.0 1.0 1.0 1.0
c 0.959403216839 0 0 0
Aa 0.814822435379 0.265521496534 -0.225763291121 0.652295947075
Ab 0.614498198032 0.0696285963058 -0.269816994667 0.786151230335
Ad 1.29260122776 0.46548897028 0.677827596664 0.297064125538
Ag 0.170651838183 -0.219352647662 -0.858924686909 0.481925278902
At 0.813082575798 -0.203409418464 -0.396365493536 0.40036162734
as 1.0 1.0 0.521739125252 0.761904776096
bs 0.40000000596 0.639999985695 0.916666686535 0.735294103622
ds 0.694214880466 0.376811593771 0.836065590382 0.0454545468092
gs 0.333333343267 0.809523820877 0.0666666701436 0.516129016876
ts 1.0 0.18292683363 0.0 0.800000011921
a 0.201492145658 0.255508065224 0.0943135917187 0.287158787251
b 0.12344751507 0.165950834751 0.0835051462054 0.326408833265
d 0.445302039385 0.407347649336 0.737638890743 0.0964487940073
g 0.0475128628314 0.0796595439315 0.0225099287927 0.147094115615
t 0.182245433331 0.0915339142084 0.0620324537158 0.142889484763
h 1.0 1.0 1.0 1.0
c 0.959403216839 0 0 0
Aa 0.813220202923 0.265521496534 -0.231653168797 0.757423877716
Ab 0.600444436073 0.0780963152647 -0.284514218569 0.813063681126
Ad 1.1576167345 0.468082100153 0.661616384983 0.283598601818
Ag 0.185773283243 -0.240645304322 -0.853853344917 0.46689710021
At 0.769618749619 -0.180301085114 -0.413608491421 0.454302042723
as 1.0 1.0 0.521739125252 1.0
bs 0.34999999404 0.680000007153 0.833333313465 0.823529422283
ds 0.578512370586 0.384057968855 0.819672107697 0.0227272734046
gs 0.380952388048 0.714285731316 0.10000000149 0.451612889767
ts 0.923076927662 0.219512194395 0.0 0.942857146263
a 0.221948340535 0.254461944103 0.104169771075 0.297395974398
b 0.133473411202 0.167465239763 0.0859737247229 0.322657227516
d 0.404541879892 0.406413495541 0.723828315735 0.0947185754776
g 0.0536976829171 0.074978724122 0.0234810914844 0.135592281818
t 0.186338678002 0.096680611372 0.0625470653176 0.149635925889
h 1.0 1.0 1.0 1.0
c 0.959403216839 0 0 0
Aa 0.813220202923 0.265521496534 -0.20813344419 0.796514809132
Ab 0.592363059521 0.0838233307004 -0.29150941968 0.831921100616
Ad 1.07393181324 0.468866795301 0.633760392666 0.299614876509
Ag 0.196923837066 -0.265163272619 -0.855156898499 0.455414682627
At 0.737271308899 -0.15476192534 -0.4296682477 0.498215585947
as 1.0 1.0 0.565217375755 1.0
bs 0.300000011921 0.680000007153 0.833333313465 0.882352948189
ds 0.51239669323 0.384057968855 0.795081973076 0.0681818202138
gs 0.428571432829 0.571428596973 0.0666666701436 0.419354826212
ts 0.846153855324 0.243902444839 0.0 1.0
a 0.228208318353 0.253829628229 0.113701827824 0.291789799929
b 0.136334851384 0.167312428355 0.090240418911 0.321410000324
d 0.395263582468 0.405383229256 0.705841243267 0.100571855903
g 0.0559844598174 0.0706026256084 0.0243110582232 0.129700928926
t 0.184208780527 0.102872110903 0.0659054741263 0.156527400017
h 1.0 1.0 1.0 1.0
c 0.959403216839 0 0 0
Aa 0.813220202923 0.265521496534 -0.191661387682 0.802877306938
Ab 0.589495658875 0.0845074206591 -0.292027741671 0.844866573811
Ad 1.05177557468 0.468845009804 0.601278185844 0.340283662081
Ag 0.202956199646 -0.290199935436 -0.861624956131 0.450750261545
At 0.720199048519 -0.126723140478 -0.428507357836 0.532397568226
as 1.0 1.0 0.608695626259 1.0
bs 0.300000011921 0.680000007153 0.833333313465 0.911764681339
ds 0.491666674614 0.379562050104 0.770491778851 0.159090906382
gs 0.47619047761 0.47619047761 0.0666666701436 0.433333337307
ts 0.826923072338 0.280487805605 0.0 1.0
a 0.227015927434 0.253273695707 0.120166152716 0.282471209764
b 0.134806364775 0.164388999343 0.0938949510455 0.318288087845
d 0.400431901217 0.40510314703 0.690195858479 0.112191550434
g 0.0560646429658 0.0670078545809 0.0246589072049 0.12635743618
t 0.181681156158 0.110226325691 0.0710841417313 0.160691723228
h 1.0 1.0 1.0 1.0
c 0.959403216839 0 0 0
Aa 0.813220202923 0.265521496534 -0.181699737906 0.802877306938
Ab 0.586874306202 0.0778042003512 -0.288839608431 0.854723513126
Ad 1.05969250202 0.469497054815 0.577490448952 0.401863276958
Ag 0.205852940679 -0.311942845583 -0.869508087635 0.453503936529
At 0.716473758221 -0.095783226192 -0.409709125757 0.557896673679
as 1.0 1.0 0.630434811115 1.0
bs 0.25 0.680000007153 0.833333313465 0.941176474094
ds 0.5 0.377777785063 0.74590164423 0.295454531908
gs 0.47619047761 0.380952388048 0.0333333350718 0.433333337307
ts 0.807692289352 0.308641970158 0.0 1.0
a 0.223483636975 0.253338456154 0.125300511718 0.273065447807
b 0.130321189761 0.159018337727 0.0939714610577 0.314064741135
d 0.409050315619 0.403798282146 0.679613828659 0.125731900334
g 0.0556108504534 0.0647622272372 0.0243351757526 0.124350242317
t 0.181534007192 0.119082689285 0.0767790451646 0.162787660956
h 1.0 1.0 1.0 1.0
c 0.959403216839 0 0 0
Aa 0.813220202923 0.265521496534 -0.162643969059 0.802877306938
Ab 0.578989505768 0.0632676258683 -0.287600815296 0.863629758358
Ad 1.07575118542 0.467984884977 0.571665406227 0.46605604887
Ag 0.209134012461 -0.326857805252 -0.874362289906 0.461257219315
At 0.722932457924 -0.0623309500515 -0.375354081392 0.578232049942
as 1.0 1.0 0.673913061619 1.0
bs 0.25 0.600000023842 0.826086938381 0.969696998596
ds 0.508333325386 0.377777785063 0.752066135406 0.418604642153
gs 0.523809552193 0.285714298487 0.0 0.466666668653
ts 0.826923072338 0.358024686575 0.0327868834138 1.0
a 0.216745078564 0.254694461823 0.128637254238 0.264398336411
b 0.121879383922 0.152642771602 0.091322042048 0.311231642962
d 0.416353106499 0.39924621582 0.674981713295 0.13788561523
g 0.0545480065048 0.0639608874917 0.0237232577056 0.122998893261
t 0.190474405885 0.129455655813 0.0813357159495 0.163485527039
h 1.0 1.0 1.0 1.0
c 0.959403216839 0 0 0
Aa 0.813220202923 0.265521496534 -0.141406565905 0.802877306938
Ab 0.563201189041 0.0431782491505 -0.290197700262 0.873702347279
Ad 1.09673273563 0.460742771626 0.578518688679 0.520137548447
Ag 0.214049831033 -0.334583520889 -0.87559902668 0.470519810915
At 0.757107555866 -0.0283769853413 -0.340492010117 0.594097912312
as 1.0 1.0 0.717391312122 1.0
bs 0.15000000596 0.519999980927 0.826086938381 1.0
ds 0.524999976158 0.370370358229 0.760330557823 0.558139562607
gs 0.523809552193 0.238095238805 0.0 0.5
ts 0.884615361691 0.395061731339 0.098360657692 1.0
a 0.223645687103 0.257558941841 0.128376185894 0.257117390633
b 0.106702446938 0.146480560303 0.088421754539 0.311729311943
d 0.416835159063 0.391315698624 0.674972891808 0.14642110467
g 0.0506170243025 0.0639910548925 0.0233885738999 0.121811293066
t 0.202199682593 0.14065374434 0.0848405957222 0.162920892239
h 1.0 1.0 1.0 1.0
c 0.959403216839 0 0 0
Aa 0.862925767899 0.265521496534 -0.135385885835 0.802877306938
Ab 0.541539609432 0.0204248428345 -0.297311216593 0.886523485184
Ad 1.1333296299 0.447172135115 0.585415959358 0.558349490166
Ag 0.217661842704 -0.339235842228 -0.874866604805 0.478433400393
At 0.819145679474 0.00279615703039 -0.315266638994 0.604722619057
as 1.0 1.0 0.717391312122 1.0
bs 0.0500000007451 0.439999997616 0.782608687878 1.0
ds 0.558333337307 0.355555564165 0.773109257221 0.651162803173
gs 0.571428596973 0.238095238805 0.0 0.533333361149
ts 1.0 0.432098776102 0.131147533655 1.0
a 0.253570258617 0.261043280363 0.133528590202 0.251323521137
b 0.0871566981077 0.141165971756 0.0859629288316 0.31572291255
d 0.406971722841 0.381269007921 0.668847322464 0.151008203626
g 0.0434921607375 0.0640470087528 0.0233242269605 0.120695516467
t 0.208809167147 0.152474761009 0.0883369296789 0.16124984622
h 1.0 1.0 1.0 1.0
c 0.959403216839 0 0 0
Aa 0.982636034489 0.265521496534 -0.117511354387 0.802877306938
Ab 0.518838524818 -0.00146097235847 -0.308774441481 0.901950240135
Ad 1.18810200691 0.430040508509 0.582241356373 0.581644713879
Ag 0.216948747635 -0.344692140818 -0.875278413296 0.484335303307
At 0.898287296295 0.0320069715381 -0.296943366528 0.610143482685
as 1.0 1.0 0.760869562626 1.0
bs 0.0 0.360000014305 0.739130437374 1.0
ds 0.600000023842 0.343283593655 0.773109257221 0.697674393654
gs 0.523809552193 0.190476194024 0.0 0.533333361149
ts 1.0 0.469135791063 0.16393442452 1.0
a 0.266295135021 0.26422765851 0.137346580625 0.247082516551
b 0.0722799375653 0.136889591813 0.0848801508546 0.321544647217
d 0.409810811281 0.370761662722 0.660988867283 0.15290081501
g 0.0372893214226 0.063622623682 0.0236447192729 0.119727127254
t 0.214324817061 0.164498478174 0.0931396707892 0.158744901419
h 1.0 1.0 1.0 1.0
c 0.959403216839 0 0 0
Aa 1.06581282616 0.265521496534 -0.113397911191 0.802877306938
Ab 0.499467402697 -0.0200863517821 -0.322409600019 0.91727656126
Ad 1.25303304195 0.412638038397 0.568978369236 0.594445109367
Ag 0.212034150958 -0.352845191956 -0.877481639385 0.488227844238
At 0.971522152424 0.0597051009536 -0.28208103776 0.610735058784
as 1.0 1.0 0.760869562626 1.0
bs 0.0 0.280000001192 0.695652186871 1.0
ds 0.658333361149 0.328358203173 0.764705896378 0.720930218697
gs 0.523809552193 0.190476194024 0.0 0.566666662693
ts 1.0 0.506172835827 0.20000000298 1.0
a 0.247885525227 0.264104157686 0.13946428895 0.24491353333
b 0.0637441724539 0.134081855416 0.0843698531389 0.326961576939
d 0.434088945389 0.361097484827 0.651438236237 0.15234182775
g 0.0335091538727 0.0631257370114 0.0241544377059 0.119424790144
t 0.220772206783 0.177590757608 0.100573159754 0.156358271837
h 1.0 1.0 1.0 1.0
c 0.959403216839 0 0 0
Aa 1.07433605194 0.258740305901 -0.116871088743 0.802877306938
Ab 0.484525352716 -0.0356649234891 -0.335146814585 0.928361237049
Ad 1.31766366959 0.394589543343 0.552539169788 0.596683681011
Ag 0.205248355865 -0.362828463316 -0.878337144852 0.490959018469
At 1.02402925491 0.0863854438066 -0.258852034807 0.607985377312
as 1.0 1.0 0.760869562626 1.0
bs 0.0 0.208333328366 0.608695626259 1.0
ds 0.708333313465 0.308270663023 0.760683774948 0.720930218697
gs 0.47619047761 0.142857149243 0.0 0.566666662693
ts 1.0 0.530864179134 0.233333334327 1.0
a 0.230179354548 0.264749795198 0.140987917781 0.244018554688
b 0.057230386883 0.13198210299 0.0838185846806 0.330222517252
d 0.464523464441 0.34900534153 0.640171289444 0.149777278304
g 0.0305941738188 0.062908872962 0.0246788542718 0.120982661843
t 0.217472627759 0.191353872418 0.11034335196 0.154998987913
h 1.0 1.0 1.0 1.0
c 0.959403216839 0 0 0
Aa 1.07591927052 0.251388520002 -0.116871088743 0.799130022526
Ab 0.471479564905 -0.0509320944548 -0.342712670565 0.930513858795
Ad 1.38086056709 0.371384948492 0.540243208408 0.587153077126
Ag 0.199491605163 -0.372735232115 -0.873727977276 0.494430273771
At 1.05125749111 0.110390126705 -0.223306804895 0.602035999298
as 1.0 0.985294103622 0.755555570126 1.0
bs 0.0 0.166666671634 0.608695626259 1.0
ds 0.766666650772 0.2932330966 0.75 0.697674393654
gs 0.47619047761 0.095238097012 0.0344827584922 0.586206912994
ts 1.0 0.5679012537 0.283333331347 1.0
a 0.214843586087 0.231911122799 0.140685588121 0.248059108853
b 0.0517440699041 0.136708021164 0.0836211591959 0.328212589025
d 0.497722506523 0.349395930767 0.627425134182 0.145319640636
g 0.0282839480788 0.0663883909583 0.0252175740898 0.124464027584
t 0.207405894995 0.215596526861 0.123050555587 0.153944611549
h 1.0 1.0 1.0 1.0
c 0.959403216839 0 0 0
Aa 1.07591927052 0.161475017667 -0.116871088743 0.798375785351
Ab 0.457657456398 -0.0680525451899 -0.34280449152 0.919975876808
Ad 1.44078421593 0.339471280575 0.532441198826 0.566144943237
Ag 0.195336908102 -0.381754428148 -0.863417387009 0.498864501715
At 1.06061792374 0.129795208573 -0.175037115812 0.591185092926
as 1.0 0.852941155434 0.755555570126 1.0
bs 0.0 0.0833333358169 0.608695626259 1.0
ds 0.81512606144 0.270676702261 0.741379320621 0.651162803173
gs 0.428571432829 0.047619048506 0.0689655169845 0.642857134342
ts 1.0 0.592592597008 0.366666674614 1.0
a 0.2103921175 0.181922376156 0.138731628656 0.256126523018
b 0.049743540585 0.144793897867 0.0842137634754 0.319848358631
d 0.502097606659 0.35508158803 0.614749848843 0.141670584679
g 0.0274586100131 0.0722332000732 0.0255967006087 0.129940584302
t 0.210308149457 0.245968922973 0.136708080769 0.152413934469
h 1.0 1.0 1.0 1.0
c 0.959403216839 0 0 0
Aa 1.07591927052 0.010703722015 -0.119161508977 0.798375785351
Ab 0.449626505375 -0.088432110846 -0.33595392108 0.894865393639
Ad 1.45367789268 0.301145792007 0.527361452579 0.541200935841
Ag 0.191568359733 -0.390445530415 -0.853152990341 0.503666043282
At 1.07574594021 0.141697853804 -0.125542804599 0.572945952415
as 1.0 0.632352948189 0.755555570126 1.0
bs 0.0 0.0 0.608695626259 1.0
ds 0.823529422283 0.240601509809 0.732758641243 0.604651153088
gs 0.428571432829 0.0 0.103448279202 0.642857134342
ts 1.0 0.604938268661 0.449999988079 1.0
a 0.204929754138 0.142268329859 0.127907037735 0.266703158617
b 0.0485570468009 0.150741547346 0.0851201191545 0.305025547743
d 0.505485296249 0.354337781668 0.613739132881 0.142479658127
g 0.0267744231969 0.0776302218437 0.0257760025561 0.136714756489
t 0.214253500104 0.275022149086 0.147457689047 0.149076879025
h 1.0 1.0 1.0 1.0
c 0.959403216839 0 0 0
Aa 1.07053422928 -0.137132391334 -0.148948565125 0.798375785351
Ab 0.445181429386 -0.112007625401 -0.325810790062 0.856683850288
Ad 1.46263766289 0.259176850319 0.532140851021 0.526100516319
Ag 0.186649292707 -0.400209784508 -0.844627439976 0.508163034916
At 1.08985710144 0.149127066135 -0.0871755629778 0.545757949352
as 1.0 0.411764711142 0.688888907433 1.0
bs 0.0 0.0 0.652173936367 0.885714292526
ds 0.831932783127 0.210526317358 0.741379320621 0.558139562607
gs 0.380952388048 0.0 0.103448279202 0.666666686535
ts 1.0 0.617283940315 0.516666650772 0.933333337307
a 0.200327575207 0.134940341115 0.114812426269 0.277327418327
b 0.0481408387423 0.149601072073 0.0835465118289 0.285450041294
d 0.50661945343 0.340398430824 0.624160766602 0.15020519495
g 0.0260055065155 0.0799904987216 0.0251170080155 0.143581405282
t 0.218906626105 0.295069664717 0.152363300323 0.143435925245
h 1.0 1.0 1.0 1.0
c 0.959403216839 0 0 0
Aa 1.06589543819 -0.183026179671 -0.178762629628 0.798375785351
Ab 0.446668386459 -0.13823325932 -0.316823214293 0.810913085938
Ad 1.46883654594 0.218819603324 0.55654489994 0.532067894936
Ag 0.179220050573 -0.410129547119 -0.838783621788 0.512481212616
At 1.10441362858 0.156756594777 -0.0558711588383 0.512040913105
as 1.0 0.352941185236 0.62222224474 1.0
bs 0.0 0.0 0.695652186871 0.771428585052
ds 0.84033614397 0.180451124907 0.758620679379 0.581395328045
gs 0.380952388048 0.0 0.137931033969 0.666666686535
ts 1.0 0.612500011921 0.566666662693 0.866666674614
a 0.176024496555 0.144084200263 0.112360231578 0.276356935501
b 0.0450611077249 0.143222689629 0.0777446255088 0.268353283405
d 0.539000332355 0.323126673698 0.639787435532 0.166608706117
g 0.0242849737406 0.0804199725389 0.0235148277134 0.151270344853
t 0.215629085898 0.309146463871 0.146592855453 0.137410700321
h 1.0 1.0 1.0 1.0
c 0.959403216839 0 0 0
Aa 1.06589543819 -0.162458196282 -0.153713896871 0.778530359268
Ab 0.474124193192 -0.165062755346 -0.313656151295 0.765766918659
Ad 1.55191135406 0.188298240304 0.601709187031 0.558757662773
Ag 0.205659970641 -0.415710657835 -0.832984745502 0.51681381464
At 1.15402960777 0.169089719653 -0.0382137075067 0.475080549717
as 1.0 0.382352948189 0.666666686535 0.956521749496
bs 0.0 0.0 0.695652186871 0.62857145071
ds 0.90756303072 0.160305336118 0.807017564774 0.651162803173
gs 0.47619047761 0.0 0.172413796186 0.666666686535
ts 1.0 0.637499988079 0.600000023842 0.777777791023
a 0.153412282467 0.146358937025 0.131494298577 0.252531319857
b 0.0427248328924 0.136194378138 0.0687341913581 0.261054366827
d 0.565064370632 0.31310492754 0.643516182899 0.190426290035
g 0.0230007451028 0.0811733305454 0.0213828273118 0.161644458771
t 0.215797737241 0.323168426752 0.134872511029 0.134343549609
h 1.0 1.0 1.0 1.0
c 0.97084581852 0 0 0
Aa 1.06589543819 -0.156785383821 -0.036719892174 0.715479314327
Ab 0.510715663433 -0.188045442104 -0.318453997374 0.729895055294
Ad 1.63213324547 0.173485249281 0.65293264389 0.592890977859
Ag 0.241777196527 -0.412791281939 -0.825561702251 0.521724939346
At 1.21408224106 0.187224283814 -0.0257034096867 0.441380888224
as 1.0 0.382352948189 0.933333337307 0.804347813129
bs 0.0 0.0 0.695652186871 0.542857170105
ds 0.974789917469 0.145038172603 0.850877165794 0.720930218697
gs 0.666666686535 0.0 0.172413796186 0.703703701496
ts 1.0 0.662500023842 0.627118647099 0.71111112833
a 0.134865269065 0.140301987529 0.136649996042 0.211459264159
b 0.0407628417015 0.131218925118 0.0620115995407 0.263711690903
d 0.58796107769 0.312988877296 0.654665410519 0.216094836593
g 0.0221070703119 0.0826338157058 0.020026864484 0.174226477742
t 0.214303761721 0.3328563869 0.126646161079 0.134507715702
h 1.0 1.0 1.0 1.0
c 0.984188139439 0 0 0
Aa 1.06589543819 -0.171226650476 0.0165396463126 0.612143754959
Ab 0.546259760857 -0.200293958187 -0.326597034931 0.70804643631
Ad 1.70534384251 0.177238464355 0.696949422359 0.621561467648
Ag 0.280526548624 -0.401132643223 -0.817457020283 0.528031229973
At 1.26702511311 0.203966423869 -0.0164779629558 0.415664255619
as 1.0 0.373134315014 1.0 0.586956501007
bs 0.142857149243 0.0 0.652173936367 0.485714286566
ds 1.0 0.15267175436 0.885964930058 0.785714268684
gs 0.857142865658 0.0 0.206896558404 0.740740716457
ts 1.0 0.675000011921 0.644067823887 0.644444465637
a 0.121019870043 0.139743775129 0.137264192104 0.188713148236
b 0.039109878242 0.128538921475 0.0576004758477 0.264338731766
d 0.606652796268 0.317463129759 0.663525938988 0.231119841337
g 0.0214133244008 0.0832136049867 0.0193008109927 0.181947112083
t 0.211804121733 0.331040561199 0.122308589518 0.133881181479
h 1.0 1.0 1.0 1.0
c 0.998723328114 0 0 0
Aa 1.06589543819 -0.159998953342 0.0424776673317 0.55208915472
Ab 0.575325250626 -0.196296781301 -0.334653526545 0.698447823524
Ad 1.76597905159 0.196361854672 0.726778328419 0.640124261379
Ag 0.313722878695 -0.385137110949 -0.809504032135 0.536232173443
At 1.30897319317 0.214549764991 -0.00762262707576 0.40300655365
as 1.0 0.388059705496 1.0 0.456521749496
bs 0.285714298487 0.0 0.608695626259 0.457142859697
ds 1.0 0.153846159577 0.912280678749 0.833333313465
gs 1.0 0.0454545468092 0.24137930572 0.740740716457
ts 1.0 0.696202516556 0.672413766384 0.62222224474
a 0.113714180887 0.137020304799 0.135058820248 0.16470310092
b 0.0381373874843 0.129324361682 0.0559042431414 0.266909122467
d 0.614431381226 0.329021185637 0.668881177902 0.24318946898
g 0.020761270076 0.0831041261554 0.0190583355725 0.189410731196
t 0.21295581758 0.321530014277 0.121097445488 0.135787576437
h 1.0 1.0 1.0 1.0
c 1.0 0 0 0
Aa 1.06589543819 -0.153510853648 0.0466335266829 0.484016269445
Ab 0.591431736946 -0.178615406156 -0.336444675922 0.693677961826
Ad 1.79855418205 0.226928085089 0.741459548473 0.653259277344
Ag 0.32733476162 -0.370673179626 -0.803804457188 0.544719099998
At 1.33837032318 0.216925755143 -0.000754450040404 0.40017452836
as 1.0 0.388059705496 1.0 0.288888901472
bs 0.380952388048 0.0 0.608695626259 0.411764711142
ds 1.0 0.176923081279 0.929824590683 0.857142865658
gs 1.0 0.136363640428 0.24137930572 0.807692289352
ts 1.0 0.696202516556 0.689655184746 0.613636374474
a 0.105857938528 0.133482336998 0.134187296033 0.16270121932
b 0.0371306315064 0.131022512913 0.0562800429761 0.260953098536
d 0.63301628828 0.34781780839 0.668962180614 0.247688472271
g 0.020047981292 0.0819018036127 0.0190464705229 0.192054033279
t 0.203947156668 0.305775552988 0.121523998678 0.136603191495
h 1.0 1.0 1.0 1.0
c 1.0 0 0 0
Aa 1.06589543819 -0.14843429625 0.0466335266829 0.47912850976
Ab 0.61090439558 -0.156512156129 -0.330723464489 0.684300124645
Ad 1.84258687496 0.267493724823 0.744323670864 0.661643505096
Ag 0.343242645264 -0.3605645895 -0.801263391972 0.551161110401
At 1.35068964958 0.211544692516 0.0035841728095 0.403198510408
as 1.0 0.402985066175 1.0 0.288888901472
bs 0.47619047761 0.0 0.652173936367 0.382352948189
ds 1.0 0.215384617448 0.929824590683 0.880952358246
gs 1.0 0.181818187237 0.275862067938 0.846153855324
ts 1.0 0.696202516556 0.689655184746 0.613636374474
a 0.100788109004 0.128393486142 0.131640046835 0.163818910718
b 0.0367736518383 0.131149470806 0.0581565573812 0.250976234674
d 0.6480884552 0.373885124922 0.66804677248 0.251844912767
g 0.0195475388318 0.0805531963706 0.0190919768065 0.194769740105
t 0.19480226934 0.28601872921 0.123064674437 0.138590201735
h 1.0 1.0 1.0 1.0
c 1.0 0 0 0
Aa 1.06589543819 -0.14843429625 0.0353740863502 0.47912850976
Ab 0.628022909164 -0.139210745692 -0.31941524148 0.664397060871
Ad 1.87412047386 0.315760910511 0.740792930126 0.665897667408
Ag 0.353578239679 -0.350894510746 -0.803163051605 0.554286003113
At 1.35208022594 0.199417188764 0.00611946871504 0.40649703145
as 1.0 0.402985066175 1.0 0.288888901472
bs 0.571428596973 0.0 0.695652186871 0.323529422283
ds 1.0 0.246153846383 0.929203510284 0.880952358246
gs 1.0 0.227272734046 0.275862067938 0.846153855324
ts 1.0 0.683544278145 0.689655184746 0.613636374474
a 0.0971892252564 0.123731888831 0.132498309016 0.166565224528
b 0.0372572690248 0.128658860922 0.0601600147784 0.238143905997
d 0.660063803196 0.40270832181 0.663846552372 0.256011009216
g 0.0194605514407 0.0805614814162 0.0188843589276 0.198300242424
t 0.186029151082 0.264339447021 0.124610759318 0.140979632735
h 1.0 1.0 1.0 1.0
c 1.0 0 0 0
Aa 1.06166744232 -0.14843429625 0.0353740863502 0.47912850976
Ab 0.645260334015 -0.131476208568 -0.307528287172 0.634383678436
Ad 1.89363527298 0.364074677229 0.735231459141 0.665802836418
Ag 0.363204479218 -0.33478847146 -0.81073397398 0.554867446423
At 1.34363031387 0.18124602735 0.00871931388974 0.406700581312
as 1.0 0.402985066175 1.0 0.288888901472
bs 0.619047641754 0.0 0.739130437374 0.242424249649
ds 1.0 0.284615397453 0.927927911282 0.880952358246
gs 1.0 0.272727280855 0.24137930572 0.846153855324
ts 1.0 0.658227860928 0.701754391193 0.613636374474
a 0.091916128993 0.121099025011 0.133606463671 0.169954478741
b 0.0388123951852 0.124028347433 0.0618896186352 0.224993601441
d 0.670329213142 0.428077846766 0.659796416759 0.259318351746
g 0.0198296159506 0.0833694860339 0.0184419676661 0.202627032995
t 0.179112657905 0.243425294757 0.126265525818 0.143106505275
h 1.0 1.0 1.0 1.0
c 1.0 0 0 0
Aa 1.0380191803 -0.145055994391 0.0353740863502 0.47912850976
Ab 0.663597881794 -0.134675681591 -0.298835575581 0.600966095924
Ad 1.9009155035 0.403326123953 0.728956580162 0.662629187107
Ag 0.371941715479 -0.307189524174 -0.824646115303 0.555493295193
At 1.32775366306 0.158169075847 0.0108314249665 0.404455304146
as 0.953846156597 0.402985066175 1.0 0.288888901472
bs 0.714285731316 0.0 0.782608687878 0.151515156031
ds 1.0 0.317829459906 0.935779809952 0.880952358246
gs 1.0 0.409090906382 0.172413796186 0.846153855324
ts 1.0 0.632911384106 0.701754391193 0.613636374474
a 0.0781973749399 0.12022844702 0.135230615735 0.172425583005
b 0.0416035242379 0.118484944105 0.063188791275 0.214027255774
d 0.683096587658 0.447416037321 0.656775951385 0.262431800365
g 0.0205747708678 0.0891592130065 0.0178320724517 0.207052946091
t 0.17652772367 0.224711373448 0.126972571015 0.144062414765
h 1.0 1.0 1.0 1.0
c 1.0 0 0 0
Aa 0.956713318825 -0.140212655067 0.0353740863502 0.47912850976
Ab 0.682651281357 -0.146556735039 -0.295060902834 0.572995901108
Ad 1.89800322056 0.430491656065 0.721716284752 0.661543309689
Ag 0.376856148243 -0.270053684711 -0.844499111176 0.558608233929
At 1.31033408642 0.131405159831 0.00800893921405 0.401077508926
as 0.870967745781 0.417910456657 1.0 0.288888901472
bs 0.809523820877 0.0 0.782608687878 0.0606060624123
ds 1.0 0.341085284948 0.926605522633 0.880952358246
gs 1.0 0.590909063816 0.103448279202 0.884615361691
ts 1.0 0.594936728477 0.701754391193 0.62790697813
