a 0.0842668041587 0.0620500445366 0.0370793826878 0.117788217962
b 0.306041419506 0.150017857552 0.0682906657457 0.334358692169
d 0.386155307293 0.487036973238 0.713503062725 0.156469658017
g 0.145756095648 0.0742441862822 0.0655535012484 0.181951120496
t 0.0777803733945 0.226650938392 0.115573376417 0.209432318807
h 1.0 1.0 1.0 1.0
c 1.0 0 0 0
Aa 0.0709320008755 -0.00396791286767 0.400096744299 0.196684837341
Ab 0.6310557127 0.379432946444 0.665325582027 0.649795591831
Ad 0.732037484646 0.890851914883 1.68436002731 0.320013105869
Ag 0.308902204037 0.0739524364471 0.647560119629 0.385537713766
At 0.0361455343664 0.55864751339 0.893822014332 0.44662669301
as 0.0 0.256756752729 0.807228922844 0.0
bs 0.29411765933 0.850000023842 1.0 0.571428596973
ds 0.0808080807328 0.670731723309 1.0 0.0
gs 0.800000011921 0.634615361691 1.0 0.725000023842
ts 0.0 0.702290058136 0.948529422283 0.268817216158
a 0.0842668041587 0.0611949115992 0.0389829203486 0.117788217962
b 0.306041419506 0.148928940296 0.0940138697624 0.334358692169
d 0.386155307293 0.468530148268 0.677742481232 0.156469658017
g 0.145756095648 0.0870271325111 0.0831528827548 0.181951120496
t 0.0777803733945 0.234318867326 0.106107860804 0.209432318807
h 1.0 1.0 1.0 1.0
c 1.0 0 0 0
Aa 0.0709320008755 0.015334087424 0.390760242939 0.196684837341
Ab 0.6310557127 0.401597887278 0.773077785969 0.649795591831
Ad 0.732037484646 0.899356305599 1.63095057011 0.320013105869
Ag 0.308902204037 0.168273463845 0.719763159752 0.385537713766
At 0.0361455343664 0.598426043987 0.825633406639 0.44662669301
as 0.0 0.287671238184 0.795180737972 0.0
bs 0.29411765933 0.899999976158 1.0 0.571428596973
ds 0.0808080807328 0.680981576443 1.0 0.0
gs 0.800000011921 0.826923072338 1.0 0.725000023842
ts 0.0 0.744186043739 0.896296322346 0.268817216158
a 0.0842668041587 0.0606578327715 0.0384736955166 0.117788217962
b 0.306041419506 0.149154499173 0.124341793358 0.334358692169
d 0.386155307293 0.452767044306 0.631623625755 0.156469658017
g 0.145756095648 0.101517900825 0.107772313058 0.181951120496
t 0.0777803733945 0.23590272665 0.0977885648608 0.209432318807
h 1.0 1.0 1.0 1.0
c 1.0 0 0 0
Aa 0.0709320008755 0.015334087424 0.338975965977 0.196684837341
Ab 0.6310557127 0.406083554029 0.848429203033 0.649795591831
Ad 0.732037484646 0.888321995735 1.5542703867 0.320013105869
Ag 0.308902204037 0.238989844918 0.786319255829 0.385537713766
At 0.0361455343664 0.60518014431 0.744100153446 0.44662669301
as 0.0 0.287671238184 0.734939754009 0.0
bs 0.29411765933 0.899999976158 1.0 0.571428596973
ds 0.0808080807328 0.67484664917 1.0 0.0
gs 0.800000011921 0.961538434029 1.0 0.725000023842
ts 0.0 0.744186043739 0.837037026882 0.268817216158
a 0.0842668041587 0.0626460462809 0.0337179489434 0.117788217962
b 0.306041419506 0.150868400931 0.157563269138 0.334358692169
d 0.386155307293 0.43722563982 0.58004617691 0.156469658017
g 0.145756095648 0.114951893687 0.136223137379 0.181951120496
t 0.0777803733945 0.23430801928 0.0924494862556 0.209432318807
h 1.0 1.0 1.0 1.0
c 1.0 0 0 0
Aa 0.0709320008755 0.015334087424 0.223587304354 0.196684837341
Ab 0.6310557127 0.397038668394 0.893181145191 0.649795591831
Ad 0.732037484646 0.859146058559 1.45918869972 0.320013105869
Ag 0.308902204037 0.278956532478 0.829977035522 0.385537713766
At 0.0361455343664 0.588227570057 0.661630630493 0.44662669301
as 0.0 0.287671238184 0.59036141634 0.0
bs 0.29411765933 0.875 1.0 0.571428596973
ds 0.0808080807328 0.656441688538 0.942675173283 0.0
gs 0.800000011921 1.0 1.0 0.725000023842
ts 0.0 0.736434102058 0.777777791023 0.268817216158
a 0.0842668041587 0.0663824230433 0.0330532342196 0.117788217962
b 0.306041419506 0.153726056218 0.190516218543 0.334358692169
d 0.386155307293 0.422835558653 0.524074554443 0.156469658017
g 0.145756095648 0.125050991774 0.162003800273 0.181951120496
t 0.0777803733945 0.232004955411 0.0903522074223 0.209432318807
h 1.0 1.0 1.0 1.0
c 1.0 0 0 0
Aa 0.0709320008755 0.015334087424 0.155004113913 0.196684837341
Ab 0.6310557127 0.380028486252 0.915722131729 0.649795591831
Ad 0.732037484646 0.819452464581 1.35518324375 0.320013105869
Ag 0.308902204037 0.290368109941 0.845315396786 0.385537713766
At 0.0361455343664 0.558778226376 0.591728925705 0.44662669301
as 0.0 0.287671238184 0.506024122238 0.0
bs 0.29411765933 0.850000023842 1.0 0.571428596973
ds 0.0808080807328 0.629629611969 0.878205120564 0.0
gs 0.800000011921 1.0 1.0 0.725000023842
ts 0.0 0.713178277016 0.725925922394 0.268817216158
a 0.0842668041587 0.0712092369795 0.032549507916 0.117788217962
b 0.306041419506 0.157115101814 0.223289623857 0.334358692169
d 0.386155307293 0.41051286459 0.469792991877 0.156469658017
g 0.145756095648 0.130941435695 0.182381182909 0.181951120496
t 0.0777803733945 0.230221346021 0.0919866934419 0.209432318807
h 1.0 1.0 1.0 1.0
c 1.0 0 0 0
Aa 0.0709320008755 0.0162241142243 0.089097738266 0.196684837341
Ab 0.6310557127 0.359905719757 0.925421833992 0.649795591831
Ad 0.732037484646 0.777014553547 1.24845981598 0.320013105869
Ag 0.308902204037 0.280764907598 0.837533354759 0.385537713766
At 0.0361455343664 0.525833368301 0.540278315544 0.44662669301
as 0.0 0.287671238184 0.433734953403 0.0
bs 0.29411765933 0.820512831211 1.0 0.571428596973
ds 0.0808080807328 0.598765432835 0.814102590084 0.0
gs 0.800000011921 0.981818199158 1.0 0.725000023842
ts 0.0 0.682170569897 0.688888907433 0.268817216158
a 0.0842668041587 0.0762524828315 0.0344099439681 0.117788217962
b 0.306041419506 0.160682380199 0.257908314466 0.334358692169
d 0.386155307293 0.401383161545 0.411701977253 0.156469658017
g 0.145756095648 0.133491575718 0.200281068683 0.181951120496
t 0.0777803733945 0.228190392256 0.0956986993551 0.209432318807
h 1.0 1.0 1.0 1.0
c 1.0 0 0 0
Aa 0.0709320008755 0.0162241142243 0.0538035705686 0.196684837341
Ab 0.6310557127 0.339938342571 0.928584933281 0.649795591831
Ad 0.732037484646 0.737529277802 1.1317025423 0.320013105869
Ag 0.308902204037 0.259423971176 0.818759560585 0.385537713766
At 0.0361455343664 0.492267489433 0.498025685549 0.44662669301
as 0.0 0.287671238184 0.385542154312 0.0
bs 0.29411765933 0.769230782986 1.0 0.571428596973
ds 0.0808080807328 0.577639758587 0.741935491562 0.0
gs 0.800000011921 0.945454537868 1.0 0.725000023842
ts 0.0 0.658914744854 0.659259259701 0.268817216158
a 0.0842668041587 0.0812529250979 0.037850946188 0.117788217962
b 0.306041419506 0.164417281747 0.296993166208 0.334358692169
d 0.386155307293 0.394425034523 0.34422981739 0.156469658017
g 0.145756095648 0.134077459574 0.22195070982 0.181951120496
t 0.0777803733945 0.225827306509 0.0989753752947 0.209432318807
h 1.0 1.0 1.0 1.0
c 1.0 0 0 0
Aa 0.0709320008755 0.0162241142243 0.0331784524024 0.196684837341
Ab 0.6310557127 0.322332531214 0.927848160267 0.649795591831
Ad 0.732037484646 0.702349543571 0.991950154305 0.320013105869
Ag 0.308902204037 0.233740881085 0.801358222961 0.385537713766
At 0.0361455343664 0.460161536932 0.450628846884 0.44662669301
as 0.0 0.287671238184 0.361445784569 0.0
bs 0.29411765933 0.71794873476 1.0 0.571428596973
ds 0.0808080807328 0.559006214142 0.655844151974 0.0
gs 0.800000011921 0.890909075737 1.0 0.725000023842
ts 0.0 0.635658919811 0.62222224474 0.268817216158
a 0.0842668041587 0.085980668664 0.0437778867781 0.117788217962
b 0.306041419506 0.168137654662 0.341217190027 0.334358692169
d 0.386155307293 0.388810127974 0.264239162207 0.156469658017
g 0.145756095648 0.133718132973 0.251075476408 0.181951120496
t 0.0777803733945 0.223353430629 0.0996902883053 0.209432318807
h 1.0 1.0 1.0 1.0
c 1.0 0 0 0
Aa 0.0709320008755 0.0162241142243 0.0331784524024 0.196684837341
Ab 0.6310557127 0.307488292456 0.924954533577 0.649795591831
Ad 0.732037484646 0.671560883522 0.813920855522 0.320013105869
Ag 0.308902204037 0.208013623953 0.79172796011 0.385537713766
At 0.0361455343664 0.430815935135 0.390576541424 0.44662669301
as 0.0 0.287671238184 0.361445784569 0.0
bs 0.29411765933 0.710526287556 1.0 0.571428596973
ds 0.0808080807328 0.537500023842 0.538961052895 0.0
gs 0.800000011921 0.870370388031 1.0 0.725000023842
ts 0.0 0.612403094769 0.577777802944 0.268817216158
a 0.0842668041587 0.0903479903936 0.0498392768204 0.117788217962
b 0.306041419506 0.171386182308 0.385174393654 0.334358692169
d 0.386155307293 0.384378373623 0.185150951147 0.156469658017
g 0.145756095648 0.132891342044 0.283459067345 0.181951120496
t 0.0777803733945 0.220996111631 0.0963762924075 0.209432318807
h 1.0 1.0 1.0 1.0
c 1.0 0 0 0
Aa 0.0709320008755 0.0162241142243 0.0331784524024 0.196684837341
Ab 0.6310557127 0.294281423092 0.921264111996 0.649795591831
Ad 0.732037484646 0.645064532757 0.603132665157 0.320013105869
Ag 0.308902204037 0.183802321553 0.788097083569 0.385537713766
At 0.0361455343664 0.404690265656 0.319576948881 0.44662669301
as 0.0 0.287671238184 0.361445784569 0.0
bs 0.29411765933 0.657894730568 1.0 0.571428596973
ds 0.0808080807328 0.518750011921 0.398692816496 0.0
gs 0.800000011921 0.814814805984 1.0 0.725000023842
ts 0.0 0.589147269726 0.525925934315 0.268817216158
a 0.0842668041587 0.0944382697344 0.0546293072402 0.117788217962
b 0.306041419506 0.173836812377 0.418480068445 0.334358692169
d 0.386155307293 0.381267845631 0.125556200743 0.156469658017
g 0.145756095648 0.131803005934 0.309418946505 0.181951120496
t 0.0777803733945 0.218654066324 0.0919154733419 0.209432318807
h 1.0 1.0 1.0 1.0
c 1.0 0 0 0
Aa 0.0709320008755 0.0162241142243 0.0331784524024 0.196684837341
Ab 0.6310557127 0.281217843294 0.917427539825 0.649795591831
Ad 0.732037484646 0.622306227684 0.394590914249 0.320013105869
Ag 0.308902204037 0.161001428962 0.786299645901 0.385537713766
At 0.0361455343664 0.380833655596 0.259141415358 0.44662669301
as 0.0 0.287671238184 0.365853667259 0.0
bs 0.29411765933 0.631578922272 1.0 0.571428596973
ds 0.0808080807328 0.506250023842 0.261437922716 0.0
gs 0.800000011921 0.777777791023 1.0 0.725000023842
ts 0.0 0.573643386364 0.481481492519 0.268817216158
a 0.0842668041587 0.100926861167 0.0575445704162 0.117788217962
b 0.306041419506 0.185571700335 0.435609281063 0.334358692169
d 0.386155307293 0.344858586788 0.0949295833707 0.156469658017
g 0.145756095648 0.140658050776 0.324149906635 0.181951120496
t 0.0777803733945 0.227984786034 0.0877666547894 0.209432318807
h 1.0 1.0 1.0 1.0
c 1.0 0 0 0
Aa 0.0709320008755 0.00833225622773 0.0331784524024 0.196684837341
Ab 0.6310557127 0.272837251425 0.912271201611 0.649795591831
Ad 0.732037484646 0.541966557503 0.250575661659 0.320013105869
Ag 0.308902204037 0.152490079403 0.783919990063 0.385537713766
At 0.0361455343664 0.362231373787 0.216503620148 0.44662669301
as 0.0 0.287671238184 0.365853667259 0.0
bs 0.29411765933 0.60526317358 1.0 0.571428596973
ds 0.0808080807328 0.456250011921 0.169934645295 0.0
gs 0.800000011921 0.759259283543 1.0 0.725000023842
ts 0.0 0.558139562607 0.440298497677 0.268817216158
a 0.0842668041587 0.0978498980403 0.0596068240702 0.117788217962
b 0.306041419506 0.188794463873 0.439855635166 0.334358692169
d 0.386155307293 0.341104120016 0.0846714377403 0.156469658017
g 0.145756095648 0.145285844803 0.331621259451 0.181951120496
t 0.0777803733945 0.226965665817 0.0842448547482 0.209432318807
h 1.0 1.0 1.0 1.0
c 1.0 0 0 0
Aa 0.0709320008755 -0.0281526073813 0.0331784524024 0.196684837341
Ab 0.6310557127 0.257276266813 0.901192605495 0.649795591831
Ad 0.732037484646 0.514173984528 0.185619398952 0.320013105869
Ag 0.308902204037 0.143510326743 0.778524816036 0.385537713766
At 0.0361455343664 0.33724719286 0.183425888419 0.44662669301
as 0.0 0.232876718044 0.365853667259 0.0
bs 0.29411765933 0.594594597816 1.0 0.571428596973
ds 0.0808080807328 0.4375 0.124183006585 0.0
gs 0.800000011921 0.740740716457 1.0 0.725000023842
ts 0.0 0.534883737564 0.417910456657 0.268817216158
a 0.0993575826287 0.10045979917 0.0622924380004 0.117788217962
b 0.246665760875 0.190974742174 0.435352891684 0.334358692169
d 0.252518832684 0.336332470179 0.0828840062022 0.156469658017
g 0.0991418510675 0.151518747211 0.339452803135 0.181951120496
t 0.302315980196 0.220714241266 0.0800178647041 0.209432318807
h 1.0 1.0 1.0 1.0
c 1.0 0 0 0
Aa 0.318018376827 -0.0468476526439 0.0297150090337 0.196684837341
Ab 0.712926208973 0.23213596642 0.874121129513 0.649795591831
Ad 0.723111152649 0.477928817272 0.153750434518 0.320013105869
Ag 0.317074388266 0.131626397371 0.766059100628 0.385537713766
At 0.801278471947 0.294990390539 0.138466626406 0.44662669301
as 0.0 0.205479457974 0.365853667259 0.0
bs 0.54545456171 0.513513505459 1.0 0.571428596973
ds 0.0612244904041 0.421383649111 0.0986842140555 0.0
gs 0.800000011921 0.722222208977 1.0 0.725000023842
ts 0.477777779102 0.50387597084 0.388059705496 0.268817216158
a 0.108139418066 0.108848839998 0.0636326670647 0.117788217962
b 0.24871109426 0.197183072567 0.423945486546 0.334358692169
d 0.246953830123 0.324011653662 0.0847308635712 0.156469658017
g 0.0965687483549 0.16153177619 0.352632910013 0.181951120496
t 0.299626916647 0.208424672484 0.0750580951571 0.209432318807
h 1.0 1.0 1.0 1.0
c 1.0 0 0 0
Aa 0.349232167006 -0.0614755600691 -0.00472102174535 0.196684837341
Ab 0.710943281651 0.196570232511 0.81890887022 0.649795591831
Ad 0.707863926888 0.412261247635 0.119640506804 0.320013105869
Ag 0.300084769726 0.109958589077 0.738921701908 0.385537713766
At 0.791828989983 0.220649734139 0.0669963806868 0.44662669301
as 0.0 0.191780820489 0.31707316637 0.0
bs 0.54545456171 0.405405402184 1.0 0.571428596973
ds 0.0510204099119 0.377358496189 0.0728476792574 0.0
gs 0.791666686535 0.685185194016 1.0 0.725000023842
ts 0.466666668653 0.456692904234 0.328358203173 0.268817216158
a 0.112137198448 0.115795336664 0.0676434710622 0.117788217962
b 0.253327101469 0.211499840021 0.403232187033 0.334358692169
d 0.238064363599 0.306989222765 0.0927529036999 0.156469658017
g 0.0961285531521 0.174190685153 0.368052631617 0.181951120496
t 0.300342798233 0.191524893045 0.0683188065886 0.209432318807
h 1.0 1.0 1.0 1.0
c 1.0 0 0 0
Aa 0.349232167006 -0.10765182972 -0.0490010641515 0.196684837341
Ab 0.703164100647 0.153967127204 0.726328253746 0.649795591831
Ad 0.676176846027 0.315780222416 0.0881005749106 0.320013105869
Ag 0.28233486414 0.0696820244193 0.686682939529 0.385537713766
At 0.77709966898 0.110882334411 -0.0446866825223 0.44662669301
as 0.0 0.123287670314 0.268292695284 0.0
bs 0.515151500702 0.297297298908 1.0 0.571428596973
ds 0.0102040814236 0.314465403557 0.052980132401 0.0
gs 0.739130437374 0.611111104488 0.955223858356 0.725000023842
ts 0.444444447756 0.365079373121 0.24626865983 0.268817216158
a 0.117525413632 0.117111898959 0.07631765306 0.157390534878
b 0.258220523596 0.236063301563 0.373400092125 0.257587820292
d 0.226761355996 0.290730714798 0.112183056772 0.192416086793
g 0.0964036285877 0.185079008341 0.377589195967 0.136965721846
t 0.301089078188 0.171015068889 0.0605099759996 0.255639821291
h 1.0 1.0 1.0 1.0
c 0.989580631256 0 0 0
Aa 0.349232167006 -0.19362924993 -0.0956083312631 0.191188812256
Ab 0.691091120243 0.110798209906 0.593941092491 0.405135542154
Ad 0.634669423103 0.201260656118 0.0716939419508 0.27845159173
Ag 0.263193786144 0.00512690842152 0.598786234856 0.130822092295
At 0.757795393467 -0.0291958954185 -0.196406334639 0.401838719845
as 0.0 0.0 0.207317069173 0.0
bs 0.484848499298 0.194444447756 0.927835047245 0.0
ds 0.0 0.240506336093 0.0397351011634 0.0
gs 0.652173936367 0.481481492519 0.895522415638 0.10000000149
ts 0.426966279745 0.253968268633 0.13533835113 0.228260874748
a 0.123292401433 0.120863996446 0.0931911319494 0.153959065676
b 0.265092492104 0.265261799097 0.33657798171 0.260674089193
d 0.214241281152 0.278822928667 0.14882697165 0.172743052244
g 0.095989599824 0.184675261378 0.367375433445 0.15030734241
t 0.301384240389 0.150376006961 0.0540284849703 0.262316435575
h 1.0 1.0 1.0 1.0
c 0.979478955269 0 0 0
Aa 0.353375941515 -0.2664693892 -0.128642871976 0.191188812256
Ab 0.685837030411 0.0749083459377 0.429068237543 0.419881403446
Ad 0.593342781067 0.0965621247888 0.0746641904116 0.241184145212
Ag 0.24466380477 -0.082357622683 0.46709266305 0.180763721466
At 0.741560161114 -0.171587795019 -0.36539465189 0.4226090312
as 0.0 0.0 0.172839507461 0.0
bs 0.454545468092 0.0833333358169 0.762886583805 0.047619048506
ds 0.0 0.170886069536 0.0397351011634 0.0
gs 0.565217375755 0.333333343267 0.791044771671 0.22499999404
ts 0.40449437499 0.143999993801 0.00751879718155 0.25
a 0.136446237564 0.137264475226 0.11020527035 0.147073671222
b 0.272768557072 0.286585688591 0.300261467695 0.258415400982
d 0.197544664145 0.275355875492 0.207336947322 0.157466456294
g 0.0926763787866 0.167673662305 0.328729748726 0.157730549574
t 0.300564169884 0.133120298386 0.0534665808082 0.279313921928
h 1.0 1.0 1.0 1.0
c 0.979478955269 0 0 0
Aa 0.396310299635 -0.267472535372 -0.185518845916 0.191188812256
Ab 0.697143018246 0.0522238090634 0.249778389931 0.435972303152
Ad 0.557013988495 0.0348636955023 0.0889554917812 0.220841944218
Ag 0.228317782283 -0.180565834045 0.28911781311 0.221569731832
At 0.739285945892 -0.280786365271 -0.499638795853 0.469746470451
as 0.0540540553629 0.0 0.0987654328346 0.0
bs 0.484848499298 0.0277777779847 0.577319562435 0.0714285746217
ds 0.0 0.132911399007 0.0469798669219 0.0
gs 0.521739125252 0.148148149252 0.664179086685 0.324999988079
ts 0.40449437499 0.0560000017285 0.0 0.304347813129
a 0.147250518203 0.144596621394 0.122762694955 0.139442831278
b 0.282463878393 0.30091175437 0.266458809376 0.253272771835
d 0.179693117738 0.283568769693 0.283215612173 0.144547283649
g 0.0877252370119 0.147181987762 0.265611052513 0.160255298018
t 0.302867233753 0.123740889132 0.0619518272579 0.30248183012
h 1.0 1.0 1.0 1.0
c 0.979478955269 0 0 0
Aa 0.439440906048 -0.275235086679 -0.259965479374 0.191188812256
Ab 0.722347021103 0.0430459268391 0.07659817487 0.450381159782
Ad 0.525915503502 0.0172651875764 0.103085309267 0.20680257678
Ag 0.214508637786 -0.267538517714 0.0752142444253 0.251605033875
At 0.752636373043 -0.342879980803 -0.556977748871 0.527491927147
as 0.121621623635 0.0 0.0125000001863 0.0
bs 0.575757563114 0.0 0.391752570868 0.0975609719753
ds 0.0 0.126582279801 0.0536912754178 0.0
gs 0.434782594442 0.0 0.496240615845 0.40000000596
ts 0.415730327368 0.00800000037998 0.0 0.358695656061
a 0.159394443035 0.144364267588 0.140518829226 0.133015021682
b 0.289609462023 0.310121059418 0.228953182697 0.247369170189
d 0.163294106722 0.294823795557 0.353437781334 0.136222362518
g 0.0826491639018 0.132921159267 0.199200853705 0.161058336496
t 0.305052816868 0.11776971072 0.0778893530369 0.322335094213
h 1.0 1.0 1.0 1.0
c 0.979478955269 0 0 0
Aa 0.489487797022 -0.288768470287 -0.292753368616 0.191188812256
Ab 0.748827338219 0.0433030687273 -0.0807412192225 0.460633695126
Ad 0.499985128641 0.0213343333453 0.107825040817 0.201536551118
Ag 0.204253077507 -0.324634104967 -0.141196727753 0.274271309376
At 0.771389663219 -0.377194583416 -0.549009799957 0.575595676899
as 0.197183102369 0.0 0.0 0.0
bs 0.666666686535 0.0 0.229166671634 0.12195122242
ds 0.0 0.126582279801 0.0604026839137 0.0
gs 0.391304343939 0.0 0.340909093618 0.449999988079
ts 0.438202261925 0.0 0.0 0.413043469191
a 0.178004682064 0.133734673262 0.151912763715 0.128863960505
b 0.290537923574 0.31853556633 0.193563386798 0.243195280433
d 0.149600878358 0.30555742979 0.399895817041 0.131218641996
g 0.0787712112069 0.127433881164 0.157045871019 0.162622570992
t 0.303085297346 0.114738449454 0.0975821837783 0.334099531174
h 1.0 1.0 1.0 1.0
c 0.979478955269 0 0 0
Aa 0.552655875683 -0.329712957144 -0.322273701429 0.191188812256
Ab 0.765427350998 0.0472009778023 -0.217044770718 0.467012494802
Ad 0.477158606052 0.0291358977556 0.0980788767338 0.199052900076
Ag 0.19859200716 -0.350672036409 -0.307841449976 0.292238146067
At 0.783789396286 -0.396247982979 -0.51449739933 0.604933202267
as 0.281690150499 0.0 0.0 0.0
bs 0.696969687939 0.0277777779847 0.0833333358169 0.12195122242
ds 0.0 0.132911399007 0.0536912754178 0.0
gs 0.391304343939 0.0 0.212121218443 0.5
ts 0.449438214302 0.0 0.0 0.445652186871
a 0.199774429202 0.129508286715 0.157927930355 0.138076782227
b 0.286641418934 0.320093303919 0.17098069191 0.239059329033
d 0.139277622104 0.313803136349 0.413555502892 0.125774279237
g 0.0768423005939 0.125826016068 0.141266554594 0.163673475385
t 0.297464221716 0.110769271851 0.116269335151 0.333416163921
h 1.0 1.0 1.0 1.0
c 0.979478955269 0 0 0
Aa 0.612298130989 -0.343019068241 -0.345079869032 0.234078973532
Ab 0.769097149372 0.0499599725008 -0.310591727495 0.472464025021
Ad 0.455639541149 0.0413406454027 0.0729950070381 0.193550154567
Ag 0.197358563542 -0.355546146631 -0.393499433994 0.307936608791
At 0.785192906857 -0.410897314548 -0.478073596954 0.6169449687
as 0.366197168827 0.0 0.0 0.0
bs 0.727272748947 0.0277777779847 0.0 0.146341457963
ds 0.0 0.139240503311 0.0335570462048 0.0
gs 0.391304343939 0.0 0.143939390779 0.550000011921
ts 0.449438214302 0.0 0.0 0.456521749496
a 0.220065072179 0.124635837972 0.167231097817 0.157410770655
b 0.280695617199 0.317863106728 0.164130330086 0.236153721809
d 0.131759777665 0.323818832636 0.399485379457 0.117980770767
g 0.0764098763466 0.127314582467 0.138086035848 0.163078591228
t 0.29106965661 0.106367610395 0.131067171693 0.325376152992
h 1.0 1.0 1.0 1.0
c 0.979478955269 0 0 0
Aa 0.658982098103 -0.356237471104 -0.341729223728 0.306486219168
Ab 0.764666616917 0.0503597222269 -0.349857419729 0.482646554708
Ad 0.436213821173 0.0584217049181 0.0364546179771 0.181262999773
Ag 0.199580475688 -0.347002238035 -0.424896538258 0.32184869051
At 0.780427932739 -0.425071030855 -0.447552353144 0.621837496758
as 0.436619728804 0.0 0.0 0.0769230797887
bs 0.6875 0.0277777779847 0.0 0.170731708407
ds 0.0 0.151898726821 0.00671140942723 0.0
gs 0.363636374474 0.0 0.121212124825 0.574999988079
ts 0.454545468092 0.0 0.0 0.467391312122
a 0.235949531198 0.117875829339 0.178241968155 0.164335504174
b 0.274823993444 0.314457803965 0.167108282447 0.240204825997
d 0.12656955421 0.333799004555 0.371467858553 0.111858487129
g 0.0764549151063 0.131387010217 0.139742225409 0.162710443139
t 0.28620198369 0.102480351925 0.143439680338 0.320890754461
h 1.0 1.0 1.0 1.0
c 0.979478955269 0 0 0
Aa 0.69323271513 -0.375731557608 -0.325831055641 0.337790191174
Ab 0.759468257427 0.050406076014 -0.353843063116 0.502640545368
Ad 0.42274287343 0.0763287097216 -0.00691979331896 0.170727744699
Ag 0.203819036484 -0.328603863716 -0.431513369083 0.333474218845
At 0.777086257935 -0.436515688896 -0.420171737671 0.628416001797
as 0.478873252869 0.0 0.0 0.128205135465
bs 0.6875 0.0277777779847 0.0 0.219512194395
ds 0.0 0.158227846026 0.0 0.0
gs 0.363636374474 0.0 0.121212124825 0.600000023842
ts 0.443181812763 0.0 0.0 0.483516484499
a 0.249351963401 0.112803377211 0.186526238918 0.167034387589
b 0.277215957642 0.310759186745 0.173252642155 0.248046994209
d 0.108144566417 0.339661240578 0.342210590839 0.109202802181
g 0.0751410648227 0.136960893869 0.142696842551 0.160014748573
t 0.290146440268 0.0998153015971 0.155313715339 0.315701067448
h 1.0 1.0 1.0 1.0
c 0.979478955269 0 0 0
Aa 0.71191573143 -0.387383759022 -0.313960403204 0.360649079084
Ab 0.757921159267 0.0527181066573 -0.346020460129 0.532377123833
Ad 0.3491076231 0.0913401395082 -0.050406884402 0.176076963544
Ag 0.190980255604 -0.303109288216 -0.430285960436 0.342003166676
At 0.777720153332 -0.440508723259 -0.3934905231 0.637119233608
as 0.507042229176 0.0 0.0 0.153846159577
bs 0.6875 0.0277777779847 0.0 0.292682915926
ds 0.0 0.170886069536 0.0 0.0
gs 0.318181812763 0.0 0.121212124825 0.625
ts 0.441860467196 0.0 0.0147058824077 0.488888889551
a 0.247978210449 0.112748160958 0.190053462982 0.16275690496
b 0.280478745699 0.307515084743 0.178282767534 0.258923918009
d 0.106949076056 0.338234722614 0.318260282278 0.111606828868
g 0.0744761154056 0.142206519842 0.146484524012 0.15722194314
t 0.290117830038 0.0992954969406 0.166918963194 0.309490412474
h 1.0 1.0 1.0 1.0
c 0.979478955269 0 0 0
Aa 0.709475815296 -0.377306073904 -0.310906171799 0.363930255175
Ab 0.762962281704 0.0584508627653 -0.338672608137 0.56556302309
Ad 0.344239354134 0.0998026356101 -0.0869995132089 0.20008161664
Ag 0.187079325318 -0.276496052742 -0.423990219831 0.348903983831
At 0.777636706829 -0.432485997677 -0.367276310921 0.643038034439
as 0.507042229176 0.0 0.0 0.153846159577
bs 0.709677398205 0.0555555559695 0.0 0.365853667259
ds 0.0 0.177215188742 0.0 0.0
gs 0.272727280855 0.0 0.121212124825 0.649999976158
ts 0.441860467196 0.0 0.0367647074163 0.505617976189
a 0.248318761587 0.114661633968 0.197133734822 0.158381998539
b 0.283403426409 0.307027578354 0.179191246629 0.269498646259
d 0.106391362846 0.331272661686 0.299222916365 0.117543287575
g 0.0744436681271 0.146469607949 0.14911672473 0.155225515366
t 0.287442773581 0.100568532944 0.175335377455 0.299350559711
h 1.0 1.0 1.0 1.0
c 0.979478955269 0 0 0
Aa 0.710484266281 -0.361108779907 -0.292238473892 0.363930255175
Ab 0.767879784107 0.0666504651308 -0.333682626486 0.594781041145
Ad 0.342381089926 0.0996586754918 -0.111004568636 0.234422296286
Ag 0.187302485108 -0.254779398441 -0.413473039865 0.355187565088
At 0.774026155472 -0.418064802885 -0.343129843473 0.640404522419
as 0.507042229176 0.0 0.0121951214969 0.153846159577
bs 0.741935491562 0.0555555559695 0.0 0.43902438879
ds 0.0 0.171974524856 0.0 0.0
gs 0.318181812763 0.037037037313 0.128787875175 0.649999976158
ts 0.447058826685 0.0 0.0588235296309 0.505617976189
a 0.251142978668 0.116585306823 0.201724052429 0.150676414371
b 0.285846143961 0.310157865286 0.178771287203 0.285132527351
d 0.104713946581 0.321091711521 0.286348700523 0.112509511411
g 0.0750056356192 0.149639174342 0.151268646121 0.159573897719
t 0.283291310072 0.102525942028 0.181887298822 0.292107641697
h 1.0 1.0 1.0 1.0
c 0.979478955269 0 0 0
Aa 0.712413430214 -0.350128412247 -0.275395393372 0.350324928761
Ab 0.768624722958 0.0748105794191 -0.327855318785 0.62732642889
Ad 0.33249694109 0.0898568555713 -0.123257875443 0.223468914628
Ag 0.187586292624 -0.241726949811 -0.400404155254 0.375241488218
At 0.76472568512 -0.405938476324 -0.320350706577 0.637822568417
as 0.507042229176 0.0 0.0243902429938 0.141025647521
bs 0.741935491562 0.0833333358169 0.0 0.512195110321
ds 0.0 0.166666671634 0.0 0.0
gs 0.318181812763 0.074074074626 0.145038172603 0.71794873476
ts 0.428571432829 0.0 0.0735294148326 0.505617976189
a 0.253620564938 0.115667536855 0.201451912522 0.143750995398
b 0.287424355745 0.317669332027 0.179648920894 0.295073717833
d 0.105830125511 0.309517592192 0.277138143778 0.11719571799
g 0.0757114961743 0.15233194828 0.15280136466 0.162387236953
t 0.277413487434 0.104813590646 0.188959658146 0.281592339277
h 1.0 1.0 1.0 1.0
c 0.979478955269 0 0 0
Aa 0.712413430214 -0.357531577349 -0.267814069986 0.338499456644
Ab 0.766752481461 0.0812322348356 -0.317560821772 0.650819182396
Ad 0.332838267088 0.0699422508478 -0.129289165139 0.249800384045
Ag 0.187390774488 -0.237952053547 -0.387858211994 0.39144051075
At 0.75135654211 -0.400325447321 -0.295616358519 0.630509436131
as 0.507042229176 0.0 0.0365853644907 0.129870131612
bs 0.709677398205 0.111111111939 0.0 0.585365831852
ds 0.0 0.153846159577 0.0 0.0178571436554
gs 0.318181812763 0.074074074626 0.15267175436 0.763157904148
ts 0.416666656733 0.0 0.088235296309 0.5
a 0.254282206297 0.11773506552 0.198265448213 0.138584434986
b 0.287765800953 0.327132314444 0.183166012168 0.302879780531
d 0.110748149455 0.295620769262 0.266175448895 0.122732847929
g 0.0762056261301 0.153549000621 0.153931558132 0.163746863604
t 0.270998209715 0.105962857604 0.198461517692 0.27205607295
h 1.0 1.0 1.0 1.0
c 0.979478955269 0 0 0
Aa 0.712413430214 -0.357531577349 -0.267814069986 0.326942205429
Ab 0.766136646271 0.0862860307097 -0.302216202021 0.66649800539
Ad 0.351433902979 0.0422975383699 -0.139893069863 0.274188548326
Ag 0.189084485173 -0.242190405726 -0.377733439207 0.39940071106
At 0.740063846111 -0.40328374505 -0.267384767532 0.619886159897
as 0.5 0.0 0.0365853644907 0.103896103799
bs 0.709677398205 0.111111111939 0.0219780225307 0.609756112099
ds 0.0 0.135483875871 0.0 0.0357142873108
gs 0.333333343267 0.074074074626 0.160305336118 0.789473712444
ts 0.404761910439 0.0 0.110294118524 0.494252860546
a 0.252449393272 0.119082808495 0.19727101922 0.139403417706
b 0.287287116051 0.339592933655 0.18890298903 0.308958679438
d 0.118118539453 0.282500803471 0.248470023274 0.125548675656
g 0.0763521492481 0.153430938721 0.15505361557 0.16323235631
t 0.265792757273 0.105392508209 0.210302352905 0.26285687089
h 1.0 1.0 1.0 1.0
c 0.979478955269 0 0 0
Aa 0.712413430214 -0.362824469805 -0.266141533852 0.330672115088
Ab 0.768555223942 0.0922851189971 -0.284965991974 0.676299095154
Ad 0.382557153702 0.0123461391777 -0.165930837393 0.285210847855
Ag 0.193060353398 -0.252760589123 -0.370722949505 0.399204939604
At 0.734782218933 -0.415863782167 -0.23836068809 0.606118023396
as 0.5 0.0 0.0365853644907 0.11688311398
bs 0.741935491562 0.138888895512 0.0329670347273 0.634146332741
ds 0.0 0.116129033267 0.0 0.0446428582072
gs 0.333333343267 0.0555555559695 0.167938932776 0.789473712444
ts 0.392857134342 0.0 0.132352948189 0.471264362335
a 0.252756178379 0.120040588081 0.200209051371 0.144684866071
b 0.2845248878 0.353667020798 0.196877896786 0.314385473728
d 0.124747239053 0.273108124733 0.222199261189 0.125279068947
g 0.0764111727476 0.15111258626 0.157144963741 0.161977171898
t 0.26156052947 0.102071650326 0.223568841815 0.253673434258
h 1.0 1.0 1.0 1.0
c 0.979478955269 0 0 0
Aa 0.717985868454 -0.367624640465 -0.261626034975 0.344681173563
Ab 0.769404411316 0.10164181143 -0.268912762403 0.681720554829
Ad 0.411315083504 -0.0106181260198 -0.216367125511 0.282136589289
Ag 0.198440983891 -0.267652124166 -0.366809278727 0.393711864948
At 0.732856333256 -0.438047617674 -0.213698431849 0.588533043861
as 0.514285743237 0.0 0.0487804859877 0.129870131612
bs 0.741935491562 0.166666671634 0.0581395365298 0.675000011921
ds 0.0 0.103225804865 0.0 0.0446428582072
gs 0.380952388048 0.0185185186565 0.167938932776 0.763157904148
ts 0.392857134342 0.0 0.147058829665 0.45977011323
a 0.256691008806 0.118793681264 0.204340994358 0.151193931699
b 0.278389155865 0.366936564445 0.207752242684 0.319960415363
d 0.130706056952 0.271288603544 0.189759612083 0.125072985888
g 0.0775026753545 0.146684557199 0.160500615835 0.161154672503
t 0.256711125374 0.0962966009974 0.23764654994 0.242618024349
h 1.0 1.0 1.0 1.0
c 0.979478955269 0 0 0
Aa 0.725184738636 -0.375010251999 -0.261626034975 0.358703017235
Ab 0.760426402092 0.11478741467 -0.254435807467 0.6842648983
Ad 0.432069778442 -0.0163720380515 -0.293777763844 0.276332169771
Ag 0.205090776086 -0.283419191837 -0.366504818201 0.386411547661
At 0.725218772888 -0.466192603111 -0.196050018072 0.564091742039
as 0.514285743237 0.0 0.0487804859877 0.159999996424
bs 0.709677398205 0.194444447756 0.0697674453259 0.675000011921
ds 0.00840336177498 0.0967741906643 0.0 0.0357142873108
gs 0.380952388048 0.0 0.167938932776 0.736842095852
ts 0.380952388048 0.0 0.161764711142 0.425287365913
a 0.261058598757 0.120073765516 0.206581071019 0.154190987349
b 0.269617974758 0.374892860651 0.221478804946 0.326810449362
d 0.137911736965 0.276110142469 0.156408905983 0.127631902695
g 0.0809378176928 0.140227615833 0.16378390789 0.161601081491
t 0.250473886728 0.0886956229806 0.251747310162 0.229765579104
h 1.0 1.0 1.0 1.0
c 0.979478955269 0 0 0
Aa 0.722977221012 -0.36376079917 -0.27018558979 0.358703017235
Ab 0.736988008022 0.130698248744 -0.239943921566 0.684939980507
Ad 0.445840418339 -0.00212659849785 -0.391014605761 0.276603281498
Ag 0.214390665293 -0.296375393867 -0.371004879475 0.379088282585
At 0.705001652241 -0.495306760073 -0.184311270714 0.531929016113
as 0.507246375084 0.0 0.0365853644907 0.159999996424
bs 0.612903237343 0.25 0.0930232554674 0.675000011921
ds 0.01680672355 0.110389612615 0.0 0.0360360369086
gs 0.428571432829 0.0 0.167938932776 0.736842095852
ts 0.357142865658 0.0 0.17037037015 0.395348846912
a 0.26662889123 0.126241996884 0.211284607649 0.15737631917
b 0.258691877127 0.376879900694 0.234396755695 0.333420485258
d 0.147503226995 0.282322436571 0.127522274852 0.13196387887
g 0.0863842889667 0.133368417621 0.163504451513 0.161605656147
t 0.240791708231 0.0811872333288 0.26329189539 0.215633675456
h 1.0 1.0 1.0 1.0
c 0.979478955269 0 0 0
Aa 0.716530501842 -0.327757745981 -0.27018558979 0.358703017235
Ab 0.7034060359 0.147241383791 -0.225101813674 0.684755921364
Ad 0.45942479372 0.021783804521 -0.489467382431 0.282218724489
Ag 0.227058053017 -0.303908616304 -0.38152384758 0.370220214128
At 0.672264814377 -0.519473850727 -0.174615934491 0.495480239391
as 0.492753624916 0.0 0.0365853644907 0.148648649454
bs 0.516129016876 0.305555552244 0.104651160538 0.675000011921
ds 0.0338983051479 0.123376622796 0.0 0.0450450442731
gs 0.47619047761 0.0 0.153846159577 0.710526287556
ts 0.321428567171 0.0 0.177777782083 0.348837196827
a 0.271022379398 0.125707581639 0.213510841131 0.160493612289
b 0.248994991183 0.381415188313 0.244357258081 0.339344859123
d 0.159766077995 0.28703096509 0.110776185989 0.137570127845
g 0.0923757702112 0.12930649519 0.158929541707 0.160203889012
t 0.227840781212 0.0765397846699 0.27242615819 0.202387496829
h 1.0 1.0 1.0 1.0
c 0.989784598351 0 0 0
Aa 0.709438621998 -0.319179654121 -0.27018558979 0.358703017235
Ab 0.672624051571 0.16285687685 -0.211580276489 0.683886528015
Ad 0.479918003082 0.0393876582384 -0.555159091949 0.29176941514
Ag 0.241991505027 -0.30692076683 -0.398400872946 0.357918292284
At 0.634064912796 -0.534653842449 -0.164356708527 0.459428936243
as 0.492753624916 0.0 0.0365853644907 0.148648649454
bs 0.419354826212 0.333333343267 0.12790697813 0.675000011921
ds 0.0427350439131 0.136363640428 0.0 0.0545454546809
gs 0.550000011921 0.0 0.139534890652 0.684210538864
ts 0.27380952239 0.0 0.185185179114 0.313953489065
a 0.271470993757 0.124537833035 0.20726852119 0.163596078753
b 0.244285687804 0.389163941145 0.250519543886 0.344110965729
d 0.173499256372 0.284566134214 0.110931254923 0.144522696733
g 0.0971810221672 0.127186954021 0.151503220201 0.156904503703
t 0.213563024998 0.0745451301336 0.279777437449 0.190865755081
h 1.0 1.0 1.0 1.0
c 1.0 0 0 0
Aa 0.702850699425 -0.318716049194 -0.284175008535 0.358703017235
Ab 0.657025277615 0.176115229726 -0.201866716146 0.681628644466
Ad 0.50842487812 0.040165875107 -0.555654406548 0.304866194725
Ag 0.256708741188 -0.309574812651 -0.420286506414 0.340565532446
At 0.598653316498 -0.541598081589 -0.153895646334 0.425658136606
as 0.478260874748 0.0 0.0121951214969 0.148648649454
bs 0.366666674614 0.361111104488 0.139534890652 0.675000011921
ds 0.0683760717511 0.136363640428 0.0 0.0636363625526
gs 0.600000023842 0.0 0.12403100729 0.631578922272
ts 0.240963861346 0.0 0.186567157507 0.267441868782
a 0.269104152918 0.126825690269 0.201319634914 0.16740489006
b 0.244790613651 0.399156689644 0.250379741192 0.347343087196
d 0.18661390245 0.274637579918 0.12550316751 0.153929039836
g 0.100308120251 0.125487297773 0.141345381737 0.15244269371
t 0.199183195829 0.073892749846 0.281452089548 0.178880289197
h 1.0 1.0 1.0 1.0
c 1.0 0 0 0
Aa 0.69684702158 -0.311900734901 -0.291433900595 0.358703017235
Ab 0.655721306801 0.186035424471 -0.196720853448 0.675693511963
Ad 0.537870585918 0.023652004078 -0.496665358543 0.322255402803
Ag 0.268262654543 -0.316508203745 -0.445038378239 0.318041503429
At 0.566179275513 -0.546506106853 -0.145915538073 0.387497335672
as 0.46376812458 0.0120481923223 0.0121951214969 0.148648649454
bs 0.366666674614 0.388888895512 0.139534890652 0.649999976158
ds 0.0940170958638 0.123376622796 0.0 0.0818181782961
gs 0.699999988079 0.0 0.100775197148 0.594594597816
ts 0.172839507461 0.0 0.195488721132 0.232558146119
a 0.268491923809 0.131414696574 0.204883798957 0.173246309161
b 0.246821045876 0.410772651434 0.244445994496 0.348656117916
d 0.198323309422 0.261021107435 0.147232741117 0.166002094746
g 0.102451264858 0.123538985848 0.1294234097 0.14832650125
t 0.183912441134 0.0732525810599 0.274014055729 0.163768962026
h 1.0 1.0 1.0 1.0
c 1.0 0 0 0
Aa 0.692634046078 -0.302530527115 -0.271020501852 0.358703017235
Ab 0.656085014343 0.192427054048 -0.194345206022 0.662436366081
Ad 0.561076581478 -0.00449885986745 -0.414523780346 0.340152621269
Ag 0.274220138788 -0.329370439053 -0.470515310764 0.291257798672
At 0.528313934803 -0.556351542473 -0.144755318761 0.334270626307
as 0.46376812458 0.0240963846445 0.0365853644907 0.148648649454
bs 0.366666674614 0.416666656733 0.139534890652 0.625
ds 0.111111111939 0.103896103799 0.0 0.091743119061
gs 0.699999988079 0.0 0.0852713212371 0.513513505459
ts 0.135802462697 0.0 0.195488721132 0.164705887437
a 0.273266047239 0.13515907526 0.201749175787 0.182402297854
b 0.2455406636 0.423508435488 0.241772532463 0.347481071949
d 0.209829673171 0.246804907918 0.171283170581 0.17815117538
g 0.104454703629 0.121690906584 0.120260238647 0.146178409457
t 0.16690890491 0.0728366747499 0.264934897423 0.14578704536
h 1.0 1.0 1.0 1.0
c 1.0 0 0 0
Aa 0.692611992359 -0.299767702818 -0.270372331142 0.358703017235
Ab 0.64614969492 0.196249127388 -0.191777139902 0.638603925705
Ad 0.577893197536 -0.0382591560483 -0.341469407082 0.348461419344
Ag 0.274954319 -0.345354825258 -0.495062023401 0.262555956841
At 0.478505820036 -0.568262815475 -0.152044937015 0.261391639709
as 0.470588237047 0.0240963846445 0.0365853644907 0.148648649454
bs 0.333333343267 0.416666656733 0.173333331943 0.574999988079
ds 0.128205135465 0.0844155848026 0.0 0.100917428732
gs 0.699999988079 0.0 0.0620155036449 0.432432442904
ts 0.074074074626 0.0 0.195488721132 0.0714285746217
a 0.259813219309 0.138837009668 0.195247203112 0.200637251139
b 0.246757924557 0.434505999088 0.243693143129 0.341322213411
d 0.22958214581 0.233058869839 0.19233506918 0.185470700264
g 0.109855234623 0.1207921803 0.11360860616 0.145691618323
t 0.1539914608 0.0728059336543 0.25511598587 0.126878216863
h 1.0 1.0 1.0 1.0
c 1.0 0 0 0
Aa 0.646571695805 -0.296454846859 -0.283057004213 0.373282104731
Ab 0.624181568623 0.199035689235 -0.186798512936 0.604035079479
Ad 0.592848539352 -0.0714944526553 -0.289583355188 0.339145869017
Ag 0.272731184959 -0.356921285391 -0.518230617046 0.234305113554
At 0.419407069683 -0.576793313026 -0.166904181242 0.174257606268
as 0.388059705496 0.0243902429938 0.0246913582087 0.162162154913
bs 0.266666680574 0.457142859697 0.173333331943 0.487179487944
ds 0.136752143502 0.0649350658059 0.0 0.091743119061
gs 0.699999988079 0.0 0.0465116277337 0.351351350546
ts 0.0 0.0 0.180451124907 0.0
a 0.229123413563 0.136260643601 0.190634489059 0.224856629968
b 0.25029912591 0.444025069475 0.248844191432 0.330815255642
d 0.256510823965 0.223190590739 0.20832028985 0.184909805655
g 0.117650337517 0.122344598174 0.108352184296 0.147381931543
t 0.146416306496 0.0741790980101 0.243848845363 0.11203636229
h 1.0 1.0 1.0 1.0
c 1.0 0 0 0
Aa 0.559769749641 -0.31110098958 -0.294949561357 0.394946604967
Ab 0.598159611225 0.201936081052 -0.179223537445 0.562626481056
Ad 0.608805954456 -0.0967955589294 -0.256419479847 0.310000866652
Ag 0.270293474197 -0.357886642218 -0.540313363075 0.211485177279
At 0.365289747715 -0.575189888477 -0.188030347228 0.0923999175429
as 0.268656730652 0.0121951214969 0.0 0.189189195633
bs 0.20000000298 0.457142859697 0.186666667461 0.384615391493
ds 0.153846159577 0.0454545468092 0.0 0.0648148134351
gs 0.736842095852 0.0 0.0310077518225 0.297297298908
ts 0.0 0.0 0.165413528681 0.0
a 0.18987877667 0.12863959372 0.197935342789 0.248297348619
b 0.256434291601 0.449919223785 0.251767635345 0.317528069019
d 0.284653544426 0.217890620232 0.219814255834 0.178737923503
g 0.124947994947 0.126285150647 0.102654419839 0.151982113719
t 0.144085407257 0.0772653967142 0.227828353643 0.10345453769
h 1.0 1.0 1.0 1.0
c 1.0 0 0 0
Aa 0.450922191143 -0.338255673647 -0.27592882514 0.414997965097
Ab 0.581421852112 0.205504253507 -0.171452283859 0.521808028221
Ad 0.626762330532 -0.109391763806 -0.230396300554 0.272242605686
Ag 0.269175052643 -0.346278011799 -0.56107455492 0.201818332076
At 0.331065773964 -0.559645235538 -0.214844375849 0.0347754135728
as 0.104477614164 0.0 0.0250000003725 0.216216221452
bs 0.133333340287 0.457142859697 0.20000000298 0.282051295042
ds 0.162393167615 0.0389610379934 0.0 0.0277777779847
gs 0.736842095852 0.0 0.0158730167896 0.25
ts 0.0 0.0 0.136363640428 0.0
a 0.157965615392 0.118698269129 0.201081827283 0.26430785656
b 0.265448182821 0.45118483901 0.253926545382 0.303607225418
d 0.303731262684 0.216928422451 0.234980419278 0.171895638108
g 0.128721669316 0.131838157773 0.0986085087061 0.159999534488
t 0.144133269787 0.0813503190875 0.211402699351 0.100189752877
h 1.0 1.0 1.0 1.0
c 1.0 0 0 0
Aa 0.357221603394 -0.370346456766 -0.26854583621 0.428763955832
Ab 0.582638800144 0.209563657641 -0.167210564017 0.488965988159
Ad 0.6411485672 -0.108474388719 -0.200886979699 0.241918742657
Ag 0.268310695887 -0.324749708176 -0.57800424099 0.210772618651
At 0.317423313856 -0.534431576729 -0.246808126569 0.00747718196362
as 0.0 0.0 0.0375000014901 0.232876718044
bs 0.133333340287 0.485714286566 0.20000000298 0.205128207803
ds 0.17948718369 0.0389610379934 0.0116959065199 0.0
gs 0.736842095852 0.0 0.0 0.277777791023
ts 0.0 0.0 0.113636367023 0.0
a 0.144161865115 0.111908636987 0.196413770318 0.271199822426
b 0.275879651308 0.44689938426 0.254129946232 0.289830625057
d 0.308741182089 0.217002123594 0.257021844387 0.169855087996
g 0.128215804696 0.138111546636 0.0965087488294 0.169940799475
t 0.143001481891 0.0860783010721 0.195925697684 0.0991736724973
h 1.0 1.0 1.0 1.0
c 1.0 0 0 0
Aa 0.316320538521 -0.388258576393 -0.280797898769 0.438030749559
Ab 0.598189771175 0.213087558746 -0.168913990259 0.466885656118
Ad 0.647064685822 -0.100658200681 -0.163999810815 0.234819948673
Ag 0.265411734581 -0.29689219594 -0.589403152466 0.235039025545
At 0.312810689211 -0.502228498459 -0.281878441572 0.00113777501974
as 0.0 0.0 0.0250000003725 0.246575340629
bs 0.20000000298 0.485714286566 0.20000000298 0.131578952074
ds 0.17948718369 0.0457516349852 0.0292397662997 0.0
gs 0.684210538864 0.0181818176061 0.0 0.333333343267
ts 0.0 0.0 0.0909090936184 0.0
a 0.145602300763 0.108388863504 0.195015817881 0.270145267248
b 0.285737901926 0.438595354557 0.249351024628 0.277258068323
d 0.303254872561 0.214915215969 0.280552655458 0.1741758883
g 0.125168338418 0.145608171821 0.0944477766752 0.179953977466
t 0.140236586332 0.0924923866987 0.180632740259 0.0984667986631
h 1.0 1.0 1.0 1.0
c 1.0 0 0 0
Aa 0.325090378523 -0.392728567123 -0.283542722464 0.441034644842
Ab 0.617889940739 0.214350804687 -0.176801428199 0.452321499586
Ad 0.643729925156 -0.0954460725188 -0.125598222017 0.250425308943
Ag 0.259416610003 -0.264527469873 -0.598420858383 0.264598727226
At 0.308783441782 -0.461607247591 -0.31681612134 0.0027271208819
as 0.0 0.0 0.0125000001863 0.246575340629
bs 0.266666680574 0.485714286566 0.186666667461 0.105263158679
ds 0.17948718369 0.039473682642 0.0529411770403 0.0183486230671
gs 0.684210538864 0.0727272704244 0.0 0.416666656733
ts 0.0 0.0294117648154 0.0606060624123 0.0
a 0.149261295795 0.104477018118 0.194914281368 0.268612146378
b 0.294735878706 0.429215818644 0.242288887501 0.26500031352
d 0.296460926533 0.20908395946 0.30321636796 0.181468889117
g 0.121997579932 0.155490815639 0.0917659327388 0.188212901354
t 0.137544304132 0.101732395589 0.167814522982 0.0967057347298
h 1.0 1.0 1.0 1.0
c 1.0 0 0 0
Aa 0.337669551373 -0.40249684453 -0.283643811941 0.444923639297
Ab 0.633155345917 0.21115809679 -0.189153984189 0.439044386148
Ad 0.635689795017 -0.10119690001 -0.0917348340154 0.274600178003
Ag 0.250073552132 -0.229812860489 -0.610805988312 0.290447384119
At 0.302164942026 -0.414058327675 -0.348657935858 0.00125022407155
as 0.0 0.0 0.0126582281664 0.246575340629
bs 0.300000011921 0.485714286566 0.173333331943 0.078947365284
ds 0.170940175653 0.039473682642 0.0764705911279 0.0366972461343
gs 0.631578922272 0.145454540849 0.0 0.5
ts 0.0 0.0588235296309 0.0378787890077 0.0
a 0.151068031788 0.111119396985 0.194305181503 0.258566111326
b 0.302031546831 0.414493083954 0.235771551728 0.258014142513
d 0.292294293642 0.195960864425 0.323724001646 0.190790399909
g 0.118894338608 0.165532886982 0.0884110108018 0.198477417231
t 0.135711789131 0.112893782556 0.15778824687 0.094151943922
h 1.0 1.0 1.0 1.0
c 1.0 0 0 0
Aa 0.341370493174 -0.369865953922 -0.287806481123 0.42484408617
Ab 0.642250239849 0.201861426234 -0.203799441457 0.423916012049
Ad 0.628018260002 -0.123486503959 -0.066115938127 0.292829036713
Ag 0.237359121442 -0.196771562099 -0.629784524441 0.309983611107
At 0.294815480709 -0.362985819578 -0.378216207027 -0.0138982143253
as 0.0 0.0 0.0126582281664 0.219178080559
bs 0.333333343267 0.457142859697 0.148648649454 0.0263157896698
ds 0.170940175653 0.019736841321 0.088235296309 0.0550458729267
gs 0.578947365284 0.20000000298 0.0 0.571428596973
ts 0.0 0.103703700006 0.0151515156031 0.0
a 0.14435121417 0.1143835783 0.192645102739 0.248482912779
b 0.309972643852 0.401244133711 0.231010377407 0.253989487886
d 0.293174535036 0.180396720767 0.343080848455 0.197735592723
g 0.115853175521 0.176596954465 0.0849708691239 0.210250511765
t 0.136648446321 0.127378612757 0.148292779922 0.0895414948463
h 1.0 1.0 1.0 1.0
c 1.0 0 0 0
Aa 0.316323071718 -0.359134376049 -0.297347873449 0.398462414742
Ab 0.648225963116 0.185910627246 -0.21847435832 0.407981604338
Ad 0.624028861523 -0.161269441247 -0.046709369868 0.299250751734
Ag 0.220810547471 -0.170514836907 -0.652835786343 0.325902938843
At 0.292507320642 -0.312401533127 -0.410985857248 -0.0448097623885
as 0.0 0.0 0.0 0.191780820489
bs 0.366666674614 0.40000000596 0.135135129094 0.0
ds 0.162393167615 0.0 0.10000000149 0.0555555559695
gs 0.473684221506 0.254545450211 0.0 0.600000023842
ts 0.0 0.140740737319 0.0 0.0
a 0.138289228082 0.127529188991 0.188128322363 0.265156179667
b 0.315968543291 0.383429795504 0.229022413492 0.243842601776
d 0.292431950569 0.16301047802 0.36301484704 0.194158837199
g 0.111042447388 0.184028804302 0.0825648903847 0.215100377798
t 0.14226783812 0.142001733184 0.137269511819 0.0817419886589
h 1.0 1.0 1.0 1.0
c 1.0 0 0 0
Aa 0.295973867178 -0.312953710556 -0.315490424633 0.43224811554
Ab 0.654829323292 0.165122538805 -0.230066612363 0.39585596323
Ad 0.621210277081 -0.206347793341 -0.0300202015787 0.296903520823
Ag 0.200674504042 -0.153677523136 -0.673149168491 0.341387540102
At 0.308292210102 -0.266269654036 -0.452370524406 -0.0788084417582
as 0.0 0.0595238097012 0.0 0.232876718044
bs 0.366666674614 0.352941185236 0.121621623635 0.0
ds 0.163793101907 0.0 0.111764706671 0.0467289723456
gs 0.368421047926 0.277777791023 0.0 0.657142877579
ts 0.0 0.17037037015 0.0 0.0
a 0.154335677624 0.136307373643 0.185972124338 0.28200262785
b 0.311765879393 0.367484003305 0.229625150561 0.236018493772
d 0.278627127409 0.150521725416 0.379597663879 0.186666682363
g 0.102241560817 0.189443126321 0.0812635719776 0.217770501971
t 0.153029769659 0.156243756413 0.123541474342 0.0775417014956
h 1.0 1.0 1.0 1.0
c 1.0 0 0 0
Aa 0.357414722443 -0.287135571241 -0.32556733489 0.469197541475
Ab 0.662777006626 0.143583521247 -0.233995720744 0.391890436411
Ad 0.61397176981 -0.244055762887 -0.0156916547567 0.290011197329
Ag 0.178575858474 -0.144176065922 -0.685119271278 0.356943458319
At 0.353724300861 -0.227852240205 -0.503202438354 -0.0915202572942
as 0.0281690135598 0.0833333358169 0.0 0.287671238184
bs 0.40000000596 0.29411765933 0.108108110726 0.0
ds 0.155172407627 0.0 0.112426035106 0.0467289723456
gs 0.263157904148 0.296296298504 0.0 0.685714304447
ts 0.0113636367023 0.20000000298 0.0 0.0
a 0.165093526244 0.130541741848 0.199067756534 0.281177103519
b 0.307063639164 0.358282238245 0.230526849627 0.235803171992
d 0.261547297239 0.145363688469 0.381925225258 0.179716438055
g 0.0940120369196 0.195899367332 0.0797149240971 0.222263365984
t 0.172283485532 0.169912979007 0.108765229583 0.0810399129987
h 1.0 1.0 1.0 1.0
c 1.0 0 0 0
Aa 0.401069134474 -0.31277230382 -0.291226476431 0.472938776016
Ab 0.670567512512 0.125703573227 -0.227505907416 0.396508514881
Ad 0.600889325142 -0.266065746546 -0.00824905559421 0.278546661139
Ag 0.156522557139 -0.136488676071 -0.688687801361 0.370826750994
At 0.419582724571 -0.198295131326 -0.553737342358 -0.0673421695828
as 0.0845070406795 0.0595238097012 0.0126582281664 0.287671238184
bs 0.433333337307 0.235294118524 0.121621623635 0.0
ds 0.146551728249 0.0 0.118343196809 0.0373831763864
gs 0.105263158679 0.314814805984 0.0 0.742857158184
ts 0.091954022646 0.222222223878 0.0 0.0
a 0.163383156061 0.127477377653 0.216162696481 0.277398705482
b 0.305032134056 0.349522173405 0.23462677002 0.23765835166
d 0.247568905354 0.142849653959 0.37294998765 0.170466914773
g 0.0875382199883 0.201324477792 0.0785302966833 0.224791944027
t 0.196477591991 0.17882630229 0.0977302417159 0.0896840766072
h 1.0 1.0 1.0 1.0
c 0.989741444588 0 0 0
Aa 0.407032161951 -0.324432611465 -0.247567877173 0.472938776016
Ab 0.678170442581 0.11360899359 -0.211971074343 0.405787438154
Ad 0.587520956993 -0.274986594915 -0.0106980232522 0.261474460363
Ag 0.13602258265 -0.125969156623 -0.687311410904 0.381615102291
At 0.487137913704 -0.177434355021 -0.592319667339 -0.0174502879381
as 0.0845070406795 0.0357142873108 0.0632911399007 0.287671238184
bs 0.466666668653 0.205882355571 0.148648649454 0.0
ds 0.129310339689 0.0 0.118343196809 0.0186915881932
gs 0.0 0.333333343267 0.0 0.771428585052
ts 0.160919547081 0.238805964589 0.0 0.0
a 0.159261569381 0.127253383398 0.222209483385 0.274176925421
b 0.303507864475 0.341610312462 0.243751943111 0.239943981171
d 0.238493219018 0.140045493841 0.361991107464 0.159640520811
g 0.0817779898643 0.207435533404 0.0790437310934 0.226268172264
t 0.216959357262 0.183655276895 0.0930037200451 0.0999703928828
h 1.0 1.0 1.0 1.0
c 0.989741444588 0 0 0
Aa 0.407152026892 -0.32272028923 -0.233174204826 0.472938776016
Ab 0.687210977077 0.106141328812 -0.192988708615 0.415017724037
Ad 0.58251708746 -0.281120508909 -0.0212388765067 0.238050982356
Ag 0.117677487433 -0.110506489873 -0.68206936121 0.389531344175
At 0.541419446468 -0.163386210799 -0.611436486244 0.0347792617977
as 0.0845070406795 0.047619048506 0.0886075943708 0.287671238184
bs 0.466666668653 0.176470592618 0.175675675273 0.0256410259753
ds 0.129310339689 0.0 0.107142858207 0.0
gs 0.0 0.370370358229 0.0 0.800000011921
ts 0.229885056615 0.24626865983 0.0 0.0
a 0.154893904924 0.127771601081 0.221976563334 0.274745255709
b 0.304472357035 0.334537029266 0.252527624369 0.240635842085
d 0.234357476234 0.136041790247 0.35211956501 0.148968368769
g 0.0764719173312 0.21503379941 0.0809949859977 0.226476088166
t 0.229804322124 0.186615779996 0.0923812612891 0.109174437821
h 1.0 1.0 1.0 1.0
c 0.989741444588 0 0 0
Aa 0.407152026892 -0.318090081215 -0.233174204826 0.479162156582
Ab 0.700665593147 0.09991979599 -0.177172422409 0.421592265368
Ad 0.586996495724 -0.290852040052 -0.0327911414206 0.213325992227
Ag 0.100619658828 -0.0920176580548 -0.671023190022 0.395254284143
At 0.578475892544 -0.153576016426 -0.613897442818 0.0783529058099
as 0.0845070406795 0.047619048506 0.0886075943708 0.301369875669
bs 0.533333361149 0.151515156031 0.197183102369 0.0512820519507
ds 0.129310339689 0.0 0.10119047761 0.0
gs 0.0 0.407407402992 0.0 0.800000011921
ts 0.275862067938 0.25373134017 0.0 0.0
a 0.150859817863 0.127634674311 0.22084929049 0.272703051567
b 0.310892045498 0.328299939632 0.256379812956 0.241614282131
d 0.230279922485 0.130833998322 0.345677495003 0.141979113221
g 0.0718086659908 0.223655089736 0.0839518681169 0.226284503937
t 0.236159563065 0.189576283097 0.093141540885 0.117419049144
h 1.0 1.0 1.0 1.0
c 0.989741444588 0 0 0
Aa 0.407152026892 -0.318486064672 -0.233174204826 0.479162156582
Ab 0.72118806839 0.0918160751462 -0.168386399746 0.426594763994
Ad 0.590834498405 -0.307734102011 -0.038599088788 0.195696622133
Ag 0.0847552940249 -0.0748759284616 -0.65323984623 0.398126989603
At 0.60178399086 -0.146670714021 -0.608126819134 0.113210722804
as 0.0845070406795 0.047619048506 0.0886075943708 0.301369875669
bs 0.600000023842 0.121212124825 0.211267605424 0.0512820519507
ds 0.137931033969 0.0 0.095238097012 0.0
gs 0.0 0.425925940275 0.0 0.828571438789
ts 0.302325576544 0.26119402051 0.0 0.0344827584922
a 0.150264933705 0.12685008347 0.219037145376 0.270323723555
b 0.323489189148 0.32330301404 0.254727244377 0.243133693933
d 0.220533445477 0.123932085931 0.344124317169 0.138890177011
g 0.0678199827671 0.232463955879 0.0876728966832 0.222855523229
t 0.237892448902 0.19345086813 0.0944384038448 0.124796897173
h 1.0 1.0 1.0 1.0
c 0.989741444588 0 0 0
Aa 0.416638255119 -0.325398623943 -0.233174204826 0.479162156582
Ab 0.749640345573 0.0809203833342 -0.167616561055 0.433123171329
Ad 0.583255052567 -0.335505604744 -0.0369766280055 0.189949542284
Ag 0.0711382776499 -0.0623337328434 -0.630826592445 0.395301401615
At 0.616161227226 -0.142118677497 -0.598543345928 0.143481805921
as 0.0985915511847 0.0361445769668 0.0886075943708 0.305555552244
bs 0.699999988079 0.0909090936184 0.20000000298 0.078947365284
ds 0.130434781313 0.0 0.0958083868027 0.0
gs 0.0 0.462962955236 0.0150375943631 0.800000011921
ts 0.313953489065 0.268656730652 0.0 0.0689655169845
a 0.16755668819 0.127003118396 0.217926979065 0.268630176783
b 0.335590809584 0.319847047329 0.250155985355 0.246921941638
d 0.200917378068 0.11562230438 0.343689620495 0.137375950813
g 0.0633994936943 0.240033879876 0.0917349606752 0.215387448668
t 0.232535630465 0.197493642569 0.0964924693108 0.131684482098
h 1.0 1.0 1.0 1.0
c 0.979482829571 0 0 0
Aa 0.482064932585 -0.332453072071 -0.233174204826 0.479162156582
Ab 0.78371322155 0.0686749145389 -0.173274308443 0.442567020655
Ad 0.560920655727 -0.373225808144 -0.035318788141 0.187918052077
Ag 0.0599889457226 -0.0559948794544 -0.608950316906 0.383227735758
At 0.624392688274 -0.140714302659 -0.586991786957 0.169541954994
as 0.188405796885 0.0361445769668 0.0886075943708 0.314285725355
bs 0.800000011921 0.0606060624123 0.185714289546 0.105263158679
ds 0.113043479621 0.0 0.0958083868027 0.0
gs 0.0 0.480769217014 0.0303030312061 0.771428585052
ts 0.329411774874 0.268656730652 0.0 0.103448279202
a 0.193816974759 0.133383944631 0.219023242593 0.258783906698
b 0.345507115126 0.31618437171 0.245699480176 0.257131993771
d 0.179319873452 0.106764085591 0.339175641537 0.136598527431
g 0.0590796358883 0.244373947382 0.0955939143896 0.20758806169
t 0.222276389599 0.199293658137 0.100507721305 0.139897540212
h 1.0 1.0 1.0 1.0
c 0.968747138977 0 0 0
Aa 0.566935896873 -0.318649172783 -0.233174204826 0.456344127655
Ab 0.81800109148 0.0561876520514 -0.183260172606 0.45356297493
Ad 0.533172488213 -0.415327578783 -0.0432397387922 0.17885287106
Ag 0.0509818717837 -0.055697850883 -0.593234121799 0.360609233379
At 0.626437425613 -0.144259259105 -0.571464955807 0.189216956496
as 0.304347813129 0.0365853644907 0.0886075943708 0.271428585052
bs 0.933333337307 0.0 0.171428576112 0.131578952074
ds 0.0869565233588 0.0 0.0898203626275 0.0
gs 0.0 0.480769217014 0.0454545468092 0.714285731316
ts 0.329411774874 0.26119402051 0.0 0.126436784863
a 0.237488597631 0.150508612394 0.216012015939 0.256856262684
b 0.343232572079 0.310048282146 0.245073571801 0.268567323685
d 0.160018250346 0.0989335179329 0.331314057112 0.130935415626
g 0.0540756620467 0.244048550725 0.0995339155197 0.196733489633
t 0.205184921622 0.196461051702 0.108066432178 0.146907493472
h 1.0 1.0 1.0 1.0
c 0.957204520702 0 0 0
Aa 0.685930967331 -0.270358979702 -0.250435262918 0.445156008005
Ab 0.845876693726 0.0435089915991 -0.195616692305 0.464519023895
Ad 0.514457702637 -0.452576905489 -0.0646732896566 0.152522996068
Ag 0.043290052563 -0.0604440942407 -0.586942076683 0.329344123602
At 0.622433662415 -0.154643878341 -0.551222324371 0.202509820461
as 0.478260874748 0.0987654328346 0.0632911399007 0.257142871618
bs 1.0 0.0 0.157142862678 0.162162154913
ds 0.0614035092294 0.0 0.0778443142772 0.0
gs 0.0 0.480769217014 0.0454545468092 0.617647051811
ts 0.329411774874 0.242424249649 0.0 0.137931033969
a 0.256457597017 0.174238160253 0.213812634349 0.26140588522
b 0.344843685627 0.302994430065 0.246001631021 0.280600130558
d 0.154145404696 0.0933522731066 0.318578094244 0.12106500566
g 0.0513766855001 0.240244150162 0.102548792958 0.184573307633
t 0.193176612258 0.189171001315 0.119058847427 0.152355670929
h 1.0 1.0 1.0 1.0
c 0.944679498672 0 0 0
Aa 0.735539793968 -0.20915350318 -0.268792301416 0.445156008005
Ab 0.864146471024 0.0311378780752 -0.207887664437 0.475928515196
Ad 0.514454782009 -0.480171889067 -0.0956097468734 0.110859274864
Ag 0.0372902676463 -0.0696439296007 -0.587895095348 0.294009566307
At 0.612478733063 -0.173442214727 -0.523064017296 0.210699260235
as 0.550724625587 0.172839507461 0.0379746817052 0.257142871618
bs 1.0 0.0 0.142857149243 0.189189195633
ds 0.0614035092294 0.0 0.0598802380264 0.0
gs 0.0 0.461538463831 0.0454545468092 0.5
ts 0.317647069693 0.221374049783 0.0 0.151162788272
a 0.254312217236 0.189812317491 0.218425154686 0.268825888634
b 0.348595172167 0.300420403481 0.244572222233 0.290291905403
d 0.160680189729 0.0908857584 0.302430808544 0.109691336751
g 0.0504517480731 0.23730251193 0.103797309101 0.170809075236
t 0.185960665345 0.181579008698 0.130774527788 0.160381808877
h 1.0 1.0 1.0 1.0
c 0.931417703629 0 0 0
Aa 0.736923754215 -0.179416581988 -0.26723715663 0.456251680851
Ab 0.873877882957 0.0199884269387 -0.218132674694 0.489615529776
Ad 0.53751885891 -0.499245136976 -0.125913798809 0.0669529438019
Ag 0.0344327352941 -0.0824386551976 -0.590353727341 0.259291559458
At 0.600977599621 -0.198675349355 -0.490016669035 0.231935739517
as 0.550724625587 0.209876537323 0.0379746817052 0.260869562626
bs 1.0 0.0 0.128571435809 0.222222223878
ds 0.078947365284 0.0 0.0419161692262 0.0
gs 0.0 0.442307680845 0.0454545468092 0.411764711142
ts 0.305882364511 0.206106871367 0.021276595071 0.174418598413
a 0.250355541706 0.194027766585 0.224315792322 0.27471601963
b 0.349857926369 0.30171251297 0.240597128868 0.285195678473
d 0.163613855839 0.0944578722119 0.290212422609 0.111989557743
g 0.0507545508444 0.234268680215 0.104127235711 0.151088058949
t 0.185418128967 0.17553319037 0.14074742794 0.177010685205
h 1.0 1.0 1.0 1.0
c 0.917173624039 0 0 0
Aa 0.736425042152 -0.179416581988 -0.256008565426 0.48660364747
Ab 0.88175958395 0.0123128695413 -0.225577965379 0.50286257267
Ad 0.551687896252 -0.492042303085 -0.144152387977 0.0968971922994
Ag 0.0433428548276 -0.0975662246346 -0.589304089546 0.226949796081
At 0.60602003336 -0.222921207547 -0.458427965641 0.295719116926
as 0.550724625587 0.209876537323 0.0506329126656 0.308823525906
bs 1.0 0.0 0.114285714924 0.25
ds 0.0964912250638 0.0 0.0301204826683 0.0
gs 0.0 0.403846144676 0.0454545468092 0.29411765933
ts 0.309523820877 0.192307695746 0.0425531901419 0.244186043739
a 0.243061125278 0.19842851162 0.231646731496 0.267411917448
b 0.354925364256 0.291811794043 0.232609078288 0.236407741904
d 0.166624799371 0.117077209055 0.286192804575 0.168140098453
g 0.0511894710362 0.221338421106 0.103031814098 0.114090189338
t 0.184199243784 0.171344041824 0.146519571543 0.213950037956
h 1.0 1.0 1.0 1.0
c 0.90219271183 0 0 0
Aa 0.731533885002 -0.158965304494 -0.232498943806 0.566158235073
Ab 0.895955383778 0.00853345636278 -0.2306984514 0.512639164925
Ad 0.567557990551 -0.388097018003 -0.140666380525 0.364648789167
Ag 0.0549990162253 -0.111512593925 -0.584353744984 0.196225807071
At 0.611106216908 -0.222700372338 -0.431429445744 0.469289839268
as 0.558823525906 0.234567895532 0.0886075943708 0.432835817337
bs 1.0 0.0 0.114285714924 0.277777791023
ds 0.105263158679 0.0 0.0361445769668 0.145454540849
gs 0.0 0.384615391493 0.0465116277337 0.205882355571
ts 0.321428567171 0.192307695746 0.0638297870755 0.453488379717
a 0.229671269655 0.211551874876 0.229735985398 0.264966845512
b 0.365656882524 0.25579354167 0.221552237868 0.239298969507
d 0.170443549752 0.170551732183 0.296499937773 0.169957712293
g 0.0517744980752 0.190606087446 0.101061090827 0.105820849538
t 0.182453811169 0.171496763825 0.151150763035 0.219955608249
h 1.0 1.0 1.0 1.0
c 0.886757910252 0 0 0
Aa 0.712062478065 -0.0758104324341 -0.221315324306 0.566158235073
Ab 0.914029538631 0.00666225841269 -0.237068220973 0.521907567978
Ad 0.582536399364 -0.169371172786 -0.110519744456 0.373307585716
Ag 0.0650717094541 -0.121090553701 -0.577960371971 0.16753795743
At 0.612108767033 -0.16697140038 -0.403134018183 0.485301733017
as 0.529411792755 0.333333343267 0.101265825331 0.432835817337
bs 1.0 0.0 0.10000000149 0.305555552244
ds 0.122807018459 0.073619633913 0.0542168691754 0.154545456171
gs 0.0 0.372549027205 0.0542635656893 0.151515156031
ts 0.321428567171 0.230769231915 0.0851063802838 0.465116292238
a 0.22576135397 0.219557523727 0.219248667359 0.262936413288
b 0.374992668629 0.205511882901 0.20584961772 0.241300359368
d 0.173730790615 0.244739606977 0.320170104504 0.173036694527
g 0.0513152368367 0.152810186148 0.097390525043 0.0979948490858
t 0.174199953675 0.177380800247 0.157341077924 0.224731698632
h 1.0 1.0 1.0 1.0
c 0.870632052422 0 0 0
Aa 0.712062478065 0.0310478266329 -0.22103920579 0.564565122128
Ab 0.932435631752 0.0023364147637 -0.248426124454 0.52727240324
Ad 0.59828966856 0.0782037451863 -0.0565953962505 0.382852613926
Ag 0.0686591938138 -0.126348212361 -0.57345944643 0.135917633772
At 0.59946089983 -0.061593901366 -0.365134060383 0.496378719807
as 0.529411792755 0.469135791063 0.101265825331 0.432835817337
bs 1.0 0.0 0.0857142880559 0.305555552244
ds 0.141592919827 0.226993858814 0.0731707289815 0.163636356592
gs 0.0384615398943 0.360000014305 0.0620155036449 0.0303030312061
ts 0.309523820877 0.315384626389 0.106382980943 0.476744174957
a 0.223839357495 0.208368167281 0.205098435283 0.258388668299
b 0.386269539595 0.163144484162 0.186075225472 0.242329910398
d 0.17923681438 0.31948184967 0.351070314646 0.178938776255
g 0.0503030195832 0.122207708657 0.0922788232565 0.0918140783906
t 0.160351261497 0.18679779768 0.165477216244 0.228528559208
h 1.0 1.0 1.0 1.0
c 0.853932082653 0 0 0
Aa 0.712062478065 0.1007521227 -0.224447116256 0.555636286736
Ab 0.949016451836 -0.00550683075562 -0.266720890999 0.527769804001
Ad 0.615553200245 0.286366939545 0.00898464489728 0.396067261696
Ag 0.0637200400233 -0.130980655551 -0.571307420731 0.106272079051
At 0.567198395729 0.0532925128937 -0.317671239376 0.502303302288
as 0.529411792755 0.556962013245 0.0886075943708 0.424242436886
bs 1.0 0.0 0.0571428574622 0.333333343267
ds 0.150442481041 0.349693238735 0.115853659809 0.172727271914
gs 0.0 0.360000014305 0.0620155036449 0.0
ts 0.261904776096 0.40000000596 0.143884897232 0.488095223904
a 0.223659753799 0.18667408824 0.188569545746 0.252910166979
b 0.399533301592 0.135433226824 0.166835442185 0.241348877549
d 0.186040654778 0.380813837051 0.382170587778 0.187483936548
g 0.0489651598036 0.101564116776 0.0878610759974 0.0873074531555
t 0.141801118851 0.195514723659 0.174563348293 0.230949565768
h 1.0 1.0 1.0 1.0
c 0.83723205328 0 0 0
Aa 0.712062478065 0.125508338213 -0.237921059132 0.545736849308
Ab 0.964027583599 -0.0138504849747 -0.291104286909 0.525415897369
Ad 0.632082462311 0.43513700366 0.0688646733761 0.415734648705
Ag 0.0523617677391 -0.138835415244 -0.56959605217 0.0838218778372
At 0.51415425539 0.145603761077 -0.271439522505 0.506287753582
as 0.537313461304 0.582278490067 0.0759493634105 0.409090906382
bs 1.0 0.0 0.0289855077863 0.305555552244
ds 0.160714283586 0.444444447756 0.152439028025 0.192660555243
gs 0.0 0.340000003576 0.0620155036449 0.0
ts 0.202380955219 0.469230771065 0.17985612154 0.488095223904
a 0.224044471979 0.167371183634 0.161818519235 0.249053165317
b 0.415796130896 0.120408043265 0.154203519225 0.237801417708
d 0.189788863063 0.423298180103 0.412795066833 0.196837902069
g 0.0478331036866 0.0882462561131 0.0863911285996 0.0836378708482
t 0.122537434101 0.200676336884 0.184791758657 0.232669636607
h 1.0 1.0 1.0 1.0
c 0.820532083511 0 0 0
Aa 0.712062478065 0.125508338213 -0.295806080103 0.544372677803
Ab 0.980608642101 -0.0175168402493 -0.316740036011 0.524295032024
Ad 0.639998972416 0.528474032879 0.110900171101 0.442189335823
Ag 0.0414567887783 -0.152476042509 -0.568365216255 0.0704835802317
At 0.449997007847 0.20432382822 -0.238151744008 0.514820337296
as 0.537313461304 0.582278490067 0.0 0.409090906382
bs 1.0 0.0 0.0 0.314285725355
ds 0.169642850757 0.503105580807 0.17177914083 0.220183491707
gs 0.0 0.319999992847 0.0620155036449 0.0
ts 0.130952388048 0.511627912521 0.201438844204 0.5
a 0.223941907287 0.157624393702 0.141640469432 0.237530201674
b 0.436573624611 0.114186435938 0.146972462535 0.236024454236
d 0.18571819365 0.446813583374 0.433172672987 0.207677707076
g 0.0472923517227 0.0796260163188 0.086208820343 0.0810068100691
t 0.106473945081 0.201749563217 0.192005574703 0.237760812044
h 1.0 1.0 1.0 1.0
c 0.803832054138 0 0 0
Aa 0.712062478065 0.125508338213 -0.354147970676 0.531624615192
Ab 1.00198459625 -0.0145005555823 -0.338099360466 0.528862774372
Ad 0.630781531334 0.578011274338 0.131325721741 0.473295658827
Ag 0.036718018353 -0.171060070395 -0.569783627987 0.06442733109
At 0.389170438051 0.232697531581 -0.222021490335 0.532046020031
as 0.537313461304 0.582278490067 0.0 0.39393940568
bs 1.0 0.0 0.0 0.342857152224
ds 0.160714283586 0.534161508083 0.184049084783 0.24770642817
gs 0.0 0.270833343267 0.0625 0.0
ts 0.0595238097012 0.5390625 0.215827330947 0.523809552193
a 0.221016347408 0.153793722391 0.133088380098 0.221005320549
b 0.461872547865 0.11336440593 0.143550783396 0.235819980502
d 0.175099685788 0.457444638014 0.441901087761 0.218816921115
g 0.0471244305372 0.0741306766868 0.0856858119369 0.0784219130874
t 0.0948869809508 0.201266571879 0.195773944259 0.245935857296
h 1.0 1.0 1.0 1.0
c 0.78713208437 0 0 0
Aa 0.708003878593 0.125508338213 -0.384882062674 0.512096524239
Ab 1.02810168266 -0.00695356540382 -0.352016657591 0.540274381638
Ad 0.606864869595 0.598908245564 0.13630284369 0.507774710655
Ag 0.0368256345391 -0.191432327032 -0.576113283634 0.0621312186122
At 0.340786129236 0.242341354489 -0.21726731956 0.558515667915
as 0.537313461304 0.589743614197 0.0 0.369230777025
bs 1.0 0.0 0.0 0.371428579092
ds 0.133928567171 0.54658383131 0.184049084783 0.284403681755
gs 0.0 0.229166671634 0.0546875 0.0
ts 0.0 0.546875 0.210144922137 0.559523820877
a 0.217329159379 0.152507007122 0.133853822947 0.205643638968
b 0.485993146896 0.114620998502 0.142227426171 0.234082326293
d 0.164242833853 0.461151659489 0.441537320614 0.22973972559
g 0.0464028678834 0.070579200983 0.0840359702706 0.0752112865448
t 0.086031973362 0.201141148806 0.198345482349 0.255323022604
h 1.0 1.0 1.0 1.0
c 0.770432054996 0 0 0
Aa 0.703458607197 0.125508338213 -0.384858965874 0.498575985432
Ab 1.05297076702 0.00148272200022 -0.358506411314 0.554829359055
Ad 0.581827044487 0.606062293053 0.133477687836 0.546696841717
Ag 0.0328854098916 -0.20910474658 -0.587024509907 0.0617437437177
At 0.301000475883 0.245719447732 -0.214067429304 0.592550694942
as 0.530303001404 0.589743614197 0.0 0.353846162558
bs 1.0 0.0 0.0 0.40000000596
ds 0.116071425378 0.550000011921 0.184049084783 0.311926603317
gs 0.0 0.1875 0.046875 0.0
ts 0.0 0.546875 0.210144922137 0.602409660816
a 0.215067014098 0.151680722833 0.136636272073 0.193251535296
b 0.500342786312 0.115846768022 0.141780018806 0.218450784683
d 0.162129446864 0.461903780699 0.437750130892 0.254942238331
g 0.0445977896452 0.0685110539198 0.0818391293287 0.0684962198138
t 0.0778629556298 0.202057674527 0.2019944489 0.264859199524
h 1.0 1.0 1.0 1.0
c 0.753732085228 0 0 0
Aa 0.699496924877 0.125508338213 -0.376137346029 0.482878386974
Ab 1.06619083881 0.00846185628325 -0.360088318586 0.536109030247
Ad 0.576785027981 0.609129488468 0.129522949457 0.603197276592
Ag 0.016236487776 -0.219661429524 -0.598742365837 0.032422028482
At 0.258254021406 0.250053286552 -0.206363901496 0.619770526886
as 0.530303001404 0.589743614197 0.0 0.3125
bs 1.0 0.0 0.0 0.342857152224
ds 0.107142858207 0.556249976158 0.184049084783 0.366972476244
gs 0.0 0.166666671634 0.0314960628748 0.0
ts 0.0 0.5546875 0.211678832769 0.638554215431
a 0.219754949212 0.150779798627 0.137492850423 0.197480335832
b 0.433961868286 0.116564065218 0.142194181681 0.206177294254
d 0.186580374837 0.461073875427 0.434400767088 0.261258840561
g 0.0523823946714 0.0678024813533 0.080273039639 0.0632494017482
t 0.107320412993 0.203779786825 0.20563916862 0.271834135056
h 1.0 1.0 1.0 1.0
c 0.737341344357 0 0 0
Aa 0.687646865845 0.125508338213 -0.37287914753 0.492304384708
Ab 0.983159780502 0.0137298665941 -0.358277440071 0.511021375656
Ad 0.616574168205 0.610935688019 0.126731336117 0.613851547241
Ag 0.0648935586214 -0.221589237452 -0.60658955574 -0.00216307514347
At 0.37639054656 0.256326287985 -0.198053434491 0.631084501743
as 0.5 0.589743614197 0.0 0.328125
bs 1.0 0.0 0.0 0.285714298487
ds 0.144144147635 0.556249976158 0.177914112806 0.376146793365
gs 0.037037037313 0.166666671634 0.0158730167896 0.0
ts 0.0357142873108 0.559055089951 0.218978106976 0.650602400303
a 0.225831136107 0.149836033583 0.137286990881 0.206037998199
b 0.358434289694 0.116802744567 0.143733561039 0.189281493425
d 0.210459768772 0.4592628479 0.432972222567 0.273815453053
g 0.0599038898945 0.0682819336653 0.079721622169 0.0577398575842
t 0.145370915532 0.205816447735 0.206285595894 0.273125201464
h 1.0 1.0 1.0 1.0
c 0.722187638283 0 0 0
Aa 0.6737844944 0.125508338213 -0.37287914753 0.514694750309
Ab 0.874410271645 0.017345091328 -0.352950334549 0.477855592966
Ad 0.643169760704 0.611953377724 0.125951513648 0.63820540905
Ag 0.0974557176232 -0.215802118182 -0.608932435513 -0.0377768613398
At 0.482478231192 0.263372123241 -0.196039617062 0.637109220028
as 0.5 0.589743614197 0.0 0.359375
bs 0.864864885807 0.0285714287311 0.0 0.20000000298
ds 0.171171173453 0.556249976158 0.177914112806 0.403669714928
gs 0.185185179114 0.166666671634 0.0158730167896 0.0
ts 0.168674692512 0.566929161549 0.218978106976 0.666666686535
a 0.221914768219 0.147236824036 0.137250587344 0.19927509129
b 0.293582230806 0.116383574903 0.146460086107 0.171937778592
d 0.227928936481 0.458558022976 0.434859454632 0.300403386354
g 0.0687094777822 0.0697854533792 0.0796229988337 0.0532900616527
t 0.187864586711 0.208036124706 0.201806873083 0.27509367466
h 1.0 1.0 1.0 1.0
c 0.707652449608 0 0 0
Aa 0.627546727657 0.119312487543 -0.37287914753 0.500582456589
Ab 0.749090313911 0.0171877406538 -0.34467408061 0.43650072813
Ad 0.639159977436 0.612690329552 0.127955526114 0.67883425951
Ag 0.118377186358 -0.204939052463 -0.60935485363 -0.0722243562341
At 0.555205464363 0.269434779882 -0.205457419157 0.640610039234
as 0.421875 0.589743614197 0.0 0.34375
bs 0.540540516376 0.0285714287311 0.0 0.0571428574622
ds 0.171171173453 0.556249976158 0.184049084783 0.440366983414
gs 0.25925925374 0.191489368677 0.01600000076 0.0
ts 0.253012061119 0.574803173542 0.211678832769 0.675000011921
a 0.104698732495 0.14104296267 0.137571021914 0.197156354785
b 0.287126600742 0.115347877145 0.150085777044 0.153592422605
d 0.25606533885 0.461084425449 0.43977662921 0.331662237644
g 0.090226881206 0.0721409544349 0.0789830386639 0.0491006188095
t 0.261882424355 0.210383802652 0.193583548069 0.268488377333
h 1.0 1.0 1.0 1.0
c 0.693117260933 0 0 0
Aa 0.188581168652 0.0995844677091 -0.37287914753 0.496261298656
Ab 0.6267131567 0.0122426748276 -0.335066556931 0.38782030344
Ad 0.576990544796 0.614013493061 0.131826028228 0.722146511078
Ag 0.12397570163 -0.191585034132 -0.613872289658 -0.107462517917
At 0.586746096611 0.273245364428 -0.224537670612 0.630375981331
as 0.0 0.564102590084 0.0 0.328125
bs 0.189189195633 0.0 0.0 0.0
ds 0.108108110726 0.556249976158 0.184049084783 0.477064222097
gs 0.25925925374 0.234042555094 0.00800000037998 0.0
ts 0.289156615734 0.579365074635 0.198529407382 0.666666686535
a 0.115050069988 0.133327096701 0.139305710793 0.209219038486
b 0.294731378555 0.113821111619 0.154268428683 0.14458553493
d 0.249387145042 0.466039270163 0.444673508406 0.350729376078
g 0.0868286192417 0.0751114338636 0.0770447179675 0.0469988957047
t 0.254002809525 0.211701080203 0.1847076267 0.248467162251
h 1.0 1.0 1.0 1.0
c 0.67734503746 0 0 0
Aa 0.199366167188 0.0717404410243 -0.369427859783 0.501219034195
Ab 0.607905626297 0.00304482970387 -0.32511973381 0.340742707253
Ad 0.53535336256 0.61524450779 0.134644478559 0.725589990616
Ag 0.0771421715617 -0.177471920848 -0.626653909683 -0.147294491529
At 0.5433177948 0.272545099258 -0.246911928058 0.575886845589
as 0.0 0.525641024113 0.0 0.34375
bs 0.162162154913 0.0 0.0140845067799 0.0
ds 0.0720720738173 0.556249976158 0.184049084783 0.477064222097
gs 0.111111111939 0.255319148302 0.0 0.0
ts 0.240963861346 0.579365074635 0.183823525906 0.589743614197
a 0.127599611878 0.132962539792 0.143551558256 0.195620700717
b 0.301388680935 0.113047212362 0.15954041481 0.215157136321
d 0.238559991121 0.466285616159 0.44327583909 0.333884358406
g 0.0841127261519 0.0785679519176 0.0746015235782 0.0678064450622
t 0.248338997364 0.209136679769 0.179030671716 0.187531352043
h 1.0 1.0 1.0 1.0
c 0.660645008087 0 0 0
Aa 0.218527168036 0.0644053071737 -0.361785054207 0.264393180609
Ab 0.591804742813 -0.00606411648914 -0.315922260284 0.30573412776
Ad 0.4902754426 0.60932803154 0.127881109715 0.496574431658
Ag 0.037539511919 -0.164078563452 -0.646045267582 -0.195750638843
At 0.507722735405 0.261106222868 -0.265865534544 0.246052265167
as 0.0 0.519480526447 0.0 0.0
bs 0.108108110726 0.0 0.0285714287311 0.0
ds 0.0360360369086 0.559748411179 0.184049084783 0.266055047512
gs 0.0 0.27659574151 0.0 0.0
ts 0.204819276929 0.571428596973 0.169117644429 0.168831169605
a 0.140880599618 0.137763887644 0.154105633497 0.199695587158
b 0.307292819023 0.116954825819 0.167373746634 0.220661252737
d 0.222819894552 0.458878576756 0.431486099958 0.315840989351
g 0.0827083513141 0.0841356292367 0.0730310380459 0.0742267891765
t 0.246298328042 0.202267080545 0.174003466964 0.189575389028
h 1.0 1.0 1.0 1.0
c 0.643945038319 0 0 0
Aa 0.243290767074 0.061243571341 -0.343187779188 0.264393180609
Ab 0.581992030144 -0.00987365748733 -0.30731895566 0.307750791311
Ad 0.442393541336 0.583805978298 0.10396053642 0.463493198156
Ag 0.011988944374 -0.152911841869 -0.667498826981 -0.165414631367
At 0.48590105772 0.228033393621 -0.290448367596 0.241806671023
as 0.0 0.519480526447 0.0 0.0
bs 0.0810810774565 0.0 0.0428571440279 0.0
ds 0.0 0.54088050127 0.165644168854 0.238532111049
gs 0.0 0.319148927927 0.0 0.0
ts 0.168674692512 0.547619044781 0.155555561185 0.168831169605
a 0.152683705091 0.146662726998 0.164287462831 0.203212603927
b 0.312355160713 0.129452750087 0.179097354412 0.227256834507
d 0.205399006605 0.438751012087 0.414509028196 0.293147176504
g 0.0829213932157 0.0938712060452 0.0738604515791 0.0848388522863
t 0.246640726924 0.191262304783 0.168245717883 0.191544532776
h 1.0 1.0 1.0 1.0
c 0.627245008945 0 0 0
Aa 0.267055571079 0.0484762713313 -0.338055580854 0.264393180609
Ab 0.577911615372 -0.00573216937482 -0.300570815802 0.312959522009
Ad 0.395861238241 0.52437466383 0.0638740211725 0.423528283834
Ag 0.00192947301548 -0.145311057568 -0.685248017311 -0.114962667227
At 0.475327700377 0.163785919547 -0.327715963125 0.238712310791
as 0.0 0.506493508816 0.0 0.0
bs 0.0810810774565 0.0 0.0571428574622 0.0
ds 0.0 0.506329119205 0.14110429585 0.201834857464
gs 0.0 0.319148927927 0.0 0.0
ts 0.158536583185 0.492063492537 0.126865670085 0.168831169605
a 0.16571366787 0.172526285052 0.174498423934 0.205314859748
b 0.3141258955 0.150841236115 0.187819808722 0.232579901814
d 0.188836470246 0.394341975451 0.408074587584 0.272922545671
g 0.0834712684155 0.108091078699 0.0744855925441 0.0988815873861
t 0.247852683067 0.174199447036 0.155121594667 0.190301120281
h 1.0 1.0 1.0 1.0
c 0.610545039177 0 0 0
Aa 0.299013257027 0.0611303038895 -0.328351527452 0.264393180609
Ab 0.576758682728 0.00279510719702 -0.296401649714 0.318544983864
Ad 0.355740815401 0.420148044825 0.0405964851379 0.388012230396
Ag 0.00119191862177 -0.141935110092 -0.698070764542 -0.0529117584229
At 0.473848551512 0.0653218105435 -0.379470825195 0.231414154172
as 0.0 0.513157904148 0.0120481923223 0.0
bs 0.0285714287311 0.0 0.0571428574622 0.0
ds 0.0 0.443037986755 0.12962962687 0.174311921
gs 0.0 0.340425521135 0.0 0.0
ts 0.158536583185 0.403225809336 0.0895522385836 0.157894730568
a 0.177742168307 0.188486546278 0.178179219365 0.206536948681
b 0.311747789383 0.184522464871 0.178009137511 0.235790044069
d 0.176951482892 0.337568819523 0.444323301315 0.258777588606
g 0.0836745947599 0.130431577563 0.0689340084791 0.11353430897
t 0.249883979559 0.158990576863 0.130554333329 0.185361117125
h 1.0 1.0 1.0 1.0
c 0.593845009804 0 0 0
Aa 0.329788923264 0.0172660313547 -0.295520842075 0.264393180609
Ab 0.57380181551 0.0080349277705 -0.295935571194 0.321920901537
Ad 0.327852636576 0.270348012447 0.101321198046 0.362322062254
Ag 0.00259209075011 -0.142631560564 -0.707944393158 0.00452255643904
At 0.477736860514 -0.0566429160535 -0.430586576462 0.217414081097
as 0.0151515156031 0.466666668653 0.048192769289 0.0
bs 0.0285714287311 0.0277777779847 0.0571428574622 0.0
ds 0.0 0.348101258278 0.166666671634 0.146788984537
gs 0.0 0.347826093435 0.0 0.0
ts 0.170731708407 0.306451618671 0.0522388070822 0.146666660905
a 0.182610869408 0.184402868152 0.164000019431 0.207926213741
b 0.307194471359 0.226100713015 0.148511528969 0.237720608711
d 0.171625971794 0.278377503157 0.527183353901 0.250674933195
g 0.0839374363422 0.160161182284 0.0567914694548 0.125554010272
t 0.254631251097 0.150957718492 0.103513650596 0.17812423408
h 1.0 1.0 1.0 1.0
c 0.577343821526 0 0 0
Aa 0.340066671371 -0.0849829092622 -0.25471585989 0.264393180609
Ab 0.565953493118 0.00355137186125 -0.297799617052 0.322550803423
Ad 0.313123077154 0.0938835889101 0.252401918173 0.345594853163
Ag 0.00249576033093 -0.146193280816 -0.715276658535 0.0453145727515
At 0.484451770782 -0.171895250678 -0.454562157393 0.19720697403
as 0.0303030312061 0.324324309826 0.096385538578 0.0
bs 0.0 0.0 0.0571428574622 0.0
ds 0.0 0.234177216887 0.25925925374 0.12962962687
gs 0.0 0.326086968184 0.0 0.023809524253
ts 0.170731708407 0.219512194395 0.0298507455736 0.119999997318
a 0.183920323849 0.163768351078 0.132692918181 0.209964677691
b 0.301529407501 0.260419756174 0.116710118949 0.23955821991
d 0.170037090778 0.23470415175 0.619701743126 0.246805757284
g 0.0843039676547 0.188491478562 0.0444143377244 0.133367851377
t 0.260209232569 0.152616277337 0.0864808633924 0.170303493738
h 1.0 1.0 1.0 1.0
c 0.561439096928 0 0 0
Aa 0.340066671371 -0.212853863835 -0.246197983623 0.264393180609
Ab 0.554766654968 -0.0114099318162 -0.301937192678 0.321658015251
Ad 0.305980622768 -0.056563064456 0.423137009144 0.334602236748
Ag 0.00128500233404 -0.151792109013 -0.721522510052 0.0672981142998
At 0.490759670734 -0.243482992053 -0.432125717402 0.173470512033
as 0.0303030312061 0.164383560419 0.108433738351 0.0
bs 0.0 0.0 0.0571428574622 0.0
ds 0.0 0.139240503311 0.364197522402 0.12037037313
gs 0.0 0.326086968184 0.0 0.095238097012
ts 0.18292683363 0.154471546412 0.0526315793395 0.0799999982119
a 0.185286089778 0.161595568061 0.110230498016 0.212480053306
b 0.29825887084 0.266802579165 0.0921772420406 0.241635337472
d 0.168042436242 0.216600686312 0.685896933079 0.245103046298
g 0.0850723907351 0.199515655637 0.035173766315 0.13731610775
t 0.263340204954 0.155485510826 0.0765215456486 0.163465440273
h 1.0 1.0 1.0 1.0
c 0.545534312725 0 0 0
Aa 0.340066671371 -0.25026127696 -0.231217175722 0.264393180609
Ab 0.546817243099 -0.0325006656349 -0.308895230293 0.320235460997
Ad 0.297642827034 -0.123030900955 0.562739908695 0.326423734426
Ag 0.00201250240207 -0.158713743091 -0.727300107479 0.0747965052724
At 0.492741048336 -0.267000794411 -0.389735221863 0.150500968099
as 0.0303030312061 0.109589040279 0.132530122995 0.0
bs 0.0 0.0 0.0428571440279 0.0
ds 0.0 0.0955414026976 0.450617283583 0.111111111939
gs 0.0 0.304347813129 0.0 0.095238097012
ts 0.18292683363 0.139344260097 0.0827067643404 0.0540540553629
a 0.185806453228 0.166073963046 0.0949533209205 0.214951142669
b 0.302375555038 0.257071793079 0.0768481940031 0.243115901947
d 0.163416028023 0.223860085011 0.728262364864 0.244012206793
g 0.0867583304644 0.197927802801 0.0294524710625 0.138924345374
t 0.261643648148 0.155066341162 0.0704836249352 0.158996418118
h 1.0 1.0 1.0 1.0
c 0.529629528522 0 0 0
Aa 0.340066671371 -0.243142947555 -0.226405918598 0.264393180609
Ab 0.551552534103 -0.0533900633454 -0.318282425404 0.317866802216
Ad 0.284300535917 -0.113467857242 0.658371806145 0.319464981556
Ag 0.0093170683831 -0.166937708855 -0.734794378281 0.0748317688704
At 0.488716065884 -0.272926956415 -0.355827838182 0.133440762758
as 0.03125 0.123287670314 0.132530122995 0.0
bs 0.0 0.0 0.0285714287311 0.0
ds 0.0 0.0955414026976 0.50931674242 0.111111111939
gs 0.0 0.282608687878 0.0 0.095238097012
ts 0.18292683363 0.139344260097 0.105263158679 0.0270270276815
a 0.184452697635 0.172071486712 0.0862280800939 0.206430241466
b 0.314996540546 0.244748964906 0.0680637583137 0.256823539734
d 0.157309904695 0.242898598313 0.753978490829 0.23530125618
g 0.0895148739219 0.191318705678 0.0260074883699 0.151763945818
t 0.253725975752 0.14896222949 0.0657221600413 0.149681001902
h 1.0 1.0 1.0 1.0
c 0.513923585415 0 0 0
Aa 0.340066671371 -0.222803905606 -0.226405918598 0.220522671938
Ab 0.572487473488 -0.069791957736 -0.329138696194 0.315384209156
Ad 0.270937740803 -0.07308781147 0.71530431509 0.277373582125
Ag 0.0260768663138 -0.17675536871 -0.74695622921 0.0869179815054
At 0.478546619415 -0.285436660051 -0.344342797995 0.0809160470963
as 0.03125 0.150684937835 0.132530122995 0.0
bs 0.0555555559695 0.0 0.0142857143655 0.0
ds 0.0 0.121019110084 0.54088050127 0.074074074626
gs 0.0 0.260869562626 0.0 0.119047619402
ts 0.170731708407 0.122950822115 0.113636367023 0.0
a 0.187132924795 0.175352051854 0.0822719112039 0.207846552134
b 0.340126544237 0.234842866659 0.0635529756546 0.254287928343
d 0.140909805894 0.266429275274 0.768555402756 0.235678091645
g 0.0919410511851 0.183564603329 0.0238883178681 0.157570794225
t 0.239889681339 0.139811187983 0.0617313832045 0.144616618752
h 1.0 1.0 1.0 1.0
c 0.498615264893 0 0 0
Aa 0.342099279165 -0.207194447517 -0.226405918598 0.220522671938
Ab 0.601589620113 -0.0803279057145 -0.33852159977 0.308105617762
Ad 0.218890294433 -0.0255233291537 0.744017660618 0.27509906888
Ag 0.0334585718811 -0.187316358089 -0.763471961021 0.100255593657
At 0.449960649014 -0.305563360453 -0.351151525974 0.0629980564117
as 0.03125 0.164383560419 0.132530122995 0.0
bs 0.138888895512 0.0 0.0 0.0
ds 0.0 0.153846159577 0.56329113245 0.0648148134351
gs 0.0 0.244444444776 0.0 0.166666671634
ts 0.134146347642 0.106557376683 0.113636367023 0.0
a 0.216002047062 0.172829777002 0.0809062570333 0.215544193983
b 0.349723279476 0.229246139526 0.0619369260967 0.249242171645
d 0.125085830688 0.289707303047 0.775810480118 0.226875811815
g 0.092808842659 0.17658868432 0.02259725146 0.162148490548
t 0.216380015016 0.131628081203 0.0587490834296 0.146189332008
h 1.0 1.0 1.0 1.0
c 0.484081596136 0 0 0
Aa 0.42150452733 -0.207194447517 -0.226405918598 0.236852899194
Ab 0.630771160126 -0.0845109820366 -0.342438369989 0.299938082695
Ad 0.184254735708 0.0171464141458 0.755367636681 0.259104758501
Ag 0.0546359866858 -0.197850137949 -0.780332386494 0.113229468465
At 0.422263801098 -0.325464487076 -0.365386933088 0.0682322308421
as 0.142857149243 0.164383560419 0.132530122995 0.0
bs 0.222222223878 0.0 0.0 0.0
ds 0.0 0.185897439718 0.569620251656 0.0555555559695
gs 0.0689655169845 0.222222223878 0.0 0.190476194024
ts 0.0975609719753 0.0909090936184 0.0916030555964 0.0
a 0.259244471788 0.173517495394 0.0806190893054 0.221108064055
b 0.341535419226 0.226860255003 0.0624703839421 0.247493237257
d 0.113520137966 0.304564893246 0.777282774448 0.208484247327
g 0.091298289597 0.169108882546 0.0219739284366 0.167722478509
t 0.194401696324 0.12594845891 0.0576538033783 0.155191987753
h 1.0 1.0 1.0 1.0
c 0.470610558987 0 0 0
Aa 0.535155951977 -0.196692854166 -0.226405918598 0.245142295957
Ab 0.654882192612 -0.0802777037024 -0.337169647217 0.294101059437
Ad 0.17651937902 0.0476437360048 0.75773525238 0.219610974193
Ag 0.0819090977311 -0.207869723439 -0.790936112404 0.125128984451
At 0.410146534443 -0.335843265057 -0.372015833855 0.0914070084691
as 0.317460328341 0.178082197905 0.132530122995 0.0
bs 0.277777791023 0.0 0.0 0.0
ds 0.0 0.205128207803 0.569620251656 0.00934579409659
gs 0.172413796186 0.20000000298 0.0 0.214285716414
ts 0.0864197537303 0.0826446264982 0.0916030555964 0.0133333336562
a 0.29087933898 0.183621764183 0.0804957076907 0.225637704134
b 0.326811283827 0.226797714829 0.064428627491 0.247798934579
d 0.110821671784 0.306051373482 0.775927066803 0.184383735061
g 0.0894864276052 0.161172792315 0.0219002775848 0.173994511366
t 0.182001262903 0.12235635519 0.0572483278811 0.168185114861
h 1.0 1.0 1.0 1.0
c 0.458454251289 0 0 0
Aa 0.620857000351 -0.159888938069 -0.226405918598 0.250110328197
Ab 0.671441137791 -0.0681744068861 -0.323099762201 0.290798068047
Ad 0.201768815517 0.0619812384248 0.75764220953 0.162421226501
Ag 0.108901299536 -0.21652135253 -0.791729032993 0.137234166265
At 0.417218506336 -0.336186558008 -0.374415874481 0.122486181557
as 0.467741936445 0.232876718044 0.132530122995 0.0
bs 0.333333343267 0.0 0.0289855077863 0.0
ds 0.0 0.214285716414 0.569620251656 0.0
gs 0.275862067938 0.177777782083 0.0 0.268292695284
ts 0.0864197537303 0.0826446264982 0.0839694663882 0.0533333346248
a 0.308922767639 0.196869626641 0.0794838219881 0.23812443018
b 0.311055868864 0.230118706822 0.0667807906866 0.244678482413
d 0.116185493767 0.29694467783 0.773201048374 0.160946965218
g 0.0876427590847 0.155314967036 0.0222154092044 0.178450390697
t 0.176193088293 0.12075202167 0.0583189278841 0.177799746394
h 1.0 1.0 1.0 1.0
c 0.447077453136 0 0 0
Aa 0.678511142731 -0.118831478059 -0.23074811697 0.277363151312
Ab 0.681499660015 -0.0510582625866 -0.306375294924 0.289154976606
Ad 0.253813117743 0.0596653409302 0.75726556778 0.107241995633
Ag 0.131377264857 -0.221796870232 -0.78437256813 0.152076736093
At 0.434650093317 -0.331115782261 -0.365217328072 0.150490343571
as 0.56451612711 0.291666656733 0.132530122995 0.046875
bs 0.361111104488 0.0 0.0434782616794 0.0
ds 0.0 0.214285716414 0.569620251656 0.0
gs 0.344827592373 0.177777782083 0.0 0.292682915926
ts 0.111111111939 0.0909090936184 0.0916030555964 0.0945945978165
a 0.308437466621 0.208323955536 0.077388368547 0.247967258096
b 0.300923764706 0.235451191664 0.0686347037554 0.240119084716
d 0.129491358995 0.283271282911 0.771718502045 0.147250562906
g 0.0867686867714 0.15246976912 0.0227210577577 0.183696940541
t 0.174378722906 0.120483800769 0.0595373883843 0.180966168642
h 1.0 1.0 1.0 1.0
c 0.436683833599 0 0 0
Aa 0.697952866554 -0.0875808894634 -0.241157889366 0.302087813616
Ab 0.687242209911 -0.0344192236662 -0.293289840221 0.288120150566
Ad 0.321026533842 0.0458824336529 0.757625281811 0.0757504403591
Ag 0.147148743272 -0.223136365414 -0.773405075073 0.171795427799
At 0.450279206038 -0.325391441584 -0.355043828487 0.165290892124
as 0.606557369232 0.333333343267 0.120481930673 0.078125
bs 0.361111104488 0.0 0.0724637657404 0.0
ds 0.0 0.202614381909 0.569620251656 0.0
gs 0.413793116808 0.177777782083 0.0 0.341463416815
ts 0.135802462697 0.0916666686535 0.0992366448045 0.109589040279
a 0.299487888813 0.21282248199 0.0770591720939 0.254052221775
b 0.294204324484 0.240723818541 0.0693935453892 0.234772443771
d 0.148724034429 0.272156327963 0.769792854786 0.144067600369
g 0.0858571007848 0.152777373791 0.0231507699937 0.189988508821
t 0.17172665894 0.121519990265 0.0606036670506 0.177119240165
h 1.0 1.0 1.0 1.0
c 0.426570266485 0 0 0
Aa 0.697952866554 -0.0779418498278 -0.241157889366 0.321868091822
Ab 0.690222680569 -0.0244402848184 -0.286663174629 0.287592202425
Ad 0.393954783678 0.0288590881974 0.758391618729 0.0755114108324
Ag 0.155349820852 -0.221900314093 -0.763416826725 0.195672407746
At 0.456411331892 -0.321311622858 -0.345483332872 0.165210843086
as 0.606557369232 0.347222208977 0.120481930673 0.109375
bs 0.40000000596 0.0 0.0724637657404 0.0
ds 0.0504201687872 0.196078434587 0.575949370861 0.0
gs 0.413793116808 0.162790700793 0.0 0.375
ts 0.135802462697 0.10000000149 0.107692308724 0.109589040279
