eeg 878.419494629 843.874938965 809.330322266 871.839599609
eeg 873.484558105 845.519897461 810.975280762 868.549621582
eeg 871.839599609 838.940002441 812.620300293 871.839599609
eeg 883.354431152 838.940002441 817.555236816 875.129516602
eeg 870.194580078 838.940002441 815.91027832 878.419494629
eeg 876.774536133 843.874938965 809.330322266 875.129516602
eeg 883.354431152 845.519897461 812.620300293 858.679748535
eeg 881.709472656 840.584960938 810.975280762 865.259643555
eeg 871.839599609 843.874938965 812.620300293 876.774536133
eeg 875.129516602 847.164855957 814.265258789 875.129516602
eeg 866.904663086 845.519897461 810.975280762 870.194580078
eeg 880.064453125 848.809875488 812.620300293 870.194580078
eeg 880.064453125 845.519897461 812.620300293 870.194580078
a 0.351124882698 0.299477308989 0.444698572159 0.156449258327
b 0.233129009604 0.120258018374 0.13363109529 0.333349585533
d 0.0896935909986 0.357366919518 0.212747618556 0.141699030995
g 0.13215431571 0.0461731143296 0.0399029999971 0.145719215274
t 0.19389821589 0.176724642515 0.169019713998 0.222782894969
h 1.0 1.0 1.0 1.0
c 0.596222639084
Aa 0.827996551991 0.36652597785 0.444012731314 0.404342502356
Ab 0.650131285191 -0.0297238696367 -0.0781455039978 0.732868909836
Ad 0.2352963835 0.443276435137 0.123811684549 0.361335873604
Ag 0.403616279364 -0.445448756218 -0.60304749012 0.373485833406
At 0.570108771324 0.137459203601 0.0238843522966 0.557850837708
as 0.73469388485 0.566666662693 0.689655184746 0.159999996424
bs 0.741935491562 0.351351350546 0.346153855324 0.921052634716
ds 0.0134228188545 0.2421875 0.0268456377089 0.11920529604
gs 0.600000023842 0.0 0.0 0.581395328045
ts 0.252747267485 0.140000000596 0.0877192988992 0.381443291903
eeg 865.259643555 843.874938965 810.975280762 875.129516602
eeg 883.354431152 847.164855957 817.555236816 870.194580078
eeg 870.194580078 842.229919434 815.91027832 870.194580078
eeg 875.129516602 843.874938965 814.265258789 873.484558105
eeg 873.484558105 843.874938965 814.265258789 866.904663086
eeg 847.164855957 843.874938965 812.620300293 868.549621582
eeg 845.519897461 847.164855957 815.91027832 868.549621582
eeg 835.650024414 843.874938965 810.975280762 858.679748535
eeg 825.780151367 840.584960938 814.265258789 870.194580078
eeg 820.845214844 838.940002441 814.265258789 860.324707031
eeg 832.360046387 837.29498291 819.200195312 866.904663086
eeg 838.940002441 838.940002441 817.555236816 861.969726562
eeg 840.584960938 842.229919434 819.200195312 866.904663086
eeg 842.229919434 838.940002441 814.265258789 873.484558105
eeg 850.454833984 843.874938965 812.620300293 853.744812012
eeg 855.389770508 843.874938965 817.555236816 860.324707031
eeg 861.969726562 847.164855957 814.265258789 852.09979248
eeg 866.904663086 847.164855957 820.845214844 865.259643555
eeg 860.324707031 847.164855957 815.91027832 871.839599609
eeg 863.614685059 847.164855957 817.555236816 871.839599609
eeg 868.549621582 848.809875488 820.845214844 866.904663086
eeg 852.09979248 847.164855957 820.845214844 863.614685059
a 0.341900855303 0.254913061857 0.386836588383 0.149885326624
b 0.233894571662 0.105654202402 0.118628717959 0.26023888588
d 0.0902169570327 0.392528057098 0.287388861179 0.208505988121
g 0.134406790137 0.0392907597125 0.033667512238 0.120944872499
t 0.199580818415 0.207613915205 0.173478320241 0.260424911976
h 1.0 1.0 1.0 1.0
c 0.606674432755
Aa 0.821671903133 0.372451007366 0.456554412842 0.474902331829
Ab 0.656791865826 -0.0100542921573 -0.0567833147943 0.714515328407
Ad 0.243059873581 0.559929609299 0.327496767044 0.618261694908
Ag 0.416192919016 -0.43965062499 -0.603762149811 0.381730645895
At 0.587890505791 0.283315360546 0.108272075653 0.714825749397
as 0.714285731316 0.583333313465 0.706896543503 0.300000011921
bs 0.741935491562 0.405405402184 0.423076927662 0.864864885807
ds 0.0201342273504 0.3359375 0.162162154913 0.29139071703
gs 0.647058844566 0.0 0.0 0.604651153088
ts 0.266666680574 0.282828271389 0.168141588569 0.547368407249
eeg 857.034729004 845.519897461 822.49017334 857.034729004
eeg 861.969726562 845.519897461 814.265258789 857.034729004
eeg 866.904663086 850.454833984 815.91027832 842.229919434
eeg 871.839599609 852.09979248 820.845214844 847.164855957
eeg 865.259643555 850.454833984 820.845214844 857.034729004
eeg 861.969726562 853.744812012 822.49017334 837.29498291
eeg 863.614685059 855.389770508 825.780151367 834.005004883
eeg 855.389770508 855.389770508 824.135131836 837.29498291
eeg 850.454833984 858.679748535 830.715087891 834.005004883
eeg 848.809875488 858.679748535 832.360046387 850.454833984
eeg 848.809875488 860.324707031 837.29498291 842.229919434
eeg 837.29498291 857.034729004 845.519897461 845.519897461
eeg 829.070068359 850.454833984 852.09979248 850.454833984
eeg 819.200195312 863.614685059 857.034729004 850.454833984
eeg 806.040344238 876.774536133 845.519897461 834.005004883
eeg 812.620300293 886.64440918 850.454833984 829.070068359
eeg 761.625915527 888.289367676 847.164855957 809.330322266
eeg 756.690979004 889.934387207 838.940002441 801.105407715
eeg 748.466064453 899.804260254 843.874938965 779.720703125
eeg 755.045959473 908.029174805 843.874938965 797.815490723
eeg 755.045959473 914.609069824 843.874938965 783.010620117
eeg 748.466064453 912.964111328 842.229919434 789.590576172
a 0.332371532917 0.218876451254 0.314208626747 0.118439801037
b 0.233904823661 0.0914988666773 0.0979459062219 0.185794517398
d 0.0903036147356 0.419393926859 0.382215231657 0.301100671291
g 0.136228322983 0.0331983491778 0.0272105615586 0.0932312533259
t 0.207191705704 0.237032413483 0.178419679403 0.301433771849
h 1.0 1.0 1.0 1.0
c 0.61756592989
Aa 0.814268290997 0.382543474436 0.465618133545 0.496721386909
Ab 0.661683619022 0.00376015692018 -0.040613707155 0.692256629467
Ad 0.248349577188 0.664966583252 0.550707995892 0.901935458183
Ag 0.426911860704 -0.436539083719 -0.596862494946 0.392785251141
At 0.60901683569 0.417152166367 0.219842761755 0.902415633202
as 0.693877577782 0.593220353127 0.72413790226 0.340000003576
bs 0.774193525314 0.432432442904 0.5 0.810810804367
ds 0.0268456377089 0.4140625 0.310810804367 0.476821184158
gs 0.676470577717 0.0 0.0 0.62790697813
ts 0.288888901472 0.41414141655 0.265486717224 0.747368395329
eeg 759.980895996 914.609069824 837.29498291 771.495788574
eeg 763.270874023 912.964111328 838.940002441 768.205810547
eeg 779.720703125 917.899047852 840.584960938 761.625915527
eeg 769.850830078 919.544006348 843.874938965 755.045959473
eeg 769.850830078 921.188964844 837.29498291 766.560852051
eeg 799.460449219 917.899047852 830.715087891 764.91583252
eeg 797.815490723 914.609069824 838.940002441 789.590576172
eeg 778.075683594 909.674133301 835.650024414 763.270874023
eeg 779.720703125 919.544006348 834.005004883 758.3359375
eeg 789.590576172 921.188964844 827.425109863 779.720703125
eeg 809.330322266 917.899047852 824.135131836 781.365661621
eeg 804.395385742 912.964111328 829.070068359 787.945556641
eeg 804.395385742 911.319091797 822.49017334 787.945556641
eeg 812.620300293 914.609069824 820.845214844 791.235534668
eeg 807.68536377 906.384155273 819.200195312 799.460449219
eeg 824.135131836 899.804260254 809.330322266 809.330322266
eeg 824.135131836 893.224304199 809.330322266 802.750427246
eeg 830.715087891 886.64440918 807.68536377 812.620300293
eeg 853.744812012 883.354431152 804.395385742 827.425109863
eeg 860.324707031 880.064453125 804.395385742 837.29498291
eeg 876.774536133 871.839599609 801.105407715 850.454833984
eeg 873.484558105 866.904663086 802.750427246 857.034729004
a 0.323861151934 0.18468990922 0.246264457703 0.114947393537
b 0.234422937036 0.0793042033911 0.0774037614465 0.174644172192
d 0.0894693881273 0.443461924791 0.475594609976 0.307019203901
g 0.13731405139 0.0280812550336 0.0216907598078 0.0937710106373
t 0.214932456613 0.264462709427 0.179046407342 0.309618234634
h 1.0 1.0 1.0 1.0
c 0.629091441631
Aa 0.806672632694 0.382543474436 0.472906798124 0.496721386909
Ab 0.666313886642 0.0153965158388 -0.0297328885645 0.678376376629
Ad 0.247988238931 0.762956678867 0.758741974831 0.923387765884
Ag 0.434028744698 -0.435483187437 -0.582220196724 0.408290863037
At 0.628615796566 0.538464725018 0.334470659494 0.927048802376
as 0.673469364643 0.593220353127 0.741379320621 0.340000003576
bs 0.774193525314 0.472222208977 0.538461565971 0.783783793449
ds 0.0268456377089 0.4921875 0.452702701092 0.490066230297
gs 0.705882370472 0.0 0.0500000007451 0.674418628216
ts 0.314606755972 0.551020383835 0.362831860781 0.768421053886
eeg 878.419494629 866.904663086 794.525512695 848.809875488
eeg 876.774536133 857.034729004 796.170471191 861.969726562
eeg 876.774536133 852.09979248 794.525512695 857.034729004
eeg 883.354431152 853.744812012 791.235534668 868.549621582
eeg 870.194580078 850.454833984 789.590576172 871.839599609
eeg 884.999450684 848.809875488 792.880554199 870.194580078
eeg 883.354431152 847.164855957 792.880554199 880.064453125
eeg 886.64440918 845.519897461 792.880554199 881.709472656
eeg 894.86932373 847.164855957 792.880554199 873.484558105
eeg 894.86932373 845.519897461 791.235534668 873.484558105
eeg 903.094238281 842.229919434 792.880554199 880.064453125
eeg 889.934387207 843.874938965 794.525512695 881.709472656
eeg 894.86932373 842.229919434 789.590576172 883.354431152
eeg 893.224304199 843.874938965 791.235534668 883.354431152
eeg 891.579345703 842.229919434 789.590576172 884.999450684
eeg 896.514282227 843.874938965 792.880554199 894.86932373
eeg 888.289367676 842.229919434 789.590576172 899.804260254
eeg 880.064453125 840.584960938 786.300598145 876.774536133
eeg 891.579345703 842.229919434 786.300598145 878.419494629
eeg 889.934387207 838.940002441 787.945556641 878.419494629
eeg 884.999450684 837.29498291 791.235534668 876.774536133
eeg 881.709472656 837.29498291 786.300598145 875.129516602
a 0.310963779688 0.16172504425 0.196422800422 0.110978633165
b 0.239044517279 0.0672964081168 0.0616721659899 0.165559664369
d 0.0883565247059 0.469080239534 0.547319054604 0.313606142998
g 0.138902947307 0.0234133787453 0.0176465045661 0.093402184546
t 0.222732231021 0.278484940529 0.176939457655 0.316453367472
h 1.0 1.0 1.0 1.0
c 0.641056776047
Aa 0.787475645542 0.409616976976 0.482098340988 0.496721386909
Ab 0.673244595528 0.0288315881044 -0.0210043657571 0.670436561108
Ad 0.241004437208 0.872086822987 0.92714703083 0.947866618633
Ag 0.43747729063 -0.42969623208 -0.564434885979 0.421839058399
At 0.642548918724 0.645641386509 0.436731159687 0.951791763306
as 0.632653057575 0.644067823887 0.758620679379 0.340000003576
bs 0.806451618671 0.527777791023 0.576923072338 0.756756782532
ds 0.0201342273504 0.578125 0.560810804367 0.503311276436
gs 0.735294103622 0.0 0.0750000029802 0.697674393654
ts 0.325842708349 0.653061211109 0.451327443123 0.800000011921
eeg 884.999450684 838.940002441 791.235534668 884.999450684
eeg 880.064453125 842.229919434 791.235534668 883.354431152
eeg 893.224304199 842.229919434 794.525512695 888.289367676
eeg 891.579345703 842.229919434 792.880554199 889.934387207
eeg 880.064453125 838.940002441 792.880554199 888.289367676
eeg 881.709472656 840.584960938 794.525512695 883.354431152
eeg 880.064453125 838.940002441 794.525512695 883.354431152
eeg 886.64440918 838.940002441 797.815490723 883.354431152
eeg 880.064453125 840.584960938 796.170471191 880.064453125
eeg 870.194580078 842.229919434 797.815490723 876.774536133
eeg 875.129516602 838.940002441 802.750427246 866.904663086
eeg 868.549621582 832.360046387 801.105407715 880.064453125
eeg 886.64440918 837.29498291 801.105407715 881.709472656
eeg 875.129516602 838.940002441 802.750427246 884.999450684
eeg 855.389770508 838.940002441 792.880554199 865.259643555
eeg 876.774536133 840.584960938 797.815490723 863.614685059
eeg 871.839599609 847.164855957 799.460449219 876.774536133
eeg 876.774536133 845.519897461 809.330322266 876.774536133
eeg 866.904663086 842.229919434 814.265258789 873.484558105
eeg 863.614685059 837.29498291 819.200195312 868.549621582
eeg 852.09979248 827.425109863 825.780151367 855.389770508
eeg 852.09979248 822.49017334 832.360046387 868.549621582
a 0.297274649143 0.138233065605 0.161171644926 0.106550827622
b 0.247791081667 0.0542675442994 0.0514520034194 0.15957288444
d 0.0860860720277 0.512917339802 0.598051309586 0.320695847273
g 0.140175953507 0.0187907796353 0.0149592272937 0.091730222106
t 0.228672251105 0.275791287422 0.174365833402 0.321450233459
h 1.0 1.0 1.0 1.0
c 0.65321624279
Aa 0.764116764069 0.452339917421 0.485670477152 0.496721386909
Ab 0.685044586658 0.0462681502104 -0.0102158579975 0.672123670578
Ad 0.225891783834 1.02177536488 1.05512022972 0.975257873535
Ag 0.437632411718 -0.414327204227 -0.546709001064 0.431677043438
At 0.650172412395 0.752308487892 0.519843220711 0.976278305054
as 0.591836750507 0.711864411831 0.758620679379 0.340000003576
bs 0.838709652424 0.555555582047 0.615384638309 0.756756782532
ds 0.00671140942723 0.6953125 0.653061211109 0.523178815842
gs 0.735294103622 0.03125 0.125 0.720930218697
ts 0.337078660727 0.76530611515 0.530973434448 0.821052610874
eeg 850.454833984 820.845214844 835.650024414 871.839599609
eeg 842.229919434 817.555236816 837.29498291 871.839599609
eeg 850.454833984 809.330322266 838.940002441 876.774536133
eeg 842.229919434 807.68536377 834.005004883 865.259643555
eeg 847.164855957 809.330322266 843.874938965 866.904663086
eeg 857.034729004 806.040344238 840.584960938 865.259643555
eeg 855.389770508 810.975280762 840.584960938 876.774536133
eeg 850.454833984 809.330322266 840.584960938 871.839599609
eeg 850.454833984 810.975280762 837.29498291 870.194580078
eeg 850.454833984 812.620300293 837.29498291 866.904663086
eeg 850.454833984 810.975280762 835.650024414 878.419494629
eeg 848.809875488 814.265258789 835.650024414 868.549621582
eeg 853.744812012 815.91027832 835.650024414 861.969726562
eeg 855.389770508 814.265258789 832.360046387 871.839599609
eeg 860.324707031 819.200195312 837.29498291 878.419494629
eeg 850.454833984 819.200195312 835.650024414 871.839599609
eeg 850.454833984 815.91027832 837.29498291 870.194580078
eeg 850.454833984 815.91027832 834.005004883 858.679748535
eeg 871.839599609 817.555236816 835.650024414 871.839599609
eeg 857.034729004 817.555236816 829.070068359 876.774536133
eeg 848.809875488 819.200195312 825.780151367 865.259643555
eeg 852.09979248 822.49017334 827.425109863 865.259643555
a 0.293553590775 0.109237670898 0.138362601399 0.10188985616
b 0.25591635704 0.0415880642831 0.0445907302201 0.155430585146
d 0.0815637409687 0.572143018246 0.633968353271 0.32927069068
g 0.138285413384 0.0145213203505 0.012961667031 0.0883903279901
t 0.230680897832 0.262509912252 0.170116662979 0.325018554926
h 1.0 1.0 1.0 1.0
c 0.665498495102
Aa 0.761642575264 0.487361520529 0.496385365725 0.496721386909
Ab 0.702053189278 0.0679578110576 0.00461121229455 0.680126905441
Ad 0.205452308059 1.20649373531 1.15743422508 1.00614345074
Ag 0.434731513262 -0.389004796743 -0.531972527504 0.434995174408
At 0.656966805458 0.868134796619 0.586113512516 1.00049853325
as 0.591836750507 0.762711882591 0.77586209774 0.340000003576
bs 0.931034505367 0.638888895512 0.653846144676 0.783783793449
ds 0.0 0.8359375 0.721088409424 0.543046355247
gs 0.75 0.125 0.17499999702 0.720930218697
ts 0.340909093618 0.895833313465 0.584070801735 0.852631568909
eeg 845.519897461 825.780151367 825.780151367 868.549621582
eeg 852.09979248 829.070068359 830.715087891 873.484558105
eeg 847.164855957 829.070068359 829.070068359 868.549621582
eeg 857.034729004 829.070068359 829.070068359 875.129516602
eeg 838.940002441 827.425109863 830.715087891 868.549621582
eeg 845.519897461 829.070068359 830.715087891 868.549621582
eeg 842.229919434 832.360046387 830.715087891 886.64440918
eeg 843.874938965 830.715087891 829.070068359 871.839599609
eeg 847.164855957 827.425109863 822.49017334 861.969726562
eeg 838.940002441 829.070068359 817.555236816 857.034729004
eeg 847.164855957 827.425109863 815.91027832 857.034729004
eeg 850.454833984 820.845214844 814.265258789 843.874938965
eeg 835.650024414 820.845214844 812.620300293 848.809875488
eeg 820.845214844 820.845214844 814.265258789 847.164855957
eeg 820.845214844 819.200195312 807.68536377 837.29498291
eeg 819.200195312 825.780151367 809.330322266 848.809875488
eeg 834.005004883 829.070068359 807.68536377 840.584960938
eeg 837.29498291 829.070068359 807.68536377 843.874938965
eeg 830.715087891 827.425109863 806.040344238 845.519897461
eeg 835.650024414 820.845214844 807.68536377 845.519897461
eeg 842.229919434 825.780151367 809.330322266 843.874938965
eeg 829.070068359 827.425109863 807.68536377 847.164855957
a 0.288938462734 0.0805951505899 0.120480045676 0.0972663462162
b 0.263956099749 0.0317695103586 0.0390973687172 0.15023252368
d 0.0781579166651 0.628559529781 0.668413996696 0.341126412153
g 0.13380753994 0.0112117361277 0.0111535526812 0.0830092057586
t 0.235139995813 0.247864037752 0.160855054855 0.328365504742
h 1.0 1.0 1.0 1.0
c 0.677519857883
Aa 0.761642575264 0.497035205364 0.510415554047 0.496721386909
Ab 0.722368896008 0.0927368402481 0.0216479878873 0.685522794724
Ad 0.193810164928 1.38907277584 1.25454592705 1.04167413712
Ag 0.42731782794 -0.359600812197 -0.523086369038 0.427885055542
At 0.672163724899 0.984939813614 0.635935127735 1.02511632442
as 0.591836750507 0.779660999775 0.810344815254 0.340000003576
bs 1.0 0.694444417953 0.730769217014 0.783783793449
ds 0.0 0.992125988007 0.789115667343 0.569536447525
gs 0.71875 0.225806444883 0.20000000298 0.720930218697
ts 0.363636374474 1.0 0.628318607807 0.892473101616
eeg 829.070068359 827.425109863 806.040344238 837.29498291
eeg 848.809875488 829.070068359 806.040344238 850.454833984
eeg 843.874938965 829.070068359 806.040344238 843.874938965
eeg 843.874938965 834.005004883 809.330322266 850.454833984
eeg 848.809875488 834.005004883 810.975280762 860.324707031
eeg 843.874938965 832.360046387 810.975280762 860.324707031
eeg 843.874938965 832.360046387 809.330322266 852.09979248
eeg 842.229919434 834.005004883 810.975280762 853.744812012
eeg 855.389770508 838.940002441 809.330322266 865.259643555
eeg 857.034729004 838.940002441 814.265258789 863.614685059
eeg 858.679748535 840.584960938 817.555236816 865.259643555
eeg 868.549621582 843.874938965 809.330322266 866.904663086
eeg 870.194580078 840.584960938 812.620300293 878.419494629
eeg 847.164855957 837.29498291 815.91027832 870.194580078
eeg 842.229919434 834.005004883 815.91027832 870.194580078
eeg 842.229919434 830.715087891 820.845214844 868.549621582
eeg 845.519897461 834.005004883 829.070068359 871.839599609
eeg 857.034729004 837.29498291 824.135131836 868.549621582
eeg 857.034729004 840.584960938 825.780151367 866.904663086
eeg 855.389770508 843.874938965 829.070068359 871.839599609
eeg 870.194580078 850.454833984 827.425109863 873.484558105
eeg 880.064453125 853.744812012 835.650024414 893.224304199
a 0.280485183001 0.061682689935 0.104906946421 0.0927215367556
b 0.269478112459 0.0253647472709 0.0340569205582 0.141448661685
d 0.0785950869322 0.666755735874 0.705414056778 0.357728898525
g 0.125912979245 0.00893057975918 0.00940169766545 0.075573220849
t 0.245528623462 0.237266227603 0.146220400929 0.332527667284
h 1.0 1.0 1.0 1.0
c 0.688827097416
Aa 0.761642575264 0.505023181438 0.526370406151 0.496721386909
Ab 0.744256138802 0.119090378284 0.0377715416253 0.680139601231
Ad 0.209128022194 1.53882658482 1.35401022434 1.08309483528
Ag 0.413803160191 -0.334260523319 -0.521227538586 0.407908737659
At 0.70383477211 1.09009575844 0.670574128628 1.05136859417
as 0.591836750507 0.796610176563 0.827586233616 0.340000003576
bs 1.0 0.777777791023 0.839999973774 0.783783793449
ds 0.0066666668281 1.0 0.857142865658 0.596026480198
gs 0.6875 0.290322571993 0.20000000298 0.666666686535
ts 0.397727280855 1.0 0.66371679306 0.923913061619
eeg 875.129516602 852.09979248 834.005004883 881.709472656
eeg 868.549621582 850.454833984 832.360046387 884.999450684
eeg 870.194580078 853.744812012 830.715087891 891.579345703
eeg 878.419494629 858.679748535 834.005004883 891.579345703
eeg 871.839599609 858.679748535 830.715087891 883.354431152
eeg 875.129516602 857.034729004 829.070068359 893.224304199
eeg 873.484558105 853.744812012 827.425109863 888.289367676
eeg 883.354431152 852.09979248 824.135131836 878.419494629
eeg 880.064453125 848.809875488 827.425109863 893.224304199
eeg 878.419494629 848.809875488 824.135131836 883.354431152
eeg 876.774536133 852.09979248 829.070068359 894.86932373
eeg 875.129516602 852.09979248 824.135131836 884.999450684
eeg 883.354431152 855.389770508 825.780151367 884.999450684
eeg 876.774536133 852.09979248 822.49017334 875.129516602
eeg 878.419494629 848.809875488 827.425109863 878.419494629
eeg 865.259643555 847.164855957 829.070068359 880.064453125
eeg 878.419494629 848.809875488 827.425109863 878.419494629
eeg 881.709472656 845.519897461 830.715087891 880.064453125
eeg 871.839599609 845.519897461 834.005004883 888.289367676
eeg 868.549621582 847.164855957 830.715087891 883.354431152
eeg 865.259643555 845.519897461 829.070068359 873.484558105
eeg 870.194580078 843.874938965 825.780151367 875.129516602
a 0.267639994621 0.0523284338415 0.0925861299038 0.0879548937082
b 0.270423769951 0.0216768011451 0.0297915823758 0.128099635243
d 0.0843477770686 0.687737286091 0.739098310471 0.379439502954
g 0.115306004882 0.00744384760037 0.00783922336996 0.0665344819427
t 0.262282460928 0.230813637376 0.130684733391 0.337971478701
h 1.0 1.0 1.0 1.0
c 0.688827097416
Aa 0.761642575264 0.527576446533 0.544720470905 0.496721386909
Ab 0.766136407852 0.144833937287 0.0522681325674 0.660009324551
Ad 0.260165244341 1.64626133442 1.4468767643 1.13160395622
Ag 0.395943492651 -0.319363802671 -0.527552425861 0.375508189201
At 0.752860844135 1.17210018635 0.694399416447 1.08134138584
as 0.591836750507 0.847457647324 0.86206895113 0.340000003576
bs 1.0 0.833333313465 0.879999995232 0.729729712009
ds 0.0335570462048 1.0 0.91836732626 0.629139065742
gs 0.625 0.354838699102 0.17499999702 0.571428596973
ts 0.454545468092 1.0 0.681415915489 0.956521749496
eeg 861.969726562 848.809875488 825.780151367 875.129516602
eeg 873.484558105 848.809875488 829.070068359 865.259643555
eeg 871.839599609 847.164855957 825.780151367 873.484558105
eeg 868.549621582 845.519897461 825.780151367 857.034729004
eeg 866.904663086 842.229919434 829.070068359 870.194580078
eeg 865.259643555 845.519897461 834.005004883 871.839599609
eeg 857.034729004 847.164855957 832.360046387 873.484558105
eeg 848.809875488 847.164855957 827.425109863 873.484558105
eeg 855.389770508 847.164855957 832.360046387 868.549621582
eeg 842.229919434 843.874938965 835.650024414 876.774536133
eeg 850.454833984 842.229919434 835.650024414 868.549621582
eeg 850.454833984 845.519897461 834.005004883 866.904663086
eeg 852.09979248 850.454833984 832.360046387 868.549621582
eeg 848.809875488 850.454833984 832.360046387 865.259643555
eeg 847.164855957 848.809875488 835.650024414 871.839599609
eeg 835.650024414 843.874938965 827.425109863 875.129516602
eeg 842.229919434 843.874938965 825.780151367 855.389770508
eeg 850.454833984 842.229919434 825.780151367 865.259643555
eeg 855.389770508 842.229919434 827.425109863 852.09979248
eeg 847.164855957 843.874938965 827.425109863 855.389770508
eeg 852.09979248 843.874938965 827.425109863 848.809875488
eeg 850.454833984 845.519897461 827.425109863 852.09979248
a 0.267639994621 0.0469761267304 0.0830183550715 0.0823784098029
b 0.270423769951 0.0198045354337 0.0267076548189 0.111494965851
d 0.0843477770686 0.69906771183 0.765006959438 0.404644012451
g 0.115306004882 0.00649545434862 0.0066435104236 0.0569042377174
t 0.262282460928 0.227656155825 0.118623539805 0.344578355551
h 1.0 1.0 1.0 1.0
c 0.688827097416
Aa 0.761642575264 0.541546702385 0.557399749756 0.496721386909
Ab 0.766136407852 0.166434109211 0.0648613721132 0.628163218498
Ad 0.260165244341 1.71418869495 1.52189099789 1.18798112869
Ag 0.395943492651 -0.317721009254 -0.539376795292 0.336052596569
At 0.752860844135 1.22694885731 0.712396502495 1.11819601059
as 0.591836750507 0.864406764507 0.879310369492 0.340000003576
bs 1.0 0.888888895512 0.920000016689 0.648648619652
ds 0.0335570462048 1.0 0.972222208977 0.662251651287
gs 0.625 0.354838699102 0.15000000596 0.47619047761
ts 0.454545468092 1.0 0.699115037918 1.0
eeg 840.584960938 843.874938965 825.780151367 855.389770508
eeg 848.809875488 843.874938965 825.780151367 855.389770508
eeg 840.584960938 845.519897461 822.49017334 855.389770508
eeg 843.874938965 852.09979248 825.780151367 857.034729004
eeg 842.229919434 848.809875488 825.780151367 857.034729004
eeg 848.809875488 847.164855957 824.135131836 853.744812012
eeg 845.519897461 852.09979248 825.780151367 852.09979248
eeg 847.164855957 847.164855957 825.780151367 845.519897461
eeg 827.425109863 847.164855957 825.780151367 853.744812012
eeg 824.135131836 843.874938965 824.135131836 845.519897461
eeg 832.360046387 842.229919434 829.070068359 842.229919434
eeg 834.005004883 852.09979248 829.070068359 840.584960938
eeg 837.29498291 850.454833984 830.715087891 834.005004883
eeg 830.715087891 848.809875488 825.780151367 840.584960938
eeg 838.940002441 845.519897461 820.845214844 847.164855957
eeg 832.360046387 845.519897461 820.845214844 840.584960938
eeg 838.940002441 850.454833984 829.070068359 853.744812012
eeg 840.584960938 852.09979248 827.425109863 848.809875488
eeg 838.940002441 850.454833984 829.070068359 850.454833984
eeg 838.940002441 848.809875488 825.780151367 863.614685059
eeg 838.940002441 847.164855957 820.845214844 842.229919434
eeg 842.229919434 847.164855957 824.135131836 848.809875488
a 0.267639994621 0.0454151257873 0.0758815258741 0.075371734798
b 0.270423769951 0.0189123414457 0.0246665365994 0.0940763130784
d 0.0843477770686 0.704342484474 0.781361460686 0.430195510387
g 0.115306004882 0.00583957508206 0.00584804732352 0.0477641448379
t 0.262282460928 0.225490450859 0.11224244535 0.352592289448
h 1.0 1.0 1.0 1.0
c 0.688827097416
Aa 0.761642575264 0.561992645264 0.561026036739 0.496721386909
Ab 0.766136407852 0.181537479162 0.0729982107878 0.592993199825
Ad 0.260165244341 1.75257611275 1.57374203205 1.25317883492
Ag 0.395943492651 -0.328826606274 -0.552099108696 0.298614919186
At 0.752860844135 1.2579202652 0.731047153473 1.16678571701
as 0.591836750507 0.898305058479 0.896551728249 0.340000003576
bs 1.0 0.944444417953 0.959999978542 0.540540516376
ds 0.0335570462048 1.0 1.0 0.70860928297
gs 0.625 0.333333343267 0.128205135465 0.414634138346
ts 0.454545468092 1.0 0.716814160347 1.0
eeg 853.744812012 843.874938965 824.135131836 858.679748535
eeg 847.164855957 845.519897461 824.135131836 847.164855957
eeg 848.809875488 845.519897461 819.200195312 845.519897461
eeg 847.164855957 848.809875488 820.845214844 842.229919434
eeg 845.519897461 843.874938965 820.845214844 837.29498291
eeg 837.29498291 840.584960938 824.135131836 845.519897461
eeg 837.29498291 845.519897461 827.425109863 853.744812012
eeg 840.584960938 850.454833984 822.49017334 850.454833984
eeg 843.874938965 853.744812012 825.780151367 853.744812012
eeg 847.164855957 852.09979248 822.49017334 847.164855957
eeg 845.519897461 852.09979248 820.845214844 848.809875488
eeg 855.389770508 853.744812012 819.200195312 845.519897461
eeg 852.09979248 853.744812012 820.845214844 850.454833984
eeg 837.29498291 848.809875488 820.845214844 847.164855957
eeg 827.425109863 847.164855957 820.845214844 850.454833984
eeg 827.425109863 847.164855957 822.49017334 840.584960938
eeg 843.874938965 853.744812012 822.49017334 842.229919434
eeg 845.519897461 852.09979248 825.780151367 847.164855957
eeg 837.29498291 850.454833984 822.49017334 840.584960938
eeg 853.744812012 852.09979248 824.135131836 850.454833984
eeg 858.679748535 850.454833984 822.49017334 853.744812012
eeg 853.744812012 853.744812012 827.425109863 847.164855957
a 0.267639994621 0.043773137033 0.0714014172554 0.0637373924255
b 0.270423769951 0.018502343446 0.0232539959252 0.0781592726707
d 0.0843477770686 0.708361983299 0.789331495762 0.454883426428
g 0.115306004882 0.0053803990595 0.00539111532271 0.0398994423449
t 0.262282460928 0.223982140422 0.110622003675 0.363320469856
h 1.0 1.0 1.0 1.0
c 0.688827097416
Aa 0.761642575264 0.563055098057 0.561026036739 0.475947588682
Ab 0.766136407852 0.189074128866 0.0738168507814 0.564533829689
Ad 0.260165244341 1.77210259438 1.60457861423 1.32945334911
Ag 0.395943492651 -0.347338110209 -0.561002135277 0.272520124912
At 0.752860844135 1.27206087112 0.751160740852 1.2318431139
as 0.591836750507 0.898305058479 0.896551728249 0.285714298487
bs 1.0 0.972222208977 0.959999978542 0.459459453821
ds 0.0335570462048 1.0 1.0 0.761589407921
gs 0.625 0.266666680574 0.102564103901 0.341463416815
ts 0.454545468092 1.0 0.734513282776 1.0
eeg 845.519897461 850.454833984 827.425109863 853.744812012
eeg 830.715087891 843.874938965 819.200195312 842.229919434
eeg 838.940002441 848.809875488 817.555236816 850.454833984
eeg 847.164855957 853.744812012 819.200195312 852.09979248
eeg 847.164855957 848.809875488 819.200195312 847.164855957
eeg 858.679748535 853.744812012 815.91027832 847.164855957
eeg 843.874938965 850.454833984 819.200195312 855.389770508
eeg 832.360046387 847.164855957 822.49017334 858.679748535
eeg 842.229919434 852.09979248 824.135131836 860.324707031
eeg 834.005004883 847.164855957 827.425109863 853.744812012
eeg 845.519897461 845.519897461 822.49017334 852.09979248
eeg 847.164855957 850.454833984 822.49017334 860.324707031
eeg 843.874938965 848.809875488 819.200195312 850.454833984
eeg 832.360046387 847.164855957 820.845214844 861.969726562
eeg 829.070068359 842.229919434 817.555236816 843.874938965
eeg 842.229919434 845.519897461 822.49017334 847.164855957
eeg 834.005004883 843.874938965 829.070068359 858.679748535
eeg 847.164855957 845.519897461 824.135131836 845.519897461
eeg 845.519897461 847.164855957 827.425109863 857.034729004
eeg 838.940002441 845.519897461 827.425109863 858.679748535
eeg 843.874938965 848.809875488 827.425109863 858.679748535
eeg 837.29498291 848.809875488 827.425109863 850.454833984
a 0.267639994621 0.0430720224977 0.0691117122769 0.0525014474988
b 0.270423769951 0.018229521811 0.0220923665911 0.0638190284371
d 0.0843477770686 0.711102485657 0.791924536228 0.476336687803
g 0.115306004882 0.00507651735097 0.00518373819068 0.0332065783441
t 0.262282460928 0.222519427538 0.111687645316 0.374136269093
h 1.0 1.0 1.0 1.0
c 0.688827097416
Aa 0.761642575264 0.563055098057 0.561026036739 0.462635248899
Ab 0.766136407852 0.189635083079 0.0657166242599 0.547414124012
Ad 0.260165244341 1.78079199791 1.6201581955 1.42037796974
Ag 0.395943492651 -0.365574300289 -0.563882529736 0.263688087463
At 0.752860844135 1.27622771263 0.769479513168 1.3154938221
as 0.591836750507 0.896551728249 0.912280678749 0.26530611515
bs 1.0 0.972222208977 0.920000016689 0.405405402184
ds 0.0335570462048 1.0 1.0 0.821192026138
gs 0.625 0.20000000298 0.0769230797887 0.324999988079
ts 0.454545468092 1.0 0.752212405205 1.0
eeg 835.650024414 845.519897461 824.135131836 843.874938965
eeg 834.005004883 847.164855957 822.49017334 845.519897461
eeg 843.874938965 847.164855957 824.135131836 852.09979248
eeg 848.809875488 847.164855957 825.780151367 858.679748535
eeg 853.744812012 850.454833984 825.780151367 857.034729004
eeg 838.940002441 847.164855957 824.135131836 852.09979248
eeg 840.584960938 848.809875488 819.200195312 840.584960938
eeg 845.519897461 848.809875488 820.845214844 845.519897461
eeg 842.229919434 843.874938965 819.200195312 843.874938965
eeg 852.09979248 850.454833984 825.780151367 850.454833984
eeg 850.454833984 848.809875488 824.135131836 852.09979248
eeg 835.650024414 850.454833984 824.135131836 838.940002441
eeg 832.360046387 848.809875488 822.49017334 845.519897461
eeg 843.874938965 848.809875488 820.845214844 850.454833984
eeg 829.070068359 847.164855957 820.845214844 843.874938965
eeg 834.005004883 852.09979248 817.555236816 850.454833984
eeg 848.809875488 855.389770508 820.845214844 852.09979248
eeg 837.29498291 850.454833984 817.555236816 853.744812012
eeg 852.09979248 852.09979248 820.845214844 857.034729004
eeg 842.229919434 848.809875488 820.845214844 853.744812012
eeg 837.29498291 850.454833984 820.845214844 842.229919434
eeg 840.584960938 850.454833984 824.135131836 852.09979248
a 0.267639994621 0.0424365438521 0.0676489546895 0.0525014474988
b 0.270423769951 0.0180478971452 0.0210254956037 0.0638190284371
d 0.0843477770686 0.71341753006 0.792885243893 0.476336687803
g 0.115306004882 0.00497252773494 0.00516844587401 0.0332065783441
t 0.262282460928 0.221125483513 0.11327187717 0.374136269093
h 1.0 1.0 1.0 1.0
c 0.688827097416
Aa 0.761642575264 0.55732780695 0.557351708412 0.462635248899
Ab 0.766136407852 0.186014413834 0.0498368367553 0.547414124012
Ad 0.260165244341 1.78293156624 1.62630093098 1.42037796974
Ag 0.395943492651 -0.373834967613 -0.559549450874 0.263688087463
At 0.752860844135 1.27422654629 0.781212687492 1.3154938221
as 0.591836750507 0.879310369492 0.89473682642 0.26530611515
bs 1.0 0.944444417953 0.879999995232 0.405405402184
ds 0.0335570462048 1.0 1.0 0.821192026138
gs 0.625 0.166666671634 0.102564103901 0.324999988079
ts 0.454545468092 1.0 0.761061966419 1.0
eeg 842.229919434 847.164855957 817.555236816 858.679748535
eeg 830.715087891 848.809875488 814.265258789 840.584960938
eeg 843.874938965 847.164855957 815.91027832 842.229919434
eeg 838.940002441 848.809875488 815.91027832 853.744812012
eeg 840.584960938 850.454833984 819.200195312 842.229919434
eeg 843.874938965 847.164855957 820.845214844 845.519897461
eeg 827.425109863 852.09979248 822.49017334 850.454833984
eeg 827.425109863 847.164855957 815.91027832 840.584960938
eeg 835.650024414 843.874938965 812.620300293 835.650024414
eeg 830.715087891 838.940002441 809.330322266 837.29498291
eeg 824.135131836 832.360046387 812.620300293 832.360046387
eeg 819.200195312 827.425109863 809.330322266 827.425109863
eeg 827.425109863 827.425109863 814.265258789 850.454833984
eeg 837.29498291 830.715087891 814.265258789 845.519897461
eeg 830.715087891 845.519897461 806.040344238 832.360046387
eeg 825.780151367 853.744812012 802.750427246 824.135131836
eeg 827.425109863 848.809875488 794.525512695 814.265258789
eeg 832.360046387 852.09979248 794.525512695 819.200195312
eeg 842.229919434 853.744812012 796.170471191 832.360046387
eeg 819.200195312 857.034729004 789.590576172 825.780151367
eeg 827.425109863 861.969726562 787.945556641 827.425109863
eeg 827.425109863 860.324707031 776.430725098 809.330322266
a 0.267639994621 0.0405206382275 0.0629182159901 0.0525014474988
b 0.270423769951 0.0179853904992 0.0202491451055 0.0638190284371
d 0.0843477770686 0.716692090034 0.797427892685 0.476336687803
g 0.115306004882 0.00505823548883 0.00531986774877 0.0332065783441
t 0.262282460928 0.21974362433 0.114084891975 0.374136269093
h 1.0 1.0 1.0 1.0
c 0.688827097416
Aa 0.761642575264 0.532876849174 0.52376127243 0.462635248899
Ab 0.766136407852 0.18012046814 0.0313915833831 0.547414124012
Ad 0.260165244341 1.78053319454 1.62667632103 1.42037796974
Ag 0.395943492651 -0.370800375938 -0.5491142869 0.263688087463
At 0.752860844135 1.26711690426 0.782213032246 1.3154938221
as 0.591836750507 0.844827592373 0.857142865658 0.26530611515
bs 1.0 0.944444417953 0.800000011921 0.405405402184
ds 0.0335570462048 1.0 1.0 0.821192026138
gs 0.625 0.20000000298 0.128205135465 0.324999988079
ts 0.454545468092 1.0 0.761061966419 1.0
eeg 845.519897461 858.679748535 779.720703125 830.715087891
eeg 843.874938965 860.324707031 781.365661621 829.070068359
eeg 838.940002441 857.034729004 779.720703125 820.845214844
eeg 837.29498291 855.389770508 783.010620117 822.49017334
eeg 840.584960938 861.969726562 787.945556641 822.49017334
eeg 852.09979248 858.679748535 792.880554199 832.360046387
eeg 845.519897461 857.034729004 796.170471191 835.650024414
eeg 850.454833984 855.389770508 799.460449219 840.584960938
eeg 848.809875488 850.454833984 797.815490723 837.29498291
eeg 853.744812012 857.034729004 797.815490723 842.229919434
eeg 838.940002441 857.034729004 801.105407715 847.164855957
eeg 850.454833984 852.09979248 801.105407715 852.09979248
eeg 843.874938965 850.454833984 801.105407715 850.454833984
eeg 852.09979248 853.744812012 802.750427246 860.324707031
eeg 866.904663086 857.034729004 807.68536377 861.969726562
eeg 873.484558105 861.969726562 810.975280762 863.614685059
eeg 875.129516602 870.194580078 819.200195312 884.999450684
eeg 868.549621582 870.194580078 815.91027832 884.999450684
eeg 880.064453125 871.839599609 812.620300293 871.839599609
eeg 883.354431152 871.839599609 812.620300293 875.129516602
eeg 891.579345703 871.839599609 815.91027832 865.259643555
eeg 896.514282227 871.839599609 815.91027832 875.129516602
a 0.267639994621 0.039552193135 0.053690072149 0.0525014474988
b 0.270423769951 0.018057577312 0.0200337935239 0.0638190284371
d 0.0843477770686 0.719839513302 0.806850612164 0.476336687803
g 0.115306004882 0.00527651328593 0.00562886055559 0.0332065783441
t 0.262282460928 0.217274233699 0.113796629012 0.374136269093
h 1.0 1.0 1.0 1.0
c 0.688827097416
Aa 0.761642575264 0.51534730196 0.444312393665 0.462635248899
Ab 0.766136407852 0.174836173654 0.0161816235632 0.547414124012
Ad 0.260165244341 1.77541232109 1.62121152878 1.42037796974
Ag 0.395943492651 -0.359476238489 -0.535161077976 0.263688087463
At 0.752860844135 1.25518488884 0.770547807217 1.3154938221
as 0.591836750507 0.810344815254 0.714285731316 0.26530611515
bs 1.0 0.916666686535 0.72000002861 0.405405402184
ds 0.0335570462048 1.0 1.0 0.821192026138
gs 0.625 0.24137930572 0.153846159577 0.324999988079
ts 0.454545468092 1.0 0.752212405205 1.0
eeg 878.419494629 868.549621582 815.91027832 878.419494629
eeg 888.289367676 870.194580078 817.555236816 871.839599609
eeg 889.934387207 868.549621582 815.91027832 873.484558105
eeg 893.224304199 868.549621582 814.265258789 861.969726562
eeg 875.129516602 865.259643555 817.555236816 871.839599609
eeg 868.549621582 860.324707031 812.620300293 870.194580078
eeg 876.774536133 860.324707031 820.845214844 873.484558105
eeg 866.904663086 860.324707031 820.845214844 868.549621582
eeg 873.484558105 860.324707031 825.780151367 876.774536133
eeg 861.969726562 858.679748535 824.135131836 868.549621582
eeg 860.324707031 860.324707031 827.425109863 873.484558105
eeg 870.194580078 853.744812012 822.49017334 878.419494629
eeg 873.484558105 857.034729004 824.135131836 868.549621582
eeg 865.259643555 857.034729004 827.425109863 876.774536133
eeg 880.064453125 850.454833984 829.070068359 873.484558105
eeg 863.614685059 853.744812012 830.715087891 886.64440918
eeg 873.484558105 852.09979248 825.780151367 886.64440918
eeg 875.129516602 863.614685059 820.845214844 873.484558105
eeg 870.194580078 871.839599609 817.555236816 870.194580078
eeg 876.774536133 876.774536133 812.620300293 857.034729004
eeg 863.614685059 876.774536133 807.68536377 848.809875488
eeg 871.839599609 883.354431152 806.040344238 848.809875488
a 0.267639994621 0.0367344096303 0.050616517663 0.0525014474988
b 0.270423769951 0.0183961689472 0.0203937441111 0.0638190284371
d 0.0843477770686 0.725079298019 0.811489343643 0.476336687803
g 0.115306004882 0.00555277150124 0.00602374132723 0.0332065783441
t 0.262282460928 0.214237362146 0.111476674676 0.374136269093
h 1.0 1.0 1.0 1.0
c 0.688827097416
Aa 0.761642575264 0.473298668861 0.403570711613 0.462635248899
Ab 0.766136407852 0.172953024507 0.00877540744841 0.547414124012
Ad 0.260165244341 1.76861107349 1.60856127739 1.42037796974
Ag 0.395943492651 -0.347264587879 -0.520855247974 0.263688087463
At 0.752860844135 1.23912084103 0.746462464333 1.3154938221
as 0.591836750507 0.741379320621 0.642857134342 0.26530611515
bs 1.0 0.916666686535 0.72000002861 0.405405402184
ds 0.0335570462048 1.0 1.0 0.821192026138
gs 0.625 0.275862067938 0.205128207803 0.324999988079
ts 0.454545468092 1.0 0.732142865658 1.0
eeg 868.549621582 884.999450684 804.395385742 852.09979248
eeg 861.969726562 884.999450684 802.750427246 847.164855957
eeg 853.744812012 884.999450684 799.460449219 850.454833984
eeg 850.454833984 876.774536133 794.525512695 845.519897461
eeg 852.09979248 878.419494629 801.105407715 850.454833984
eeg 855.389770508 875.129516602 804.395385742 852.09979248
eeg 843.874938965 870.194580078 809.330322266 861.969726562
eeg 842.229919434 868.549621582 802.750427246 848.809875488
eeg 840.584960938 868.549621582 802.750427246 835.650024414
eeg 855.389770508 861.969726562 806.040344238 838.940002441
eeg 843.874938965 861.969726562 812.620300293 842.229919434
eeg 819.200195312 858.679748535 814.265258789 840.584960938
eeg 827.425109863 855.389770508 809.330322266 842.229919434
eeg 830.715087891 865.259643555 809.330322266 853.744812012
eeg 840.584960938 871.839599609 810.975280762 857.034729004
eeg 835.650024414 866.904663086 809.330322266 847.164855957
eeg 840.584960938 868.549621582 809.330322266 855.389770508
eeg 829.070068359 860.324707031 810.975280762 847.164855957
eeg 840.584960938 858.679748535 810.975280762 852.09979248
eeg 853.744812012 863.614685059 817.555236816 850.454833984
eeg 850.454833984 866.904663086 814.265258789 837.29498291
eeg 865.259643555 868.549621582 817.555236816 840.584960938
a 0.0742341428995 0.0361688360572 0.0494640469551 0.0342416614294
b 0.105010375381 0.0190587677062 0.0214785523713 0.0886708796024
d 0.664407670498 0.729187607765 0.813148856163 0.725584447384
g 0.0717208757997 0.00584279326722 0.00649499613792 0.03635430336
t 0.0846269205213 0.20974200964 0.109413564205 0.115148723125
h 1.0 1.0 1.0 1.0
c 0.67760682106
Aa 0.417168021202 0.455834418535 0.373397052288 0.0197513792664
Ab 0.567796528339 0.177594676614 0.0111124180257 0.432977586985
Ad 1.36899900436 1.76033914089 1.58927750587 1.34588456154
Ag 0.402209877968 -0.335879594088 -0.508313655853 0.0457523949444
At 0.47407284379 1.21918535233 0.718178570271 0.546455681324
as 0.0 0.706896543503 0.589285731316 0.0
bs 0.466666668653 0.944444417953 0.72000002861 0.108108110726
ds 0.778523504734 1.0 0.993243217468 0.773333311081
gs 0.65625 0.310344815254 0.230769231915 0.0
ts 0.136363640428 1.0 0.714285731316 0.343434333801
eeg 863.614685059 870.194580078 815.91027832 843.874938965
eeg 860.324707031 868.549621582 814.265258789 853.744812012
eeg 865.259643555 866.904663086 817.555236816 853.744812012
eeg 857.034729004 865.259643555 815.91027832 842.229919434
eeg 843.874938965 865.259643555 815.91027832 843.874938965
eeg 858.679748535 863.614685059 817.555236816 850.454833984
eeg 852.09979248 857.034729004 809.330322266 843.874938965
eeg 848.809875488 860.324707031 810.975280762 850.454833984
eeg 835.650024414 855.389770508 815.91027832 845.519897461
eeg 838.940002441 860.324707031 812.620300293 835.650024414
eeg 840.584960938 865.259643555 815.91027832 840.584960938
eeg 848.809875488 861.969726562 815.91027832 847.164855957
eeg 840.584960938 863.614685059 814.265258789 853.744812012
eeg 834.005004883 857.034729004 814.265258789 853.744812012
eeg 840.584960938 857.034729004 819.200195312 860.324707031
eeg 837.29498291 855.389770508 815.91027832 855.389770508
eeg 838.940002441 850.454833984 819.200195312 852.09979248
eeg 835.650024414 848.809875488 822.49017334 855.389770508
eeg 832.360046387 852.09979248 815.91027832 853.744812012
eeg 842.229919434 853.744812012 819.200195312 852.09979248
eeg 838.940002441 852.09979248 819.200195312 848.809875488
eeg 847.164855957 852.09979248 820.845214844 861.969726562
a 0.0881688147783 0.0487460680306 0.0527139343321 0.0391334481537
b 0.101387880743 0.0199671164155 0.0230105258524 0.0842683464289
d 0.636619031429 0.722974717617 0.808340132236 0.688537120819
g 0.0750173255801 0.00607879972085 0.00696402927861 0.0428887307644
t 0.098806977272 0.202233284712 0.108971387148 0.145172342658
h 1.0 1.0 1.0 1.0
c 0.666647434235
Aa 0.487291753292 0.577543139458 0.381840795279 0.0820041820407
Ab 0.547962844372 0.189918890595 0.0218418929726 0.415120512247
Ad 1.34585642815 1.74872660637 1.56750953197 1.32738339901
Ag 0.417138367891 -0.326578646898 -0.497224062681 0.121799252927
At 0.536764383316 1.19545614719 0.697227835655 0.651339948177
as 0.0204081628472 0.913793087006 0.607142865658 0.0
bs 0.379310339689 0.972222208977 0.759999990463 0.0540540553629
ds 0.758389234543 1.0 0.972972989082 0.759999990463
gs 0.6875 0.344827592373 0.256410270929 0.0
ts 0.204545453191 1.0 0.6875 0.463917523623
eeg 848.809875488 852.09979248 825.780151367 860.324707031
eeg 840.584960938 853.744812012 820.845214844 855.389770508
eeg 843.874938965 850.454833984 820.845214844 857.034729004
eeg 843.874938965 848.809875488 822.49017334 850.454833984
eeg 843.874938965 848.809875488 820.845214844 861.969726562
eeg 852.09979248 855.389770508 822.49017334 861.969726562
eeg 855.389770508 858.679748535 819.200195312 852.09979248
eeg 845.519897461 855.389770508 820.845214844 855.389770508
eeg 850.454833984 855.389770508 822.49017334 853.744812012
eeg 857.034729004 861.969726562 819.200195312 855.389770508
eeg 845.519897461 858.679748535 819.200195312 858.679748535
eeg 847.164855957 858.679748535 817.555236816 842.229919434
eeg 845.519897461 855.389770508 815.91027832 838.940002441
eeg 848.809875488 855.389770508 817.555236816 843.874938965
eeg 842.229919434 855.389770508 820.845214844 850.454833984
eeg 842.229919434 852.09979248 824.135131836 853.744812012
eeg 835.650024414 850.454833984 825.780151367 852.09979248
eeg 834.005004883 850.454833984 824.135131836 845.519897461
eeg 853.744812012 853.744812012 824.135131836 853.744812012
eeg 835.650024414 852.09979248 822.49017334 857.034729004
eeg 842.229919434 850.454833984 827.425109863 857.034729004
eeg 840.584960938 845.519897461 827.425109863 861.969726562
a 0.10975189507 0.0710410103202 0.0692379102111 0.0550009980798
b 0.0885234028101 0.0214484706521 0.0243551693857 0.0750508978963
d 0.625395894051 0.70787602663 0.788471758366 0.654944181442
g 0.0678495839238 0.00634788163006 0.00729620922357 0.0445428453386
t 0.108479246497 0.193286642432 0.110638946295 0.170461088419
h 1.0 1.0 1.0 1.0
c 0.666647434235
Aa 0.620942771435 0.728292644024 0.490028858185 0.275168091059
Ab 0.527588844299 0.208179861307 0.0362760610878 0.410153418779
Ad 1.37668573856 1.72674071789 1.54647099972 1.35100185871
Ag 0.41207793355 -0.32058763504 -0.48721781373 0.183575466275
At 0.615877389908 1.16298532486 0.693592965603 0.76642280817
as 0.306122452021 1.0 0.818181812763 0.0
bs 0.310344815254 1.0 0.800000011921 0.0540540553629
ds 0.778523504734 1.0 0.959459483624 0.77999997139
gs 0.6875 0.379310339689 0.282051295042 0.146341457963
ts 0.295454531908 1.0 0.6875 0.577319562435
eeg 838.940002441 850.454833984 822.49017334 848.809875488
eeg 848.809875488 855.389770508 822.49017334 853.744812012
eeg 843.874938965 858.679748535 817.555236816 855.389770508
eeg 832.360046387 855.389770508 817.555236816 847.164855957
eeg 838.940002441 850.454833984 819.200195312 850.454833984
eeg 837.29498291 847.164855957 815.91027832 847.164855957
eeg 842.229919434 848.809875488 817.555236816 850.454833984
eeg 847.164855957 853.744812012 815.91027832 840.584960938
eeg 850.454833984 855.389770508 819.200195312 857.034729004
eeg 848.809875488 857.034729004 820.845214844 853.744812012
eeg 845.519897461 855.389770508 815.91027832 847.164855957
eeg 845.519897461 857.034729004 820.845214844 861.969726562
eeg 837.29498291 852.09979248 817.555236816 838.940002441
eeg 837.29498291 848.809875488 819.200195312 845.519897461
eeg 829.070068359 847.164855957 815.91027832 847.164855957
eeg 835.650024414 850.454833984 817.555236816 848.809875488
eeg 840.584960938 853.744812012 812.620300293 840.584960938
eeg 853.744812012 855.389770508 814.265258789 853.744812012
eeg 848.809875488 852.09979248 819.200195312 852.09979248
eeg 847.164855957 848.809875488 815.91027832 853.744812012
eeg 852.09979248 850.454833984 820.845214844 871.839599609
eeg 838.940002441 853.744812012 820.845214844 861.969726562
a 0.138572007418 0.102060936391 0.0881496891379 0.0736024603248
b 0.0743324458599 0.023963496089 0.0255573112518 0.0676346644759
d 0.61847692728 0.683656930923 0.763044834137 0.632623136044
g 0.0570078492165 0.00678744120523 0.00761849991977 0.0436097644269
t 0.111610785127 0.183531194925 0.115629650652 0.182529956102
h 1.0 1.0 1.0 1.0
c 0.666647434235
Aa 0.779588937759 0.857020795345 0.586281239986 0.455870896578
Ab 0.509091854095 0.227711424232 0.0485756322742 0.419147908688
Ad 1.42923700809 1.68299949169 1.52361047268 1.39012360573
Ag 0.393848091364 -0.320132672787 -0.477070093155 0.228562265635
At 0.685619592667 1.11187112331 0.704129695892 0.850312709808
as 0.632653057575 1.0 0.981818199158 0.274509817362
bs 0.214285716414 1.0 0.879999995232 0.0810810774565
ds 0.818791925907 1.0 0.94594591856 0.80666667223
gs 0.625 0.379310339689 0.307692319155 0.268292695284
ts 0.375 1.0 0.693693697453 0.67010307312
eeg 853.744812012 853.744812012 820.845214844 860.324707031
eeg 845.519897461 855.389770508 820.845214844 861.969726562
eeg 853.744812012 850.454833984 820.845214844 861.969726562
eeg 852.09979248 847.164855957 825.780151367 861.969726562
eeg 835.650024414 848.809875488 829.070068359 865.259643555
eeg 835.650024414 848.809875488 829.070068359 857.034729004
eeg 838.940002441 850.454833984 824.135131836 847.164855957
eeg 840.584960938 858.679748535 825.780151367 860.324707031
eeg 837.29498291 852.09979248 820.845214844 855.389770508
eeg 834.005004883 853.744812012 824.135131836 848.809875488
eeg 835.650024414 855.389770508 824.135131836 855.389770508
eeg 852.09979248 855.389770508 824.135131836 842.229919434
eeg 835.650024414 855.389770508 825.780151367 848.809875488
eeg 840.584960938 857.034729004 824.135131836 850.454833984
eeg 835.650024414 853.744812012 824.135131836 840.584960938
eeg 830.715087891 852.09979248 822.49017334 850.454833984
eeg 843.874938965 853.744812012 824.135131836 848.809875488
eeg 840.584960938 855.389770508 820.845214844 845.519897461
eeg 853.744812012 857.034729004 819.200195312 848.809875488
eeg 852.09979248 857.034729004 819.200195312 847.164855957
eeg 850.454833984 858.679748535 819.200195312 850.454833984
eeg 852.09979248 860.324707031 822.49017334 850.454833984
a 0.162875324488 0.129737690091 0.100174568594 0.0839912742376
b 0.0646778643131 0.0285564623773 0.0271646063775 0.0646775066853
d 0.610315263271 0.658326745033 0.738535404205 0.62099802494
g 0.0485141389072 0.00771679310128 0.00821634102613 0.0428432002664
t 0.113617390394 0.175662323833 0.125909075141 0.187489971519
h 1.0 1.0 1.0 1.0
c 0.666647434235
Aa 0.896596193314 0.900570392609 0.620410978794 0.549215912819
Ab 0.495496571064 0.243208602071 0.0536569133401 0.435735017061
Ad 1.47029519081 1.60594570637 1.48802483082 1.41807198524
Ag 0.370609223843 -0.325058937073 -0.465668022633 0.256863623857
At 0.740185678005 1.03218281269 0.719710528851 0.897959768772
as 0.857142865658 1.0 1.0 0.479999989271
bs 0.142857149243 1.0 0.879999995232 0.108108110726
ds 0.845637559891 1.0 0.918918907642 0.819999992847
gs 0.5625 0.344827592373 0.333333343267 0.31707316637
ts 0.443181812763 0.932692289352 0.711711704731 0.721649467945
eeg 838.940002441 855.389770508 819.200195312 848.809875488
eeg 852.09979248 855.389770508 819.200195312 855.389770508
eeg 848.809875488 850.454833984 817.555236816 837.29498291
eeg 843.874938965 850.454833984 817.555236816 842.229919434
eeg 835.650024414 850.454833984 820.845214844 850.454833984
eeg 835.650024414 852.09979248 822.49017334 829.070068359
eeg 838.940002441 853.744812012 820.845214844 843.874938965
eeg 845.519897461 850.454833984 820.845214844 842.229919434
eeg 842.229919434 853.744812012 825.780151367 843.874938965
eeg 840.584960938 850.454833984 827.425109863 853.744812012
eeg 832.360046387 852.09979248 829.070068359 842.229919434
eeg 830.715087891 853.744812012 824.135131836 835.650024414
eeg 837.29498291 858.679748535 829.070068359 848.809875488
eeg 847.164855957 855.389770508 825.780151367 855.389770508
eeg 847.164855957 855.389770508 824.135131836 852.09979248
eeg 847.164855957 853.744812012 825.780151367 850.454833984
eeg 843.874938965 852.09979248 819.200195312 855.389770508
eeg 832.360046387 847.164855957 819.200195312 861.969726562
eeg 829.070068359 843.874938965 814.265258789 853.744812012
eeg 838.940002441 843.874938965 809.330322266 840.584960938
eeg 832.360046387 845.519897461 810.975280762 830.715087891
eeg 834.005004883 845.519897461 815.91027832 838.940002441
a 0.174256846309 0.162880152464 0.110656991601 0.0894403010607
b 0.0604609102011 0.0360799096525 0.0296963751316 0.065288990736
d 0.60433369875 0.624939143658 0.707937419415 0.613454401493
g 0.0439688637853 0.00946752447635 0.00931949913502 0.0430727638304
t 0.116979673505 0.166633293033 0.142389714718 0.188743531704
h 1.0 1.0 1.0 1.0
c 0.666647434235
Aa 0.946136832237 0.905055224895 0.621351957321 0.588019311428
Ab 0.48642167449 0.250452518463 0.0500765666366 0.451325953007
Ad 1.48622381687 1.48902475834 1.42736804485 1.42426836491
Ag 0.348092228174 -0.330576479435 -0.453234285116 0.270688772202
At 0.77305740118 0.914948821068 0.730851769447 0.912358105183
as 0.959183692932 1.0 1.0 0.560000002384
bs 0.107142858207 1.0 0.879999995232 0.166666671634
ds 0.852348983288 0.964538991451 0.878378391266 0.826666653156
gs 0.5 0.344827592373 0.394736856222 0.365853667259
ts 0.477272719145 0.817307710648 0.72072070837 0.736842095852
eeg 820.845214844 842.229919434 815.91027832 842.229919434
eeg 820.845214844 842.229919434 812.620300293 830.715087891
eeg 832.360046387 840.584960938 814.265258789 830.715087891
eeg 814.265258789 838.940002441 817.555236816 830.715087891
eeg 812.620300293 837.29498291 815.91027832 825.780151367
eeg 810.975280762 835.650024414 815.91027832 829.070068359
eeg 809.330322266 834.005004883 817.555236816 820.845214844
eeg 824.135131836 835.650024414 812.620300293 827.425109863
eeg 825.780151367 843.874938965 817.555236816 835.650024414
eeg 807.68536377 838.940002441 812.620300293 837.29498291
eeg 824.135131836 840.584960938 814.265258789 837.29498291
eeg 820.845214844 838.940002441 812.620300293 835.650024414
eeg 822.49017334 838.940002441 812.620300293 834.005004883
eeg 825.780151367 840.584960938 814.265258789 825.780151367
eeg 822.49017334 842.229919434 814.265258789 837.29498291
eeg 824.135131836 843.874938965 815.91027832 845.519897461
eeg 825.780151367 838.940002441 814.265258789 843.874938965
eeg 834.005004883 840.584960938 820.845214844 852.09979248
eeg 829.070068359 840.584960938 819.200195312 847.164855957
eeg 838.940002441 838.940002441 819.200195312 848.809875488
eeg 840.584960938 840.584960938 820.845214844 853.744812012
eeg 843.874938965 842.229919434 820.845214844 863.614685059
a 0.178559854627 0.215891480446 0.126041352749 0.0915246009827
b 0.0602026507258 0.0469495803118 0.0333747044206 0.068114861846
d 0.598019242287 0.57217669487 0.664544522762 0.607433617115
g 0.042500641197 0.0124552324414 0.0111115351319 0.0443083010614
t 0.12071762979 0.15252700448 0.164927899837 0.18861861527
h 1.0 1.0 1.0 1.0
c 0.666647434235
Aa 0.952032566071 0.910040736198 0.614470601082 0.588025927544
Ab 0.4798643291 0.247436970472 0.0373750068247 0.459729999304
Ad 1.47696387768 1.33333539963 1.33648169041 1.40998697281
Ag 0.328644186258 -0.328842908144 -0.440268367529 0.27297320962
At 0.782019436359 0.759151995182 0.731251716614 0.902072668076
as 0.979591846466 1.0 0.982456147671 0.560000002384
bs 0.107142858207 1.0 0.839999973774 0.194444447756
ds 0.845637559891 0.851063847542 0.817567586899 0.819999992847
gs 0.4375 0.344827592373 0.421052634716 0.365853667259
ts 0.488636374474 0.673076927662 0.727272748947 0.726315796375
eeg 847.164855957 843.874938965 824.135131836 860.324707031
eeg 838.940002441 843.874938965 825.780151367 868.549621582
eeg 837.29498291 842.229919434 822.49017334 857.034729004
eeg 843.874938965 847.164855957 824.135131836 852.09979248
eeg 845.519897461 845.519897461 825.780151367 861.969726562
eeg 847.164855957 845.519897461 824.135131836 855.389770508
eeg 845.519897461 843.874938965 820.845214844 857.034729004
eeg 850.454833984 843.874938965 817.555236816 848.809875488
eeg 848.809875488 848.809875488 820.845214844 855.389770508
eeg 863.614685059 848.809875488 820.845214844 861.969726562
eeg 845.519897461 850.454833984 822.49017334 873.484558105
eeg 847.164855957 853.744812012 825.780151367 865.259643555
eeg 855.389770508 857.034729004 830.715087891 863.614685059
eeg 850.454833984 853.744812012 835.650024414 863.614685059
eeg 861.969726562 857.034729004 834.005004883 868.549621582
eeg 868.549621582 857.034729004 834.005004883 865.259643555
eeg 868.549621582 858.679748535 837.29498291 876.774536133
eeg 861.969726562 861.969726562 835.650024414 873.484558105
eeg 875.129516602 857.034729004 832.360046387 871.839599609
eeg 863.614685059 855.389770508 832.360046387 881.709472656
eeg 868.549621582 860.324707031 829.070068359 876.774536133
eeg 876.774536133 860.324707031 835.650024414 880.064453125
a 0.187282577157 0.286718547344 0.150562271476 0.0967431664467
b 0.0617396533489 0.0605072006583 0.0380637571216 0.0713790431619
d 0.585360348225 0.502051055431 0.605864524841 0.598861038685
g 0.0426264889538 0.0170034766197 0.0135784652084 0.0457584708929
t 0.12299092859 0.133719727397 0.191930994391 0.187258303165
h 1.0 1.0 1.0 1.0
c 0.655929923058
Aa 0.956569969654 0.911155223846 0.615814805031 0.592047691345
Ab 0.474636763334 0.235506489873 0.0186102706939 0.459998071194
Ad 1.45149588585 1.15444731712 1.22047412395 1.38375341892
Ag 0.313752144575 -0.31576281786 -0.429050683975 0.266898870468
At 0.773945689201 0.579894900322 0.721243739128 0.878868460655
as 0.979591846466 1.0 0.982456147671 0.560000002384
bs 0.0714285746217 1.0 0.759999990463 0.194444447756
ds 0.832214772701 0.723404228687 0.743243217468 0.800000011921
gs 0.375 0.357142865658 0.44736841321 0.341463416815
ts 0.482758611441 0.504854381084 0.718181788921 0.705263137817
eeg 858.679748535 861.969726562 838.940002441 881.709472656
eeg 857.034729004 860.324707031 830.715087891 863.614685059
eeg 875.129516602 860.324707031 832.360046387 873.484558105
eeg 871.839599609 858.679748535 835.650024414 880.064453125
eeg 871.839599609 855.389770508 835.650024414 880.064453125
eeg 868.549621582 858.679748535 837.29498291 884.999450684
eeg 863.614685059 853.744812012 835.650024414 886.64440918
eeg 857.034729004 853.744812012 832.360046387 886.64440918
eeg 863.614685059 858.679748535 835.650024414 886.64440918
eeg 863.614685059 855.389770508 837.29498291 894.86932373
eeg 868.549621582 857.034729004 837.29498291 881.709472656
eeg 868.549621582 857.034729004 834.005004883 881.709472656
eeg 868.549621582 861.969726562 829.070068359 875.129516602
eeg 875.129516602 863.614685059 827.425109863 884.999450684
eeg 875.129516602 866.904663086 822.49017334 875.129516602
eeg 871.839599609 861.969726562 827.425109863 883.354431152
eeg 871.839599609 857.034729004 824.135131836 875.129516602
eeg 865.259643555 860.324707031 829.070068359 868.549621582
eeg 853.744812012 857.034729004 827.425109863 863.614685059
eeg 860.324707031 857.034729004 824.135131836 861.969726562
eeg 857.034729004 855.389770508 827.425109863 868.549621582
eeg 848.809875488 852.09979248 820.845214844 857.034729004
a 0.199936032295 0.363493293524 0.174384057522 0.103773362935
b 0.0634513124824 0.0734511688352 0.043613050133 0.0738687366247
d 0.569588780403 0.425687521696 0.546310782433 0.589590966702
g 0.0434311069548 0.0226146038622 0.0165100432932 0.0467605255544
t 0.12359277159 0.11475340277 0.219182044268 0.18600641191
h 1.0 1.0 1.0 1.0
c 0.644747793674
Aa 0.967454433441 0.911155223846 0.601641952991 0.601948678493
Ab 0.469003945589 0.216657549143 -0.000248347729212 0.45432344079
Ad 1.42212474346 0.97974973917 1.09757494926 1.35641360283
Ag 0.304364204407 -0.294952213764 -0.422116607428 0.255742162466
At 0.758556425571 0.410424381495 0.700940132141 0.855390667915
as 1.0 1.0 0.964912295341 0.591836750507
bs 0.0714285746217 1.0 0.680000007153 0.166666671634
ds 0.812080562115 0.60283690691 0.655405402184 0.77999997139
gs 0.34375 0.444444447756 0.473684221506 0.31707316637
ts 0.471264362335 0.319999992847 0.699999988079 0.673684239388
eeg 858.679748535 855.389770508 824.135131836 868.549621582
eeg 847.164855957 852.09979248 825.780151367 868.549621582
eeg 853.744812012 852.09979248 825.780151367 868.549621582
eeg 857.034729004 853.744812012 824.135131836 861.969726562
eeg 858.679748535 852.09979248 822.49017334 843.874938965
eeg 868.549621582 855.389770508 822.49017334 838.940002441
eeg 865.259643555 858.679748535 820.845214844 845.519897461
eeg 870.194580078 853.744812012 827.425109863 857.034729004
eeg 860.324707031 855.389770508 824.135131836 855.389770508
eeg 865.259643555 857.034729004 827.425109863 853.744812012
eeg 857.034729004 857.034729004 824.135131836 842.229919434
eeg 845.519897461 860.324707031 819.200195312 842.229919434
eeg 850.454833984 858.679748535 817.555236816 840.584960938
eeg 852.09979248 855.389770508 817.555236816 852.09979248
eeg 858.679748535 855.389770508 822.49017334 858.679748535
eeg 848.809875488 850.454833984 824.135131836 850.454833984
eeg 842.229919434 850.454833984 824.135131836 857.034729004
eeg 843.874938965 853.744812012 820.845214844 848.809875488
eeg 838.940002441 850.454833984 820.845214844 852.09979248
eeg 848.809875488 853.744812012 815.91027832 853.744812012
eeg 848.809875488 852.09979248 820.845214844 860.324707031
eeg 847.164855957 850.454833984 822.49017334 858.679748535
a 0.207814663649 0.426927119493 0.195405572653 0.113665193319
b 0.064540669322 0.0819224566221 0.0492712184787 0.0747698992491
d 0.559697568417 0.361991912127 0.49690875411 0.581138312817
g 0.0443444214761 0.0277667511255 0.0192295573652 0.0468079410493
t 0.12360265851 0.101391755044 0.239184901118 0.183618634939
h 1.0 1.0 1.0 1.0
c 0.63336199522
Aa 0.970835983753 0.911155223846 0.586456894875 0.629355370998
Ab 0.462993294001 0.194204449654 -0.0118867438287 0.447454720736
Ad 1.40111327171 0.839500308037 0.99179661274 1.3380074501
Ag 0.299998790026 -0.275673478842 -0.42051076889 0.244047433138
At 0.74518764019 0.286804080009 0.674253702164 0.837644636631
as 1.0 1.0 0.929824590683 0.653061211109
bs 0.0357142873108 0.94594591856 0.639999985695 0.166666671634
ds 0.798657715321 0.503546118736 0.587837815285 0.766666650772
gs 0.34375 0.518518507481 0.473684221506 0.292682915926
ts 0.448275864124 0.181818187237 0.672727286816 0.65263158083
eeg 858.679748535 852.09979248 824.135131836 868.549621582
eeg 843.874938965 850.454833984 825.780151367 868.549621582
eeg 847.164855957 848.809875488 822.49017334 850.454833984
eeg 842.229919434 847.164855957 820.845214844 843.874938965
eeg 843.874938965 847.164855957 820.845214844 855.389770508
eeg 860.324707031 848.809875488 819.200195312 855.389770508
eeg 843.874938965 848.809875488 819.200195312 860.324707031
eeg 842.229919434 852.09979248 824.135131836 868.549621582
eeg 845.519897461 848.809875488 822.49017334 855.389770508
eeg 840.584960938 852.09979248 827.425109863 857.034729004
eeg 842.229919434 848.809875488 824.135131836 857.034729004
eeg 838.940002441 843.874938965 820.845214844 847.164855957
eeg 835.650024414 847.164855957 825.780151367 857.034729004
eeg 842.229919434 850.454833984 824.135131836 842.229919434
eeg 848.809875488 853.744812012 825.780151367 855.389770508
eeg 830.715087891 852.09979248 824.135131836 845.519897461
eeg 837.29498291 852.09979248 825.780151367 850.454833984
eeg 852.09979248 850.454833984 824.135131836 850.454833984
eeg 845.519897461 850.454833984 824.135131836 847.164855957
eeg 843.874938965 852.09979248 819.200195312 842.229919434
eeg 837.29498291 850.454833984 817.555236816 842.229919434
eeg 843.874938965 847.164855957 822.49017334 855.389770508
a 0.214881315827 0.466572076082 0.20733512938 0.116727091372
b 0.0637178197503 0.0850689411163 0.0544814318419 0.0743344128132
d 0.55531167984 0.32363191247 0.468953698874 0.582457125187
g 0.0442265234888 0.0310715213418 0.0211592428386 0.0462708994746
t 0.121862627566 0.0936555489898 0.24807049334 0.180210486054
h 1.0 1.0 1.0 1.0
c 0.621772527695
Aa 0.984669446945 0.911155223846 0.568142175674 0.63844871521
Ab 0.456731677055 0.172007501125 -0.0122822169214 0.442466974258
Ad 1.39700758457 0.75228780508 0.922599256039 1.33654105663
Ag 0.298153579235 -0.265401035547 -0.423030585051 0.23658503592
At 0.738341331482 0.213769957423 0.646044373512 0.827057123184
as 1.0 1.0 0.912280678749 0.673469364643
bs 0.0 0.891891896725 0.666666686535 0.138888895512
ds 0.797297298908 0.423357665539 0.540540516376 0.777027010918
gs 0.34375 0.555555582047 0.473684221506 0.268292695284
ts 0.448275864124 0.102040819824 0.651376128197 0.642105281353
eeg 843.874938965 848.809875488 822.49017334 847.164855957
eeg 834.005004883 850.454833984 827.425109863 855.389770508
eeg 829.070068359 848.809875488 822.49017334 848.809875488
eeg 830.715087891 852.09979248 815.91027832 840.584960938
eeg 845.519897461 853.744812012 819.200195312 843.874938965
eeg 855.389770508 853.744812012 820.845214844 840.584960938
eeg 848.809875488 852.09979248 820.845214844 840.584960938
eeg 843.874938965 847.164855957 819.200195312 847.164855957
eeg 845.519897461 848.809875488 822.49017334 845.519897461
eeg 840.584960938 853.744812012 825.780151367 848.809875488
eeg 853.744812012 855.389770508 829.070068359 853.744812012
eeg 842.229919434 853.744812012 827.425109863 847.164855957
eeg 843.874938965 848.809875488 824.135131836 838.940002441
eeg 848.809875488 845.519897461 824.135131836 845.519897461
eeg 847.164855957 845.519897461 825.780151367 847.164855957
eeg 843.874938965 847.164855957 827.425109863 840.584960938
eeg 848.809875488 852.09979248 820.845214844 858.679748535
eeg 866.904663086 855.389770508 827.425109863 853.744812012
eeg 845.519897461 847.164855957 832.360046387 843.874938965
eeg 837.29498291 843.874938965 838.940002441 858.679748535
eeg 810.975280762 829.070068359 843.874938965 835.650024414
eeg 810.975280762 825.780151367 845.519897461 840.584960938
a 0.21218585968 0.481965124607 0.212738081813 0.114641949534
b 0.0623244643211 0.0841581299901 0.0584648475051 0.0726571828127
d 0.56303280592 0.312742352486 0.459399700165 0.591735601425
g 0.0434702783823 0.0320002734661 0.0220308154821 0.0455303862691
t 0.118986561894 0.0891341045499 0.247366562486 0.175434872508
h 1.0 1.0 1.0 1.0
c 0.61012583971
Aa 0.984669446945 0.911155223846 0.558719694614 0.63844871521
Ab 0.452611535788 0.153235659003 -0.00223070010543 0.440383762121
Ad 1.4084867239 0.723326265812 0.893065154552 1.35123288631
Ag 0.296145379543 -0.266706705093 -0.426094919443 0.237406507134
At 0.733450889587 0.178183481097 0.624215483665 0.823221087456
as 1.0 1.0 0.89473682642 0.673469364643
bs 0.0 0.837837815285 0.695652186871 0.138888895512
ds 0.810810804367 0.40145984292 0.520270287991 0.790540516376
gs 0.3125 0.555555582047 0.44736841321 0.292682915926
ts 0.436781615019 0.0520833320916 0.633027493954 0.642105281353
eeg 829.070068359 825.780151367 850.454833984 848.809875488
eeg 830.715087891 825.780151367 853.744812012 855.389770508
eeg 835.650024414 820.845214844 853.744812012 848.809875488
eeg 824.135131836 815.91027832 858.679748535 855.389770508
eeg 814.265258789 815.91027832 855.389770508 847.164855957
eeg 832.360046387 817.555236816 855.389770508 847.164855957
eeg 819.200195312 820.845214844 850.454833984 855.389770508
eeg 835.650024414 825.780151367 845.519897461 850.454833984
eeg 835.650024414 825.780151367 848.809875488 853.744812012
eeg 834.005004883 827.425109863 843.874938965 861.969726562
eeg 837.29498291 830.715087891 843.874938965 865.259643555
eeg 837.29498291 830.715087891 838.940002441 845.519897461
eeg 840.584960938 830.715087891 842.229919434 853.744812012
eeg 819.200195312 830.715087891 842.229919434 847.164855957
eeg 827.425109863 830.715087891 842.229919434 855.389770508
eeg 845.519897461 829.070068359 840.584960938 847.164855957
eeg 830.715087891 829.070068359 837.29498291 843.874938965
eeg 840.584960938 825.780151367 837.29498291 842.229919434
eeg 835.650024414 830.715087891 835.650024414 847.164855957
eeg 830.715087891 830.715087891 838.940002441 858.679748535
eeg 837.29498291 830.715087891 832.360046387 845.519897461
eeg 855.389770508 838.940002441 837.29498291 861.969726562
a 0.211646690965 0.478290706873 0.214054122567 0.112526781857
b 0.060044799 0.0810571610928 0.0607893317938 0.0708680897951
d 0.566743016243 0.32454097271 0.458797127008 0.592642128468
g 0.0430937148631 0.0310401841998 0.0221753828228 0.0476959906518
t 0.118471756577 0.0850709676743 0.244184046984 0.176267042756
h 1.0 1.0 1.0 1.0
c 0.598886430264
Aa 0.985246181488 0.911155223846 0.558719694614 0.63844871521
Ab 0.438110053539 0.14025464654 0.0120234871283 0.437643587589
Ad 1.41302084923 0.742732822895 0.889816761017 1.35998535156
Ag 0.294048607349 -0.276612460613 -0.425932794809 0.265674710274
At 0.733249485493 0.161244660616 0.615913391113 0.833363950253
as 1.0 1.0 0.89473682642 0.673469364643
bs 0.0 0.810810804367 0.739130437374 0.138888895512
ds 0.810810804367 0.41911765933 0.51700681448 0.797297298908
gs 0.3125 0.518518507481 0.44736841321 0.341463416815
ts 0.436781615019 0.03125 0.623853206635 0.65263158083
eeg 847.164855957 832.360046387 837.29498291 858.679748535
eeg 845.519897461 832.360046387 835.650024414 852.09979248
eeg 845.519897461 832.360046387 834.005004883 845.519897461
eeg 837.29498291 832.360046387 835.650024414 834.005004883
eeg 835.650024414 835.650024414 834.005004883 852.09979248
eeg 843.874938965 834.005004883 835.650024414 853.744812012
eeg 835.650024414 834.005004883 832.360046387 850.454833984
eeg 832.360046387 827.425109863 820.845214844 843.874938965
eeg 832.360046387 830.715087891 820.845214844 837.29498291
eeg 827.425109863 829.070068359 819.200195312 827.425109863
eeg 810.975280762 825.780151367 819.200195312 834.005004883
eeg 812.620300293 825.780151367 817.555236816 842.229919434
eeg 807.68536377 824.135131836 809.330322266 824.135131836
eeg 820.845214844 827.425109863 814.265258789 832.360046387
eeg 824.135131836 827.425109863 814.265258789 815.91027832
eeg 815.91027832 829.070068359 815.91027832 830.715087891
eeg 822.49017334 827.425109863 819.200195312 840.584960938
eeg 820.845214844 827.425109863 815.91027832 832.360046387
eeg 829.070068359 829.070068359 819.200195312 848.809875488
eeg 819.200195312 829.070068359 812.620300293 819.200195312
eeg 824.135131836 832.360046387 815.91027832 832.360046387
eeg 824.135131836 830.715087891 810.975280762 835.650024414
a 0.211121439934 0.466404080391 0.210606187582 0.108664281666
b 0.0577541440725 0.0775895863771 0.0614096596837 0.0682267844677
d 0.573620438576 0.344267070293 0.463247209787 0.594007194042
g 0.0413481406868 0.0295011829585 0.0221145581454 0.0496338419616
t 0.116155825555 0.0822380781174 0.242622405291 0.179467886686
h 1.0 1.0 1.0 1.0
c 0.58808362484
Aa 0.994121611118 0.911155223846 0.558719694614 0.63844871521
Ab 0.431172430515 0.132196307182 0.0234853010625 0.436316817999
Ad 1.42821395397 0.779288351536 0.901061415672 1.37615358829
Ag 0.286045253277 -0.287767708302 -0.420073151588 0.298139810562
At 0.734630286694 0.157465815544 0.620179474354 0.856348633766
as 1.0 1.0 0.89473682642 0.673469364643
bs 0.0 0.783783793449 0.782608687878 0.111111111939
ds 0.817567586899 0.444444447756 0.523809552193 0.80405408144
gs 0.28125 0.481481492519 0.473684221506 0.425000011921
ts 0.430232554674 0.0210526324809 0.633027493954 0.673684239388
eeg 830.715087891 835.650024414 814.265258789 824.135131836
eeg 842.229919434 838.940002441 819.200195312 855.389770508
eeg 838.940002441 837.29498291 817.555236816 852.09979248
eeg 837.29498291 842.229919434 819.200195312 837.29498291
eeg 834.005004883 842.229919434 817.555236816 838.940002441
eeg 838.940002441 843.874938965 815.91027832 845.519897461
eeg 840.584960938 843.874938965 817.555236816 834.005004883
eeg 847.164855957 845.519897461 820.845214844 852.09979248
eeg 834.005004883 840.584960938 822.49017334 845.519897461
eeg 834.005004883 840.584960938 817.555236816 838.940002441
eeg 845.519897461 842.229919434 819.200195312 847.164855957
eeg 834.005004883 842.229919434 819.200195312 843.874938965
eeg 845.519897461 847.164855957 817.555236816 843.874938965
eeg 860.324707031 848.809875488 819.200195312 861.969726562
eeg 848.809875488 843.874938965 822.49017334 845.519897461
eeg 847.164855957 842.229919434 825.780151367 843.874938965
eeg 829.070068359 837.29498291 827.425109863 847.164855957
eeg 827.425109863 835.650024414 825.780151367 840.584960938
eeg 843.874938965 842.229919434 829.070068359 861.969726562
eeg 847.164855957 838.940002441 822.49017334 861.969726562
eeg 843.874938965 845.519897461 825.780151367 855.389770508
eeg 829.070068359 838.940002441 825.780151367 853.744812012
a 0.210731863976 0.451210379601 0.205037891865 0.104910120368
b 0.0562551617622 0.0743057578802 0.0606738366187 0.0660644024611
d 0.580848634243 0.364152431488 0.46839517355 0.594838321209
g 0.0392760187387 0.0282139293849 0.0219874363393 0.0511706806719
t 0.112888351083 0.0821175053716 0.243905648589 0.183016508818
h 1.0 1.0 1.0 1.0
c 0.577606379986
Aa 1.00520682335 0.911155223846 0.558719694614 0.63844871521
Ab 0.431639045477 0.127798587084 0.0298870354891 0.437598854303
Ad 1.4455395937 0.818059325218 0.917497992516 1.39203023911
Ag 0.275604128838 -0.292760312557 -0.41093981266 0.326652526855
At 0.73412579298 0.171211853623 0.634107470512 0.880121588707
as 1.0 1.0 0.910714268684 0.673469364643
bs 0.0 0.783783793449 0.826086938381 0.138888895512
ds 0.836734712124 0.477611929178 0.527397274971 0.817567586899
gs 0.258064508438 0.481481492519 0.5 0.487179487944
ts 0.445783138275 0.0315789468586 0.642201840878 0.705263137817
eeg 834.005004883 840.584960938 824.135131836 860.324707031
eeg 845.519897461 843.874938965 824.135131836 852.09979248
eeg 850.454833984 843.874938965 825.780151367 853.744812012
eeg 857.034729004 848.809875488 827.425109863 855.389770508
eeg 855.389770508 847.164855957 825.780151367 858.679748535
eeg 852.09979248 847.164855957 830.715087891 860.324707031
eeg 855.389770508 845.519897461 830.715087891 866.904663086
eeg 860.324707031 845.519897461 825.780151367 863.614685059
eeg 860.324707031 840.584960938 829.070068359 865.259643555
eeg 861.969726562 840.584960938 825.780151367 857.034729004
eeg 863.614685059 852.09979248 832.360046387 870.194580078
eeg 855.389770508 860.324707031 832.360046387 865.259643555
eeg 855.389770508 863.614685059 834.005004883 868.549621582
eeg 866.904663086 860.324707031 837.29498291 875.129516602
eeg 865.259643555 855.389770508 832.360046387 878.419494629
eeg 868.549621582 860.324707031 832.360046387 861.969726562
eeg 873.484558105 863.614685059 832.360046387 873.484558105
eeg 868.549621582 861.969726562 834.005004883 861.969726562
eeg 866.904663086 861.969726562 835.650024414 875.129516602
eeg 850.454833984 858.679748535 838.940002441 868.549621582
eeg 857.034729004 858.679748535 832.360046387 852.09979248
eeg 861.969726562 857.034729004 835.650024414 865.259643555
a 0.211428597569 0.434234082699 0.199728474021 0.103721290827
b 0.0560567006469 0.0705047249794 0.0592991262674 0.0655578821898
d 0.583166360855 0.383014917374 0.474079668522 0.592364907265
g 0.0382441692054 0.027380572632 0.0217468459159 0.0526515394449
t 0.11110419035 0.0848657116294 0.245145887136 0.185704395175
h 1.0 1.0 1.0 1.0
c 0.567557394505
Aa 1.01459717751 0.913027644157 0.558719694614 0.640835821629
Ab 0.438060939312 0.123521946371 0.0313280113041 0.441592782736
Ad 1.45522582531 0.858519434929 0.934131026268 1.3975571394
Ag 0.271998643875 -0.287253707647 -0.404324024916 0.346378952265
At 0.735163867474 0.204036027193 0.647704362869 0.893790066242
as 1.0 1.0 0.910714268684 0.666666686535
bs 0.0344827584922 0.756756782532 0.826086938381 0.138888895512
ds 0.849315047264 0.51127821207 0.541095912457 0.81632655859
gs 0.258064508438 0.481481492519 0.5 0.538461565971
ts 0.445783138275 0.0631578937173 0.660550475121 0.715789496899
eeg 858.679748535 857.034729004 834.005004883 870.194580078
eeg 860.324707031 858.679748535 835.650024414 876.774536133
eeg 850.454833984 857.034729004 830.715087891 855.389770508
eeg 852.09979248 855.389770508 829.070068359 865.259643555
eeg 865.259643555 853.744812012 830.715087891 870.194580078
eeg 852.09979248 852.09979248 830.715087891 876.774536133
eeg 855.389770508 858.679748535 829.070068359 876.774536133
eeg 858.679748535 855.389770508 825.780151367 866.904663086
eeg 861.969726562 852.09979248 829.070068359 861.969726562
eeg 855.389770508 848.809875488 825.780151367 871.839599609
eeg 832.360046387 853.744812012 829.070068359 875.129516602
eeg 822.49017334 855.389770508 832.360046387 871.839599609
eeg 829.070068359 858.679748535 830.715087891 853.744812012
eeg 830.715087891 857.034729004 829.070068359 863.614685059
eeg 838.940002441 852.09979248 824.135131836 847.164855957
eeg 838.940002441 858.679748535 829.070068359 863.614685059
eeg 835.650024414 853.744812012 830.715087891 876.774536133
eeg 838.940002441 847.164855957 825.780151367 853.744812012
eeg 835.650024414 848.809875488 829.070068359 866.904663086
eeg 838.940002441 850.454833984 827.425109863 850.454833984
eeg 835.650024414 848.809875488 832.360046387 853.744812012
eeg 848.809875488 848.809875488 838.940002441 861.969726562
a 0.21455027163 0.415105819702 0.201217606664 0.106479652226
b 0.0573771968484 0.0657715573907 0.0576554685831 0.0669965669513
d 0.576707184315 0.401788502932 0.478492766619 0.586465597153
g 0.0393256396055 0.0267943870276 0.021292578429 0.054679915309
t 0.112039677799 0.0905397236347 0.241341590881 0.185378238559
h 1.0 1.0 1.0 1.0
c 0.567557394505
Aa 1.0210211277 0.914787828922 0.570510566235 0.6467487216
Ab 0.448231458664 0.114667147398 0.0276851169765 0.445534646511
Ad 1.45044744015 0.900626540184 0.946720004082 1.38772463799
Ag 0.284167915583 -0.275327175856 -0.404927134514 0.357309907675
At 0.738863945007 0.253468185663 0.649476766586 0.887540817261
as 1.0 1.0 0.928571403027 0.666666686535
bs 0.0689655169845 0.729729712009 0.826086938381 0.138888895512
ds 0.849315047264 0.54545456171 0.547945201397 0.809523820877
gs 0.290322571993 0.518518507481 0.5 0.578947365284
ts 0.457831323147 0.115789473057 0.660550475121 0.717391312122
eeg 837.29498291 847.164855957 837.29498291 865.259643555
eeg 830.715087891 850.454833984 830.715087891 855.389770508
eeg 838.940002441 855.389770508 832.360046387 857.034729004
eeg 834.005004883 855.389770508 832.360046387 843.874938965
eeg 829.070068359 852.09979248 827.425109863 837.29498291
eeg 830.715087891 850.454833984 824.135131836 843.874938965
eeg 835.650024414 855.389770508 829.070068359 835.650024414
eeg 835.650024414 848.809875488 834.005004883 852.09979248
eeg 845.519897461 850.454833984 835.650024414 843.874938965
eeg 832.360046387 852.09979248 834.005004883 848.809875488
eeg 834.005004883 853.744812012 830.715087891 843.874938965
eeg 835.650024414 855.389770508 830.715087891 840.584960938
eeg 827.425109863 852.09979248 830.715087891 840.584960938
eeg 825.780151367 850.454833984 829.070068359 843.874938965
eeg 822.49017334 852.09979248 825.780151367 835.650024414
eeg 820.845214844 853.744812012 829.070068359 832.360046387
eeg 825.780151367 858.679748535 830.715087891 835.650024414
eeg 825.780151367 857.034729004 830.715087891 824.135131836
eeg 837.29498291 852.09979248 824.135131836 822.49017334
eeg 824.135131836 850.454833984 829.070068359 820.845214844
eeg 832.360046387 852.09979248 827.425109863 801.105407715
eeg 830.715087891 855.389770508 830.715087891 809.330322266
a 0.219316512346 0.3962418437 0.206102117896 0.112058065832
b 0.0602328926325 0.0602147728205 0.0562986359 0.0697149783373
d 0.561905562878 0.41953125596 0.487026184797 0.580078780651
g 0.0429428517818 0.0263523869216 0.020775988698 0.0578536242247
t 0.115602172911 0.0976597443223 0.229797080159 0.180294558406
h 1.0 1.0 1.0 1.0
c 0.567557394505
Aa 1.0210211277 0.914787828922 0.582524836063 0.650715649128
Ab 0.459783583879 0.0965305492282 0.0189402811229 0.444598585367
Ad 1.42961323261 0.939591825008 0.955994725227 1.36475944519
Ag 0.312840759754 -0.26235255599 -0.413995862007 0.363603055477
At 0.742915868759 0.306543081999 0.629786908627 0.857255101204
as 1.0 1.0 0.946428596973 0.6875
bs 0.103448279202 0.675675690174 0.782608687878 0.138888895512
ds 0.835616409779 0.575757563114 0.554794549942 0.795918345451
gs 0.387096762657 0.592592597008 0.473684221506 0.60526317358
ts 0.457831323147 0.168421059847 0.642201840878 0.684782624245
eeg 796.170471191 855.389770508 830.715087891 797.815490723
eeg 807.68536377 861.969726562 825.780151367 801.105407715
eeg 776.430725098 858.679748535 824.135131836 773.14074707
eeg 779.720703125 863.614685059 825.780151367 769.850830078
eeg 784.655639648 858.679748535 830.715087891 779.720703125
eeg 789.590576172 860.324707031 837.29498291 784.655639648
eeg 774.785766602 865.259643555 835.650024414 789.590576172
eeg 773.14074707 863.614685059 835.650024414 776.430725098
eeg 771.495788574 861.969726562 838.940002441 781.365661621
eeg 778.075683594 858.679748535 842.229919434 774.785766602
eeg 773.14074707 866.904663086 842.229919434 787.945556641
eeg 764.91583252 870.194580078 834.005004883 768.205810547
eeg 766.560852051 860.324707031 838.940002441 763.270874023
eeg 769.850830078 858.679748535 840.584960938 792.880554199
eeg 771.495788574 861.969726562 842.229919434 792.880554199
eeg 774.785766602 863.614685059 838.940002441 768.205810547
eeg 773.14074707 868.549621582 834.005004883 778.075683594
eeg 759.980895996 866.904663086 835.650024414 778.075683594
eeg 768.205810547 860.324707031 837.29498291 783.010620117
eeg 779.720703125 863.614685059 835.650024414 787.945556641
eeg 778.075683594 865.259643555 829.070068359 787.945556641
eeg 784.655639648 857.034729004 832.360046387 796.170471191
a 0.225570067763 0.382519692183 0.209005907178 0.11923379451
b 0.0635629445314 0.0544301494956 0.0554113425314 0.0716590359807
d 0.542230963707 0.432463437319 0.504478275776 0.57696890831
g 0.0482098534703 0.0261139515787 0.0203669853508 0.0615301653743
t 0.120426170528 0.104472778738 0.210737511516 0.170608118176
h 1.0 1.0 1.0 1.0
c 0.567557394505
Aa 1.0210211277 0.914787828922 0.581983149052 0.657340526581
Ab 0.470943719149 0.0679735764861 0.00542327295989 0.43621212244
Ad 1.40192401409 0.968083441257 0.964667081833 1.34209358692
Ag 0.350875526667 -0.250993341208 -0.429248631001 0.370029270649
At 0.748460590839 0.351137191057 0.585566461086 0.812940895557
as 1.0 1.0 0.946428596973 0.6875
bs 0.137931033969 0.621621608734 0.695652186871 0.111111111939
ds 0.815068483353 0.598484873772 0.561643838882 0.78231292963
gs 0.516129016876 0.629629611969 0.432432442904 0.631578922272
ts 0.469879508018 0.221052631736 0.596330285072 0.641304373741
eeg 792.880554199 852.09979248 834.005004883 806.040344238
eeg 784.655639648 847.164855957 832.360046387 802.750427246
eeg 786.300598145 845.519897461 829.070068359 801.105407715
eeg 799.460449219 850.454833984 824.135131836 792.880554199
eeg 792.880554199 852.09979248 825.780151367 806.040344238
eeg 787.945556641 855.389770508 824.135131836 809.330322266
eeg 799.460449219 855.389770508 827.425109863 814.265258789
eeg 792.880554199 850.454833984 827.425109863 817.555236816
eeg 819.200195312 852.09979248 832.360046387 832.360046387
eeg 825.780151367 853.744812012 835.650024414 832.360046387
eeg 822.49017334 852.09979248 832.360046387 825.780151367
eeg 829.070068359 853.744812012 837.29498291 838.940002441
eeg 815.91027832 853.744812012 829.070068359 830.715087891
eeg 832.360046387 853.744812012 830.715087891 838.940002441
eeg 842.229919434 853.744812012 827.425109863 848.809875488
eeg 842.229919434 855.389770508 825.780151367 840.584960938
eeg 845.519897461 848.809875488 829.070068359 850.454833984
eeg 843.874938965 847.164855957 827.425109863 838.940002441
eeg 855.389770508 852.09979248 827.425109863 842.229919434
eeg 855.389770508 852.09979248 824.135131836 843.874938965
eeg 848.809875488 848.809875488 825.780151367 845.519897461
eeg 838.940002441 847.164855957 822.49017334 847.164855957
a 0.225344136357 0.348113000393 0.202916100621 0.123594470322
b 0.0662715286016 0.051283441484 0.0553681924939 0.070154517889
d 0.530907690525 0.458348572254 0.532317221165 0.586705803871
g 0.0534975267947 0.0273389928043 0.0202156379819 0.0638903453946
t 0.123979106545 0.11491599679 0.189182877541 0.155654847622
h 1.0 1.0 1.0 1.0
c 0.578437924385
Aa 1.01276779175 0.864216566086 0.555115818977 0.666125833988
Ab 0.481248527765 0.0324734933674 -0.00894036795944 0.420182436705
Ad 1.38494062424 0.983692228794 0.973969817162 1.34254717827
Ag 0.388255268335 -0.240721136332 -0.446513235569 0.379562020302
At 0.753270030022 0.382876843214 0.524681091309 0.76628947258
as 1.0 1.0 0.892857134342 0.708333313465
bs 0.172413796186 0.513513505459 0.652173936367 0.0833333358169
ds 0.801369845867 0.606060624123 0.568493127823 0.78231292963
gs 0.645161271095 0.666666686535 0.378378391266 0.657894730568
ts 0.469879508018 0.252631574869 0.541284382343 0.586956501007
eeg 847.164855957 848.809875488 822.49017334 850.454833984
eeg 853.744812012 852.09979248 822.49017334 861.969726562
eeg 865.259643555 855.389770508 820.845214844 853.744812012
eeg 852.09979248 850.454833984 820.845214844 850.454833984
eeg 847.164855957 847.164855957 817.555236816 853.744812012
eeg 857.034729004 852.09979248 820.845214844 861.969726562
eeg 866.904663086 847.164855957 814.265258789 870.194580078
eeg 876.774536133 843.874938965 815.91027832 852.09979248
eeg 842.229919434 837.29498291 820.845214844 863.614685059
eeg 873.484558105 840.584960938 814.265258789 855.389770508
eeg 871.839599609 847.164855957 819.200195312 868.549621582
eeg 863.614685059 847.164855957 814.265258789 857.034729004
eeg 858.679748535 845.519897461 817.555236816 845.519897461
eeg 855.389770508 842.229919434 815.91027832 847.164855957
eeg 863.614685059 845.519897461 815.91027832 855.389770508
eeg 847.164855957 838.940002441 817.555236816 865.259643555
eeg 842.229919434 837.29498291 817.555236816 850.454833984
eeg 834.005004883 838.940002441 820.845214844 853.744812012
eeg 834.005004883 838.940002441 819.200195312 848.809875488
eeg 825.780151367 842.229919434 815.91027832 825.780151367
eeg 824.135131836 842.229919434 820.845214844 832.360046387
eeg 809.330322266 840.584960938 825.780151367 835.650024414
a 0.204282090068 0.281408309937 0.18188175559 0.11420699209
b 0.066947966814 0.0516934879124 0.0565200261772 0.0632633119822
d 0.544095933437 0.504941940308 0.568524777889 0.621893167496
g 0.0562498643994 0.0305365100503 0.0203599408269 0.061785556376
t 0.128424152732 0.131419733167 0.17271348834 0.138851001859
h 1.0 1.0 1.0 1.0
c 0.590346217155
Aa 0.979426383972 0.733766257763 0.488183051348 0.658752024174
Ab 0.494933485985 -0.0021348176524 -0.0194037221372 0.402211278677
Ad 1.40487158298 0.987670779228 0.98314332962 1.39477515221
Ag 0.419317573309 -0.230751261115 -0.462829560041 0.391946315765
At 0.777842760086 0.403089910746 0.465720146894 0.743608415127
as 0.962264180183 0.841463387012 0.785714268684 0.708333313465
bs 0.206896558404 0.432432442904 0.608695626259 0.0277777779847
ds 0.815068483353 0.606060624123 0.575342476368 0.81632655859
gs 0.741935491562 0.703703701496 0.351351350546 0.684210538864
ts 0.506024122238 0.273684203625 0.486238539219 0.565217375755
eeg 830.715087891 848.809875488 829.070068359 843.874938965
eeg 812.620300293 853.744812012 824.135131836 827.425109863
eeg 807.68536377 857.034729004 822.49017334 806.040344238
eeg 801.105407715 860.324707031 815.91027832 792.880554199
eeg 806.040344238 865.259643555 820.845214844 797.815490723
eeg 794.525512695 868.549621582 817.555236816 786.300598145
eeg 804.395385742 871.839599609 819.200195312 794.525512695
eeg 774.785766602 871.839599609 819.200195312 783.010620117
eeg 779.720703125 871.839599609 815.91027832 784.655639648
eeg 787.945556641 873.484558105 825.780151367 794.525512695
eeg 786.300598145 875.129516602 822.49017334 786.300598145
eeg 796.170471191 880.064453125 819.200195312 783.010620117
eeg 791.235534668 875.129516602 822.49017334 789.590576172
eeg 791.235534668 873.484558105 819.200195312 789.590576172
eeg 787.945556641 875.129516602 824.135131836 784.655639648
eeg 810.975280762 870.194580078 824.135131836 796.170471191
eeg 789.590576172 865.259643555 820.845214844 794.525512695
eeg 815.91027832 871.839599609 819.200195312 814.265258789
eeg 802.750427246 868.549621582 820.845214844 812.620300293
eeg 809.330322266 866.904663086 820.845214844 807.68536377
eeg 815.91027832 866.904663086 819.200195312 804.395385742
eeg 807.68536377 858.679748535 810.975280762 810.975280762
a 0.170716941357 0.201150968671 0.157761514187 0.102824151516
b 0.0703370273113 0.0540417805314 0.0582079924643 0.0618053227663
d 0.566879928112 0.559943914413 0.5993065238 0.634888231754
g 0.0605849549174 0.0344196520746 0.0204478390515 0.0627574846148
t 0.131481140852 0.150443688035 0.164276093245 0.137724816799
h 1.0 1.0 1.0 1.0
c 0.602743625641
Aa 0.885156154633 0.543755352497 0.410645842552 0.612650156021
Ab 0.500063538551 -0.0270370692015 -0.0223725959659 0.391580879688
Ad 1.4063706398 0.988377809525 0.990293800831 1.403252244
Ag 0.435244292021 -0.22296024859 -0.476707816124 0.398220509291
At 0.771742999554 0.417607247829 0.428219169378 0.739567220211
as 0.773584902287 0.609756112099 0.642857134342 0.604166686535
bs 0.214285716414 0.351351350546 0.608695626259 0.0
ds 0.815068483353 0.610687017441 0.583333313465 0.823129236698
gs 0.774193525314 0.740740716457 0.297297298908 0.710526287556
ts 0.5 0.29473683238 0.458715587854 0.571428596973
eeg 830.715087891 857.034729004 814.265258789 835.650024414
eeg 827.425109863 861.969726562 814.265258789 829.070068359
eeg 835.650024414 858.679748535 812.620300293 842.229919434
eeg 829.070068359 852.09979248 810.975280762 837.29498291
eeg 843.874938965 855.389770508 806.040344238 832.360046387
eeg 848.809875488 857.034729004 809.330322266 863.614685059
eeg 845.519897461 852.09979248 810.975280762 863.614685059
eeg 857.034729004 850.454833984 807.68536377 857.034729004
eeg 857.034729004 847.164855957 807.68536377 866.904663086
eeg 858.679748535 847.164855957 812.620300293 858.679748535
eeg 865.259643555 845.519897461 810.975280762 880.064453125
eeg 871.839599609 845.519897461 815.91027832 881.709472656
eeg 873.484558105 845.519897461 807.68536377 883.354431152
eeg 871.839599609 838.940002441 802.750427246 855.389770508
eeg 865.259643555 838.940002441 806.040344238 861.969726562
eeg 861.969726562 837.29498291 806.040344238 875.129516602
