a 0.0713774263859 0.0869457274675 0.0810270234942 0.0523937307298
b 0.048241186887 0.0633132457733 0.0331234149635 0.0921781212091
d 0.685558974743 0.560946047306 0.620922029018 0.631683409214
g 0.0242205113173 0.0394906811416 0.013170786202 0.034698471427
t 0.170601889491 0.249304324389 0.2517567873 0.189046293497
h 1.0 1.0 2.0 1.0
c 0.679512381554 0 0 0
Aa 0.513188540936 0.121929183602 1.00707662106 0.0696775764227
Ab 0.343045592308 -0.0158244725317 0.618581831455 0.31502610445
Ad 1.49567246437 0.93160200119 1.89148378372 1.15089774132
Ag 0.0438109226525 -0.220824420452 0.218058437109 -0.109291404486
At 0.891611456871 0.579410731792 1.49942791462 0.626966416836
as 0.20000000298 0.384615391493 0.854838728905 0.0
bs 0.517241358757 0.639999985695 1.0 0.466666668653
ds 0.698275864124 0.543103456497 0.964285731316 0.555555582047
gs 0.5625 0.692307710648 1.0 0.0
ts 0.530864179134 0.802469134331 1.0 0.327272713184
a 0.0718218237162 0.0865333899856 0.0810270234942 0.0546377636492
b 0.052742742002 0.0699040070176 0.0331234149635 0.0952882394195
d 0.691955149174 0.556938171387 0.620922029018 0.627673983574
g 0.0276629347354 0.0405075624585 0.013170786202 0.0336119830608
t 0.155817314982 0.246116861701 0.2517567873 0.188788056374
h 1.0 1.0 2.0 1.0
c 0.667770147324 0 0 0
Aa 0.466913431883 0.121929183602 1.00707662106 0.0675916820765
Ab 0.332819700241 0.0292475353926 0.618581831455 0.309138089418
Ad 1.45073497295 0.930552423 1.89148378372 1.12783288956
Ag 0.0525552332401 -0.207718446851 0.218058437109 -0.143407091498
At 0.803272724152 0.575886845589 1.49942791462 0.606073260307
as 0.125 0.384615391493 0.854838728905 0.0
bs 0.482758611441 0.839999973774 1.0 0.466666668653
ds 0.663793087006 0.543103456497 0.964285731316 0.52586209774
gs 0.59375 0.730769217014 1.0 0.0
ts 0.419753074646 0.800000011921 1.0 0.309090912342
a 0.078294120729 0.0858333408833 0.0810270234942 0.111409157515
b 0.0637718513608 0.0760771110654 0.0331234149635 0.108018122613
d 0.68319517374 0.553737580776 0.620922029018 0.559003829956
g 0.0349587872624 0.0408912934363 0.013170786202 0.0414648763835
t 0.139780074358 0.243460655212 0.2517567873 0.18010404706
h 1.0 1.0 2.0 1.0
c 0.656288921833 0 0 0
Aa 0.416453152895 0.121929183602 1.00707662106 0.326651841402
Ab 0.327353000641 0.0695271715522 0.618581831455 0.313227564096
Ad 1.35726881027 0.931577146053 1.89148378372 1.02714574337
Ag 0.0662803500891 -0.200096011162 0.218058437109 -0.102588675916
At 0.668169260025 0.574701964855 1.49942791462 0.53525441885
as 0.046875 0.384615391493 0.854838728905 0.17948718369
bs 0.482758611441 1.0 1.0 0.466666668653
ds 0.573913037777 0.543103456497 0.964285731316 0.439655184746
gs 0.625 0.769230782986 1.0 0.0
ts 0.25925925374 0.800000011921 1.0 0.245454549789
a 0.117635950446 0.0851554945111 0.0810270234942 0.161327123642
b 0.114233963192 0.0814588069916 0.0331234149635 0.126190692186
d 0.594088554382 0.551140606403 0.620922029018 0.479036569595
g 0.047898568213 0.0407407842577 0.013170786202 0.0545227304101
t 0.126142933965 0.241504341364 0.2517567873 0.178922861814
h 1.0 1.0 2.0 1.0
c 0.645464539528 0 0 0
Aa 0.423555523157 0.121929183602 1.00707662106 0.434105336666
Ab 0.410810709 0.102654524148 0.618581831455 0.32742524147
Ad 1.12686669827 0.932978868484 1.89148378372 0.906766593456
Ag 0.0333379879594 -0.198254108429 0.218058437109 -0.0370244756341
At 0.453878372908 0.574641406536 1.49942791462 0.479063779116
as 0.0625 0.392156869173 0.854838728905 0.311688303947
bs 0.758620679379 1.0 1.0 0.533333361149
ds 0.373913049698 0.543103456497 0.964285731316 0.336206883192
gs 0.53125 0.769230782986 1.0 0.172413796186
ts 0.0 0.800000011921 1.0 0.192660555243
a 0.117635950446 0.0844009965658 0.0810270234942 0.169071644545
b 0.114233963192 0.0858327671885 0.0331234149635 0.132700443268
d 0.594088554382 0.548390626907 0.620922029018 0.439395993948
g 0.047898568213 0.0401648432016 0.013170786202 0.0601353533566
t 0.126142933965 0.241210758686 0.2517567873 0.198696553707
h 1.0 1.0 2.0 1.0
c 0.635215997696 0 0 0
Aa 0.423555523157 0.121929183602 1.00707662106 0.434105336666
Ab 0.410810709 0.129234731197 0.618581831455 0.328906923532
Ad 1.12686669827 0.934671640396 1.89148378372 0.848890662193
Ag 0.0333379879594 -0.200572311878 0.218058437109 -0.0148355681449
At 0.453878372908 0.577978253365 1.49942791462 0.504224896431
as 0.0625 0.379999995232 0.854838728905 0.311688303947
bs 0.758620679379 1.0 1.0 0.533333361149
ds 0.373913049698 0.543859660625 0.964285731316 0.293103456497
gs 0.53125 0.769230782986 1.0 0.24137930572
ts 0.0 0.820512831211 1.0 0.211009174585
a 0.117635950446 0.0822123363614 0.0810270234942 0.164129823446
b 0.114233963192 0.0883785933256 0.0331234149635 0.133961468935
d 0.594088554382 0.545730471611 0.620922029018 0.420886278152
g 0.047898568213 0.0390465408564 0.013170786202 0.0653117746115
t 0.126142933965 0.244632050395 0.2517567873 0.215710654855
h 1.0 1.0 2.0 1.0
c 0.635215997696 0 0 0
Aa 0.423555523157 0.121929183602 1.00707662106 0.428290724754
Ab 0.410810709 0.153339281678 0.618581831455 0.340083122253
Ad 1.12686669827 0.943970382214 1.89148378372 0.837267994881
Ag 0.0333379879594 -0.201425209641 0.218058437109 0.0280947331339
At 0.453878372908 0.595505595207 1.49942791462 0.54697483778
as 0.0625 0.379999995232 0.854838728905 0.311688303947
bs 0.758620679379 1.0 1.0 0.566666662693
ds 0.373913049698 0.552631556988 0.964285731316 0.275862067938
gs 0.53125 0.769230782986 1.0 0.413793116808
ts 0.0 0.833333313465 1.0 0.24770642817
a 0.117635950446 0.0756386071444 0.0810270234942 0.164129823446
b 0.114233963192 0.0865082591772 0.0331234149635 0.133961468935
d 0.594088554382 0.54912674427 0.620922029018 0.420886278152
g 0.047898568213 0.0368393696845 0.013170786202 0.0653117746115
t 0.126142933965 0.251887023449 0.2517567873 0.215710654855
h 1.0 1.0 2.0 1.0
c 0.635215997696 0 0 0
Aa 0.423555523157 0.121929183602 1.00707662106 0.428290724754
Ab 0.410810709 0.180243223906 0.618581831455 0.340083122253
Ad 1.12686669827 0.982858240604 1.89148378372 0.837267994881
Ag 0.0333379879594 -0.190502122045 0.218058437109 0.0280947331339
At 0.453878372908 0.644391417503 1.49942791462 0.54697483778
as 0.0625 0.379999995232 0.854838728905 0.311688303947
bs 0.758620679379 1.0 1.0 0.566666662693
ds 0.373913049698 0.587719321251 0.964285731316 0.275862067938
gs 0.53125 0.839999973774 1.0 0.413793116808
ts 0.0 0.907894730568 1.0 0.24770642817
a 0.117635950446 0.0639432519674 0.0810270234942 0.164129823446
b 0.114233963192 0.0793838575482 0.0331234149635 0.133961468935
d 0.594088554382 0.563963294029 0.620922029018 0.420886278152
g 0.047898568213 0.0337801985443 0.013170786202 0.0653117746115
t 0.126142933965 0.258929401636 0.2517567873 0.215710654855
h 1.0 1.0 2.0 1.0
c 0.635215997696 0 0 0
Aa 0.423555523157 0.121929183602 1.00707662106 0.428290724754
Ab 0.410810709 0.215866625309 0.618581831455 0.340083122253
Ad 1.12686669827 1.0673853159 1.89148378372 0.837267994881
Ag 0.0333379879594 -0.155203387141 0.218058437109 0.0280947331339
At 0.453878372908 0.729315757751 1.49942791462 0.54697483778
as 0.0625 0.379999995232 0.854838728905 0.311688303947
bs 0.758620679379 1.0 1.0 0.566666662693
ds 0.373913049698 0.657894730568 0.964285731316 0.275862067938
gs 0.53125 0.959999978542 1.0 0.413793116808
ts 0.0 1.0 1.0 0.24770642817
a 0.117635950446 0.0511720441282 0.0810270234942 0.164129823446
b 0.114233963192 0.0705922842026 0.0331234149635 0.133961468935
d 0.594088554382 0.5887773633 0.620922029018 0.420886278152
g 0.047898568213 0.0311406254768 0.013170786202 0.0653117746115
t 0.126142933965 0.258317679167 0.2517567873 0.215710654855
h 1.0 1.0 2.0 1.0
c 0.635215997696 0 0 0
Aa 0.423555523157 0.121929183602 1.00707662106 0.428290724754
Ab 0.410810709 0.261653631926 0.618581831455 0.340083122253
Ad 1.12686669827 1.18284749985 1.89148378372 0.837267994881
Ag 0.0333379879594 -0.093776255846 0.218058437109 0.0280947331339
At 0.453878372908 0.825050532818 1.49942791462 0.54697483778
as 0.0625 0.379999995232 0.854838728905 0.311688303947
bs 0.758620679379 1.0 1.0 0.566666662693
ds 0.373913049698 0.763157904148 0.964285731316 0.275862067938
gs 0.53125 1.0 1.0 0.413793116808
ts 0.0 1.0 1.0 0.24770642817
a 0.117635950446 0.0414062999189 0.0810270234942 0.164129823446
b 0.114233963192 0.0641583874822 0.0331234149635 0.133961468935
d 0.594088554382 0.614446222782 0.620922029018 0.420886278152
g 0.047898568213 0.0298797357827 0.013170786202 0.0653117746115
t 0.126142933965 0.250109374523 0.2517567873 0.215710654855
h 1.0 1.0 2.0 1.0
c 0.635215997696 0 0 0
Aa 0.423555523157 0.121929183602 1.00707662106 0.428290724754
Ab 0.410810709 0.312116205692 0.618581831455 0.340083122253
Ad 1.12686669827 1.29334664345 1.89148378372 0.837267994881
Ag 0.0333379879594 -0.0197604689747 0.218058437109 0.0280947331339
At 0.453878372908 0.902992725372 1.49942791462 0.54697483778
as 0.0625 0.379999995232 0.854838728905 0.311688303947
bs 0.758620679379 1.0 1.0 0.566666662693
ds 0.373913049698 0.859649121761 0.964285731316 0.275862067938
gs 0.53125 1.0 1.0 0.413793116808
ts 0.0 1.0 1.0 0.24770642817
a 0.117635950446 0.0349941402674 0.0810270234942 0.164129823446
b 0.114233963192 0.0612932145596 0.0331234149635 0.133961468935
d 0.594088554382 0.634141921997 0.620922029018 0.420886278152
g 0.047898568213 0.0301151871681 0.013170786202 0.0653117746115
t 0.126142933965 0.23945556581 0.2517567873 0.215710654855
h 1.0 1.0 2.0 1.0
c 0.635215997696 0 0 0
Aa 0.423555523157 0.114888846874 1.00707662106 0.428290724754
Ab 0.410810709 0.358305901289 0.618581831455 0.340083122253
Ad 1.12686669827 1.37307989597 1.89148378372 0.837267994881
Ag 0.0333379879594 0.0496790781617 0.218058437109 0.0280947331339
At 0.453878372908 0.950118422508 1.49942791462 0.54697483778
as 0.0625 0.360000014305 0.854838728905 0.311688303947
bs 0.758620679379 1.0 1.0 0.566666662693
ds 0.373913049698 0.929824590683 0.964285731316 0.275862067938
gs 0.53125 1.0 1.0 0.413793116808
ts 0.0 1.0 1.0 0.24770642817
a 0.117635950446 0.0313853845 0.0810270234942 0.164129823446
b 0.114233963192 0.0614231936634 0.0331234149635 0.133961468935
d 0.594088554382 0.645531594753 0.620922029018 0.420886278152
g 0.047898568213 0.0316652134061 0.013170786202 0.0653117746115
t 0.126142933965 0.229994595051 0.2517567873 0.215710654855
h 1.0 1.0 2.0 1.0
c 0.635215997696 0 0 0
Aa 0.423555523157 0.101897925138 1.00707662106 0.428290724754
Ab 0.410810709 0.393502831459 0.618581831455 0.340083122253
Ad 1.12686669827 1.41508793831 1.89148378372 0.837267994881
Ag 0.0333379879594 0.105752892792 0.218058437109 0.0280947331339
At 0.453878372908 0.966888070107 1.49942791462 0.54697483778
as 0.0625 0.340000003576 0.854838728905 0.311688303947
bs 0.758620679379 1.0 1.0 0.566666662693
ds 0.373913049698 0.964912295341 0.964285731316 0.275862067938
gs 0.53125 1.0 1.0 0.413793116808
ts 0.0 1.0 1.0 0.24770642817
a 0.117635950446 0.0250359643251 0.0810270234942 0.164129823446
b 0.114233963192 0.0636339858174 0.0331234149635 0.133961468935
d 0.594088554382 0.651982784271 0.620922029018 0.420886278152
g 0.047898568213 0.0344073325396 0.013170786202 0.0653117746115
t 0.126142933965 0.224939912558 0.2517567873 0.215710654855
h 1.0 1.0 2.0 1.0
c 0.635215997696 0 0 0
Aa 0.423555523157 0.0103929415345 1.00707662106 0.428290724754
Ab 0.410810709 0.415517777205 0.618581831455 0.340083122253
Ad 1.12686669827 1.42606472969 1.89148378372 0.837267994881
Ag 0.0333379879594 0.148479610682 0.218058437109 0.0280947331339
At 0.453878372908 0.963895142078 1.49942791462 0.54697483778
as 0.0625 0.159999996424 0.854838728905 0.311688303947
bs 0.758620679379 1.0 1.0 0.566666662693
ds 0.373913049698 0.973451316357 0.964285731316 0.275862067938
gs 0.53125 1.0 1.0 0.413793116808
ts 0.0 1.0 1.0 0.24770642817
a 0.117635950446 0.0221097432077 0.0810270234942 0.164129823446
b 0.114233963192 0.065974958241 0.0331234149635 0.133961468935
d 0.594088554382 0.650945186615 0.620922029018 0.420886278152
g 0.047898568213 0.0375834405422 0.013170786202 0.0653117746115
t 0.126142933965 0.223386645317 0.2517567873 0.215710654855
h 1.0 1.0 2.0 1.0
c 0.635215997696 0 0 0
Aa 0.423555523157 -0.0488511659205 1.00707662106 0.428290724754
Ab 0.410810709 0.425944298506 0.618581831455 0.340083122253
Ad 1.12686669827 1.42010962963 1.89148378372 0.837267994881
Ag 0.0333379879594 0.181561678648 0.218058437109 0.0280947331339
At 0.453878372908 0.955622375011 1.49942791462 0.54697483778
as 0.0625 0.0399999991059 0.854838728905 0.311688303947
bs 0.758620679379 1.0 1.0 0.566666662693
ds 0.373913049698 0.973451316357 0.964285731316 0.275862067938
gs 0.53125 1.0 1.0 0.413793116808
ts 0.0 1.0 1.0 0.24770642817
a 0.117635950446 0.0244382433593 0.0810270234942 0.164129823446
b 0.114233963192 0.0670170560479 0.0331234149635 0.133961468935
d 0.594088554382 0.644769072533 0.620922029018 0.420886278152
g 0.047898568213 0.0403750911355 0.013170786202 0.0653117746115
t 0.126142933965 0.223400518298 0.2517567873 0.215710654855
h 1.0 1.0 2.0 1.0
c 0.635215997696 0 0 0
Aa 0.423555523157 -0.0100270137191 1.00707662106 0.428290724754
Ab 0.410810709 0.428088366985 0.618581831455 0.340083122253
Ad 1.12686669827 1.41130721569 1.89148378372 0.837267994881
Ag 0.0333379879594 0.208016529679 0.218058437109 0.0280947331339
At 0.453878372908 0.95098721981 1.49942791462 0.54697483778
as 0.0625 0.119999997318 0.854838728905 0.311688303947
bs 0.758620679379 1.0 1.0 0.566666662693
ds 0.373913049698 0.964601755142 0.964285731316 0.275862067938
gs 0.53125 1.0 1.0 0.413793116808
ts 0.0 1.0 1.0 0.24770642817
a 0.117635950446 0.0292341765016 0.0810270234942 0.164129823446
b 0.114233963192 0.0665461346507 0.0331234149635 0.133961468935
d 0.594088554382 0.638229072094 0.620922029018 0.420886278152
g 0.047898568213 0.0423578023911 0.013170786202 0.0653117746115
t 0.126142933965 0.2236328125 0.2517567873 0.215710654855
h 1.0 1.0 2.0 1.0
c 0.635215997696 0 0 0
Aa 0.423555523157 0.06766859442 1.00707662106 0.428290724754
Ab 0.410810709 0.424900591373 0.618581831455 0.340083122253
Ad 1.12686669827 1.4067543745 1.89148378372 0.837267994881
Ag 0.0333379879594 0.228711143136 0.218058437109 0.0280947331339
At 0.453878372908 0.951313257217 1.49942791462 0.54697483778
as 0.0625 0.280000001192 0.854838728905 0.311688303947
bs 0.758620679379 1.0 1.0 0.566666662693
ds 0.373913049698 0.955752193928 0.964285731316 0.275862067938
gs 0.53125 1.0 1.0 0.413793116808
ts 0.0 1.0 1.0 0.24770642817
a 0.117635950446 0.029925942421 0.0810270234942 0.164129823446
b 0.114233963192 0.065431445837 0.0331234149635 0.133961468935
d 0.594088554382 0.636296272278 0.620922029018 0.420886278152
g 0.047898568213 0.0438024774194 0.013170786202 0.0653117746115
t 0.126142933965 0.224543839693 0.2517567873 0.215710654855
h 1.0 1.0 2.0 1.0
c 0.635215997696 0 0 0
Aa 0.423555523157 0.0786172524095 1.00707662106 0.428290724754
Ab 0.410810709 0.418355941772 0.618581831455 0.340083122253
Ad 1.12686669827 1.40622878075 1.89148378372 0.837267994881
Ag 0.0333379879594 0.244068086147 0.218058437109 0.0280947331339
At 0.453878372908 0.953870534897 1.49942791462 0.54697483778
as 0.0625 0.300000011921 0.854838728905 0.311688303947
bs 0.758620679379 1.0 1.0 0.566666662693
ds 0.373913049698 0.954954981804 0.964285731316 0.275862067938
gs 0.53125 1.0 1.0 0.413793116808
ts 0.0 1.0 1.0 0.24770642817
a 0.117635950446 0.0365730188787 0.0810270234942 0.164129823446
b 0.114233963192 0.0633529797196 0.0331234149635 0.133961468935
d 0.594088554382 0.631554603577 0.620922029018 0.420886278152
g 0.047898568213 0.0444813519716 0.013170786202 0.0653117746115
t 0.126142933965 0.224038049579 0.2517567873 0.215710654855
h 1.0 1.0 2.0 1.0
c 0.635215997696 0 0 0
Aa 0.423555523157 0.170720309019 1.00707662106 0.428290724754
Ab 0.410810709 0.409326583147 0.618581831455 0.340083122253
Ad 1.12686669827 1.40797042847 1.89148378372 0.837267994881
Ag 0.0333379879594 0.255737513304 0.218058437109 0.0280947331339
At 0.453878372908 0.957881331444 1.49942791462 0.54697483778
as 0.0625 0.479999989271 0.854838728905 0.311688303947
bs 0.758620679379 1.0 1.0 0.566666662693
ds 0.373913049698 0.954954981804 0.964285731316 0.275862067938
gs 0.53125 1.0 1.0 0.413793116808
ts 0.0 1.0 1.0 0.24770642817
a 0.117635950446 0.0394318886101 0.0810270234942 0.164129823446
b 0.114233963192 0.0607592873275 0.0331234149635 0.133961468935
d 0.594088554382 0.630210757256 0.620922029018 0.420886278152
g 0.047898568213 0.0447134040296 0.013170786202 0.0653117746115
t 0.126142933965 0.224884673953 0.2517567873 0.215710654855
h 1.0 1.0 4.0 1.0
c 0.635215997696 0 0 0
Aa 0.423555523157 0.210881769657 1.00707662106 0.428290724754
Ab 0.410810709 0.398646861315 0.618581831455 0.340083122253
Ad 1.12686669827 1.41452002525 1.89148378372 0.837267994881
Ag 0.0333379879594 0.26547190547 0.218058437109 0.0280947331339
At 0.453878372908 0.966994047165 1.49942791462 0.54697483778
as 0.0625 0.560000002384 0.854838728905 0.311688303947
bs 0.758620679379 1.0 1.0 0.566666662693
ds 0.373913049698 0.963963985443 0.964285731316 0.275862067938
gs 0.53125 1.0 1.0 0.413793116808
ts 0.0 1.0 1.0 0.24770642817
a 0.117635950446 0.0417608171701 0.0810270234942 0.164129823446
b 0.114233963192 0.0568797700107 0.0331234149635 0.133961468935
d 0.594088554382 0.633482694626 0.620922029018 0.420886278152
g 0.047898568213 0.0437952056527 0.013170786202 0.0653117746115
t 0.126142933965 0.224081486464 0.2517567873 0.215710654855
h 1.0 1.0 4.0 1.0
c 0.635215997696 0 0 0
Aa 0.423555523157 0.252576857805 1.00707662106 0.428290724754
Ab 0.410810709 0.38676571846 0.618581831455 0.340083122253
Ad 1.12686669827 1.43354260921 1.89148378372 0.837267994881
Ag 0.0333379879594 0.273234426975 0.218058437109 0.0280947331339
At 0.453878372908 0.98221385479 1.49942791462 0.54697483778
as 0.0625 0.639999985695 0.854838728905 0.311688303947
bs 0.758620679379 1.0 1.0 0.566666662693
ds 0.373913049698 0.981981992722 0.964285731316 0.275862067938
gs 0.53125 1.0 1.0 0.413793116808
ts 0.0 1.0 1.0 0.24770642817
a 0.117635950446 0.0421904474497 0.0810270234942 0.164129823446
b 0.114233963192 0.0516123697162 0.0331234149635 0.133961468935
d 0.594088554382 0.647709131241 0.620922029018 0.420886278152
g 0.047898568213 0.0414062291384 0.013170786202 0.0653117746115
t 0.126142933965 0.217081829906 0.2517567873 0.215710654855
h 1.0 1.0 4.0 1.0
c 0.635215997696 0 0 0
Aa 0.423555523157 0.285248965025 1.00707662106 0.428290724754
Ab 0.410810709 0.372788608074 0.618581831455 0.340083122253
Ad 1.12686669827 1.47141480446 1.89148378372 0.837267994881
Ag 0.0333379879594 0.277100503445 0.218058437109 0.0280947331339
At 0.453878372908 0.996658325195 1.49942791462 0.54697483778
as 0.0625 0.714285731316 0.854838728905 0.311688303947
bs 0.758620679379 1.0 1.0 0.566666662693
ds 0.373913049698 1.0 0.964285731316 0.275862067938
gs 0.53125 1.0 1.0 0.413793116808
ts 0.0 1.0 1.0 0.24770642817
a 0.117635950446 0.0399647913873 0.0810270234942 0.164129823446
b 0.114233963192 0.0459345281124 0.0331234149635 0.133961468935
d 0.594088554382 0.674089252949 0.620922029018 0.420886278152
g 0.047898568213 0.0381510928273 0.013170786202 0.0653117746115
t 0.126142933965 0.201860338449 0.2517567873 0.215710654855
h 1.0 1.0 2.0 1.0
c 0.635215997696 0 0 0
Aa 0.423555523157 0.293915063143 1.00707662106 0.428290724754
Ab 0.410810709 0.354376763105 0.618581831455 0.340083122253
Ad 1.12686669827 1.52095496655 1.89148378372 0.837267994881
Ag 0.0333379879594 0.273744493723 0.218058437109 0.0280947331339
At 0.453878372908 0.997288525105 1.49942791462 0.54697483778
as 0.0625 0.73469388485 0.854838728905 0.311688303947
bs 0.758620679379 1.0 1.0 0.566666662693
ds 0.373913049698 1.0 0.964285731316 0.275862067938
gs 0.53125 1.0 1.0 0.413793116808
ts 0.0 1.0 1.0 0.24770642817
a 0.117635950446 0.0382657572627 0.0810270234942 0.164129823446
b 0.114233963192 0.0408226437867 0.0331234149635 0.133961468935
d 0.594088554382 0.70694321394 0.620922029018 0.420886278152
g 0.047898568213 0.0349224023521 0.013170786202 0.0653117746115
t 0.126142933965 0.179045960307 0.2517567873 0.215710654855
h 1.0 1.0 4.0 1.0
c 0.635215997696 0 0 0
Aa 0.423555523157 0.298610925674 1.00707662106 0.428290724754
Ab 0.410810709 0.32670173049 0.618581831455 0.340083122253
Ad 1.12686669827 1.56518518925 1.89148378372 0.837267994881
Ag 0.0333379879594 0.258904725313 0.218058437109 0.0280947331339
At 0.453878372908 0.96876513958 1.49942791462 0.54697483778
as 0.0625 0.755102038383 0.854838728905 0.311688303947
bs 0.758620679379 1.0 1.0 0.566666662693
ds 0.373913049698 1.0 0.964285731316 0.275862067938
gs 0.53125 1.0 1.0 0.413793116808
ts 0.0 1.0 1.0 0.24770642817
a 0.117635950446 0.0379767082632 0.0810270234942 0.164129823446
b 0.114233963192 0.0367428287864 0.0331234149635 0.133961468935
d 0.594088554382 0.739258110523 0.620922029018 0.420886278152
g 0.047898568213 0.0323722437024 0.013170786202 0.0653117746115
t 0.126142933965 0.153650105 0.2517567873 0.215710654855
h 1.0 1.0 4.0 1.0
c 0.635215997696 0 0 0
Aa 0.423555523157 0.298874437809 1.00707662106 0.428290724754
Ab 0.410810709 0.284529715776 0.618581831455 0.340083122253
Ad 1.12686669827 1.58815324306 1.89148378372 0.837267994881
Ag 0.0333379879594 0.229529932141 0.218058437109 0.0280947331339
At 0.453878372908 0.905889928341 1.49942791462 0.54697483778
as 0.0625 0.755102038383 0.854838728905 0.311688303947
bs 0.758620679379 1.0 1.0 0.566666662693
ds 0.373913049698 1.0 0.964285731316 0.275862067938
gs 0.53125 1.0 1.0 0.413793116808
ts 0.0 0.989361703396 1.0 0.24770642817
a 0.117635950446 0.0396445728838 0.0810270234942 0.164129823446
b 0.114233963192 0.0335445515811 0.0331234149635 0.133961468935
d 0.594088554382 0.766517460346 0.620922029018 0.420886278152
g 0.047898568213 0.0305541157722 0.013170786202 0.0653117746115
t 0.126142933965 0.129739299417 0.2517567873 0.215710654855
h 1.0 1.0 4.0 1.0
c 0.635215997696 0 0 0
Aa 0.423555523157 0.298874437809 1.00707662106 0.428290724754
Ab 0.410810709 0.226312696934 0.618581831455 0.340083122253
Ad 1.12686669827 1.58521270752 1.89148378372 0.837267994881
Ag 0.0333379879594 0.18576040864 0.218058437109 0.0280947331339
At 0.453878372908 0.813762247562 1.49942791462 0.54697483778
as 0.0625 0.755102038383 0.854838728905 0.311688303947
bs 0.758620679379 0.866666674614 1.0 0.566666662693
ds 0.373913049698 1.0 0.964285731316 0.275862067938
gs 0.53125 1.0 1.0 0.413793116808
ts 0.0 0.903225779533 1.0 0.24770642817
a 0.117635950446 0.042830709368 0.0810270234942 0.164129823446
b 0.114233963192 0.0308690704405 0.0331234149635 0.133961468935
d 0.594088554382 0.786428153515 0.620922029018 0.420886278152
g 0.047898568213 0.0291432905942 0.013170786202 0.0653117746115
t 0.126142933965 0.110728800297 0.2517567873 0.215710654855
h 1.0 1.0 4.0 1.0
c 0.635215997696 0 0 0
Aa 0.423555523157 0.298874437809 1.00707662106 0.428290724754
Ab 0.410810709 0.156642735004 0.618581831455 0.340083122253
Ad 1.12686669827 1.56277823448 1.89148378372 0.837267994881
Ag 0.0333379879594 0.131657764316 0.218058437109 0.0280947331339
At 0.453878372908 0.711379766464 1.49942791462 0.54697483778
as 0.0625 0.755102038383 0.854838728905 0.311688303947
bs 0.758620679379 0.71111112833 1.0 0.566666662693
ds 0.373913049698 1.0 0.964285731316 0.275862067938
gs 0.53125 1.0 1.0 0.413793116808
ts 0.0 0.795698940754 1.0 0.24770642817
a 0.117635950446 0.0463574677706 0.0810270234942 0.164129823446
b 0.114233963192 0.0283578503877 0.0331234149635 0.133961468935
d 0.594088554382 0.799262881279 0.620922029018 0.420886278152
g 0.047898568213 0.0275072939694 0.013170786202 0.0653117746115
t 0.126142933965 0.0985144972801 0.2517567873 0.215710654855
h 1.0 1.0 4.0 1.0
c 0.635215997696 0 0 0
Aa 0.423555523157 0.298874437809 1.00707662106 0.428290724754
Ab 0.410810709 0.0854280292988 0.618581831455 0.340083122253
Ad 1.12686669827 1.53544437885 1.89148378372 0.837267994881
Ag 0.0333379879594 0.0722025856376 0.218058437109 0.0280947331339
At 0.453878372908 0.626254856586 1.49942791462 0.54697483778
as 0.0625 0.755102038383 0.854838728905 0.311688303947
bs 0.758620679379 0.555555582047 1.0 0.566666662693
ds 0.373913049698 1.0 0.964285731316 0.275862067938
gs 0.53125 0.939999997616 1.0 0.413793116808
ts 0.0 0.698924720287 1.0 0.24770642817
a 0.117635950446 0.0489357411861 0.0810270234942 0.164129823446
b 0.114233963192 0.0258577205241 0.0331234149635 0.133961468935
d 0.594088554382 0.807603299618 0.620922029018 0.420886278152
g 0.047898568213 0.0250894539058 0.013170786202 0.0653117746115
t 0.126142933965 0.0925137847662 0.2517567873 0.215710654855
h 1.0 1.0 4.0 1.0
c 0.635215997696 0 0 0
Aa 0.423555523157 0.298874437809 1.00707662106 0.428290724754
Ab 0.410810709 0.021838484332 0.618581831455 0.340083122253
Ad 1.12686669827 1.51644635201 1.89148378372 0.837267994881
Ag 0.0333379879594 0.00873947516084 0.218058437109 0.0280947331339
At 0.453878372908 0.575454711914 1.49942791462 0.54697483778
as 0.0625 0.75 0.854838728905 0.311688303947
bs 0.758620679379 0.422222226858 1.0 0.566666662693
ds 0.373913049698 1.0 0.964285731316 0.275862067938
gs 0.53125 0.81632655859 1.0 0.413793116808
ts 0.0 0.641304373741 1.0 0.24770642817
a 0.117635950446 0.0502358675003 0.0810270234942 0.164129823446
b 0.114233963192 0.023311978206 0.0331234149635 0.133961468935
d 0.594088554382 0.814633607864 0.620922029018 0.420886278152
g 0.047898568213 0.0219089090824 0.013170786202 0.0653117746115
t 0.126142933965 0.0899096354842 0.2517567873 0.215710654855
h 1.0 1.0 4.0 1.0
c 0.635215997696 0 0 0
Aa 0.423555523157 0.298874437809 1.00707662106 0.428290724754
Ab 0.410810709 -0.0345603190362 0.618581831455 0.340083122253
Ad 1.12686669827 1.50882291794 1.89148378372 0.837267994881
Ag 0.0333379879594 -0.061518702656 0.218058437109 0.0280947331339
At 0.453878372908 0.551666796207 1.49942791462 0.54697483778
as 0.0625 0.75 0.854838728905 0.311688303947
bs 0.758620679379 0.288888901472 1.0 0.566666662693
ds 0.373913049698 1.0 0.964285731316 0.275862067938
gs 0.53125 0.673469364643 1.0 0.413793116808
ts 0.0 0.615384638309 1.0 0.24770642817
a 0.117635950446 0.0507856681943 0.0810270234942 0.164129823446
b 0.114233963192 0.0207718275487 0.0331234149635 0.133961468935
d 0.594088554382 0.821727335453 0.620922029018 0.420886278152
g 0.047898568213 0.0184642001987 0.013170786202 0.0653117746115
t 0.126142933965 0.08825096488 0.2517567873 0.215710654855
h 1.0 1.0 4.0 1.0
c 0.635215997696 0 0 0
Aa 0.423555523157 0.298874437809 1.00707662106 0.428290724754
Ab 0.410810709 -0.0893920660019 0.618581831455 0.340083122253
Ad 1.12686669827 1.50786101818 1.89148378372 0.837267994881
Ag 0.0333379879594 -0.140536233783 0.218058437109 0.0280947331339
At 0.453878372908 0.53885269165 1.49942791462 0.54697483778
as 0.0625 0.75 0.854838728905 0.311688303947
bs 0.758620679379 0.177777782083 1.0 0.566666662693
ds 0.373913049698 1.0 0.964285731316 0.275862067938
gs 0.53125 0.510204076767 1.0 0.413793116808
ts 0.0 0.604395627975 1.0 0.24770642817
a 0.117635950446 0.051207806915 0.0810270234942 0.164129823446
b 0.114233963192 0.0183667819947 0.0331234149635 0.133961468935
d 0.594088554382 0.828503370285 0.620922029018 0.420886278152
g 0.047898568213 0.0153754185885 0.013170786202 0.0653117746115
t 0.126142933965 0.0865466371179 0.2517567873 0.215710654855
h 1.0 1.0 4.0 1.0
c 0.635215997696 0 0 0
Aa 0.423555523157 0.298874437809 1.00707662106 0.428290724754
Ab 0.410810709 -0.146428674459 0.618581831455 0.340083122253
Ad 1.12686669827 1.50783252716 1.89148378372 0.837267994881
Ag 0.0333379879594 -0.223634794354 0.218058437109 0.0280947331339
At 0.453878372908 0.526788473129 1.49942791462 0.54697483778
as 0.0625 0.75 0.854838728905 0.311688303947
bs 0.758620679379 0.0454545468092 1.0 0.566666662693
ds 0.373913049698 1.0 0.964285731316 0.275862067938
gs 0.53125 0.326530605555 1.0 0.413793116808
ts 0.0 0.582417607307 1.0 0.24770642817
a 0.117635950446 0.0508501417935 0.0810270234942 0.164129823446
b 0.114233963192 0.0163017995656 0.0331234149635 0.133961468935
d 0.594088554382 0.83488368988 0.620922029018 0.420886278152
g 0.047898568213 0.0129984822124 0.013170786202 0.0653117746115
t 0.126142933965 0.0849658772349 0.2517567873 0.215710654855
h 1.0 1.0 4.0 1.0
c 0.635215997696 0 0 0
Aa 0.423555523157 0.291419535875 1.00707662106 0.428290724754
Ab 0.410810709 -0.202637091279 0.618581831455 0.340083122253
Ad 1.12686669827 1.50675332546 1.89148378372 0.837267994881
Ag 0.0333379879594 -0.300980001688 0.218058437109 0.0280947331339
At 0.453878372908 0.514371931553 1.49942791462 0.54697483778
as 0.0625 0.729166686535 0.854838728905 0.311688303947
bs 0.758620679379 0.0 1.0 0.566666662693
ds 0.373913049698 1.0 0.964285731316 0.275862067938
gs 0.53125 0.183673471212 1.0 0.413793116808
ts 0.0 0.571428596973 1.0 0.24770642817
a 0.166543349624 0.05103713274 0.0810270234942 0.164129823446
b 0.0931563898921 0.0147233465686 0.0331234149635 0.133961468935
d 0.570285022259 0.839891910553 0.620922029018 0.420886278152
g 0.0304769109935 0.0113169420511 0.013170786202 0.0653117746115
t 0.13953833282 0.0830306783319 0.2517567873 0.215710654855
h 1.0 1.0 4.0 1.0
c 0.624841451645 0 0 0
Aa 0.710215091705 0.288346529007 1.00707662106 0.428290724754
Ab 0.45790040493 -0.25153324008 0.618581831455 0.340083122253
Ad 1.244779706 1.50468361378 1.89148378372 0.837267994881
Ag -0.0273412633687 -0.36581069231 0.218058437109 0.0280947331339
At 0.633381307125 0.49969881773 1.49942791462 0.54697483778
as 0.515625 0.729166686535 0.854838728905 0.311688303947
bs 0.931034505367 0.0 1.0 0.566666662693
ds 0.478260874748 1.0 0.964285731316 0.275862067938
gs 0.34375 0.0408163256943 1.0 0.413793116808
ts 0.219512194395 0.560439586639 1.0 0.24770642817
a 0.288546353579 0.0520472452044 0.0810270234942 0.164129823446
b 0.206385493279 0.0137650733814 0.0331234149635 0.133961468935
d 0.250061988831 0.845058143139 0.620922029018 0.420886278152
g 0.0719151720405 0.0102072814479 0.013170786202 0.0653117746115
t 0.183090984821 0.0789222791791 0.2517567873 0.215710654855
h 1.0 1.0 4.0 1.0
c 0.611596643925 0 0 0
Aa 0.432998239994 0.288346529007 1.00707662106 0.428290724754
Ab 0.287461817265 -0.289272665977 0.618581831455 0.340083122253
Ad 0.370830327272 1.49883532524 1.89148378372 0.837267994881
Ag -0.170396849513 -0.419141113758 0.218058437109 0.0280947331339
At 0.235449597239 0.469148397446 1.49942791462 0.54697483778
as 0.0634920671582 0.744680821896 0.854838728905 0.311688303947
bs 0.344827592373 0.0 1.0 0.566666662693
ds 0.0 1.0 0.964285731316 0.275862067938
gs 0.0 0.0 1.0 0.413793116808
ts 0.0 0.527472555637 1.0 0.24770642817
a 0.297356963158 0.0520644783974 0.0810270234942 0.0809101611376
b 0.221946001053 0.0136086773127 0.0331234149635 0.150534138083
d 0.227733552456 0.852675259113 0.620922029018 0.378213971853
g 0.0761170387268 0.00968720763922 0.013170786202 0.10915030539
t 0.176846444607 0.0719643607736 0.2517567873 0.281191438437
h 1.0 1.0 4.0 1.0
c 0.594896614552 0 0 0
Aa 0.432998239994 0.267263293266 1.00707662106 -0.25773280859
Ab 0.305967450142 -0.315462321043 0.618581831455 0.0118991266936
Ad 0.317147135735 1.48150539398 1.89148378372 0.412001699209
Ag -0.158797979355 -0.463079601526 0.218058437109 -0.12771089375
At 0.207316458225 0.407839268446 1.49942791462 0.283266216516
as 0.0634920671582 0.680851042271 0.854838728905 0.0
bs 0.379310339689 0.0 1.0 0.0
ds 0.0 0.982608675957 0.964285731316 0.0
gs 0.0 0.0 1.0 0.0
ts 0.0 0.461538463831 1.0 0.00917431153357
a 0.303294152021 0.0495608448982 0.0810270234942 0.0838068798184
b 0.234549552202 0.0144881177694 0.0331234149635 0.167927756906
d 0.213033035398 0.862506747246 0.620922029018 0.367353051901
g 0.0800099894404 0.00995149929076 0.013170786202 0.114797577262
t 0.169113263488 0.0634927675128 0.2517567873 0.266114711761
h 1.0 1.0 2.0 1.0
c 0.578196644783 0 0 0
Aa 0.432998239994 0.200060486794 1.00707662106 -0.25773280859
Ab 0.321368783712 -0.33406624198 0.618581831455 0.0441100522876
Ad 0.279581129551 1.44068431854 1.89148378372 0.384071201086
Ag -0.14572159946 -0.497189700603 0.218058437109 -0.121079728007
At 0.179311841726 0.30764606595 1.49942791462 0.24405644834
as 0.0634920671582 0.553191483021 0.854838728905 0.0
bs 0.448275864124 0.0 1.0 0.0
ds 0.0 0.947826087475 0.964285731316 0.0
gs 0.0 0.0 1.0 0.0
ts 0.0 0.351648360491 1.0 0.0
a 0.306839644909 0.0438170433044 0.0810270234942 0.0857066586614
b 0.241736784577 0.0168171841651 0.0331234149635 0.186851903796
d 0.206269577146 0.871906399727 0.620922029018 0.34947514534
g 0.0832782611251 0.0114290751517 0.013170786202 0.118684001267
t 0.161875739694 0.0560303255916 0.2517567873 0.259282261133
h 1.0 1.0 2.0 1.0
c 0.561749637127 0 0 0
Aa 0.432998239994 0.0647619366646 1.00707662106 -0.25773280859
Ab 0.329429477453 -0.35112786293 0.618581831455 0.0807501524687
Ad 0.260521918535 1.36358869076 1.89148378372 0.352668941021
Ag -0.133381620049 -0.518870055676 0.218058437109 -0.116355188191
At 0.155268505216 0.171542003751 1.49942791462 0.22302544117
as 0.0634920671582 0.255319148302 0.854838728905 0.0
bs 0.482758611441 0.0 1.0 0.0
ds 0.0 0.878260850906 0.964285731316 0.0
gs 0.0303030312061 0.0 1.0 0.0
ts 0.0 0.188888892531 1.0 0.0
a 0.308379769325 0.0399879105389 0.0810270234942 0.0871526747942
b 0.243471726775 0.0212979316711 0.0331234149635 0.202030450106
d 0.206610664725 0.870271146297 0.620922029018 0.331412762403
g 0.0850539430976 0.0148532679304 0.013170786202 0.120883740485
t 0.156483888626 0.0535897575319 0.2517567873 0.258520364761
h 1.0 1.0 2.0 1.0
c 0.545555710793 0 0 0
Aa 0.432998239994 -0.0984625741839 1.00707662106 -0.25773280859
Ab 0.330360889435 -0.372053861618 0.618581831455 0.107403323054
Ad 0.259065061808 1.23926329613 1.89148378372 0.322355717421
Ag -0.126393213868 -0.528569281101 0.218058437109 -0.115645624697
At 0.138381958008 0.0286905188113 1.49942791462 0.214481249452
as 0.0634920671582 0.0 0.854838728905 0.0
bs 0.482758611441 0.0 1.0 0.0
ds 0.0 0.769911527634 0.964285731316 0.0
gs 0.0606060624123 0.0 1.0 0.0
ts 0.0 0.0333333350718 1.0 0.0
a 0.308441132307 0.0410936176777 0.0810270234942 0.0889582782984
b 0.241953194141 0.0294633824378 0.0331234149635 0.211052030325
d 0.210670486093 0.847965359688 0.620922029018 0.315524935722
g 0.0847241207957 0.0218630023301 0.013170786202 0.122477054596
t 0.154211059213 0.0596146434546 0.2517567873 0.26198771596
h 1.0 1.0 2.0 1.0
c 0.529361784458 0 0 0
Aa 0.432998239994 -0.2530618608 1.00707662106 -0.25773280859
Ab 0.327557265759 -0.397553652525 0.618581831455 0.117470391095
Ad 0.267429620028 1.06154191494 1.89148378372 0.292114526033
Ag -0.128167003393 -0.527126431465 0.218058437109 -0.118864417076
At 0.131941437721 -0.0914832875133 1.49942791462 0.211361765862
as 0.0634920671582 0.0 0.854838728905 0.0
bs 0.482758611441 0.0 1.0 0.0
ds 0.0 0.610619485378 0.964285731316 0.0
gs 0.0606060624123 0.0 1.0 0.0
ts 0.0 0.0 1.0 0.0
a 0.307464152575 0.0716345980763 0.0810270234942 0.0988170802593
b 0.239939689636 0.0431785881519 0.0331234149635 0.213135555387
d 0.214013546705 0.775264263153 0.620922029018 0.299079746008
g 0.0827455595136 0.0349645130336 0.013170786202 0.123401373625
t 0.155837059021 0.074958011508 0.2517567873 0.26556622982
h 1.0 1.0 2.0 1.0
c 0.512914836407 0 0 0
Aa 0.432998239994 -0.203088060021 1.00707662106 -0.221142068505
Ab 0.325305849314 -0.422942429781 0.618581831455 0.112681813538
Ad 0.275645017624 0.831238925457 1.89148378372 0.259812891483
Ag -0.137051537633 -0.514583408833 0.218058437109 -0.124654106796
At 0.137874484062 -0.18339279294 1.49942791462 0.208198770881
as 0.0634920671582 0.0 0.854838728905 0.0
bs 0.428571432829 0.0 1.0 0.0
ds 0.0 0.407079637051 0.964285731316 0.0
gs 0.0303030312061 0.0 1.0 0.0
ts 0.0 0.0 1.0 0.0
a 0.306100189686 0.130366235971 0.0810270234942 0.109392277896
b 0.239030554891 0.0641751289368 0.0331234149635 0.212052926421
d 0.213690966368 0.654030561447 0.620922029018 0.284602463245
g 0.0803960338235 0.0569504797459 0.013170786202 0.125380128622
t 0.160782247782 0.0944775864482 0.2517567873 0.268572211266
h 1.0 1.0 4.0 1.0
c 0.496214807034 0 0 0
Aa 0.432998239994 -0.132130905986 1.00707662106 -0.188461229205
Ab 0.325588047504 -0.439929276705 0.618581831455 0.0989963710308
Ad 0.276920765638 0.568302035332 1.89148378372 0.226790755987
Ag -0.147630751133 -0.491798639297 0.218058437109 -0.129219174385
At 0.153372719884 -0.27196726203 1.49942791462 0.20161318779
as 0.0634920671582 0.0 0.854838728905 0.0
bs 0.428571432829 0.0 1.0 0.0
ds 0.0 0.176991149783 0.964285731316 0.0
gs 0.0 0.0 1.0 0.0
ts 0.0 0.0 1.0 0.0
a 0.305277824402 0.200694784522 0.0810270234942 0.117205142975
b 0.238822847605 0.0896329283714 0.0331234149635 0.210018664598
d 0.209988728166 0.518944263458 0.620922029018 0.274011880159
g 0.0789285227656 0.0852230489254 0.013170786202 0.128987342119
t 0.166982069612 0.105504952371 0.2517567873 0.269776970148
h 1.0 1.0 4.0 1.0
c 0.479514807463 0 0 0
Aa 0.432998239994 -0.0906215161085 1.00707662106 -0.170730635524
Ab 0.326378852129 -0.440690010786 0.618581831455 0.0825805664062
Ad 0.270498931408 0.32196316123 1.89148378372 0.198092058301
Ag -0.154463082552 -0.462600499392 0.218058437109 -0.129130214453
At 0.170972809196 -0.369884759188 1.49942791462 0.191327556968
as 0.0634920671582 0.0 0.854838728905 0.0
bs 0.428571432829 0.0 1.0 0.0
ds 0.0 0.0 0.964285731316 0.0
gs 0.0 0.0 1.0 0.0
ts 0.0 0.0 1.0 0.0
a 0.305631190538 0.245658844709 0.0810270234942 0.121713511646
b 0.238034784794 0.112545289099 0.0331234149635 0.207727015018
d 0.205541744828 0.425875604153 0.620922029018 0.268407016993
g 0.0787386521697 0.110659040511 0.013170786202 0.133705988526
t 0.17205363512 0.105261221528 0.2517567873 0.268446475267
h 1.0 1.0 2.0 1.0
c 0.462814807892 0 0 0
Aa 0.432998239994 -0.0857273265719 1.00707662106 -0.164037704468
Ab 0.324440985918 -0.424732387066 0.618581831455 0.068116478622
Ad 0.260700583458 0.153223022819 1.89148378372 0.17941737175
Ag -0.156011462212 -0.432072818279 0.218058437109 -0.123225621879
At 0.18346439302 -0.453791320324 1.49942791462 0.179481223226
as 0.0483870953321 0.0 0.854838728905 0.0
bs 0.428571432829 0.0 1.0 0.0
ds 0.0 0.0 0.964285731316 0.0
gs 0.0 0.0 1.0 0.0
ts 0.0 0.0 1.0 0.0
a 0.307193428278 0.262388914824 0.0810270234942 0.125550419092
b 0.235299825668 0.129077464342 0.0331234149635 0.204568907619
d 0.202840954065 0.380435168743 0.620922029018 0.266676396132
g 0.0796741917729 0.126510381699 0.013170786202 0.137805342674
t 0.174991607666 0.101588077843 0.2517567873 0.265398919582
h 1.0 1.0 4.0 1.0
c 0.44636040926 0 0 0
Aa 0.432998239994 -0.0857273265719 1.00707662106 -0.15415365994
Ab 0.317207932472 -0.39382237196 0.618581831455 0.0578678175807
Ad 0.252741962671 0.0756078585982 1.89148378372 0.173012748361
Ag -0.153096020222 -0.402546644211 0.218058437109 -0.11370574683
At 0.188603520393 -0.497830063105 1.49942791462 0.170927345753
as 0.0483870953321 0.0 0.854838728905 0.0
bs 0.392857134342 0.0 1.0 0.0
ds 0.0 0.0 0.964285731316 0.0
gs 0.0294117648154 0.0625 1.0 0.0
ts 0.0 0.0 1.0 0.0
a 0.309247821569 0.265403300524 0.0810270234942 0.125574067235
b 0.230446711183 0.141856148839 0.0331234149635 0.201870650053
d 0.202856242657 0.356491655111 0.620922029018 0.26738101244
g 0.0811670869589 0.135914117098 0.013170786202 0.140435829759
t 0.176282137632 0.100334778428 0.2517567873 0.264738440514
h 1.0 1.0 2.0 1.0
c 0.43016692996 0 0 0
Aa 0.432998239994 -0.0857273265719 1.00707662106 -0.153239279985
Ab 0.305262118578 -0.357785463333 0.618581831455 0.0529339239001
Ad 0.249879971147 0.0424157455564 1.89148378372 0.17499127984
Ag -0.147928446531 -0.376369059086 0.218058437109 -0.104661330581
At 0.188899874687 -0.508182108402 1.49942791462 0.170677736402
as 0.049180328846 0.0 0.854838728905 0.0
bs 0.357142865658 0.0 1.0 0.0
ds 0.0 0.0 0.964285731316 0.0
gs 0.0294117648154 0.104166664183 1.0 0.03125
ts 0.0 0.0 1.0 0.0
a 0.296452641487 0.262275069952 0.0810270234942 0.124175809324
b 0.23792681098 0.152457669377 0.0331234149635 0.199505791068
d 0.194401472807 0.34293076396 0.620922029018 0.267010062933
g 0.0875244960189 0.140798822045 0.013170786202 0.140393063426
t 0.183694571257 0.101537674665 0.2517567873 0.268915265799
h 1.0 1.0 4.0 1.0
c 0.414479970932 0 0 0
Aa 0.389784514904 -0.0852112919092 1.00707662106 -0.153239279985
Ab 0.294272542 -0.320819050074 0.618581831455 0.0526792369783
Ad 0.206528708339 0.0312381070107 1.89148378372 0.179251357913
Ag -0.140041187406 -0.35536929965 0.218058437109 -0.0999306216836
At 0.1819255054 -0.497341096401 1.49942791462 0.182339161634
as 0.0 0.0 0.854838728905 0.0
bs 0.321428567171 0.0 1.0 0.0
ds 0.0 0.0 0.964285731316 0.0
gs 0.0588235296309 0.145833328366 1.0 0.0625
ts 0.0 0.0 1.0 0.0
a 0.251344650984 0.258604705334 0.0810270234942 0.120540678501
b 0.247567206621 0.162023961544 0.0331234149635 0.204692706466
d 0.208108380437 0.335973709822 0.620922029018 0.257250368595
g 0.095838919282 0.142200097442 0.013170786202 0.143829718232
t 0.197140857577 0.101197518408 0.2517567873 0.273686528206
h 1.0 1.0 4.0 1.0
c 0.399038612843 0 0 0
Aa 0.289469510317 -0.0811752378941 1.00707662106 -0.17360496521
Ab 0.282893002033 -0.284232407808 0.618581831455 0.0563637800515
Ad 0.207489445806 0.0324936546385 1.89148378372 0.155617415905
Ag -0.129258200526 -0.340911746025 0.218058437109 -0.096889950335
At 0.183976516128 -0.488641798496 1.49942791462 0.182514831424
as 0.0 0.019999999553 0.854838728905 0.0
bs 0.285714298487 0.0 1.0 0.0
ds 0.0 0.0 0.964285731316 0.0
gs 0.088235296309 0.1875 1.0 0.0625
ts 0.0 0.0 1.0 0.0
a 0.206171959639 0.251617342234 0.0810270234942 0.11692570895
b 0.252454459667 0.172304928303 0.0331234149635 0.208877891302
d 0.223392546177 0.336527079344 0.620922029018 0.249021351337
g 0.10353859514 0.140991121531 0.013170786202 0.142760708928
t 0.214442446828 0.0985595360398 0.2517567873 0.282414346933
h 1.0 1.0 2.0 1.0
c 0.383859664202 0 0 0
Aa 0.184191152453 -0.0825560241938 1.00707662106 -0.188662037253
Ab 0.272144585848 -0.246998935938 0.618581831455 0.063320428133
Ad 0.219030246139 0.0437233895063 1.89148378372 0.139664515853
Ag -0.114936187863 -0.334104865789 0.218058437109 -0.101963348687
At 0.201272308826 -0.489597976208 1.49942791462 0.194314688444
as 0.0 0.019999999553 0.854838728905 0.0
bs 0.25 0.0192307699472 1.0 0.0
ds 0.0 0.0 0.964285731316 0.0
gs 0.117647059262 0.1875 1.0 0.0645161271095
ts 0.00925925932825 0.0 1.0 0.0
a 0.176273226738 0.240897119045 0.0810270234942 0.121346853673
b 0.250477880239 0.181761279702 0.0331234149635 0.208726987243
d 0.233244031668 0.346944332123 0.620922029018 0.243772491813
g 0.109835892916 0.137039333582 0.013170786202 0.137125506997
t 0.230168968439 0.093357950449 0.2517567873 0.289028167725
h 1.0 1.0 4.0 1.0
c 0.368902564049 0 0 0
Aa 0.109797812998 -0.0881937369704 1.00707662106 -0.165723532438
Ab 0.262380808592 -0.210523977876 0.618581831455 0.0698265582323
Ad 0.231422007084 0.0702344402671 1.89148378372 0.137232646346
Ag -0.0956442505121 -0.333180129528 0.218058437109 -0.112633787096
At 0.225658223033 -0.499874055386 1.49942791462 0.211188152432
as 0.0 0.0 0.854838728905 0.0
bs 0.214285716414 0.0784313753247 1.0 0.0
ds 0.0 0.0 0.964285731316 0.0
gs 0.176470592618 0.191489368677 1.0 0.0322580635548
ts 0.0277777779847 0.0 1.0 0.0
a 0.155159652233 0.234266296029 0.0810270234942 0.141535833478
b 0.245313763618 0.186609357595 0.0331234149635 0.199555054307
d 0.239480137825 0.364353060722 0.620922029018 0.242041200399
g 0.115705512464 0.129904419184 0.013170786202 0.127225071192
t 0.24434094131 0.0848668590188 0.2517567873 0.289642840624
h 1.0 1.0 4.0 1.0
c 0.354167282581 0 0 0
Aa 0.0543464235961 -0.0779867991805 1.00707662106 -0.0781415328383
Ab 0.253289520741 -0.176763162017 0.618581831455 0.0710548087955
Ad 0.242837101221 0.113825820386 1.89148378372 0.154881373048
Ag -0.0730783417821 -0.334072649479 0.218058437109 -0.124435201287
At 0.251563847065 -0.518958449364 1.49942791462 0.232854887843
as 0.0 0.019999999553 0.854838728905 0.0714285746217
bs 0.178571432829 0.137254908681 1.0 0.0
ds 0.0 0.0 0.964285731316 0.0
gs 0.235294118524 0.170212760568 1.0 0.0
ts 0.0555555559695 0.0 1.0 0.0180180184543
a 0.152746483684 0.225618615746 0.0810270234942 0.169259011745
b 0.23578581214 0.189239352942 0.0331234149635 0.183637112379
d 0.241237789392 0.385207444429 0.620922029018 0.244359254837
g 0.11899728328 0.123071849346 0.013170786202 0.116251066327
t 0.251232624054 0.0768627524376 0.2517567873 0.286493569613
h 1.0 1.0 4.0 1.0
c 0.340168744326 0 0 0
Aa 0.0578681714833 -0.0695171430707 1.00707662106 0.0303402189165
Ab 0.246414601803 -0.145880609751 0.618581831455 0.0657488852739
Ad 0.25634226203 0.16280259192 1.89148378372 0.189817219973
Ag -0.0505660139024 -0.332733333111 0.218058437109 -0.132814615965
At 0.273972958326 -0.537176132202 1.49942791462 0.258903294802
as 0.0 0.0399999991059 0.854838728905 0.169642850757
bs 0.142857149243 0.196078434587 1.0 0.0
ds 0.0 0.0 0.964285731316 0.0
gs 0.323529422283 0.195652171969 1.0 0.0
ts 0.0747663527727 0.0 1.0 0.0450450442731
a 0.160030454397 0.216921806335 0.0810270234942 0.203346297145
b 0.226734936237 0.192839950323 0.0331234149635 0.165364265442
d 0.240784302354 0.400962233543 0.620922029018 0.245267912745
g 0.120048061013 0.118369996548 0.013170786202 0.106157377362
t 0.252402245998 0.0709060057998 0.2517567873 0.279864132404
h 1.0 1.0 4.0 1.0
c 0.326661378145 0 0 0
Aa 0.0931799635291 -0.0646108165383 1.00707662106 0.148066416383
Ab 0.244495779276 -0.11571701616 0.618581831455 0.0582717992365
Ad 0.270605504513 0.202189415693 1.89148378372 0.229470893741
Ag -0.0316675044596 -0.32767239213 0.218058437109 -0.134219676256
At 0.29107055068 -0.550230979919 1.49942791462 0.286777406931
as 0.0 0.0399999991059 0.854838728905 0.276785701513
bs 0.142857149243 0.254901975393 1.0 0.0
ds 0.0 0.0 0.964285731316 0.0
gs 0.382352948189 0.209302321076 1.0 0.0
ts 0.0934579446912 0.0 1.0 0.0630630627275
a 0.163774296641 0.213382467628 0.0810270234942 0.214631810784
b 0.222707107663 0.200706318021 0.0331234149635 0.15512354672
d 0.238976493478 0.40230217576 0.620922029018 0.248541384935
g 0.121116258204 0.115784786642 0.013170786202 0.101793855429
t 0.253425866365 0.0678242817521 0.2517567873 0.279909402132
h 1.0 1.0 4.0 1.0
c 0.313399612904 0 0 0
Aa 0.114445060492 -0.0548356100917 1.00707662106 0.197484225035
Ab 0.247933417559 -0.0814332962036 0.618581831455 0.056467872113
Ad 0.278554499149 0.220558032393 1.89148378372 0.261188864708
Ag -0.0165982060134 -0.320342838764 0.218058437109 -0.126488298178
At 0.304050266743 -0.552609145641 1.49942791462 0.312807649374
as 0.0 0.0599999986589 0.854838728905 0.321428567171
bs 0.178571432829 0.333333343267 1.0 0.0
ds 0.00641025649384 0.0153846153989 0.964285731316 0.0
gs 0.411764711142 0.232558146119 1.0 0.0
ts 0.102803736925 0.0 1.0 0.0900900885463
a 0.163757160306 0.210496485233 0.0810270234942 0.216184511781
b 0.222552850842 0.216756239533 0.0331234149635 0.152450293303
d 0.234522953629 0.390070825815 0.620922029018 0.249842837453
g 0.123119220138 0.114873722196 0.013170786202 0.101295761764
t 0.256047815084 0.0678027495742 0.2517567873 0.280226588249
h 1.0 1.0 2.0 1.0
c 0.300905317068 0 0 0
Aa 0.119637779891 -0.0523022003472 1.00707662106 0.218311548233
Ab 0.252870649099 -0.0395754240453 0.618581831455 0.0666152387857
Ad 0.275622844696 0.215596422553 1.89148378372 0.281153857708
Ag -0.00423663854599 -0.315326362848 0.218058437109 -0.110921733081
At 0.313758581877 -0.544299721718 1.49942791462 0.330996334553
as 0.0 0.0799999982119 0.854838728905 0.339285701513
bs 0.178571432829 0.419999986887 1.0 0.0
ds 0.0 0.00769230769947 0.964285731316 0.014184396714
gs 0.441176474094 0.232558146119 1.0 0.0625
ts 0.103773586452 0.0 1.0 0.108108110726
a 0.163889214396 0.209227919579 0.0810270234942 0.211125031114
b 0.223293066025 0.239632815123 0.0331234149635 0.157113790512
d 0.227800890803 0.367959141731 0.620922029018 0.249799579382
g 0.125984594226 0.113854914904 0.013170786202 0.103352077305
t 0.259032219648 0.0693252161145 0.2517567873 0.278609514236
h 1.0 1.0 2.0 1.0
c 0.2890445292 0 0 0
Aa 0.119637779891 -0.0523022003472 1.00707662106 0.218311548233
Ab 0.253962665796 0.00662444718182 0.618581831455 0.0899861082435
Ad 0.26264283061 0.192877754569 1.89148378372 0.291363507509
Ag 0.0054048569873 -0.316570043564 0.218058437109 -0.0919089689851
At 0.318441212177 -0.532030642033 1.49942791462 0.338767766953
as 0.0 0.0799999982119 0.854838728905 0.339285701513
bs 0.148148149252 0.5 1.0 0.0256410259753
ds 0.0 0.0 0.964285731316 0.021276595071
gs 0.454545468092 0.232558146119 1.0 0.125
ts 0.113207548857 0.0 1.0 0.117117114365
a 0.165519863367 0.213035807014 0.0810270234942 0.205079510808
b 0.222121804953 0.262869507074 0.0331234149635 0.16727463901
d 0.222122952342 0.341912925243 0.620922029018 0.248061954975
g 0.128746345639 0.111240580678 0.013170786202 0.105769209564
t 0.261489033699 0.0709411725402 0.2517567873 0.273814678192
h 1.0 1.0 4.0 1.0
c 0.277697682381 0 0 0
Aa 0.119637779891 -0.043557535857 1.00707662106 0.21232740581
Ab 0.247378841043 0.0477300435305 0.618581831455 0.123835243285
Ad 0.247381076217 0.161905393004 1.89148378372 0.294965296984
Ag 0.0105225583538 -0.325746893883 0.218058437109 -0.0752355977893
At 0.318241119385 -0.521111786366 1.49942791462 0.337861835957
as 0.0 0.0799999982119 0.854838728905 0.330357134342
bs 0.148148149252 0.600000023842 1.0 0.102564103901
ds 0.0 0.0 0.964285731316 0.021276595071
gs 0.484848499298 0.209302321076 1.0 0.15625
ts 0.113207548857 0.0 1.0 0.117117114365
a 0.167483463883 0.231968447566 0.0810270234942 0.199277535081
b 0.2185806036 0.27562379837 0.0331234149635 0.181026816368
d 0.2208776474 0.314629673958 0.620922029018 0.245243832469
g 0.130078017712 0.105141453445 0.013170786202 0.106800965965
t 0.262980252504 0.0726366341114 0.2517567873 0.267650842667
h 1.0 1.0 4.0 1.0
c 0.266738325357 0 0 0
Aa 0.119637779891 0.00193046662025 1.00707662106 0.205363973975
Ab 0.235277459025 0.0768182650208 0.618581831455 0.163648575544
Ad 0.239817604423 0.134301200509 1.89148378372 0.295503735542
Ag 0.00986975617707 -0.341724485159 0.218058437109 -0.0655191764235
At 0.315588980913 -0.502342760563 1.49942791462 0.33347427845
as 0.0 0.180000007153 0.854838728905 0.321428567171
bs 0.074074074626 0.639999985695 1.0 0.205128207803
ds 0.0 0.0 0.964285731316 0.021276595071
gs 0.5 0.186046510935 1.0 0.1875
ts 0.103773586452 0.0 1.0 0.108108110726
a 0.192024752498 0.234046846628 0.0810270234942 0.194352194667
b 0.207431852818 0.28322583437 0.0331234149635 0.194682255387
d 0.218695640564 0.301142543554 0.620922029018 0.244171008468
g 0.125365331769 0.0998797789216 0.013170786202 0.105030179024
t 0.256482422352 0.0817049890757 0.2517567873 0.261764347553
h 1.0 1.0 4.0 1.0
c 0.255518019199 0 0 0
Aa 0.18970951438 0.00922892335802 1.00707662106 0.202755227685
Ab 0.223227754235 0.0920590013266 0.618581831455 0.203492134809
Ad 0.246192425489 0.118698216975 1.89148378372 0.301859855652
Ag 0.00452976441011 -0.360596328974 0.218058437109 -0.0645201280713
At 0.315409868956 -0.447825282812 1.49942791462 0.332076251507
as 0.0 0.20000000298 0.854838728905 0.321428567171
bs 0.037037037313 0.680000007153 1.0 0.307692319155
ds 0.0 0.0 0.964285731316 0.0283687934279
gs 0.46875 0.139534890652 1.0 0.1875
ts 0.103773586452 0.0 1.0 0.108108110726
a 0.229967877269 0.217399910092 0.0810270234942 0.197284653783
b 0.192613512278 0.28395396471 0.0331234149635 0.201720327139
d 0.213595271111 0.301693558693 0.620922029018 0.248162925243
g 0.116270884871 0.0955344066024 0.013170786202 0.0988980606198
t 0.247552454472 0.101418159902 0.2517567873 0.253934025764
h 1.0 1.0 4.0 1.0
c 0.24429769814 0 0 0
Aa 0.293771028519 -0.0195658653975 1.00707662106 0.227970123291
Ab 0.216790631413 0.0964226797223 0.618581831455 0.237626492977
Ad 0.261695504189 0.1227408126 1.89148378372 0.327613711357
Ag -0.00242515141144 -0.376665443182 0.218058437109 -0.0719353929162
At 0.325771093369 -0.350709497929 1.49942791462 0.337597757578
as 0.0540540553629 0.140000000596 0.854838728905 0.348214298487
bs 0.0 0.680000007153 1.0 0.410256415606
ds 0.0 0.0 0.964285731316 0.0500000007451
gs 0.46875 0.0930232554674 1.0 0.1875
ts 0.113207548857 0.0769230797887 1.0 0.119266055524
a 0.291126549244 0.201031550765 0.0810270234942 0.222002789378
b 0.171827286482 0.272842407227 0.0331234149635 0.195484340191
d 0.199705928564 0.306742399931 0.620922029018 0.25553098321
g 0.102671511471 0.0900351032615 0.013170786202 0.0881229415536
t 0.234668731689 0.129348531365 0.2517567873 0.238858938217
h 1.0 1.0 4.0 1.0
c 0.23229457438 0 0 0
Aa 0.446670860052 -0.0365311317146 1.00707662106 0.316475450993
Ab 0.217681199312 0.0961165055633 0.618581831455 0.261228978634
Ad 0.282980024815 0.146978437901 1.89148378372 0.377560585737
Ag -0.00596098648384 -0.38538351655 0.218058437109 -0.08479398489
At 0.353044271469 -0.228033870459 1.49942791462 0.348258525133
as 0.246575340629 0.10000000149 0.854838728905 0.419642865658
bs 0.0384615398943 0.680000007153 1.0 0.461538463831
ds 0.012738853693 0.0 0.964285731316 0.0857142880559
gs 0.4375 0.0697674453259 1.0 0.125
ts 0.14150942862 0.169230774045 1.0 0.128440365195
a 0.340061724186 0.18649597466 0.0810270234942 0.255071789026
b 0.152987122536 0.252691268921 0.0331234149635 0.180783703923
d 0.193430170417 0.319912552834 0.620922029018 0.268450737
g 0.0909516811371 0.0834508985281 0.013170786202 0.076787121594
t 0.222569316626 0.157449290156 0.2517567873 0.218906670809
h 1.0 1.0 4.0 1.0
c 0.22029145062 0 0 0
Aa 0.57170689106 -0.0360953733325 1.00707662106 0.423387676477
Ab 0.224804013968 0.095825381577 0.618581831455 0.273884534836
Ad 0.326673358679 0.19826644659 1.89148378372 0.445589840412
Ag -0.00104011758231 -0.385333836079 0.218058437109 -0.0979863703251
At 0.387614428997 -0.109624139965 1.49942791462 0.356984257698
as 0.424657523632 0.10000000149 0.854838728905 0.517857134342
bs 0.0384615398943 0.680000007153 1.0 0.487179487944
ds 0.038216561079 0.0298507455736 0.964285731316 0.128571435809
gs 0.46875 0.0731707289815 1.0 0.09375
ts 0.179245278239 0.261538475752 1.0 0.12962962687
a 0.403823882341 0.184917077422 0.0810270234942 0.310484051704
b 0.124035090208 0.218286126852 0.0331234149635 0.15238212049
d 0.19859559834 0.35304453969 0.620922029018 0.289530545473
g 0.0744627937675 0.0730203613639 0.013170786202 0.0630704537034
t 0.199082642794 0.170731887221 0.2517567873 0.18453283608
h 1.0 1.0 4.0 1.0
c 0.208288326859 0 0 0
Aa 0.746265411377 0.023563535884 1.00707662106 0.588082671165
Ab 0.233618021011 0.0956126302481 0.618581831455 0.278977364302
Ad 0.438043057919 0.304416000843 1.89148378372 0.557737767696
Ag 0.0120127527043 -0.379969537258 0.218058437109 -0.104130655527
At 0.439106822014 -0.011098857969 1.49942791462 0.362117022276
as 0.652777791023 0.219999998808 0.854838728905 0.647619068623
bs 0.0769230797887 0.693877577782 1.0 0.512820541859
ds 0.114649683237 0.104477614164 0.964285731316 0.214285716414
gs 0.5 0.0975609719753 1.0 0.0625
ts 0.226415097713 0.33846154809 1.0 0.140186920762
a 0.432633131742 0.221606761217 0.0810270234942 0.36669754982
b 0.0919294953346 0.166472166777 0.0331234149635 0.114825315773
d 0.251688331366 0.393539965153 0.620922029018 0.328846871853
g 0.056138087064 0.0567558631301 0.013170786202 0.0480956584215
t 0.167610958219 0.161625266075 0.2517567873 0.141534611583
h 1.0 1.0 4.0 1.0
c 0.1970680058 0 0 0
Aa 0.915610194206 0.216931179166 1.00707662106 0.787243843079
Ab 0.242945298553 0.0926898047328 0.618581831455 0.282973498106
Ad 0.680353462696 0.466336995363 1.89148378372 0.739929556847
Ag 0.0287480391562 -0.374641090631 0.218058437109 -0.0949582606554
At 0.503792822361 0.0798574239016 1.49942791462 0.373798519373
as 0.888888895512 0.600000023842 0.854838728905 0.826923072338
bs 0.115384615958 0.693877577782 1.0 0.512820541859
ds 0.267515927553 0.223880603909 0.964285731316 0.342857152224
gs 0.5625 0.0975609719753 1.0 0.09375
ts 0.285714298487 0.407692313194 1.0 0.149532705545
a 0.386106848717 0.25877815485 0.0810270234942 0.363218426704
b 0.0656168460846 0.117460086942 0.0331234149635 0.0837112367153
d 0.365050494671 0.436149358749 0.620922029018 0.40427723527
g 0.0406648926437 0.0408550016582 0.013170786202 0.0368657819927
t 0.142560899258 0.146757394075 0.2517567873 0.111927315593
h 1.0 1.0 4.0 1.0
c 0.186891451478 0 0 0
Aa 1.02142715454 0.427916616201 1.00707662106 0.926924407482
Ab 0.251734972 0.0848792865872 0.618581831455 0.289540320635
Ad 0.997072577477 0.654624223709 1.89148378372 0.973435819149
Ag 0.0439392514527 -0.373765766621 0.218058437109 -0.0666200071573
At 0.588720083237 0.181588962674 1.49942791462 0.41569262743
as 1.0 1.0 0.854838728905 0.961538434029
bs 0.153846159577 0.673469364643 1.0 0.526315808296
ds 0.464968144894 0.365671634674 0.964285731316 0.507142841816
gs 0.59375 0.0750000029802 1.0 0.1875
ts 0.371428579092 0.484615385532 1.0 0.186915889382
a 0.297004461288 0.260769486427 0.0810270234942 0.307581812143
b 0.0465124472976 0.0841718912125 0.0331234149635 0.0623026639223
d 0.503472685814 0.48395344615 0.620922029018 0.503324270248
g 0.0289719011635 0.029813144356 0.013170786202 0.0294800922275
t 0.124038502574 0.14129203558 0.2517567873 0.0973111391068
h 1.0 1.0 4.0 1.0
c 0.186891451478 0 0 0
Aa 1.06529867649 0.563342809677 1.00707662106 0.993753790855
Ab 0.260104864836 0.0722531527281 0.618581831455 0.30029976368
Ad 1.29451155663 0.831889629364 1.89148378372 1.20764100552
Ag 0.0545126795769 -0.378506153822 0.218058437109 -0.0246780142188
At 0.686092197895 0.297203749418 1.49942791462 0.49395570159
as 1.0 1.0 0.854838728905 1.0
bs 0.192307695746 0.666666686535 1.0 0.552631556988
ds 0.656050980091 0.5 0.964285731316 0.671428561211
gs 0.625 0.0769230797887 1.0 0.3125
ts 0.451923072338 0.569230794907 1.0 0.261682242155
a 0.213302999735 0.232946187258 0.0810270234942 0.234031140804
b 0.0337989740074 0.0644599124789 0.0331234149635 0.048686016351
d 0.621031105518 0.534422457218 0.620922029018 0.60091394186
g 0.021032853052 0.0232415869832 0.013170786202 0.0248134322464
t 0.110834047198 0.144929841161 0.2517567873 0.0915554463863
h 1.0 1.0 4.0 1.0
c 0.186891451478 0 0 0
Aa 1.06529867649 0.614797234535 1.00707662106 0.993753790855
Ab 0.265205204487 0.0568313524127 0.618581831455 0.311884403229
Ad 1.52941501141 0.975426316261 1.89148378372 1.40329241753
Ag 0.0591998919845 -0.386192619801 0.218058437109 0.0191669818014
At 0.78097486496 0.408699452877 1.49942791462 0.586164355278
as 1.0 1.0 0.854838728905 1.0
bs 0.192307695746 0.625 1.0 0.578947365284
ds 0.808917224407 0.604477584362 0.964285731316 0.82014387846
gs 0.65625 0.0512820519507 1.0 0.46875
ts 0.548076927662 0.639344274998 1.0 0.345794379711
a 0.162293240428 0.19946269691 0.0810270234942 0.185772016644
b 0.025673173368 0.0530961640179 0.0331234149635 0.0394556447864
d 0.694719254971 0.576478898525 0.620922029018 0.666162490845
g 0.0160354785621 0.0194816589355 0.013170786202 0.021367739886
t 0.101278863847 0.151480555534 0.2517567873 0.0872421115637
h 1.0 1.0 4.0 1.0
c 0.1970680058 0 0 0
Aa 1.06529867649 0.617748141289 1.00707662106 0.993646621704
Ab 0.264477789402 0.0429496318102 0.618581831455 0.320775449276
Ad 1.6968075037 1.07866990566 1.89148378372 1.54824650288
Ag 0.0600801408291 -0.392487555742 0.218058437109 0.0544249042869
At 0.860517024994 0.498243391514 1.49942791462 0.665392518044
as 1.0 1.0 0.854838728905 1.0
bs 0.192307695746 0.604166686535 1.0 0.60526317358
ds 0.916129052639 0.686567187309 0.964285731316 0.920863330364
gs 0.65625 0.0512820519507 1.0 0.5625
ts 0.625 0.713114738464 1.0 0.420560747385
a 0.134078413248 0.178807273507 0.0810270234942 0.156898990273
b 0.0209078229964 0.0465220622718 0.0331234149635 0.0338340774179
d 0.736759960651 0.601081609726 0.620922029018 0.706261217594
g 0.0132566373795 0.017394579947 0.013170786202 0.0191312208772
t 0.0949971675873 0.156194478273 0.2517567873 0.0838745012879
h 1.0 1.0 2.0 1.0
c 0.208027377725 0 0 0
Aa 1.06529867649 0.617748141289 1.00707662106 0.991142868996
Ab 0.258248597383 0.0330219529569 0.618581831455 0.324877113104
Ad 1.80526578426 1.1442964077 1.89148378372 1.64448809624
Ag 0.0603731647134 -0.394223064184 0.218058437109 0.0772654339671
At 0.915650427341 0.559028685093 1.49942791462 0.71915268898
as 1.0 1.0 0.854838728905 1.0
bs 0.192307695746 0.595744669437 1.0 0.60526317358
ds 0.987096786499 0.736842095852 0.964285731316 0.99280577898
gs 0.65625 0.0256410259753 1.0 0.65625
ts 0.673076927662 0.76229506731 1.0 0.47663551569
a 0.119736842811 0.168043375015 0.0810270234942 0.140697538853
b 0.0183590147644 0.0430529750884 0.0331234149635 0.0307096242905
d 0.758533895016 0.61378377676 0.620922029018 0.729473352432
g 0.0119754606858 0.0165397394449 0.013170786202 0.017876425758
t 0.0913948118687 0.158580139279 0.2517567873 0.0812430754304
h 1.0 1.0 2.0 1.0
c 0.219247698784 0 0 0
Aa 1.06529867649 0.617748141289 1.00707662106 0.986051857471
Ab 0.250920236111 0.0263299364597 0.618581831455 0.325039863586
Ad 1.86704587936 1.18034219742 1.89148378372 1.70077478886
Ag 0.0653630644083 -0.389144569635 0.218058437109 0.0900460556149
At 0.947992384434 0.592575550079 1.49942791462 0.747551739216
as 1.0 1.0 0.854838728905 1.0
bs 0.153846159577 0.574468076229 1.0 0.60526317358
ds 1.0 0.766917288303 0.964285731316 1.0
gs 0.65625 0.0512820519507 1.0 0.6875
ts 0.711538434029 0.786885261536 1.0 0.5
a 0.113166615367 0.163433566689 0.0810270234942 0.132168859243
b 0.0172448661178 0.0413805618882 0.0331234149635 0.029067395255
d 0.768210232258 0.619115710258 0.620922029018 0.74189209938
g 0.0116528561339 0.0165694206953 0.013170786202 0.0174010451883
t 0.0897254571319 0.159500733018 0.2517567873 0.0794705972075
h 1.0 1.0 2.0 1.0
c 0.231250822544 0 0 0
Aa 1.06529867649 0.617748141289 1.00707662106 0.979590296745
Ab 0.248240172863 0.0212032869458 0.618581831455 0.321867227554
Ad 1.89706039429 1.1961786747 1.89148378372 1.7288018465
Ag 0.0780127197504 -0.376285791397 0.218058437109 0.0990364253521
At 0.964496016502 0.607169568539 1.49942791462 0.758667588234
as 1.0 1.0 0.854838728905 1.0
bs 0.153846159577 0.565217375755 1.0 0.60526317358
ds 1.0 0.774436116219 0.964285731316 1.0
gs 0.71875 0.0769230797887 1.0 0.71875
ts 0.721153855324 0.795081973076 1.0 0.514285743237
a 0.110475920141 0.16177855432 0.0810270234942 0.129441902041
b 0.0170933250338 0.0408923178911 0.0331234149635 0.0280482135713
d 0.771349430084 0.620631814003 0.620922029018 0.746383845806
g 0.0118849724531 0.0171504430473 0.013170786202 0.0174706596881
t 0.089196331799 0.159546852112 0.2517567873 0.0786553546786
h 1.0 1.0 2.0 1.0
c 0.243775814772 0 0 0
Aa 1.06529867649 0.617748141289 1.00707662106 0.979590296745
Ab 0.254857569933 0.0204689465463 0.618581831455 0.315420597792
Ad 1.90928220749 1.20166122913 1.89148378372 1.74047768116
Ag 0.0970292016864 -0.356897443533 0.218058437109 0.109824687243
At 0.972378015518 0.611715435982 1.49942791462 0.763243675232
as 1.0 1.0 0.854838728905 1.0
bs 0.153846159577 0.565217375755 1.0 0.578947365284
ds 1.0 0.781954884529 0.964285731316 1.0
gs 0.75 0.128205135465 1.0 0.75
ts 0.730769217014 0.803278684616 1.0 0.519230782986
