a 0.105151891708 0.0508643165231 0.0810270234942 0.101439371705
b 0.0311127025634 0.0255504939705 0.0331234149635 0.0387444496155
d 0.471414327621 0.682325541973 0.620922029018 0.528606176376
g 0.0138229401782 0.0201590806246 0.013170786202 0.0199225693941
t 0.378498136997 0.221100598574 0.2517567873 0.311287403107
h 1.0 1.0 4.0 1.0
c 0.0 0 0 0
Aa 0.862986147404 0.105550959706 1.00707662106 0.762972712517
Ab 0.334106773138 -0.193462952971 0.618581831455 0.344975680113
Ad 1.51457178593 1.23312938213 1.89148378372 1.47989845276
Ag -0.0182305146009 -0.296391546726 0.218058437109 0.056111510843
At 1.41923284531 0.743727624416 1.49942791462 1.24992775917
as 0.771739125252 0.317460328341 0.854838728905 0.870967745781
bs 0.576923072338 0.0 1.0 0.617647051811
ds 0.899371087551 0.826388895512 0.964285731316 0.853658556938
gs 0.266666680574 0.555555582047 1.0 0.586206912994
ts 1.0 0.78021979332 1.0 1.0
a 0.103414334357 0.0505667962134 0.0810270234942 0.101070836186
b 0.030383406207 0.0253802165389 0.0331234149635 0.0377562232316
d 0.475400358438 0.684913039207 0.620922029018 0.531433224678
g 0.0139416297898 0.0209360998124 0.013170786202 0.0199376158416
t 0.376860260963 0.218203872442 0.2517567873 0.309802085161
h 1.0 1.0 4.0 1.0
c 0.0 0 0 0
Aa 0.862986147404 0.105558730662 1.00707662106 0.762972712517
Ab 0.331041902304 -0.193811386824 0.618581831455 0.335335373878
Ad 1.52546489239 1.23732876778 1.89148378372 1.48379552364
Ag -0.0072810202837 -0.277410924435 0.218058437109 0.058020055294
At 1.42458581924 0.740555763245 1.49942791462 1.24943113327
as 0.78021979332 0.317460328341 0.854838728905 0.870967745781
bs 0.576923072338 0.0 1.0 0.588235318661
ds 0.905660390854 0.826388895512 0.964285731316 0.853658556938
gs 0.300000011921 0.629629611969 1.0 0.620689630508
ts 1.0 0.78021979332 1.0 1.0
a 0.102714970708 0.0508920997381 0.0810270234942 0.102432735264
b 0.0299353860319 0.0252456087619 0.0331234149635 0.0373015590012
d 0.475955218077 0.685702502728 0.620922029018 0.530557215214
g 0.0141963874921 0.0217604860663 0.013170786202 0.0200911965221
t 0.377198040485 0.216399326921 0.2517567873 0.309617310762
h 1.0 1.0 4.0 1.0
c 0.0 0 0 0
Aa 0.862986147404 0.108105249703 1.00707662106 0.762972712517
Ab 0.3275372684 -0.196359276772 0.618581831455 0.324260950089
Ad 1.52891850471 1.23759055138 1.89148378372 1.47726619244
Ag 0.00353025691584 -0.260876536369 0.218058437109 0.0555397570133
At 1.42792189121 0.736710786819 1.49942791462 1.24335920811
as 0.78021979332 0.338709682226 0.854838728905 0.868852436543
bs 0.576923072338 0.0 1.0 0.558823525906
ds 0.911949694157 0.826388895512 0.964285731316 0.852459013462
gs 0.344827592373 0.703703701496 1.0 0.586206912994
ts 1.0 0.769230782986 1.0 0.989898979664
a 0.102392546833 0.0510003231466 0.0810270234942 0.104765854776
b 0.0296288821846 0.0249793715775 0.0331234149635 0.0373281538486
d 0.475437790155 0.686913847923 0.620922029018 0.528064787388
g 0.0144325327128 0.0223160516471 0.013170786202 0.0202767327428
t 0.378108263016 0.214790388942 0.2517567873 0.309564441442
h 1.0 1.0 4.0 1.0
c 0.0 0 0 0
Aa 0.862986147404 0.108105249703 1.00707662106 0.762972712517
Ab 0.324433088303 -0.201886162162 0.618581831455 0.31478947401
Ad 1.5298115015 1.23743462563 1.89148378372 1.46544015408
Ag 0.012060360983 -0.250850319862 0.218058437109 0.0497509203851
At 1.43033397198 0.732547163963 1.49942791462 1.23350405693
as 0.78021979332 0.338709682226 0.854838728905 0.868852436543
bs 0.538461565971 0.0 1.0 0.529411792755
ds 0.911949694157 0.826388895512 0.964285731316 0.844262301922
gs 0.392857134342 0.740740716457 1.0 0.586206912994
ts 1.0 0.769230782986 1.0 0.979797959328
a 0.102228023112 0.0510557331145 0.0810270234942 0.107396744192
b 0.0294224172831 0.0246070511639 0.0331234149635 0.0376904085279
d 0.474739551544 0.689394772053 0.620922029018 0.525331199169
g 0.0146417273208 0.0225586108863 0.013170786202 0.0204897318035
t 0.378968268633 0.212383821607 0.2517567873 0.309091925621
h 1.0 1.0 4.0 1.0
c 0.0 0 0 0
Aa 0.862986147404 0.108105249703 1.00707662106 0.762972712517
Ab 0.322094559669 -0.208879679441 0.618581831455 0.308212429285
Ad 1.52987158298 1.23852872849 1.89148378372 1.45241475105
Ag 0.019008519128 -0.246626913548 0.218058437109 0.0435178689659
At 1.43201911449 0.727182149887 1.49942791462 1.22206926346
as 0.78021979332 0.338709682226 0.854838728905 0.868852436543
bs 0.560000002384 0.0 1.0 0.529411792755
ds 0.911949694157 0.833333313465 0.964285731316 0.836065590382
gs 0.428571432829 0.740740716457 1.0 0.551724135876
ts 1.0 0.766666650772 1.0 0.969696998596
a 0.102291680872 0.0503443852067 0.0810270234942 0.107039302588
b 0.0291427262127 0.0242645610124 0.0331234149635 0.038300961256
d 0.474468767643 0.693102359772 0.620922029018 0.524794399738
g 0.0147749809548 0.022665373981 0.013170786202 0.0208512414247
t 0.379321813583 0.209623336792 0.2517567873 0.309014081955
h 1.0 1.0 4.0 1.0
c 0.0 0 0 0
Aa 0.862986147404 0.101188585162 1.00707662106 0.750443935394
Ab 0.317676007748 -0.215789988637 0.618581831455 0.304110318422
Ad 1.52935349941 1.24003493786 1.89148378372 1.44088983536
Ag 0.0226727724075 -0.245399549603 0.218058437109 0.0400325469673
At 1.43215370178 0.72067719698 1.49942791462 1.21087896824
as 0.78021979332 0.322580635548 0.854838728905 0.852459013462
bs 0.560000002384 0.0 1.0 0.515151500702
ds 0.911949694157 0.833333313465 0.964285731316 0.827868878841
gs 0.428571432829 0.740740716457 1.0 0.551724135876
ts 1.0 0.766666650772 1.0 0.95959597826
a 0.102254390717 0.0507370531559 0.0810270234942 0.107445463538
b 0.0286252126098 0.0240762177855 0.0331234149635 0.0386413037777
d 0.476275652647 0.694973766804 0.620922029018 0.524959981441
g 0.0148056149483 0.0228891056031 0.013170786202 0.0213568136096
t 0.378039121628 0.207323879004 0.2517567873 0.307596445084
h 1.0 1.0 4.0 1.0
c 0.0 0 0 0
Aa 0.860483109951 0.101188585162 1.00707662106 0.743522405624
Ab 0.307549864054 -0.222548380494 0.618581831455 0.299386113882
Ad 1.52865958214 1.23783171177 1.89148378372 1.43246054649
Ag 0.0212275981903 -0.244507834315 0.218058437109 0.0418708138168
At 1.42833793163 0.712512671947 1.49942791462 1.20031571388
as 0.78888887167 0.322580635548 0.854838728905 0.836065590382
bs 0.519999980927 0.0 1.0 0.515151500702
ds 0.917721509933 0.826388895512 0.964285731316 0.819672107697
gs 0.428571432829 0.740740716457 1.0 0.551724135876
ts 1.0 0.755555570126 1.0 0.949494957924
a 0.102199189365 0.0526046715677 0.0810270234942 0.107936821878
b 0.0279277209193 0.0242468565702 0.0331234149635 0.0386446155608
d 0.481392651796 0.693204164505 0.620922029018 0.526879251003
g 0.0147831141949 0.0235069133341 0.013170786202 0.0220527369529
t 0.373697310686 0.206437408924 0.2517567873 0.304486602545
h 1.0 1.0 4.0 1.0
c 0.0 0 0 0
Aa 0.853355467319 0.106974586844 1.00707662106 0.737692475319
Ab 0.289943516254 -0.229394286871 0.618581831455 0.291611820459
Ad 1.52640748024 1.226811409 1.89148378372 1.42623388767
Ag 0.0136739350855 -0.242854118347 0.218058437109 0.0479852966964
At 1.41642796993 0.700738668442 1.49942791462 1.18809103966
as 0.784090936184 0.322580635548 0.854838728905 0.819672107697
bs 0.439999997616 0.0 1.0 0.484848499298
ds 0.911392390728 0.819444417953 0.964285731316 0.811475396156
gs 0.392857134342 0.777777791023 1.0 0.586206912994
ts 1.0 0.752808988094 1.0 0.929292917252
a 0.103808447719 0.056713771075 0.0810270234942 0.111243665218
b 0.0274683181196 0.0252336971462 0.0331234149635 0.0386994481087
d 0.489967733622 0.68629103899 0.620922029018 0.52907282114
g 0.0149279320613 0.0249343607575 0.013170786202 0.0229703802615
t 0.363827586174 0.206827118993 0.2517567873 0.298013687134
h 1.0 1.0 4.0 1.0
c 0.0 0 0 0
Aa 0.844200730324 0.116383552551 1.00707662106 0.738836824894
Ab 0.266800165176 -0.235324069858 0.618581831455 0.280266314745
Ad 1.51813554764 1.199203372 1.89148378372 1.41607701778
Ag 0.00196771346964 -0.240506723523 0.218058437109 0.053729724139
At 1.38886368275 0.678302526474 1.49942791462 1.16679775715
as 0.779069781303 0.338709682226 0.854838728905 0.836065590382
bs 0.319999992847 0.0 1.0 0.454545468092
ds 0.916666686535 0.811188817024 0.964285731316 0.809917330742
gs 0.357142865658 0.777777791023 1.0 0.607142865658
ts 1.0 0.73033708334 1.0 0.909090936184
a 0.110665537417 0.0640483945608 0.0810270234942 0.11824773252
b 0.028264593333 0.0278459899127 0.0331234149635 0.0399436056614
d 0.500300884247 0.674883306026 0.620922029018 0.531540393829
g 0.0157423447818 0.027721054852 0.013170786202 0.0243125949055
t 0.345026612282 0.205501228571 0.2517567873 0.285955697298
h 1.0 1.0 4.0 1.0
c 0.0 0 0 0
Aa 0.839530944824 0.125087246299 1.00707662106 0.740049958229
Ab 0.246761292219 -0.236658364534 0.618581831455 0.268704384565
Ad 1.49474990368 1.14780771732 1.89148378372 1.39279341698
Ag -0.00741199823096 -0.238611251116 0.218058437109 0.0530884340405
At 1.33337116241 0.631393432617 1.49942791462 1.12355589867
as 0.779069781303 0.354838699102 0.854838728905 0.836065590382
bs 0.239999994636 0.0 1.0 0.424242436886
ds 0.903846144676 0.767605662346 0.964285731316 0.793388426304
gs 0.321428567171 0.777777791023 1.0 0.607142865658
ts 1.0 0.674157321453 1.0 0.868686854839
a 0.124184049666 0.0742991641164 0.0810270234942 0.13097037375
b 0.0310389902443 0.0330764204264 0.0331234149635 0.0427392013371
d 0.50979924202 0.661202609539 0.620922029018 0.534659147263
g 0.0178832523525 0.0327467285097 0.013170786202 0.0261351391673
t 0.317094475031 0.198675096035 0.2517567873 0.265496104956
h 1.0 1.0 4.0 1.0
c 0.0 0 0 0
Aa 0.833062887192 0.117920659482 1.00707662106 0.740848779678
Ab 0.230904653668 -0.233544752002 0.618581831455 0.254502117634
Ad 1.44639623165 1.0672712326 1.89148378372 1.35175275803
Ag -0.00855641439557 -0.237895324826 0.218058437109 0.0409005284309
At 1.24018573761 0.545080184937 1.49942791462 1.04773390293
as 0.767441868782 0.354838699102 0.854838728905 0.836065590382
bs 0.20000000298 0.0 1.0 0.363636374474
ds 0.871794879436 0.711267590523 0.964285731316 0.758333325386
gs 0.333333343267 0.777777791023 1.0 0.571428596973
ts 0.929292917252 0.573033690453 1.0 0.795918345451
a 0.125859424472 0.0893834680319 0.0810270234942 0.140914529562
b 0.0366997011006 0.0419826507568 0.0331234149635 0.046855609864
d 0.522938013077 0.64536690712 0.620922029018 0.546284198761
g 0.0220476351678 0.0408491306007 0.013170786202 0.0281558334827
t 0.292455255985 0.182417824864 0.2517567873 0.237789824605
h 1.0 1.0 4.0 1.0
c 0.0 0 0 0
Aa 0.75624614954 0.100180894136 1.00707662106 0.718153119087
Ab 0.221022963524 -0.228006467223 0.618581831455 0.239958927035
Ad 1.37481069565 0.958730399609 1.89148378372 1.30661594868
Ag -0.000277532526525 -0.239893481135 0.218058437109 0.018765706569
At 1.12241983414 0.409990936518 1.49942791462 0.945390582085
as 0.674418628216 0.322580635548 0.854838728905 0.803278684616
bs 0.159999996424 0.0 1.0 0.333333343267
ds 0.826923072338 0.640845060349 0.964285731316 0.716666638851
gs 0.370370358229 0.777777791023 1.0 0.5
ts 0.808080792427 0.426966279745 1.0 0.693877577782
a 0.121506378055 0.101362913847 0.0810270234942 0.156464219093
b 0.0494865328074 0.0542220957577 0.0331234149635 0.0569023750722
d 0.528545081615 0.636386930943 0.620922029018 0.535446822643
g 0.0308293513954 0.0514308772981 0.013170786202 0.0330319181085
t 0.269632697105 0.156597167253 0.2517567873 0.218154639006
h 1.0 1.0 4.0 1.0
c 0.0 0 0 0
Aa 0.608447194099 0.0473644286394 1.00707662106 0.673545837402
Ab 0.218335181475 -0.22433835268 0.618581831455 0.234261199832
Ad 1.24693012238 0.845206618309 1.89148378372 1.20784711838
Ag 0.0128125380725 -0.247290745378 0.218058437109 -0.00193539634347
At 0.954620659351 0.23626922071 1.49942791462 0.817895233631
as 0.511627912521 0.241935476661 0.854838728905 0.721311450005
bs 0.159999996424 0.0 1.0 0.303030312061
ds 0.743589758873 0.556338012218 0.964285731316 0.633333325386
gs 0.407407402992 0.740740716457 1.0 0.428571432829
ts 0.636363625526 0.218390807509 1.0 0.571428596973
a 0.125308975577 0.107719287276 0.0810270234942 0.185960784554
b 0.0733601823449 0.063023135066 0.0331234149635 0.0710101425648
d 0.504822134972 0.642013430595 0.620922029018 0.501532495022
g 0.046836592257 0.057741176337 0.013170786202 0.039609849453
t 0.249672144651 0.129502952099 0.2517567873 0.201886758208
h 1.0 1.0 4.0 1.0
c 0.0 0 0 0
Aa 0.452497929335 0.00807044189423 1.00707662106 0.649476766586
Ab 0.219976186752 -0.224723011255 0.618581831455 0.231375738978
Ad 1.05765414238 0.783321082592 1.89148378372 1.08035445213
Ag 0.0251010395586 -0.262737423182 0.218058437109 -0.0221414677799
At 0.751885890961 0.0880566239357 1.49942791462 0.685163199902
as 0.325581401587 0.177419349551 0.854838728905 0.688524603844
bs 0.159999996424 0.0 1.0 0.3125
ds 0.625806450844 0.514084517956 0.964285731316 0.533333361149
gs 0.423076927662 0.703703701496 1.0 0.357142865658
ts 0.43434342742 0.0574712641537 1.0 0.428571432829
a 0.161294475198 0.0952047407627 0.0810270234942 0.212891191244
b 0.107622563839 0.0599442869425 0.0331234149635 0.0861640647054
d 0.428449779749 0.676569700241 0.620922029018 0.456898421049
g 0.0689738020301 0.0521603748202 0.013170786202 0.0465520434082
t 0.233659356833 0.116120919585 0.2517567873 0.197494283319
h 1.0 1.0 4.0 1.0
c 0.0 0 0 0
Aa 0.399962514639 -0.0262977480888 1.00707662106 0.623573899269
Ab 0.224246323109 -0.227208539844 0.618581831455 0.230742350221
Ad 0.824242949486 0.825356185436 1.89148378372 0.95523583889
Ag 0.0310271345079 -0.28761562705 0.218058437109 -0.0366450659931
At 0.560926198959 0.0599541328847 1.49942791462 0.590970754623
as 0.267441868782 0.112903222442 0.854838728905 0.639344274998
bs 0.159999996424 0.0 1.0 0.3125
ds 0.474025964737 0.542253494263 0.964285731316 0.425000011921
gs 0.461538463831 0.592592597008 1.0 0.285714298487
ts 0.242424249649 0.0229885056615 1.0 0.336734682322
a 0.189469859004 0.0772449746728 0.0810270234942 0.231168806553
b 0.14441819489 0.0492061972618 0.0331234149635 0.0956436172128
d 0.340875297785 0.719987094402 0.620922029018 0.420125007629
g 0.0902051106095 0.0398222841322 0.013170786202 0.0505137741566
t 0.235031560063 0.113739445806 0.2517567873 0.202548801899
h 1.0 1.0 4.0 1.0
c 0.0 0 0 0
Aa 0.348916471004 -0.0316037535667 1.00707662106 0.615972995758
Ab 0.230998247862 -0.227454185486 0.618581831455 0.232699781656
Ad 0.603971838951 0.93785071373 1.89148378372 0.875422298908
Ag 0.0266074761748 -0.319347828627 0.218058437109 -0.0445464067161
At 0.442502528429 0.136437118053 1.49942791462 0.558573484421
as 0.211764708161 0.112903222442 0.854838728905 0.622950792313
bs 0.20000000298 0.0 1.0 0.3125
ds 0.333333343267 0.619718313217 0.964285731316 0.36134454608
gs 0.423076927662 0.481481492519 1.0 0.25
ts 0.112244896591 0.103448279202 1.0 0.306122452021
a 0.205786272883 0.0621710494161 0.0810270234942 0.234100535512
b 0.16730260849 0.0401199422777 0.0331234149635 0.0980343222618
d 0.28743493557 0.755228877068 0.620922029018 0.409156948328
g 0.0989691764116 0.0297838300467 0.013170786202 0.0507453233004
t 0.240507006645 0.112696290016 0.2517567873 0.207962870598
h 1.0 1.0 4.0 1.0
c 0.0 0 0 0
Aa 0.329266041517 -0.0316037535667 1.00707662106 0.615972995758
Ab 0.239352345467 -0.221831664443 0.618581831455 0.237948745489
Ad 0.474389225245 1.05288660526 1.89148378372 0.85846054554
Ag 0.0113496212289 -0.35121139884 0.218058437109 -0.0480333641171
At 0.396977394819 0.226717665792 1.49942791462 0.564556419849
as 0.188235297799 0.112903222442 0.854838728905 0.616666674614
bs 0.239999994636 0.0322580635548 1.0 0.34375
ds 0.25 0.702127635479 0.964285731316 0.352941185236
gs 0.384615391493 0.370370358229 1.0 0.25925925374
ts 0.0618556700647 0.206896558404 1.0 0.306122452021
a 0.190251931548 0.0527308769524 0.0810270234942 0.226818993688
b 0.182028472424 0.034819573164 0.0331234149635 0.0967273265123
d 0.280683517456 0.776682198048 0.620922029018 0.417867481709
g 0.100619927049 0.0239391271025 0.013170786202 0.0489723049104
t 0.246416151524 0.111828237772 0.2517567873 0.209613889456
h 1.0 1.0 4.0 1.0
c 0.0 0 0 0
Aa 0.264609664679 -0.0316037535667 1.00707662106 0.615972995758
Ab 0.245419919491 -0.211845293641 0.618581831455 0.245842769742
Ad 0.433497488499 1.13657462597 1.89148378372 0.881332159042
Ag -0.0120354248211 -0.374560445547 0.218058437109 -0.0497558750212
At 0.376949727535 0.294882744551 1.49942791462 0.581713676453
as 0.107142858207 0.112903222442 0.854838728905 0.616666674614
bs 0.239999994636 0.0645161271095 1.0 0.34375
ds 0.225165560842 0.757142841816 0.964285731316 0.356521725655
gs 0.307692319155 0.25925925374 1.0 0.25925925374
ts 0.0412371121347 0.290697664022 1.0 0.326530605555
a 0.154219016433 0.0477578081191 0.0810270234942 0.214944154024
b 0.193247005343 0.0324217900634 0.0331234149635 0.0934089198709
d 0.297173917294 0.78627872467 0.620922029018 0.435639709234
g 0.100243717432 0.0211015343666 0.013170786202 0.0467000827193
t 0.255116343498 0.112440153956 0.2517567873 0.209307149053
h 1.0 1.0 4.0 1.0
c 0.0 0 0 0
Aa 0.151783630252 -0.0316037535667 1.00707662106 0.615972995758
Ab 0.249758467078 -0.199811145663 0.618581831455 0.254035711288
Ad 0.436656355858 1.18492841721 1.89148378372 0.922774791718
Ag -0.035297151655 -0.386334091425 0.218058437109 -0.0470349788666
At 0.37038397789 0.340273290873 1.49942791462 0.604431450367
as 0.0 0.112903222442 0.854838728905 0.603448271751
bs 0.280000001192 0.0967741906643 1.0 0.354838699102
ds 0.225165560842 0.792857170105 0.964285731316 0.391304343939
gs 0.192307695746 0.222222223878 1.0 0.25925925374
ts 0.0412371121347 0.348837196827 1.0 0.346938788891
a 0.12541025877 0.0455265380442 0.0810270234942 0.200474783778
b 0.199224963784 0.0318462029099 0.0331234149635 0.0886235758662
d 0.315955370665 0.788306236267 0.620922029018 0.456893354654
g 0.0981789603829 0.0199948884547 0.013170786202 0.0444791726768
t 0.261230438948 0.114326134324 0.2517567873 0.20952911675
h 1.0 1.0 4.0 1.0
c 0.0 0 0 0
Aa 0.0531325861812 -0.0316037535667 1.00707662106 0.615972995758
Ab 0.254143297672 -0.186810746789 0.618581831455 0.261462509632
Ad 0.454425275326 1.20682656765 1.89148378372 0.973728060722
Ag -0.0531820319593 -0.388949424028 0.218058437109 -0.0379300452769
At 0.371823310852 0.368277132511 1.49942791462 0.635157644749
as 0.0 0.112903222442 0.854838728905 0.603448271751
bs 0.280000001192 0.129032254219 1.0 0.387096762657
ds 0.238410592079 0.807142853737 0.964285731316 0.434782594442
gs 0.115384615958 0.222222223878 1.0 0.296296298504
ts 0.0412371121347 0.383720934391 1.0 0.377551019192
a 0.110297180712 0.044659037143 0.0810270234942 0.183164060116
b 0.200067400932 0.0323795825243 0.0331234149635 0.0818998590112
d 0.329430371523 0.78679227829 0.620922029018 0.48101991415
g 0.0946426168084 0.0197726637125 0.013170786202 0.0420505218208
t 0.265562444925 0.116396456957 0.2517567873 0.211865648627
h 1.0 1.0 4.0 1.0
c 0.0 0 0 0
Aa 0.00411851331592 -0.0316037535667 1.00707662106 0.615972995758
Ab 0.262730419636 -0.171241894364 0.618581831455 0.266415923834
Ad 0.479317754507 1.21434700489 1.89148378372 1.03529584408
Ag -0.0623591654003 -0.385447949171 0.218058437109 -0.0230958685279
At 0.38572075963 0.384426653385 1.49942791462 0.67919331789
as 0.0 0.112903222442 0.854838728905 0.603448271751
bs 0.319999992847 0.193548381329 1.0 0.387096762657
ds 0.259999990463 0.814285695553 0.964285731316 0.486956506968
gs 0.115384615958 0.222222223878 1.0 0.333333343267
ts 0.0515463910997 0.395348846912 1.0 0.428571432829
a 0.102752044797 0.0443977154791 0.0810270234942 0.164511576295
b 0.197331815958 0.0334955342114 0.0331234149635 0.0736485570669
d 0.337126523256 0.784342110157 0.620922029018 0.508335590363
g 0.0900605171919 0.0200465060771 0.013170786202 0.0389116257429
t 0.272729098797 0.117718152702 0.2517567873 0.214592650533
h 1.0 1.0 4.0 1.0
c 0.0 0 0 0
Aa -0.00798885151744 -0.0304088648409 1.00707662106 0.615972995758
Ab 0.275417804718 -0.152782604098 0.618581831455 0.266940802336
Ad 0.508013606071 1.21673607826 1.89148378372 1.10592710972
Ag -0.0652449056506 -0.37573081255 0.218058437109 -0.0101440781727
At 0.415952146053 0.393073946238 1.49942791462 0.731391429901
as 0.0 0.112903222442 0.854838728905 0.603448271751
bs 0.360000014305 0.258064508438 1.0 0.387096762657
ds 0.280000001192 0.814285695553 0.964285731316 0.547826111317
gs 0.0799999982119 0.25925925374 1.0 0.40000000596
ts 0.0824742242694 0.40000000596 1.0 0.479591846466
a 0.102752044797 0.0458951629698 0.0810270234942 0.14538602531
b 0.197331815958 0.0345216095448 0.0331234149635 0.0645061731339
d 0.337126523256 0.781025230885 0.620922029018 0.542099356651
g 0.0900605171919 0.0206373352557 0.013170786202 0.0347600542009
t 0.272729098797 0.117920652032 0.2517567873 0.21324840188
h 1.0 1.0 4.0 1.0
c 0.0 0 0 0
Aa -0.00798885151744 -0.0123785343021 1.00707662106 0.613333940506
Ab 0.275417804718 -0.13605441153 0.618581831455 0.260412573814
Ad 0.508013606071 1.21851968765 1.89148378372 1.18489015102
Ag -0.0652449056506 -0.359491825104 0.218058437109 -0.00810827966779
At 0.415952146053 0.397444427013 1.49942791462 0.779697060585
as 0.0 0.145161285996 0.854838728905 0.603448271751
bs 0.360000014305 0.290322571993 1.0 0.387096762657
ds 0.280000001192 0.821428596973 0.964285731316 0.61739128828
gs 0.0799999982119 0.333333343267 1.0 0.40000000596
ts 0.0824742242694 0.411764711142 1.0 0.530612230301
a 0.102752044797 0.04318157956 0.0810270234942 0.14538602531
b 0.197331815958 0.0353082753718 0.0331234149635 0.0645061731339
d 0.337126523256 0.781545817852 0.620922029018 0.542099356651
g 0.0900605171919 0.0215392336249 0.013170786202 0.0347600542009
t 0.272729098797 0.118425101042 0.2517567873 0.21324840188
h 1.0 1.0 4.0 1.0
c 0.0 0 0 0
Aa -0.00798885151744 -0.0373137369752 1.00707662106 0.613333940506
Ab 0.275417804718 -0.124735750258 0.618581831455 0.260412573814
Ad 0.508013606071 1.22034215927 1.89148378372 1.18489015102
Ag -0.0652449056506 -0.339382052422 0.218058437109 -0.00810827966779
At 0.415952146053 0.400831490755 1.49942791462 0.779697060585
as 0.0 0.0967741906643 0.854838728905 0.603448271751
bs 0.360000014305 0.322580635548 1.0 0.387096762657
ds 0.280000001192 0.821428596973 0.964285731316 0.61739128828
gs 0.0799999982119 0.407407402992 1.0 0.40000000596
ts 0.0824742242694 0.411764711142 1.0 0.530612230301
a 0.102752044797 0.0393712371588 0.0810270234942 0.14538602531
b 0.197331815958 0.0353897847235 0.0331234149635 0.0645061731339
d 0.337126523256 0.782628238201 0.620922029018 0.542099356651
g 0.0900605171919 0.0224643051624 0.013170786202 0.0347600542009
t 0.272729098797 0.120146453381 0.2517567873 0.21324840188
h 1.0 1.0 4.0 1.0
c 0.0 0 0 0
Aa -0.00798885151744 -0.0773395672441 1.00707662106 0.613333940506
Ab 0.275417804718 -0.123640716076 0.618581831455 0.260412573814
Ad 0.508013606071 1.22103691101 1.89148378372 1.18489015102
Ag -0.0652449056506 -0.321025639772 0.218058437109 -0.00810827966779
At 0.415952146053 0.407192319632 1.49942791462 0.779697060585
as 0.0 0.0322580635548 0.854838728905 0.603448271751
bs 0.360000014305 0.322580635548 1.0 0.387096762657
ds 0.280000001192 0.821428596973 0.964285731316 0.61739128828
gs 0.0799999982119 0.481481492519 1.0 0.40000000596
ts 0.0824742242694 0.411764711142 1.0 0.530612230301
a 0.102752044797 0.0381989218295 0.0810270234942 0.14538602531
b 0.197331815958 0.034892629832 0.0331234149635 0.0645061731339
d 0.337126523256 0.780427753925 0.620922029018 0.542099356651
g 0.0900605171919 0.023189233616 0.013170786202 0.0347600542009
t 0.272729098797 0.123291447759 0.2517567873 0.21324840188
h 1.0 1.0 4.0 1.0
c 0.0 0 0 0
Aa -0.00798885151744 -0.0908596515656 1.00707662106 0.613333940506
Ab 0.275417804718 -0.13017706573 0.618581831455 0.260412573814
Ad 0.508013606071 1.21942198277 1.89148378372 1.18489015102
Ag -0.0652449056506 -0.307624399662 0.218058437109 -0.00810827966779
At 0.415952146053 0.418022185564 1.49942791462 0.779697060585
as 0.0 0.0161290317774 0.854838728905 0.603448271751
bs 0.360000014305 0.322580635548 1.0 0.387096762657
ds 0.280000001192 0.82014387846 0.964285731316 0.61739128828
gs 0.0799999982119 0.518518507481 1.0 0.40000000596
ts 0.0824742242694 0.435294121504 1.0 0.530612230301
a 0.102752044797 0.0361634194851 0.0810270234942 0.14538602531
b 0.197331815958 0.0344119258225 0.0331234149635 0.0645061731339
d 0.337126523256 0.77733951807 0.620922029018 0.542099356651
g 0.0900605171919 0.0238604471087 0.013170786202 0.0347600542009
t 0.272729098797 0.12822471559 0.2517567873 0.21324840188
h 1.0 1.0 4.0 1.0
c 0.0 0 0 0
Aa -0.00798885151744 -0.118320055306 1.00707662106 0.613333940506
Ab 0.275417804718 -0.139880612493 0.618581831455 0.260412573814
Ad 0.508013606071 1.2140212059 1.89148378372 1.18489015102
Ag -0.0652449056506 -0.298910975456 0.218058437109 -0.00810827966779
At 0.415952146053 0.43138217926 1.49942791462 0.779697060585
as 0.0 0.0 0.854838728905 0.603448271751
bs 0.360000014305 0.290322571993 1.0 0.387096762657
ds 0.280000001192 0.81294965744 0.964285731316 0.61739128828
gs 0.0799999982119 0.555555582047 1.0 0.40000000596
ts 0.0824742242694 0.447058826685 1.0 0.530612230301
a 0.0680010020733 0.0375773832202 0.0810270234942 0.0238005649298
b 0.0409768670797 0.0346152633429 0.0331234149635 0.0245896503329
d 0.691876590252 0.769228696823 0.620922029018 0.70846414566
g 0.0266515389085 0.024911345914 0.013170786202 0.0247388333082
t 0.172493994236 0.133667305112 0.2517567873 0.218406811357
h 1.0 1.0 4.0 1.0
c 0.0146124996245 0 0 0
Aa 0.498033195734 -0.111464396119 1.00707662106 0.134740993381
Ab 0.278056651354 -0.14712330699 0.618581831455 0.148906096816
Ad 1.50554656982 1.19966459274 1.89148378372 1.608471632
Ag 0.0912401676178 -0.289993733168 0.218058437109 0.151532948017
At 0.902291893959 0.439634263515 1.49942791462 1.09741985798
as 0.433734953403 0.0 0.854838728905 0.0
bs 0.40000000596 0.258064508438 1.0 0.0322580635548
ds 0.946308732033 0.805755376816 0.964285731316 0.982608675957
gs 0.75 0.592592597008 1.0 1.0
ts 0.5876288414 0.458823531866 1.0 0.845360815525
a 0.0691808536649 0.0405274890363 0.0810270234942 0.0271940901875
b 0.0389329977334 0.0364952795208 0.0331234149635 0.0277895778418
d 0.70698350668 0.757322847843 0.620922029018 0.706853330135
g 0.0268940720707 0.0270686950535 0.013170786202 0.028169427067
t 0.158008560538 0.138585686684 0.2517567873 0.209993571043
h 1.0 1.0 4.0 1.0
c 0.029224999249 0 0 0
Aa 0.498033195734 -0.102908030152 1.00707662106 0.137122064829
Ab 0.2483651191 -0.148421034217 0.618581831455 0.146529480815
Ad 1.50745654106 1.16862332821 1.89148378372 1.55197679996
Ag 0.087703846395 -0.278190404177 0.218058437109 0.152425542474
At 0.856727898121 0.431060671806 1.49942791462 1.02485346794
as 0.433734953403 0.0 0.854838728905 0.0
bs 0.280000001192 0.258064508438 1.0 0.0
ds 0.946308732033 0.784172654152 0.964285731316 0.939130425453
gs 0.75 0.629629611969 1.0 1.0
ts 0.536082446575 0.447058826685 1.0 0.77319586277
a 0.070973277092 0.0448455587029 0.0810270234942 0.0315778031945
b 0.0379129834473 0.04110628739 0.0331234149635 0.0311613455415
d 0.717493057251 0.738687336445 0.620922029018 0.701623439789
g 0.0272121839225 0.0311728883535 0.013170786202 0.0317680425942
t 0.14640852809 0.144187927246 0.2517567873 0.203869372606
h 1.0 1.0 4.0 1.0
c 0.0434895828366 0 0 0
Aa 0.498033195734 -0.106668643653 1.00707662106 0.147159650922
Ab 0.225726306438 -0.144479826093 0.618581831455 0.141393914819
Ad 1.50275599957 1.11007261276 1.89148378372 1.49388182163
Ag 0.0817017331719 -0.264611035585 0.218058437109 0.149768203497
At 0.812504708767 0.400540828705 1.49942791462 0.957129716873
as 0.433734953403 0.0 0.854838728905 0.0
bs 0.166666671634 0.266666680574 1.0 0.0
ds 0.946308732033 0.741007208824 0.964285731316 0.886956512928
gs 0.708333313465 0.666666686535 1.0 1.0
ts 0.494845360518 0.416666656733 1.0 0.701030910015
a 0.0742389410734 0.0536958053708 0.0810270234942 0.0359489433467
b 0.0382482893765 0.0495674721897 0.0331234149635 0.0346674621105
d 0.721076905727 0.7066193223 0.620922029018 0.694708347321
g 0.0276547148824 0.0380827821791 0.013170786202 0.0346994735301
t 0.138781145215 0.15203461051 0.2517567873 0.199975788593
h 1.0 1.0 4.0 1.0
c 0.0567639432847 0 0 0
Aa 0.498709857464 -0.103566981852 1.00707662106 0.151718065143
Ab 0.210690096021 -0.138310581446 0.618581831455 0.135953992605
Ad 1.48605966568 1.01567816734 1.89148378372 1.43783450127
Ag 0.0698472633958 -0.252778708935 0.218058437109 0.136354804039
At 0.770408511162 0.348435133696 1.49942791462 0.897009372711
as 0.433734953403 0.0 0.854838728905 0.0
bs 0.0869565233588 0.300000011921 1.0 0.0
ds 0.932885885239 0.669064760208 0.964285731316 0.834782600403
gs 0.666666686535 0.740740716457 1.0 0.923076927662
ts 0.453608244658 0.357142865658 1.0 0.639175236225
a 0.079121530056 0.0652703717351 0.0810270234942 0.0401408039033
b 0.0397414341569 0.0633528456092 0.0331234149635 0.0379914976656
d 0.718892216682 0.65780210495 0.620922029018 0.687354505062
g 0.0282784104347 0.0487559214234 0.013170786202 0.0367063097656
t 0.133966416121 0.164818763733 0.2517567873 0.197806864977
h 1.0 1.0 4.0 1.0
c 0.0687001571059 0 0 0
Aa 0.498709857464 -0.119397230446 1.00707662106 0.151718065143
Ab 0.199658721685 -0.132347226143 0.618581831455 0.127818375826
Ad 1.45707893372 0.88398194313 1.89148378372 1.38531279564
Ag 0.0518701672554 -0.246085971594 0.218058437109 0.112872697413
At 0.727411150932 0.282893300056 1.49942791462 0.844373345375
as 0.433734953403 0.0 0.854838728905 0.0
bs 0.0434782616794 0.333333343267 1.0 0.0
ds 0.912751674652 0.575539588928 0.964285731316 0.791304349899
gs 0.583333313465 0.740740716457 1.0 0.846153855324
ts 0.402061849833 0.27380952239 1.0 0.5876288414
a 0.0852457508445 0.0803779810667 0.0810270234942 0.0442773960531
b 0.0418012067676 0.0825265273452 0.0331234149635 0.041268736124
d 0.712524592876 0.591858804226 0.620922029018 0.680417776108
g 0.0291048511863 0.0627674385905 0.013170786202 0.0379946380854
t 0.131323590875 0.182469218969 0.2517567873 0.196041449904
h 1.0 1.0 4.0 1.0
c 0.07897708565 0 0 0
Aa 0.498709857464 -0.138930156827 1.00707662106 0.151718065143
Ab 0.189225926995 -0.127473697066 0.618581831455 0.121157132089
Ad 1.42083692551 0.728150904179 1.89148378372 1.33831167221
Ag 0.0320024676621 -0.24633282423 0.218058437109 0.0852583050728
At 0.686379849911 0.217122375965 1.49942791462 0.797883868217
as 0.43902438879 0.0 0.854838728905 0.0
bs 0.0 0.333333343267 1.0 0.0
ds 0.892617464066 0.46376812458 0.964285731316 0.747826099396
gs 0.5 0.740740716457 1.0 0.730769217014
ts 0.364583343267 0.190476194024 1.0 0.54639172554
a 0.0918236598372 0.0971074327826 0.0810270234942 0.0482220128179
b 0.0437786318362 0.103011541069 0.0331234149635 0.0444104373455
d 0.703914582729 0.522747635841 0.620922029018 0.674143970013
g 0.0301758609712 0.0769641250372 0.013170786202 0.0391212254763
t 0.130307286978 0.20016926527 0.2517567873 0.194102361798
h 1.0 1.0 4.0 1.0
c 0.07897708565 0 0 0
Aa 0.498709857464 -0.150351777673 1.00707662106 0.151718065143
Ab 0.177017435431 -0.124718375504 0.618581831455 0.115957759321
Ad 1.38327515125 0.580687820911 1.89148378372 1.2972253561
Ag 0.0154149159789 -0.251315921545 0.218058437109 0.0608851499856
At 0.650723934174 0.163793116808 1.49942791462 0.756503522396
as 0.43902438879 0.0 0.854838728905 0.0
bs 0.0 0.333333343267 1.0 0.0
ds 0.871621608734 0.355072468519 0.964285731316 0.713043451309
gs 0.416666656733 0.740740716457 1.0 0.653846144676
ts 0.333333343267 0.130952388048 1.0 0.494845360518
a 0.0980619341135 0.11619925499 0.0810270234942 0.0523941814899
b 0.0453827045858 0.117769241333 0.0331234149635 0.0474063903093
d 0.694091200829 0.468762695789 0.620922029018 0.667854428291
g 0.0314096733928 0.0868737176061 0.013170786202 0.0404874384403
t 0.131054490805 0.210395082831 0.2517567873 0.191857531667
h 1.0 1.0 4.0 1.0
c 0.07897708565 0 0 0
Aa 0.498709857464 -0.131476745009 1.00707662106 0.155722141266
Ab 0.164099752903 -0.125648215413 0.618581831455 0.112275987864
Ad 1.34862589836 0.474272966385 1.89148378372 1.26112091541
Ag 0.00427280878648 -0.257791668177 0.218058437109 0.0437593981624
At 0.624661266804 0.126355499029 1.49942791462 0.719417929649
as 0.43902438879 0.0 0.854838728905 0.0
bs 0.0 0.310344815254 1.0 0.0
ds 0.851351380348 0.275362312794 0.964285731316 0.686956524849
gs 0.375 0.703703701496 1.0 0.576923072338
ts 0.302083343267 0.0833333358169 1.0 0.463917523623
a 0.103569373488 0.13542753458 0.0810270234942 0.0586905367672
b 0.04684112221 0.124600186944 0.0331234149635 0.0501055344939
d 0.683121800423 0.432838916779 0.620922029018 0.659836471081
g 0.0327615998685 0.0923003107309 0.013170786202 0.0421267524362
t 0.133706122637 0.214833050966 0.2517567873 0.189240679145
h 1.0 1.0 4.0 1.0
c 0.07897708565 0 0 0
Aa 0.498709857464 -0.0961550399661 1.00707662106 0.177541911602
Ab 0.154105782509 -0.13234333694 0.618581831455 0.10885951668
Ad 1.31797659397 0.408464252949 1.89148378372 1.22841012478
Ag -0.00115641462617 -0.262658894062 0.218058437109 0.033531807363
At 0.609629809856 0.104239061475 1.49942791462 0.685988306999
as 0.432098776102 0.0 0.854838728905 0.0434782616794
bs 0.0 0.310344815254 1.0 0.0
ds 0.824324309826 0.23188406229 0.964285731316 0.666666686535
gs 0.375 0.703703701496 1.0 0.538461565971
ts 0.291666656733 0.0595238097012 1.0 0.422680407763
a 0.107939854264 0.149016782641 0.0810270234942 0.066750459373
b 0.0488152801991 0.126836165786 0.0331234149635 0.0526030473411
d 0.671199262142 0.409288138151 0.620922029018 0.650343060493
g 0.0340880565345 0.096028894186 0.013170786202 0.0439629331231
t 0.137957543135 0.218830019236 0.2517567873 0.186340481043
h 1.0 1.0 4.0 1.0
c 0.07897708565 0 0 0
Aa 0.498709857464 -0.0749657079577 1.00707662106 0.209138542414
Ab 0.154083788395 -0.144957795739 0.618581831455 0.105695195496
Ad 1.29237949848 0.363828241825 1.89148378372 1.19782686234
Ag -0.00186974892858 -0.265798956156 0.218058437109 0.0277709458023
At 0.605273485184 0.0919059887528 1.49942791462 0.65499150753
as 0.432098776102 0.0322580635548 0.854838728905 0.0869565233588
bs 0.0 0.24137930572 1.0 0.0
ds 0.81632655859 0.195652171969 0.964285731316 0.637168169022
gs 0.375 0.666666686535 1.0 0.538461565971
ts 0.284210532904 0.048192769289 1.0 0.391752570868
a 0.113902375102 0.158157274127 0.0810270234942 0.0750222280622
b 0.0514718033373 0.126293197274 0.0331234149635 0.0551857352257
d 0.657859325409 0.394892752171 0.620922029018 0.64046561718
g 0.03514932096 0.0982721671462 0.013170786202 0.0458504706621
t 0.141617193818 0.222384601831 0.2517567873 0.18347594142
h 1.0 1.0 4.0 1.0
c 0.07897708565 0 0 0
Aa 0.512800872326 -0.0614994056523 1.00707662106 0.237265348434
Ab 0.16783747077 -0.159208625555 0.618581831455 0.103902235627
Ad 1.27440106869 0.335890561342 1.89148378372 1.16857123375
Ag 0.00218504900113 -0.268158078194 0.218058437109 0.023419206962
At 0.607384085655 0.0865161195397 1.49942791462 0.625654518604
as 0.444444447756 0.0645161271095 0.854838728905 0.130434781313
bs 0.0 0.206896558404 1.0 0.0
ds 0.802721083164 0.173913046718 0.964285731316 0.619469046593
gs 0.375 0.666666686535 1.0 0.5
ts 0.284210532904 0.0361445769668 1.0 0.360824733973
a 0.121830478311 0.16220317781 0.0810270234942 0.084847830236
b 0.0545849353075 0.122543126345 0.0331234149635 0.0579544603825
d 0.644011080265 0.397003889084 0.620922029018 0.629164993763
g 0.0359623283148 0.097880795598 0.013170786202 0.0476477742195
t 0.143611177802 0.220369011164 0.2517567873 0.180384933949
h 1.0 1.0 4.0 1.0
c 0.07897708565 0 0 0
Aa 0.540831029415 -0.0505256950855 1.00707662106 0.270291596651
Ab 0.192147895694 -0.172296121716 0.618581831455 0.104737728834
Ad 1.26396846771 0.338209688663 1.89148378372 1.14041543007
Ag 0.0109228594229 -0.269887596369 0.218058437109 0.0196934882551
At 0.612263321877 0.0825654640794 1.49942791462 0.597851097584
as 0.481481492519 0.0806451588869 0.854838728905 0.173913046718
bs 0.0799999982119 0.178571432829 1.0 0.0
ds 0.795918345451 0.181159421802 0.964285731316 0.592920362949
gs 0.416666656733 0.666666686535 1.0 0.5
ts 0.287234038115 0.0365853644907 1.0 0.340206176043
a 0.12922051549 0.157181084156 0.0810270234942 0.0999626219273
b 0.0594028942287 0.116658478975 0.0331234149635 0.0731958672404
d 0.634215354919 0.422491729259 0.620922029018 0.606381773949
g 0.0383661910892 0.0952940285206 0.013170786202 0.0578416921198
t 0.138795047998 0.208374679089 0.2517567873 0.162618041039
h 1.0 1.0 4.0 1.0
c 0.07897708565 0 0 0
Aa 0.545383393764 -0.0505256950855 1.00707662106 0.240806281567
Ab 0.207859545946 -0.180009678006 0.618581831455 0.105455212295
Ad 1.23628866673 0.378892213106 1.89148378372 1.02371478081
Ag 0.0180006176233 -0.267860293388 0.218058437109 0.0032096481882
At 0.576425909996 0.0719189420342 1.49942791462 0.452137351036
as 0.481481492519 0.0806451588869 0.854838728905 0.130434781313
bs 0.159999996424 0.142857149243 1.0 0.0
ds 0.775510191917 0.205882355571 0.964285731316 0.486725658178
gs 0.458333343267 0.666666686535 1.0 0.423076927662
ts 0.244680851698 0.0243902429938 1.0 0.185567006469
a 0.132467642426 0.150669261813 0.0810270234942 0.124981626868
b 0.0655326843262 0.110165849328 0.0331234149635 0.0988791808486
d 0.626341938972 0.457920193672 0.620922029018 0.563363611698
g 0.0425166785717 0.0926575884223 0.013170786202 0.0746524035931
t 0.133141040802 0.188587114215 0.2517567873 0.13812315464
h 1.0 1.0 4.0 1.0
c 0.07897708565 0 0 0
Aa 0.528008341789 -0.0464703850448 1.00707662106 0.215106785297
Ab 0.222356498241 -0.182448044419 0.618581831455 0.113365471363
Ad 1.20271003246 0.43629476428 1.89148378372 0.869049429893
Ag 0.0344578549266 -0.257614046335 0.218058437109 -0.00869557913393
At 0.530210494995 0.051016997546 1.49942791462 0.258527100086
as 0.481012672186 0.0819672122598 0.854838728905 0.0869565233588
bs 0.20000000298 0.142857149243 1.0 0.0
ds 0.760273993015 0.242647051811 0.964285731316 0.353982299566
gs 0.5 0.703703701496 1.0 0.384615391493
ts 0.202127665281 0.0 1.0 0.0
a 0.139999225736 0.138371616602 0.0810270234942 0.161152943969
b 0.0721176043153 0.10611692071 0.0331234149635 0.135444357991
d 0.610551178455 0.494701623917 0.620922029018 0.491811752319
g 0.048550657928 0.0934365317225 0.013170786202 0.097964271903
t 0.128781348467 0.167373329401 0.2517567873 0.113626666367
h 1.0 1.0 4.0 1.0
c 0.07897708565 0 0 0
Aa 0.519452154636 -0.0655288472772 1.00707662106 0.200529664755
Ab 0.231367766857 -0.180791199207 0.618581831455 0.125052332878
Ad 1.15904855728 0.487767487764 1.89148378372 0.685090363026
Ag 0.0595216341317 -0.236059144139 0.218058437109 -0.015640841797
At 0.483179450035 0.0171103943139 1.49942791462 0.0487716943026
as 0.468354433775 0.049180328846 0.854838728905 0.0724637657404
bs 0.239999994636 0.148148149252 1.0 0.03125
ds 0.732876718044 0.286764711142 0.964285731316 0.178571432829
gs 0.652173936367 0.777777791023 1.0 0.346153855324
ts 0.148936167359 0.0 1.0 0.0
a 0.150749877095 0.12700933218 0.0810270234942 0.20155864954
b 0.0793349966407 0.104703985155 0.0331234149635 0.175541102886
d 0.585410952568 0.523200511932 0.620922029018 0.401954472065
g 0.0566288717091 0.0977569967508 0.013170786202 0.122371464968
t 0.127875298262 0.14732915163 0.2517567873 0.0985743105412
h 1.0 1.0 4.0 1.0
c 0.07897708565 0 0 0
Aa 0.51255351305 -0.0918673574924 1.00707662106 0.195995047688
Ab 0.233761370182 -0.175739765167 0.618581831455 0.135972440243
Ad 1.10175740719 0.522965192795 1.89148378372 0.495770514011
Ag 0.0873344764113 -0.205555096269 0.218058437109 -0.0207262281328
At 0.441083222628 -0.0274142548442 1.49942791462 -0.114642627537
as 0.461538463831 0.0163934417069 0.854838728905 0.0579710155725
bs 0.239999994636 0.148148149252 1.0 0.0625
ds 0.691780805588 0.308823525906 0.964285731316 0.00892857182771
gs 0.782608687878 0.888888895512 1.0 0.346153855324
ts 0.0978260859847 0.0 1.0 0.0
a 0.165320962667 0.12042324245 0.0810270234942 0.226747766137
b 0.0873436480761 0.104884251952 0.0331234149635 0.208559647202
d 0.549737155437 0.540031671524 0.620922029018 0.325382620096
g 0.0662774518132 0.104255825281 0.013170786202 0.141516014934
t 0.131320789456 0.130404978991 0.2517567873 0.09779394418
h 1.0 1.0 4.0 1.0
c 0.07897708565 0 0 0
Aa 0.508012294769 -0.109146058559 1.00707662106 0.178859233856
Ab 0.230915740132 -0.169146090746 0.618581831455 0.142546489835
Ad 1.02983951569 0.542562842369 1.89148378372 0.335710555315
Ag 0.111050225794 -0.17175604403 0.218058437109 -0.0258782021701
At 0.408017903566 -0.0745622292161 1.49942791462 -0.186371833086
as 0.461538463831 0.0 0.854838728905 0.0434782616794
bs 0.25 0.185185179114 1.0 0.09375
ds 0.648275852203 0.323529422283 0.964285731316 0.0
gs 0.869565188885 1.0 1.0 0.307692319155
ts 0.0652173906565 0.0 1.0 0.0
a 0.180016472936 0.113839738071 0.0810270234942 0.24439316988
b 0.0960748121142 0.105861112475 0.0331234149635 0.225717931986
d 0.508735954762 0.549207389355 0.620922029018 0.274947792292
g 0.0765768289566 0.111667588353 0.013170786202 0.151710644364
t 0.138595923781 0.119424164295 0.2517567873 0.103230454028
h 1.0 1.0 4.0 1.0
c 0.0891702249646 0 0 0
Aa 0.498051822186 -0.132050558925 1.00707662106 0.178859233856
Ab 0.225349158049 -0.16360796988 0.618581831455 0.144336223602
Ad 0.949232041836 0.55139195919 1.89148378372 0.230020403862
Ag 0.126837000251 -0.140417292714 0.218058437109 -0.0282137654722
At 0.384490042925 -0.111252225935 1.49942791462 -0.195421978831
as 0.448717951775 0.0 0.854838728905 0.0434782616794
bs 0.208333328366 0.185185179114 1.0 0.09375
ds 0.593103468418 0.33088234067 0.964285731316 0.0
gs 0.913043498993 1.0 1.0 0.307692319155
ts 0.0329670347273 0.0 1.0 0.0
a 0.196554347873 0.108512669802 0.0810270234942 0.250413835049
b 0.103587269783 0.106536105275 0.0331234149635 0.230419263244
d 0.467908591032 0.551204144955 0.620922029018 0.252298563719
g 0.0851447880268 0.118786215782 0.013170786202 0.157969504595
t 0.146804988384 0.114960841835 0.2517567873 0.108898811042
h 1.0 1.0 4.0 1.0
c 0.100047565997 0 0 0
Aa 0.498051822186 -0.153913602233 1.00707662106 0.178859233856
Ab 0.219875574112 -0.16189725697 0.618581831455 0.14271967113
Ad 0.874730229378 0.551918447018 1.89148378372 0.18211568892
Ag 0.134727269411 -0.114628009498 0.218058437109 -0.0212258528918
At 0.371309995651 -0.12884414196 1.49942791462 -0.182775959373
as 0.448717951775 0.0 0.854838728905 0.0434782616794
bs 0.208333328366 0.222222223878 1.0 0.0967741906643
ds 0.537931025028 0.33088234067 0.964285731316 0.0
gs 0.956521749496 1.0 1.0 0.346153855324
ts 0.0219780225307 0.0 1.0 0.0
a 0.207795709372 0.105619423091 0.0810270234942 0.248056143522
b 0.108910903335 0.106208235025 0.0331234149635 0.228837653995
d 0.438474208117 0.5472240448 0.620922029018 0.24802364409
g 0.0905677601695 0.125131711364 0.013170786202 0.163177967072
t 0.154251411557 0.11581659317 0.2517567873 0.111904576421
h 1.0 1.0 4.0 1.0
c 0.111609108746 0 0 0
Aa 0.498051822186 -0.168510660529 1.00707662106 0.178859233856
Ab 0.217486619949 -0.166096255183 0.618581831455 0.14383675158
Ad 0.822359323502 0.545910716057 1.89148378372 0.178802341223
Ag 0.137388885021 -0.0948870778084 0.218058437109 -0.00302922609262
At 0.36864438653 -0.12848366797 1.49942791462 -0.166842892766
as 0.448717951775 0.0 0.854838728905 0.0434782616794
bs 0.208333328366 0.185185179114 1.0 0.0967741906643
ds 0.506944417953 0.323529422283 0.964285731316 0.0
gs 1.0 1.0 1.0 0.384615391493
ts 0.0219780225307 0.0 1.0 0.0
a 0.213076785207 0.104650579393 0.0810270234942 0.240122035146
b 0.112184897065 0.104300461709 0.0331234149635 0.224109634757
d 0.422607898712 0.54010373354 0.620922029018 0.2523881495
g 0.0929285734892 0.130140349269 0.013170786202 0.167618304491
t 0.159201830626 0.120804876089 0.2517567873 0.115761861205
h 1.0 1.0 4.0 1.0
c 0.124134108424 0 0 0
Aa 0.498051822186 -0.174069702625 1.00707662106 0.178859233856
Ab 0.219450101256 -0.175525084138 0.618581831455 0.148887753487
Ad 0.795453310013 0.538665831089 1.89148378372 0.200496211648
Ag 0.137664988637 -0.0793993845582 0.218058437109 0.0227486677468
At 0.371463745832 -0.111726857722 1.49942791462 -0.138007283211
as 0.448717951775 0.0 0.854838728905 0.0434782616794
bs 0.208333328366 0.148148149252 1.0 0.129032254219
ds 0.486111104488 0.323529422283 0.964285731316 0.0
gs 1.0 1.0 1.0 0.5
ts 0.0219780225307 0.0 1.0 0.0
a 0.21482783556 0.105986543 0.0810270234942 0.227634221315
b 0.114503212273 0.100517004728 0.0331234149635 0.21659001708
d 0.415558189154 0.534499228001 0.620922029018 0.264016509056
g 0.0937386155128 0.132540360093 0.013170786202 0.168717905879
t 0.161372125149 0.126456841826 0.2517567873 0.123041346669
h 1.0 1.0 4.0 1.0
c 0.137622565031 0 0 0
Aa 0.498051822186 -0.163995459676 1.00707662106 0.178859233856
Ab 0.224778935313 -0.187006637454 0.618581831455 0.157260119915
Ad 0.784593105316 0.538700938225 1.89148378372 0.243252769113
Ag 0.137879818678 -0.066898047924 0.218058437109 0.0487828440964
At 0.373789817095 -0.0873038768768 1.49942791462 -0.0883272439241
as 0.448717951775 0.0 0.854838728905 0.0434782616794
bs 0.208333328366 0.111111111939 1.0 0.161290317774
ds 0.479166656733 0.323529422283 0.964285731316 0.0
gs 1.0 1.0 1.0 0.615384638309
ts 0.0219780225307 0.0 1.0 0.0
a 0.215673744678 0.104963831604 0.0810270234942 0.211690887809
b 0.116524383426 0.0964002236724 0.0331234149635 0.202269762754
d 0.411554813385 0.533456087112 0.620922029018 0.285269677639
g 0.0947088226676 0.132563844323 0.013170786202 0.162047594786
t 0.161538243294 0.132615998387 0.2517567873 0.138722091913
h 1.0 1.0 4.0 1.0
c 0.151753336191 0 0 0
Aa 0.498051822186 -0.158162966371 1.00707662106 0.186452224851
Ab 0.230671346188 -0.195124611259 0.618581831455 0.166681006551
Ad 0.778682231903 0.547896027565 1.89148378372 0.316005647182
Ag 0.140644967556 -0.0567775256932 0.218058437109 0.0703926309943
At 0.372529894114 -0.0566067062318 1.49942791462 0.00289570190944
as 0.448717951775 0.0 0.854838728905 0.0434782616794
bs 0.25 0.074074074626 1.0 0.161290317774
ds 0.475524485111 0.33088234067 0.964285731316 0.0
gs 1.0 1.0 1.0 0.692307710648
ts 0.0219780225307 0.0 1.0 0.0
a 0.21623699367 0.10212624073 0.0810270234942 0.200248241425
b 0.118100658059 0.0940549224615 0.0331234149635 0.179178357124
d 0.409400165081 0.534344792366 0.620922029018 0.315287590027
g 0.0963945388794 0.131171509624 0.013170786202 0.145467489958
t 0.159867629409 0.138302505016 0.2517567873 0.159818336368
h 1.0 1.0 4.0 1.0
c 0.166205257177 0 0 0
Aa 0.498051822186 -0.158305689692 1.00707662106 0.224937513471
Ab 0.235374137759 -0.194061487913 0.618581831455 0.176654338837
Ad 0.77526986599 0.560378551483 1.89148378372 0.422075659037
Ag 0.14717425406 -0.0496034882963 0.218058437109 0.0861347392201
At 0.366882354021 -0.0266129542142 1.49942791462 0.126995399594
as 0.44155845046 0.0 0.854838728905 0.088235296309
bs 0.25 0.0769230797887 1.0 0.193548381329
ds 0.46853145957 0.338235288858 0.964285731316 0.0327868834138
gs 1.0 1.0 1.0 0.730769217014
ts 0.0111111113802 0.0 1.0 0.0
a 0.217284142971 0.0967984572053 0.0810270234942 0.19168305397
b 0.119316861033 0.0954588204622 0.0331234149635 0.154288202524
d 0.408683985472 0.532654643059 0.620922029018 0.347201734781
g 0.0989537462592 0.130667492747 0.013170786202 0.125288784504
t 0.155761271715 0.144420608878 0.2517567873 0.18153822422
h 1.0 1.0 4.0 1.0
c 0.180978342891 0 0 0
Aa 0.498051822186 -0.176149651408 1.00707662106 0.281461924314
Ab 0.237725615501 -0.182202026248 0.618581831455 0.187210917473
Ad 0.77241140604 0.564427614212 1.89148378372 0.539460062981
Ag 0.156456053257 -0.0458505414426 0.218058437109 0.0967904105783
At 0.35348328948 -0.00238891877234 1.49942791462 0.257846266031
as 0.439999997616 0.0 0.854838728905 0.176470592618
bs 0.291666656733 0.153846159577 1.0 0.258064508438
ds 0.46853145957 0.338235288858 0.964285731316 0.131147533655
gs 1.0 1.0 1.0 0.769230782986
ts 0.0 0.0333333350718 1.0 0.0495049506426
a 0.220552965999 0.0972814410925 0.0810270234942 0.170077487826
b 0.120855242014 0.100811041892 0.0331234149635 0.136116668582
d 0.406217426062 0.519011199474 0.620922029018 0.380353033543
g 0.102279216051 0.132268235087 0.013170786202 0.109744012356
t 0.150095134974 0.150628075004 0.2517567873 0.203708827496
h 1.0 1.0 4.0 1.0
c 0.196072563529 0 0 0
Aa 0.498666286469 -0.178419277072 1.00707662106 0.295100212097
Ab 0.237418904901 -0.162941172719 0.618581831455 0.198364704847
Ad 0.763911962509 0.548727452755 1.89148378372 0.644640266895
Ag 0.164940804243 -0.0449937172234 0.218058437109 0.104834213853
At 0.331520020962 0.0114566357806 1.49942791462 0.373463213444
as 0.439999997616 0.0 0.854838728905 0.179104477167
bs 0.260869562626 0.230769231915 1.0 0.290322571993
ds 0.461538463831 0.333333343267 0.964285731316 0.213114753366
gs 1.0 1.0 1.0 0.807692289352
ts 0.0 0.0449438206851 1.0 0.158415839076
a 0.222385764122 0.101643890142 0.0810270234942 0.147554337978
b 0.123596161604 0.110514990985 0.0331234149635 0.123975344002
d 0.40388917923 0.491708010435 0.620922029018 0.406339138746
g 0.106317855418 0.137786701322 0.013170786202 0.0990287065506
t 0.143811032176 0.158346384764 0.2517567873 0.223102480173
h 1.0 1.0 4.0 1.0
c 0.211770564318 0 0 0
Aa 0.488910466433 -0.178419277072 1.00707662106 0.28440412879
Ab 0.233808428049 -0.142079368234 0.618581831455 0.208787471056
Ad 0.748065650463 0.50620675087 1.89148378372 0.724340796471
Ag 0.168409690261 -0.0462932400405 0.218058437109 0.111213251948
At 0.299595683813 0.014107610099 1.49942791462 0.463956534863
as 0.426666676998 0.0 0.854838728905 0.151515156031
bs 0.217391297221 0.307692319155 1.0 0.322580635548
ds 0.454545468092 0.296296298504 0.964285731316 0.278688520193
gs 1.0 1.0 1.0 0.879999995232
ts 0.0 0.0449438206851 1.0 0.247524753213
a 0.215834468603 0.109524965286 0.0810270234942 0.129472374916
b 0.127547770739 0.124068498611 0.0331234149635 0.116311065853
d 0.407285809517 0.450701087713 0.620922029018 0.423094540834
g 0.110289648175 0.147386372089 0.013170786202 0.0923023968935
t 0.139042302966 0.168319091201 0.2517567873 0.238819614053
h 1.0 1.0 4.0 1.0
c 0.227468565106 0 0 0
Aa 0.455079823732 -0.178419277072 1.00707662106 0.262709349394
Ab 0.226631879807 -0.124270878732 0.618581831455 0.216153264046
Ad 0.730858325958 0.435956180096 1.89148378372 0.776969611645
Ag 0.163493767381 -0.0494750961661 0.218058437109 0.115745209157
At 0.264105945826 0.00820096582174 1.49942791462 0.52860224247
as 0.373333334923 0.0 0.854838728905 0.121212124825
bs 0.173913046718 0.346153855324 1.0 0.322580635548
ds 0.440559446812 0.244444444776 0.964285731316 0.319672137499
gs 1.0 1.0 1.0 0.879999995232
ts 0.0 0.0449438206851 1.0 0.316831678152
a 0.199510037899 0.119569584727 0.0810270234942 0.110566012561
b 0.131504580379 0.139688849449 0.0331234149635 0.112539201975
d 0.41951084137 0.40255472064 0.620922029018 0.435108542442
g 0.11184964329 0.158527433872 0.013170786202 0.0892524346709
t 0.137624904513 0.17965939641 0.2517567873 0.252533793449
h 1.0 1.0 4.0 1.0
c 0.243166565895 0 0 0
Aa 0.399166256189 -0.178419277072 1.00707662106 0.212432146072
Ab 0.218142345548 -0.110878258944 0.618581831455 0.220114320517
Ad 0.721944689751 0.348784923553 1.89148378372 0.807408094406
Ag 0.147836074233 -0.055935587734 0.218058437109 0.119430549443
At 0.237898513675 -0.00159005273599 1.49942791462 0.571129977703
as 0.30666667223 0.0 0.854838728905 0.0454545468092
bs 0.173913046718 0.423076927662 1.0 0.354838699102
ds 0.429577469826 0.185185179114 0.964285731316 0.344262301922
gs 0.959999978542 1.0 1.0 0.920000016689
ts 0.0 0.0337078645825 1.0 0.356435656548
a 0.183128461242 0.12916597724 0.0810270234942 0.0960412397981
b 0.133768513799 0.154803201556 0.0331234149635 0.111266858876
d 0.435601741076 0.359532386065 0.620922029018 0.442040681839
g 0.108131557703 0.166927322745 0.013170786202 0.0881820097566
t 0.139369741082 0.189571127295 0.2517567873 0.262469232082
h 1.0 1.0 4.0 1.0
c 0.257862567902 0 0 0
Aa 0.349795281887 -0.179620504379 1.00707662106 0.159866854548
Ab 0.213393300772 -0.100988715887 0.618581831455 0.223774924874
Ad 0.726128995419 0.264969348907 1.89148378372 0.8228713274
Ag 0.120991870761 -0.0682412534952 0.218058437109 0.12278906256
At 0.231207877398 -0.012996471487 1.49942791462 0.596487462521
as 0.239999994636 0.0 0.854838728905 0.0
bs 0.130434781313 0.461538463831 1.0 0.354838699102
ds 0.429577469826 0.118518516421 0.964285731316 0.358333319426
gs 0.839999973774 1.0 1.0 0.920000016689
ts 0.0 0.0224719103426 1.0 0.376237630844
a 0.172505304217 0.135706335306 0.0810270234942 0.089067645371
b 0.13560859859 0.166857481003 0.0331234149635 0.111967690289
d 0.448651701212 0.332912564278 0.620922029018 0.443819463253
g 0.100288830698 0.168480008841 0.013170786202 0.0878003686666
t 0.142945557833 0.196043625474 0.2517567873 0.26734483242
h 1.0 1.0 4.0 1.0
c 0.271222561598 0 0 0
Aa 0.321799069643 -0.182131737471 1.00707662106 0.131907656789
Ab 0.217283859849 -0.0923861563206 0.618581831455 0.231280431151
Ad 0.736905932426 0.207598358393 1.89148378372 0.829394042492
Ag 0.0862492024899 -0.0881834700704 0.218058437109 0.125684052706
At 0.240167275071 -0.0223791263998 1.49942791462 0.609259486198
as 0.20000000298 0.0 0.854838728905 0.0
bs 0.173913046718 0.5 1.0 0.366666674614
ds 0.436619728804 0.0814814791083 0.964285731316 0.369747906923
gs 0.680000007153 1.0 1.0 0.920000016689
ts 0.0 0.0112359551713 1.0 0.396039605141
a 0.165642887354 0.137281641364 0.0810270234942 0.0882004275918
b 0.139557719231 0.175808981061 0.0331234149635 0.114700272679
d 0.456180483103 0.324223786592 0.620922029018 0.441846013069
g 0.0922350883484 0.16344755888 0.013170786202 0.0873731598258
t 0.146383821964 0.199238061905 0.2517567873 0.267880111933
h 1.0 1.0 4.0 1.0
c 0.283580571413 0 0 0
Aa 0.305293560028 -0.19074331224 1.00707662106 0.13079610467
Ab 0.230874672532 -0.0833147317171 0.618581831455 0.244889855385
Ad 0.745257496834 0.182489097118 1.89148378372 0.830596387386
Ag 0.0510169789195 -0.114977344871 0.218058437109 0.126703456044
At 0.251613885164 -0.0289834644645 1.49942791462 0.613265872002
as 0.173333331943 0.0 0.854838728905 0.0
bs 0.217391297221 0.5 1.0 0.40000000596
ds 0.443661957979 0.0597014911473 0.964285731316 0.369747906923
gs 0.560000002384 0.914285719395 1.0 0.920000016689
ts 0.0 0.0 1.0 0.396039605141
a 0.158864766359 0.135242015123 0.0810270234942 0.0908074006438
b 0.146318390965 0.184224158525 0.0331234149635 0.118750147521
d 0.459357380867 0.323650449514 0.620922029018 0.437776118517
g 0.0870929956436 0.155574396253 0.013170786202 0.086431927979
t 0.148366451263 0.201308995485 0.2517567873 0.266234397888
h 1.0 1.0 4.0 1.0
c 0.295089662075 0 0 0
Aa 0.285870373249 -0.205779626966 1.00707662106 0.145203411579
Ab 0.250141710043 -0.0715446546674 0.618581831455 0.261716336012
Ad 0.746993482113 0.173184946179 1.89148378372 0.828334271908
Ag 0.0248260200024 -0.144953131676 0.218058437109 0.123756363988
At 0.256178498268 -0.0330280512571 1.49942791462 0.612346351147
as 0.135135129094 0.0 0.854838728905 0.0
bs 0.304347813129 0.576923072338 1.0 0.466666668653
ds 0.443661957979 0.0522388070822 0.964285731316 0.369747906923
gs 0.458333343267 0.828571438789 1.0 0.920000016689
ts 0.0 0.0 1.0 0.389999985695
a 0.158478930593 0.133424386382 0.0810270234942 0.0938747152686
b 0.152904257178 0.193818077445 0.0331234149635 0.122837290168
d 0.457204818726 0.321967244148 0.620922029018 0.433682173491
g 0.084745503962 0.14797706902 0.013170786202 0.0847647637129
t 0.146666496992 0.202813223004 0.2517567873 0.264841079712
h 1.0 1.0 4.0 1.0
c 0.305916815996 0 0 0
Aa 0.28439861536 -0.218661889434 1.00707662106 0.159522414207
Ab 0.268846690655 -0.0565028227866 0.618581831455 0.276304036379
Ad 0.744537889957 0.163914561272 1.89148378372 0.824145376682
Ag 0.0125437593088 -0.173702687025 0.218058437109 0.115189142525
At 0.250757992268 -0.0368008501828 1.49942791462 0.609959125519
as 0.135135129094 0.0 0.854838728905 0.0144927538931
bs 0.391304343939 0.615384638309 1.0 0.517241358757
ds 0.443661957979 0.0451127812266 0.964285731316 0.367521375418
gs 0.416666656733 0.742857158184 1.0 0.879999995232
ts 0.0 0.0 1.0 0.389999985695
a 0.156822532415 0.130221694708 0.0810270234942 0.0990726128221
b 0.158912807703 0.205620452762 0.0331234149635 0.125166162848
d 0.455661326647 0.317373842001 0.620922029018 0.429444789886
g 0.0849045142531 0.142778873444 0.013170786202 0.0825079232454
t 0.143698811531 0.204005137086 0.2517567873 0.263808518648
h 1.0 1.0 4.0 1.0
c 0.316354304552 0 0 0
Aa 0.277646690607 -0.237999632955 1.00707662106 0.181944772601
Ab 0.283397138119 -0.0396166555583 0.618581831455 0.283478111029
Ad 0.740880429745 0.14888818562 1.89148378372 0.818898499012
Ag 0.011169038713 -0.198019012809 0.218058437109 0.102486796677
At 0.23969142139 -0.0430418513715 1.49942791462 0.607279956341
as 0.135135129094 0.0 0.854838728905 0.0434782616794
bs 0.454545468092 0.680000007153 1.0 0.551724135876
ds 0.439716309309 0.0375939831138 0.964285731316 0.367521375418
gs 0.416666656733 0.705882370472 1.0 0.833333313465
ts 0.0 0.0 1.0 0.379999995232
a 0.157585591078 0.130972236395 0.0810270234942 0.10536211729
b 0.163583397865 0.217661425471 0.0331234149635 0.125858202577
d 0.451525300741 0.310733228922 0.620922029018 0.425364017487
g 0.0858877673745 0.139467552304 0.013170786202 0.0807242617011
t 0.141417935491 0.201165556908 0.2517567873 0.262691378593
h 1.0 1.0 4.0 1.0
c 0.326443910599 0 0 0
Aa 0.277646690607 -0.244925066829 1.00707662106 0.205210864544
Ab 0.293869435787 -0.0243228282779 0.618581831455 0.282407879829
Ad 0.734812319279 0.130283385515 1.89148378372 0.811287105083
Ag 0.0140615152195 -0.217631146312 0.218058437109 0.0895304307342
At 0.230634719133 -0.0585506930947 1.49942791462 0.601972222328
as 0.135135129094 0.0 0.854838728905 0.0724637657404
bs 0.5 0.72000002861 1.0 0.551724135876
ds 0.432624101639 0.0225563906133 0.964285731316 0.353448271751
gs 0.416666656733 0.647058844566 1.0 0.791666686535
ts 0.0 0.0 1.0 0.379999995232
a 0.157650083303 0.139371737838 0.0810270234942 0.110347546637
b 0.167628347874 0.226194113493 0.0331234149635 0.126472532749
d 0.445171624422 0.304958730936 0.620922029018 0.421556800604
g 0.0863862335682 0.136317521334 0.013170786202 0.0805965438485
t 0.143163725734 0.193157911301 0.2517567873 0.261026591063
h 1.0 1.0 4.0 1.0
c 0.326443910599 0 0 0
Aa 0.276975333691 -0.223835006356 1.00707662106 0.217839241028
Ab 0.303628593683 -0.0135284299031 0.618581831455 0.277072787285
Ad 0.727808594704 0.116231329739 1.89148378372 0.799932658672
Ag 0.0157256536186 -0.233458042145 0.218058437109 0.0813929587603
At 0.235114112496 -0.0820972323418 1.49942791462 0.591761291027
as 0.121621623635 0.0 0.854838728905 0.101449273527
bs 0.54545456171 0.759999990463 1.0 0.517241358757
ds 0.432624101639 0.00751879718155 0.964285731316 0.344827592373
gs 0.416666656733 0.588235318661 1.0 0.782608687878
ts 0.0 0.0 1.0 0.373737365007
a 0.152026250958 0.154323518276 0.0810270234942 0.116043932736
b 0.171405956149 0.223067596555 0.0331234149635 0.129534468055
d 0.435924500227 0.315808415413 0.620922029018 0.415902704
g 0.0857149064541 0.12875264883 0.013170786202 0.0829840749502
t 0.154928386211 0.178047806025 0.2517567873 0.255534827709
h 1.0 1.0 4.0 1.0
c 0.326443910599 0 0 0
Aa 0.264999389648 -0.167915940285 1.00707662106 0.226583689451
Ab 0.317106723785 -0.00791154801846 0.618581831455 0.274346619844
Ad 0.722492098808 0.143075659871 1.89148378372 0.780952990055
Ag 0.0161371603608 -0.246591866016 0.218058437109 0.0809560269117
At 0.273211807013 -0.105811402202 1.49942791462 0.569411337376
as 0.109589040279 0.0147058824077 0.854838728905 0.101449273527
bs 0.590909063816 0.800000011921 1.0 0.535714268684
ds 0.425531923771 0.0227272734046 0.964285731316 0.330434769392
gs 0.391304343939 0.558823525906 1.0 0.782608687878
ts 0.0 0.0 1.0 0.353535354137
a 0.14053851366 0.161223590374 0.0810270234942 0.122504465282
b 0.173836827278 0.203723654151 0.0331234149635 0.138050660491
d 0.421034067869 0.360461771488 0.620922029018 0.405494272709
g 0.0834557786584 0.114561893046 0.013170786202 0.0889746546745
t 0.181134819984 0.160029068589 0.2517567873 0.244975939393
h 1.0 1.0 4.0 1.0
c 0.336972177029 0 0 0
Aa 0.245116993785 -0.109628491104 1.00707662106 0.227152779698
Ab 0.337463438511 -0.0080156289041 0.618581831455 0.279039382935
Ad 0.721638917923 0.239802107215 1.89148378372 0.7469856143
Ag 0.0187780596316 -0.258016914129 0.218058437109 0.0882671773434
At 0.355323582888 -0.112858213484 1.49942791462 0.528124272823
as 0.0694444477558 0.104477614164 0.854838728905 0.101449273527
bs 0.727272748947 0.800000011921 1.0 0.571428596973
ds 0.425531923771 0.0992366448045 0.964285731316 0.29565218091
gs 0.434782594442 0.529411792755 1.0 0.826086938381
ts 0.0824742242694 0.0 1.0 0.313131302595
a 0.141720443964 0.154235243797 0.0810270234942 0.131005093455
b 0.170459643006 0.174604684114 0.0331234149635 0.153564020991
d 0.393648356199 0.428643018007 0.620922029018 0.387814640999
g 0.078373208642 0.0965582802892 0.013170786202 0.0990372002125
t 0.215798333287 0.145958766341 0.2517567873 0.228579059243
h 1.0 1.0 4.0 1.0
c 0.347863465548 0 0 0
Aa 0.282508403063 -0.0664371922612 1.00707662106 0.221553057432
Ab 0.362697482109 -0.0125649087131 0.618581831455 0.290554314852
Ad 0.726184308529 0.377474963665 1.89148378372 0.692889034748
Ag 0.0252435281873 -0.269831269979 0.218058437109 0.100063212216
At 0.465123981237 -0.0903906151652 1.49942791462 0.463301301003
as 0.126760557294 0.166666671634 0.854838728905 0.104477614164
bs 0.857142865658 0.833333313465 1.0 0.607142865658
ds 0.425531923771 0.206106871367 0.964285731316 0.252173900604
gs 0.434782594442 0.5 1.0 0.869565188885
ts 0.195876285434 0.0 1.0 0.242424249649
a 0.150392115116 0.136268898845 0.0810270234942 0.134331792593
b 0.164187848568 0.147254690528 0.0331234149635 0.177244633436
d 0.362265646458 0.49667519331 0.620922029018 0.366306573153
g 0.0726236030459 0.0802247226238 0.013170786202 0.113831423223
t 0.250530809164 0.139576494694 0.2517567873 0.208285585046
h 1.0 1.0 4.0 1.0
c 0.359480857849 0 0 0
Aa 0.348991245031 -0.0541344843805 1.00707662106 0.182781994343
Ab 0.387107223272 -0.0204621218145 0.618581831455 0.303176283836
Ad 0.730793356895 0.507541239262 1.89148378372 0.618447959423
Ag 0.0328439921141 -0.284223049879 0.218058437109 0.110865361989
At 0.570627331734 -0.0437189489603 1.49942791462 0.373262435198
as 0.225352108479 0.181818187237 0.854838728905 0.0447761192918
bs 0.952380955219 0.791666686535 1.0 0.642857134342
ds 0.420289844275 0.30534350872 0.964285731316 0.184210523963
gs 0.478260874748 0.424242436886 1.0 0.913043498993
ts 0.309278339148 0.0112359551713 1.0 0.142857149243
a 0.160326465964 0.120846830308 0.0810270234942 0.144259095192
b 0.158808991313 0.127144604921 0.0331234149635 0.204179272056
d 0.333944618702 0.545334100723 0.620922029018 0.339921683073
g 0.0680473968387 0.0677409097552 0.013170786202 0.130218476057
t 0.278872549534 0.138933524489 0.2517567873 0.181421473622
h 1.0 1.0 4.0 1.0
c 0.371461302042 0 0 0
Aa 0.409893929958 -0.050257705152 1.00707662106 0.160923928022
Ab 0.405763804913 -0.0281950123608 0.618581831455 0.311792343855
Ad 0.728563189507 0.604169726372 1.89148378372 0.533159554005
Ag 0.037700265646 -0.301641941071 0.218058437109 0.116453327239
At 0.650294482708 0.0103141032159 1.49942791462 0.260469406843
as 0.309859156609 0.20000000298 0.854838728905 0.0151515156031
bs 1.0 0.75 1.0 0.703703701496
ds 0.420289844275 0.374045789242 0.964285731316 0.105263158679
gs 0.521739125252 0.39393940568 1.0 0.913043498993
ts 0.391752570868 0.078651688993 1.0 0.0306122452021
a 0.158731907606 0.112825125456 0.0810270234942 0.170055180788
b 0.155674144626 0.11525734514 0.0331234149635 0.220419570804
d 0.320958673954 0.571754515171 0.620922029018 0.318091660738
g 0.0646804943681 0.0596359781921 0.013170786202 0.139381498098
t 0.299954771996 0.140527054667 0.2517567873 0.152052089572
h 1.0 1.0 4.0 1.0
c 0.383441716433 0 0 0
Aa 0.427045732737 -0.0424528494477 1.00707662106 0.201664254069
Ab 0.418597966433 -0.0331900604069 0.618581831455 0.314324557781
Ad 0.732830584049 0.662350893021 1.89148378372 0.473626673222
Ag 0.0371548011899 -0.319350302219 0.218058437109 0.115279532969
At 0.703437268734 0.0529012903571 1.49942791462 0.153066799045
as 0.323943674564 0.215384617448 0.854838728905 0.0757575780153
bs 1.0 0.708333313465 1.0 0.703703701496
ds 0.420289844275 0.419847339392 0.964285731316 0.0526315793395
gs 0.521739125252 0.333333343267 1.0 0.913043498993
ts 0.443298965693 0.123595505953 1.0 0.0
a 0.152822256088 0.112639442086 0.0810270234942 0.219489023089
b 0.147467300296 0.108325041831 0.0331234149635 0.196673095226
d 0.332126200199 0.581519901752 0.620922029018 0.32839551568
g 0.0595282875001 0.0542261786759 0.013170786202 0.123099602759
t 0.30805593729 0.143289417028 0.2517567873 0.132342770696
h 1.0 1.0 4.0 1.0
c 0.395026117563 0 0 0
Aa 0.444191247225 -0.0176980923861 1.00707662106 0.359149903059
Ab 0.428700387478 -0.0346597209573 0.618581831455 0.311482042074
Ad 0.781307756901 0.695176005363 1.89148378372 0.534134268761
Ag 0.0347280241549 -0.335179597139 0.218058437109 0.107993759215
At 0.74863421917 0.086825504899 1.49942791462 0.139437332749
as 0.352112680674 0.246153846383 0.854838728905 0.318181812763
bs 1.0 0.708333313465 1.0 0.703703701496
ds 0.456521749496 0.442748099566 0.964285731316 0.105263158679
gs 0.478260874748 0.272727280855 1.0 0.909090936184
ts 0.494845360518 0.157303377986 1.0 0.0
a 0.150094181299 0.107849597931 0.0810270234942 0.224325582385
b 0.150286793709 0.101030170918 0.0331234149635 0.200469776988
d 0.316318690777 0.589816689491 0.620922029018 0.332115203142
g 0.0603800825775 0.0491331703961 0.013170786202 0.125989049673
t 0.322920233011 0.152170345187 0.2517567873 0.117100402713
h 1.0 1.0 4.0 1.0
c 0.406973540783 0 0 0
Aa 0.435499817133 -0.00628353795037 1.00707662106 0.359149903059
Ab 0.436056792736 -0.0346509702504 0.618581831455 0.31031998992
Ad 0.759260833263 0.731615006924 1.89148378372 0.529559850693
Ag 0.040029682219 -0.347727268934 0.218058437109 0.108603917062
At 0.768231213093 0.143227934837 1.49942791462 0.0768294930458
as 0.328571438789 0.265625 0.854838728905 0.318181812763
bs 1.0 0.708333313465 1.0 0.703703701496
ds 0.442028999329 0.473282456398 0.964285731316 0.105263158679
gs 0.521739125252 0.242424249649 1.0 0.909090936184
ts 0.515463888645 0.224719107151 1.0 0.0
a 0.148079290986 0.0998744666576 0.0810270234942 0.225615739822
b 0.152270853519 0.0875191166997 0.0331234149635 0.199407160282
d 0.303123414516 0.601363837719 0.620922029018 0.342027485371
g 0.0609249696136 0.0416419059038 0.013170786202 0.126337662339
t 0.335601478815 0.16960068047 0.2517567873 0.106611929834
h 1.0 1.0 4.0 1.0
c 0.419284015894 0 0 0
Aa 0.43484634161 0.0212827492505 1.00707662106 0.359149903059
Ab 0.446968793869 -0.0360687933862 0.618581831455 0.305521249771
Ad 0.745971500874 0.800965607166 1.89148378372 0.539841532707
Ag 0.049147348851 -0.358641147614 0.218058437109 0.107313349843
At 0.79017585516 0.251255869865 1.49942791462 0.0335863083601
as 0.328571438789 0.3125 0.854838728905 0.318181812763
bs 1.0 0.739130437374 1.0 0.666666686535
ds 0.427536219358 0.526717543602 0.964285731316 0.10619468987
gs 0.565217375755 0.212121218443 1.0 0.909090936184
ts 0.536082446575 0.352272719145 1.0 0.0
a 0.144205451012 0.0864805728197 0.0810270234942 0.224313303828
b 0.152305245399 0.0704880356789 0.0331234149635 0.194364845753
d 0.296002626419 0.621270477772 0.620922029018 0.355010390282
g 0.0607980974019 0.0329933390021 0.013170786202 0.125361084938
t 0.346688568592 0.188767597079 0.2517567873 0.1009503901
h 1.0 1.0 4.0 1.0
c 0.431921392679 0 0 0
Aa 0.43484634161 0.0488310270011 1.00707662106 0.359149903059
Ab 0.458579540253 -0.0399720929563 0.618581831455 0.296912610531
Ad 0.747160255909 0.905193209648 1.89148378372 0.558535933495
Ag 0.059754665941 -0.36966124177 0.218058437109 0.106457598507
At 0.815804243088 0.387839913368 1.49942791462 0.0124028772116
as 0.3188405931 0.359375 0.854838728905 0.318181812763
bs 1.0 0.739130437374 1.0 0.629629611969
ds 0.423357665539 0.603053450584 0.964285731316 0.123893804848
gs 0.608695626259 0.1875 1.0 0.904761910439
ts 0.556701004505 0.511363625526 1.0 0.0
a 0.138371691108 0.070483379066 0.0810270234942 0.220544114709
b 0.149888113141 0.05577538535 0.0331234149635 0.187163621187
d 0.295014500618 0.644303619862 0.620922029018 0.369203329086
g 0.0597006492317 0.0258694384247 0.013170786202 0.124315068126
t 0.357025057077 0.203568175435 0.2517567873 0.0987738519907
h 1.0 1.0 4.0 1.0
c 0.445319414139 0 0 0
Aa 0.43484634161 0.0548497252166 1.00707662106 0.359149903059
Ab 0.469566315413 -0.046794436872 0.618581831455 0.287875860929
Ad 0.76364248991 1.01585352421 1.89148378372 0.582920014858
Ag 0.0697781741619 -0.3804500103 0.218058437109 0.110178202391
At 0.846497833729 0.515472888947 1.49942791462 0.0102964239195
as 0.308823525906 0.359375 0.854838728905 0.318181812763
bs 1.0 0.695652186871 1.0 0.629629611969
ds 0.42962962389 0.687022924423 0.964285731316 0.141592919827
gs 0.652173936367 0.15625 1.0 0.952380955219
ts 0.5876288414 0.647727251053 1.0 0.0
a 0.130968645215 0.0605554506183 0.0810270234942 0.214186653495
b 0.145759522915 0.0455380044878 0.0331234149635 0.180061295629
d 0.297949433327 0.661386489868 0.620922029018 0.383884191513
g 0.0578029602766 0.0212441198528 0.013170786202 0.123908743262
t 0.367519438267 0.211275935173 0.2517567873 0.0979591161013
h 1.0 1.0 4.0 1.0
c 0.459478110075 0 0 0
Aa 0.43484634161 0.0672334358096 1.00707662106 0.359149903059
Ab 0.481315970421 -0.056545805186 0.618581831455 0.28377789259
Ad 0.791821599007 1.1055355072 1.89148378372 0.612557768822
Ag 0.0796291157603 -0.38768106699 0.218058437109 0.121459454298
At 0.882959365845 0.609930217266 1.49942791462 0.0194023717195
as 0.308823525906 0.390625 0.854838728905 0.318181812763
bs 1.0 0.652173936367 1.0 0.592592597008
ds 0.451851844788 0.753846168518 0.964285731316 0.168141588569
gs 0.695652186871 0.125 1.0 1.0
ts 0.62886595726 0.761363625526 1.0 0.0
a 0.122348852456 0.0538907535374 0.0810270234942 0.205370977521
b 0.140751644969 0.0394267775118 0.0331234149635 0.174964398146
d 0.302573174238 0.673131108284 0.620922029018 0.398435890675
g 0.0556508228183 0.0188932679594 0.013170786202 0.123626291752
t 0.378675490618 0.214658111334 0.2517567873 0.0976024493575
h 1.0 1.0 4.0 1.0
c 0.473999857903 0 0 0
Aa 0.43484634161 0.0672334358096 1.00707662106 0.359149903059
Ab 0.495699942112 -0.0684895738959 0.618581831455 0.289560526609
Ad 0.828076839447 1.16381883621 1.89148378372 0.64696931839
Ag 0.0927180200815 -0.387973755598 0.218058437109 0.138721689582
At 0.92551368475 0.667466461658 1.49942791462 0.0360715538263
as 0.308823525906 0.396825402975 0.854838728905 0.318181812763
bs 1.0 0.608695626259 1.0 0.629629611969
ds 0.481481492519 0.806201577187 0.964285731316 0.194690272212
gs 0.739130437374 0.125 1.0 1.0
ts 0.677083313465 0.818181812763 1.0 0.0
a 0.112777657807 0.0508787445724 0.0810270234942 0.195057883859
b 0.135285809636 0.0361697003245 0.0331234149635 0.17274813354
d 0.309245169163 0.679182112217 0.620922029018 0.411780446768
g 0.0536213554442 0.0180921182036 0.013170786202 0.122172757983
t 0.389070004225 0.215677335858 0.2517567873 0.0982407927513
h 1.0 1.0 4.0 1.0
c 0.48924767971 0 0 0
Aa 0.43484634161 0.0677104741335 1.00707662106 0.359149903059
Ab 0.513875544071 -0.0804809704423 0.618581831455 0.30639976263
Ad 0.872926175594 1.19316029549 1.89148378372 0.683652102947
Ag 0.111961066723 -0.381336450577 0.218058437109 0.155960783362
At 0.972651064396 0.69497859478 1.49942791462 0.0612782798707
as 0.308823525906 0.396825402975 0.854838728905 0.318181812763
bs 1.0 0.565217375755 1.0 0.666666686535
ds 0.511111140251 0.829457342625 0.964285731316 0.232142850757
gs 0.826086938381 0.15625 1.0 1.0
ts 0.729166686535 0.852272748947 1.0 0.0
a 0.10291530937 0.0502304807305 0.0810270234942 0.183055043221
b 0.129774570465 0.0347565971315 0.0331234149635 0.173539459705
d 0.317641854286 0.680647432804 0.620922029018 0.423438459635
g 0.0519103631377 0.0181916169822 0.013170786202 0.119014643133
t 0.397757917643 0.216173872352 0.2517567873 0.100952386856
h 1.0 1.0 4.0 1.0
c 0.505584657192 0 0 0
Aa 0.43484634161 0.0707587152719 1.00707662106 0.353426665068
Ab 0.535555958748 -0.089171372354 0.618581831455 0.330243229866
Ad 0.924304068089 1.20271360874 1.89148378372 0.717635273933
Ag 0.137620449066 -0.370337307453 0.218058437109 0.166445359588
At 1.02198517323 0.704594612122 1.49942791462 0.0949615761638
as 0.298507452011 0.403225809336 0.854838728905 0.303030312061
bs 1.0 0.521739125252 1.0 0.777777791023
ds 0.548148155212 0.837209284306 0.964285731316 0.258928567171
gs 0.956521749496 0.1875 1.0 1.0
ts 0.78125 0.873563230038 1.0 0.0175438597798
a 0.0939852818847 0.0506565645337 0.0810270234942 0.171507850289
b 0.124950148165 0.0344889238477 0.0331234149635 0.175099745393
d 0.329378098249 0.678282141685 0.620922029018 0.432932317257
g 0.050163090229 0.0188725739717 0.013170786202 0.113798223436
t 0.401523411274 0.217699810863 0.2517567873 0.106661856174
h 1.0 1.0 4.0 1.0
c 0.522284626961 0 0 0
Aa 0.43484634161 0.0737155377865 1.00707662106 0.34300506115
Ab 0.55852329731 -0.0932405665517 0.618581831455 0.352006554604
Ad 0.979481220245 1.20049011707 1.89148378372 0.745141029358
Ag 0.162170767784 -0.355089068413 0.218058437109 0.164856523275
At 1.06549739838 0.706937849522 1.49942791462 0.136730194092
as 0.298507452011 0.403225809336 0.854838728905 0.276923090219
bs 1.0 0.478260874748 1.0 0.85185188055
ds 0.592592597008 0.84375 0.964285731316 0.288288295269
gs 1.0 0.21875 1.0 1.0
ts 0.822916686535 0.873563230038 1.0 0.0526315793395
a 0.0873295664787 0.0514530353248 0.0810270234942 0.159789159894
b 0.121144913137 0.0354165919125 0.0331234149635 0.174340054393
d 0.346675932407 0.671750247478 0.620922029018 0.442986279726
g 0.0477932840586 0.0207549408078 0.013170786202 0.106318481266
t 0.397056281567 0.220625147223 0.2517567873 0.116566039622
h 1.0 1.0 4.0 1.0
c 0.538636744022 0 0 0
Aa 0.43484634161 0.0743015781045 1.00707662106 0.324002891779
Ab 0.576990246773 -0.0879026353359 0.618581831455 0.361852735281
Ad 1.03360879421 1.19009840488 1.89148378372 0.766845822334
Ag 0.173051938415 -0.319987952709 0.218058437109 0.147064343095
At 1.09253716469 0.706545591354 1.49942791462 0.187027603388
as 0.298507452011 0.393442630768 0.854838728905 0.246153846383
bs 1.0 0.521739125252 1.0 0.888888895512
ds 0.629629611969 0.8359375 0.964285731316 0.306306302547
gs 1.0 0.34375 1.0 0.958333313465
ts 0.854166686535 0.873563230038 1.0 0.0964912250638
a 0.0827834680676 0.0540854334831 0.0810270234942 0.148166149855
b 0.118189521134 0.0381300635636 0.0331234149635 0.166698053479
d 0.372817575932 0.659014284611 0.620922029018 0.457887262106
g 0.0444862395525 0.025416765362 0.013170786202 0.0953617990017
t 0.381723195314 0.223353460431 0.2517567873 0.131886735559
h 1.0 1.0 4.0 1.0
c 0.553945064545 0 0 0
Aa 0.429734021425 0.0869915187359 1.00707662106 0.301921516657
Ab 0.584369361401 -0.0648212656379 0.618581831455 0.353103041649
Ad 1.08328676224 1.17280602455 1.89148378372 0.791931092739
Ag 0.160016089678 -0.240968540311 0.218058437109 0.110546953976
At 1.09353888035 0.702903866768 1.49942791462 0.251373618841
as 0.298507452011 0.409836053848 0.854838728905 0.215384617448
bs 1.0 0.608695626259 1.0 0.85185188055
ds 0.661654114723 0.825396835804 0.964285731316 0.327272713184
gs 1.0 0.612903237343 1.0 0.833333313465
ts 0.852631568909 0.87209302187 1.0 0.159292042255
a 0.0827834680676 0.05488319695 0.0810270234942 0.078094266355
b 0.118189521134 0.0436983816326 0.0331234149635 0.0622095093131
d 0.372817575932 0.642585635185 0.620922029018 0.578244328499
g 0.0444862395525 0.0343173593283 0.013170786202 0.0338030532002
t 0.381723195314 0.224515408278 0.2517567873 0.247648864985
h 1.0 1.0 4.0 1.0
c 0.56994920969 0 0 0
Aa 0.429734021425 0.0837561562657 1.00707662106 0.492221295834
Ab 0.584369361401 -0.0152178844437 0.618581831455 0.393458932638
Ad 1.08328676224 1.15224778652 1.89148378372 1.36171352863
Ag 0.160016089678 -0.120169393718 0.218058437109 0.128558069468
At 1.09353888035 0.695562899113 1.49942791462 0.993438482285
as 0.298507452011 0.409836053848 0.854838728905 0.507692337036
bs 1.0 0.826086938381 1.0 1.0
ds 0.661654114723 0.809523820877 0.964285731316 0.845454573631
gs 1.0 1.0 1.0 0.916666686535
ts 0.852631568909 0.860465109348 1.0 0.810810804367
a 0.0827834680676 0.0525076463819 0.0810270234942 0.0625517889857
b 0.118189521134 0.0522901751101 0.0331234149635 0.0466178990901
d 0.372817575932 0.624952614307 0.620922029018 0.584668040276
g 0.0444862395525 0.0472360029817 0.013170786202 0.0272617675364
t 0.381723195314 0.223013535142 0.2517567873 0.278900504112
h 1.0 1.0 4.0 1.0
c 0.586649239063 0 0 0
Aa 0.429734021425 0.0581973530352 1.00707662106 0.548249959946
Ab 0.584369361401 0.0563948974013 0.618581831455 0.420562922955
Ad 1.08328676224 1.13382184505 1.89148378372 1.51891958714
Ag 0.160016089678 0.0122479442507 0.218058437109 0.187564194202
At 1.09353888035 0.686305999756 1.49942791462 1.1974594593
as 0.298507452011 0.383333325386 0.854838728905 0.600000023842
bs 1.0 1.0 1.0 1.0
ds 0.661654114723 0.79365080595 0.964285731316 1.0
gs 1.0 1.0 1.0 1.0
ts 0.852631568909 0.848837196827 1.0 0.990990996361
a 0.0827834680676 0.0521449223161 0.0810270234942 0.0573816634715
b 0.118189521134 0.0626710578799 0.0331234149635 0.0445378124714
d 0.372817575932 0.605901181698 0.620922029018 0.572631716728
g 0.0444862395525 0.0614299885929 0.013170786202 0.0288477856666
t 0.381723195314 0.217852845788 0.2517567873 0.29660102725
h 1.0 1.0 4.0 1.0
c 0.603349208832 0 0 0
Aa 0.429734021425 0.0575123392045 1.00707662106 0.569321751595
Ab 0.584369361401 0.13736730814 0.618581831455 0.459277510643
Ad 1.08328676224 1.12270212173 1.89148378372 1.56842398643
Ag 0.160016089678 0.128680735826 0.218058437109 0.270661085844
At 1.09353888035 0.678463578224 1.49942791462 1.28272128105
as 0.298507452011 0.383333325386 0.854838728905 0.630769252777
bs 1.0 1.0 1.0 1.0
ds 0.661654114723 0.785714268684 0.964285731316 1.0
gs 1.0 1.0 1.0 1.0
ts 0.852631568909 0.848837196827 1.0 1.0
a 0.0827834680676 0.051975581795 0.0810270234942 0.0673862174153
b 0.118189521134 0.073822028935 0.0331234149635 0.0492959059775
d 0.372817575932 0.588474750519 0.620922029018 0.543417155743
g 0.0444862395525 0.074627712369 0.013170786202 0.0341501384974
t 0.381723195314 0.211099952459 0.2517567873 0.30575054884
h 1.0 1.0 4.0 1.0
c 0.620049238205 0 0 0
Aa 0.429734021425 0.0631756857038 1.00707662106 0.645930826664
Ab 0.584369361401 0.215562269092 0.618581831455 0.510170578957
Ad 1.08328676224 1.11710417271 1.89148378372 1.5524930954
Ag 0.160016089678 0.22027644515 0.218058437109 0.350752234459
At 1.09353888035 0.671864449978 1.49942791462 1.30272698402
as 0.298507452011 0.383333325386 0.854838728905 0.73846155405
bs 1.0 1.0 1.0 1.0
ds 0.661654114723 0.777777791023 0.964285731316 1.0
gs 1.0 1.0 1.0 1.0
ts 0.852631568909 0.837209284306 1.0 1.0
a 0.0699786394835 0.0527787208557 0.0810270234942 0.0804856792092
b 0.0319114997983 0.0866082534194 0.0331234149635 0.0573160424829
d 0.420834422112 0.570722222328 0.620922029018 0.521463096142
g 0.0328973345459 0.0873419865966 0.013170786202 0.039531942457
t 0.444378107786 0.202548831701 0.2517567873 0.301203221083
h 1.0 1.0 4.0 1.0
c 0.636749207973 0 0 0
Aa 0.727327108383 0.0731168910861 1.00707662106 0.656944096088
Ab 0.386308789253 0.288217306137 0.618581831455 0.509501695633
Ad 1.506472826 1.10708284378 1.89148378372 1.46844911575
Ag 0.399522274733 0.291881114244 0.218058437109 0.348173618317
At 1.53011417389 0.657187759876 1.49942791462 1.23008513451
as 0.731343269348 0.406779646873 0.854838728905 0.765625
bs 0.703703701496 1.0 1.0 1.0
ds 0.977443635464 0.769841253757 0.964285731316 0.919642865658
gs 1.0 1.0 1.0 1.0
ts 1.0 0.813953459263 1.0 1.0
