eeg 855.389770508 827.425109863 908.029174805 873.484558105
eeg 865.259643555 842.229919434 855.389770508 888.289367676
a 0.250243365765 0.0884789079428 0.09888240695 0.263531297445
b 0.142136394978 0.0708761289716 0.0904709622264 0.308163136244
d 0.360308766365 0.600166261196 0.642022371292 0.173383280635
g 0.0890188366175 0.0722843334079 0.0516729280353 0.166351303458
t 0.158292651176 0.168194398284 0.116951361299 0.0885709822178
h 1.0 1.0 1.0 1.0
c 0.140725910664
Aa 0.940737724304 0.6916051507 0.987672567368 0.450621724129
Ab 0.695080459118 0.595265388489 0.94906270504 0.518570184708
Ad 1.0990499258 1.52303695679 1.8001036644 0.268796741962
Ag 0.491857081652 0.603809535503 0.705816626549 0.250815719366
At 0.7418358922 0.970576882362 1.06055879593 -0.0229189991951
as 1.0 0.704225361347 0.898550748825 0.623188376427
bs 0.958333313465 0.517241358757 0.25 0.944444417953
ds 0.587719321251 1.0 1.0 0.0
gs 1.0 0.6875 0.0 0.630434811115
ts 0.666666686535 0.933962285519 0.839622616768 0.0612244904041
eeg 863.614685059 848.809875488 986.988220215 876.774536133
eeg 845.519897461 820.845214844 1039.62756348 857.034729004
eeg 843.874938965 815.91027832 1118.58666992 866.904663086
eeg 847.164855957 819.200195312 1118.58666992 868.549621582
eeg 857.034729004 820.845214844 1065.94726562 876.774536133
eeg 873.484558105 837.29498291 1065.94726562 884.999450684
eeg 875.129516602 842.229919434 1065.94726562 891.579345703
eeg 873.484558105 843.874938965 1144.90637207 883.354431152
eeg 860.324707031 840.584960938 1144.90637207 889.934387207
eeg 868.549621582 860.324707031 1171.22595215 896.514282227
eeg 858.679748535 847.164855957 1223.86535645 866.904663086
eeg 865.259643555 858.679748535 1223.86535645 891.579345703
eeg 881.709472656 860.324707031 1223.86535645 898.159240723
eeg 881.709472656 857.034729004 1276.50476074 894.86932373
eeg 889.934387207 858.679748535 1319.27429199 898.159240723
eeg 881.709472656 876.774536133 1312.69433594 889.934387207
eeg 876.774536133 873.484558105 1324.20922852 886.64440918
eeg 842.229919434 848.809875488 1324.20922852 865.259643555
eeg 847.164855957 865.259643555 1330.7890625 865.259643555
eeg 834.005004883 857.034729004 1378.49353027 855.389770508
eeg 776.430725098 861.969726562 1398.23327637 809.330322266
eeg 745.176086426 853.744812012 1342.30395508 764.91583252
a 0.227421358228 0.0852039605379 0.0938461795449 0.260924190283
b 0.140455439687 0.069369867444 0.0875892415643 0.346431046724
d 0.381201803684 0.611276566982 0.651235699654 0.129362329841
g 0.0860764086246 0.0637334138155 0.0492001473904 0.180346518755
t 0.164844974875 0.170416176319 0.118128724396 0.0829359143972
h 1.0 1.0 1.0 1.0
c 0.154703080654
Aa 0.940737724304 0.6916051507 0.987672567368 0.43501546979
Ab 0.731445074081 0.602316200733 0.957706689835 0.558117985725
Ad 1.16506147385 1.54738306999 1.82899415493 0.13030898571
Ag 0.518790602684 0.565512537956 0.707222342491 0.274608880281
At 0.800982177258 0.992656171322 1.08761143684 -0.0627562105656
as 1.0 0.704225361347 0.898550748825 0.594202876091
bs 1.0 0.551724135876 0.25 1.0
ds 0.637168169022 1.0 1.0 0.0
gs 1.0 0.5625 0.0 0.673913061619
ts 0.72549021244 0.952830195427 0.858490586281 0.0204081628472
eeg 697.471679688 860.324707031 1363.6887207 720.501403809
eeg 667.861999512 850.454833984 1343.94897461 684.311828613
eeg 649.767211914 848.809875488 1343.94897461 666.217041016
eeg 615.22265625 850.454833984 1360.39880371 630.02746582
eeg 590.547912598 843.874938965 1353.81884766 611.932678223
eeg 598.772827148 852.09979248 1353.81884766 625.092529297
eeg 575.743103027 850.454833984 1302.82446289 597.127868652
eeg 562.583251953 835.650024414 1271.56982422 579.033081055
eeg 556.003356934 845.519897461 1302.82446289 569.163208008
eeg 567.518188477 850.454833984 1304.46936035 575.743103027
eeg 575.743103027 860.324707031 1378.49353027 602.062805176
eeg 587.257995605 855.389770508 1360.39880371 613.577697754
eeg 588.902954102 847.164855957 1329.14416504 603.707763672
eeg 598.772827148 840.584960938 1278.14978027 611.932678223
eeg 646.477294922 865.259643555 1335.72399902 649.767211914
eeg 661.282104492 865.259643555 1370.26867676 667.861999512
eeg 651.412231445 853.744812012 1342.30395508 672.796936035
eeg 666.217041016 852.09979248 1355.46374512 692.536743164
eeg 697.471679688 850.454833984 1375.20361328 708.98651123
eeg 707.341552734 850.454833984 1380.1385498 720.501403809
eeg 756.690979004 861.969726562 1390.00842285 764.91583252
eeg 774.785766602 855.389770508 1398.23327637 779.720703125
a 0.201623275876 0.0816134288907 0.08860322088 0.254065811634
b 0.135929241776 0.0674674212933 0.0845760032535 0.366181582212
d 0.4054248631 0.62345802784 0.660842061043 0.108989931643
g 0.0807107388973 0.0544051267207 0.0467706210911 0.190648317337
t 0.176311895251 0.173056021333 0.119208082557 0.0801143720746
h 1.0 1.0 1.0 1.0
c 0.169406354427
Aa 0.940737724304 0.696101665497 0.987672567368 0.43501546979
Ab 0.769509971142 0.613434135914 0.967470228672 0.593765735626
Ad 1.24410748482 1.57914721966 1.86032068729 0.0674556568265
Ag 0.543128371239 0.519979834557 0.710196197033 0.310302257538
At 0.882478713989 1.02252674103 1.11652874947 -0.0662202835083
as 1.0 0.704225361347 0.898550748825 0.594202876091
bs 1.0 0.586206912994 0.300000011921 1.0
ds 0.707964599133 1.0 1.0 0.0
gs 1.0 0.4375 0.0 0.760869562626
ts 0.803921580315 0.981132090092 0.886792480946 0.0102040814236
eeg 778.075683594 848.809875488 1393.29833984 799.460449219
eeg 810.975280762 861.969726562 1401.52319336 820.845214844
eeg 832.360046387 860.324707031 1414.68310547 837.29498291
eeg 843.874938965 858.679748535 1432.77783203 850.454833984
eeg 871.839599609 850.454833984 1432.77783203 876.774536133
eeg 884.999450684 847.164855957 1442.64770508 888.289367676
eeg 883.354431152 834.005004883 1437.71276855 894.86932373
eeg 894.86932373 842.229919434 1437.71276855 896.514282227
eeg 906.384155273 858.679748535 1447.5826416 921.188964844
eeg 917.899047852 853.744812012 1483.7722168 911.319091797
eeg 919.544006348 842.229919434 1439.35778809 922.833984375
eeg 931.058898926 810.975280762 1417.97302246 935.993835449
eeg 939.283752441 814.265258789 1421.26306152 929.413879395
eeg 934.348815918 815.91027832 1413.03808594 940.928771973
eeg 931.058898926 875.129516602 1424.55297852 944.218688965
eeg 922.833984375 868.549621582 1366.9786377 934.348815918
eeg 921.188964844 861.969726562 1365.33374023 932.703857422
eeg 940.928771973 866.904663086 1365.33374023 944.218688965
eeg 942.573730469 848.809875488 1342.30395508 942.573730469
eeg 932.703857422 861.969726562 1363.6887207 940.928771973
eeg 937.638793945 855.389770508 1334.07910156 940.928771973
eeg 950.79864502 857.034729004 1314.3392334 950.79864502
a 0.201623275876 0.0800942704082 0.0815057307482 0.243447631598
b 0.135929241776 0.0662436261773 0.0826341956854 0.369751185179
d 0.4054248631 0.633508145809 0.671953439713 0.104365572333
g 0.0807107388973 0.0461743474007 0.0450055785477 0.201310157776
t 0.176311895251 0.173979625106 0.118901081383 0.0811254531145
h 1.0 1.0 1.0 1.0
c 0.184835702181
Aa 0.940737724304 0.712844729424 0.973303377628 0.43501546979
Ab 0.769509971142 0.630387425423 0.979275047779 0.616519510746
Ad 1.24410748482 1.61099553108 1.88945448399 0.0671671777964
Ag 0.543128371239 0.473644047976 0.715381622314 0.352475613356
At 0.882478713989 1.049741745 1.13730108738 -0.0422329381108
as 1.0 0.732394337654 0.884057998657 0.594202876091
bs 1.0 0.666666686535 0.40000000596 1.0
ds 0.707964599133 1.0 1.0 0.0
gs 1.0 0.290322571993 0.0 0.847826063633
ts 0.803921580315 1.0 0.905660390854 0.0408163256943
eeg 942.573730469 853.744812012 1320.91918945 952.443603516
eeg 950.79864502 850.454833984 1296.24450684 954.088623047
eeg 952.443603516 847.164855957 1255.11999512 957.378540039
eeg 952.443603516 827.425109863 1273.21484375 957.378540039
eeg 957.378540039 824.135131836 1240.31518555 970.538391113
eeg 950.79864502 820.845214844 1223.86535645 957.378540039
eeg 947.508666992 852.09979248 1232.09033203 957.378540039
eeg 947.508666992 845.519897461 1189.32080078 959.02355957
eeg 945.863708496 857.034729004 1199.19067383 947.508666992
eeg 947.508666992 857.034729004 1161.3560791 959.02355957
eeg 942.573730469 853.744812012 1093.9119873 950.79864502
eeg 935.993835449 858.679748535 1149.84130859 944.218688965
eeg 935.993835449 842.229919434 1149.84130859 939.283752441
eeg 929.413879395 842.229919434 1139.97143555 937.638793945
eeg 929.413879395 840.584960938 1125.16650391 939.283752441
eeg 945.863708496 842.229919434 1088.97692871 939.283752441
eeg 944.218688965 830.715087891 1077.4621582 950.79864502
eeg 937.638793945 827.425109863 1084.04199219 950.79864502
eeg 926.123962402 825.780151367 1034.69262695 940.928771973
eeg 921.188964844 825.780151367 995.213134766 939.283752441
eeg 922.833984375 832.360046387 1042.91748047 931.058898926
eeg 917.899047852 840.584960938 1057.72241211 921.188964844
a 0.201623275876 0.0783143863082 0.0755867660046 0.243447631598
b 0.135929241776 0.0671466216445 0.0826563388109 0.369751185179
d 0.4054248631 0.640795230865 0.680959045887 0.104365572333
g 0.0807107388973 0.0408876538277 0.044166892767 0.201310157776
t 0.176311895251 0.172856137156 0.11663094908 0.0811254531145
h 1.0 1.0 1.0 1.0
c 0.200265049934
Aa 0.940737724304 0.722034990788 0.955166399479 0.43501546979
Ab 0.769509971142 0.655217587948 0.993996798992 0.616519510746
Ad 1.24410748482 1.63491272926 1.90984165668 0.0671671777964
Ag 0.543128371239 0.439785659313 0.721817553043 0.352475613356
At 0.882478713989 1.06587827206 1.14353454113 -0.0422329381108
as 1.0 0.74647885561 0.855072438717 0.594202876091
bs 1.0 0.740740716457 0.449999988079 1.0
ds 0.707964599133 1.0 1.0 0.0
gs 1.0 0.193548381329 0.0 0.847826063633
ts 0.803921580315 1.0 0.915094316006 0.0408163256943
eeg 921.188964844 827.425109863 1039.62756348 927.768920898
eeg 909.674133301 827.425109863 1018.24285889 927.768920898
eeg 906.384155273 829.070068359 1013.30786133 919.544006348
eeg 912.964111328 810.975280762 998.503051758 912.964111328
eeg 917.899047852 825.780151367 1006.72796631 914.609069824
eeg 921.188964844 830.715087891 991.923156738 921.188964844
eeg 924.478942871 827.425109863 980.40826416 929.413879395
eeg 888.289367676 829.070068359 950.79864502 901.44921875
eeg 894.86932373 827.425109863 963.958496094 901.44921875
eeg 896.514282227 815.91027832 982.053283691 901.44921875
eeg 891.579345703 822.49017334 965.60345459 906.384155273
eeg 898.159240723 817.555236816 955.733581543 914.609069824
eeg 883.354431152 806.040344238 957.378540039 899.804260254
eeg 878.419494629 810.975280762 945.863708496 903.094238281
eeg 889.934387207 815.91027832 934.348815918 901.44921875
eeg 901.44921875 819.200195312 944.218688965 908.029174805
eeg 884.999450684 802.750427246 912.964111328 894.86932373
eeg 884.999450684 796.170471191 912.964111328 896.514282227
eeg 891.579345703 799.460449219 908.029174805 888.289367676
eeg 873.484558105 810.975280762 876.774536133 898.159240723
eeg 889.934387207 819.200195312 901.44921875 898.159240723
eeg 886.64440918 825.780151367 911.319091797 878.419494629
a 0.201623275876 0.0745743662119 0.0730907395482 0.243447631598
b 0.135929241776 0.0711552500725 0.0851400792599 0.369751185179
d 0.4054248631 0.645597398281 0.685562908649 0.104365572333
g 0.0807107388973 0.0395086593926 0.0441321507096 0.201310157776
t 0.176311895251 0.169164344668 0.112074151635 0.0811254531145
h 1.0 1.0 1.0 1.0
c 0.215694397688
Aa 0.940737724304 0.710043847561 0.944977998734 0.43501546979
Ab 0.769509971142 0.689661204815 1.01124966145 0.616519510746
Ad 1.24410748482 1.6474159956 1.9171628952 0.0671671777964
Ag 0.543128371239 0.43414658308 0.725870668888 0.352475613356
At 0.882478713989 1.06576311588 1.13062107563 -0.0422329381108
as 1.0 0.732394337654 0.840579688549 0.594202876091
bs 1.0 0.888888895512 0.550000011921 1.0
ds 0.707964599133 1.0 1.0 0.0
gs 1.0 0.161290317774 0.0 0.847826063633
ts 0.803921580315 1.0 0.904761910439 0.0408163256943
eeg 881.709472656 835.650024414 927.768920898 883.354431152
eeg 878.419494629 817.555236816 935.993835449 883.354431152
eeg 863.614685059 801.105407715 911.319091797 878.419494629
eeg 857.034729004 806.040344238 886.64440918 881.709472656
eeg 858.679748535 819.200195312 893.224304199 875.129516602
eeg 861.969726562 819.200195312 871.839599609 868.549621582
eeg 865.259643555 815.91027832 865.259643555 875.129516602
eeg 860.324707031 806.040344238 893.224304199 881.709472656
eeg 875.129516602 809.330322266 871.839599609 871.839599609
eeg 866.904663086 830.715087891 898.159240723 861.969726562
eeg 863.614685059 830.715087891 883.354431152 861.969726562
eeg 865.259643555 814.265258789 855.389770508 876.774536133
eeg 855.389770508 815.91027832 855.389770508 876.774536133
eeg 853.744812012 809.330322266 860.324707031 865.259643555
eeg 858.679748535 804.395385742 857.034729004 863.614685059
eeg 855.389770508 809.330322266 866.904663086 860.324707031
eeg 850.454833984 812.620300293 843.874938965 863.614685059
eeg 845.519897461 820.845214844 810.975280762 871.839599609
eeg 845.519897461 806.040344238 850.454833984 850.454833984
eeg 848.809875488 797.815490723 848.809875488 861.969726562
eeg 845.519897461 806.040344238 843.874938965 847.164855957
eeg 847.164855957 824.135131836 845.519897461 853.744812012
a 0.201623275876 0.0750662460923 0.0734538957477 0.243447631598
b 0.135929241776 0.0776629596949 0.089462980628 0.369751185179
d 0.4054248631 0.64315199852 0.686577677727 0.104365572333
g 0.0807107388973 0.0417961925268 0.0443408936262 0.201310157776
t 0.176311895251 0.162322625518 0.106164574623 0.0811254531145
h 1.0 1.0 1.0 1.0
c 0.231123745441
Aa 0.940737724304 0.716778635979 0.942791938782 0.43501546979
Ab 0.769509971142 0.731547892094 1.0284204483 0.616519510746
Ad 1.24410748482 1.64964747429 1.91346669197 0.0671671777964
Ag 0.543128371239 0.462470620871 0.723581492901 0.352475613356
At 0.882478713989 1.05171298981 1.10275673866 -0.0422329381108
as 1.0 0.732394337654 0.840579688549 0.594202876091
bs 1.0 1.0 0.649999976158 1.0
ds 0.707964599133 1.0 1.0 0.0
gs 1.0 0.258064508438 0.0 0.847826063633
ts 0.803921580315 1.0 0.87619048357 0.0408163256943
eeg 848.809875488 817.555236816 801.105407715 853.744812012
eeg 840.584960938 822.49017334 825.780151367 842.229919434
eeg 845.519897461 809.330322266 820.845214844 848.809875488
eeg 837.29498291 797.815490723 809.330322266 842.229919434
eeg 840.584960938 827.425109863 807.68536377 838.940002441
eeg 842.229919434 815.91027832 797.815490723 845.519897461
eeg 829.070068359 802.750427246 835.650024414 847.164855957
eeg 832.360046387 802.750427246 809.330322266 850.454833984
eeg 832.360046387 789.590576172 827.425109863 838.940002441
eeg 832.360046387 812.620300293 809.330322266 842.229919434
eeg 843.874938965 830.715087891 810.975280762 837.29498291
eeg 842.229919434 806.040344238 804.395385742 838.940002441
eeg 838.940002441 822.49017334 807.68536377 843.874938965
eeg 837.29498291 812.620300293 789.590576172 835.650024414
eeg 850.454833984 809.330322266 768.205810547 843.874938965
eeg 857.034729004 809.330322266 783.010620117 847.164855957
eeg 807.68536377 807.68536377 789.590576172 834.005004883
eeg 814.265258789 825.780151367 817.555236816 837.29498291
eeg 801.105407715 824.135131836 806.040344238 827.425109863
eeg 809.330322266 842.229919434 802.750427246 827.425109863
eeg 834.005004883 819.200195312 769.850830078 835.650024414
eeg 814.265258789 819.200195312 778.075683594 832.360046387
a 0.201623275876 0.0775748714805 0.0693414881825 0.243447631598
b 0.135929241776 0.0858657062054 0.0945162922144 0.369751185179
d 0.4054248631 0.6352429986 0.690549433231 0.104365572333
g 0.0807107388973 0.0471704751253 0.0446317009628 0.201310157776
t 0.176311895251 0.154145985842 0.100961059332 0.0811254531145
h 1.0 1.0 1.0 1.0
c 0.246553093195
Aa 0.940737724304 0.731788337231 0.906462728977 0.43501546979
Ab 0.769509971142 0.775887072086 1.04097628593 0.616519510746
Ad 1.24410748482 1.64500713348 1.90466439724 0.0671671777964
Ag 0.543128371239 0.515737533569 0.715113043785 0.352475613356
At 0.882478713989 1.02999949455 1.06962347031 -0.0422329381108
as 1.0 0.760563373566 0.782608687878 0.594202876091
bs 1.0 1.0 0.699999988079 1.0
ds 0.707964599133 1.0 1.0 0.0
gs 1.0 0.419354826212 0.0 0.847826063633
ts 0.803921580315 0.981132090092 0.847619056702 0.0408163256943
eeg 819.200195312 824.135131836 778.075683594 830.715087891
eeg 830.715087891 822.49017334 753.401000977 834.005004883
eeg 827.425109863 824.135131836 768.205810547 832.360046387
eeg 830.715087891 815.91027832 786.300598145 830.715087891
eeg 817.555236816 819.200195312 792.880554199 824.135131836
eeg 835.650024414 804.395385742 761.625915527 832.360046387
eeg 837.29498291 809.330322266 773.14074707 832.360046387
eeg 827.425109863 812.620300293 753.401000977 832.360046387
eeg 832.360046387 796.170471191 738.596191406 843.874938965
eeg 832.360046387 802.750427246 761.625915527 843.874938965
eeg 834.005004883 812.620300293 718.856384277 845.519897461
eeg 832.360046387 806.040344238 692.536743164 840.584960938
eeg 838.940002441 804.395385742 699.116638184 840.584960938
eeg 825.780151367 810.975280762 745.176086426 834.005004883
eeg 830.715087891 827.425109863 723.791320801 834.005004883
eeg 822.49017334 807.68536377 717.211425781 837.29498291
eeg 815.91027832 812.620300293 684.311828613 838.940002441
eeg 825.780151367 791.235534668 646.477294922 840.584960938
eeg 825.780151367 789.590576172 648.122253418 837.29498291
eeg 830.715087891 810.975280762 611.932678223 838.940002441
eeg 832.360046387 797.815490723 565.87322998 837.29498291
eeg 832.360046387 789.590576172 556.003356934 843.874938965
a 0.201623275876 0.0791945159435 0.0597744546831 0.243447631598
b 0.135929241776 0.0947643220425 0.098310418427 0.369751185179
d 0.4054248631 0.62501502037 0.700199067593 0.104365572333
g 0.0807107388973 0.0546013228595 0.0449522025883 0.201310157776
t 0.176311895251 0.146424815059 0.096763856709 0.0811254531145
h 1.0 1.0 4.0 1.0
c 0.261982440948
Aa 0.940737724304 0.739044129848 0.82935833931 0.43501546979
Ab 0.769509971142 0.816993892193 1.04544222355 0.616519510746
Ad 1.24410748482 1.63623952866 1.89806425571 0.0671671777964
Ag 0.543128371239 0.577552199364 0.705593645573 0.352475613356
At 0.882478713989 1.00596368313 1.03855586052 -0.0422329381108
as 1.0 0.774647891521 0.681159436703 0.594202876091
bs 1.0 1.0 0.699999988079 1.0
ds 0.707964599133 1.0 1.0 0.0
gs 1.0 0.612903237343 0.0 0.847826063633
ts 0.803921580315 0.952830195427 0.819047629833 0.0408163256943
eeg 838.940002441 796.170471191 559.293334961 847.164855957
eeg 840.584960938 797.815490723 549.423461914 848.809875488
eeg 835.650024414 794.525512695 567.518188477 850.454833984
eeg 840.584960938 801.105407715 557.64831543 853.744812012
eeg 842.229919434 787.945556641 547.778442383 860.324707031
eeg 840.584960938 799.460449219 570.808166504 853.744812012
eeg 845.519897461 799.460449219 531.328674316 858.679748535
eeg 837.29498291 784.655639648 544.488464355 855.389770508
eeg 842.229919434 787.945556641 536.26361084 857.034729004
eeg 840.584960938 802.750427246 564.228271484 848.809875488
eeg 835.650024414 789.590576172 600.41784668 852.09979248
eeg 830.715087891 794.525512695 593.837890625 848.809875488
eeg 835.650024414 791.235534668 595.482910156 855.389770508
eeg 832.360046387 778.075683594 559.293334961 853.744812012
eeg 838.940002441 789.590576172 577.388122559 850.454833984
eeg 832.360046387 787.945556641 606.997741699 850.454833984
eeg 832.360046387 783.010620117 600.41784668 845.519897461
eeg 834.005004883 787.945556641 585.612976074 847.164855957
eeg 834.005004883 784.655639648 592.192932129 847.164855957
eeg 832.360046387 786.300598145 598.772827148 847.164855957
eeg 829.070068359 786.300598145 572.453186035 848.809875488
eeg 832.360046387 787.945556641 602.062805176 855.389770508
a 0.201623275876 0.0872863307595 0.0477092266083 0.243447631598
b 0.135929241776 0.102847747505 0.0995702967048 0.369751185179
d 0.4054248631 0.608332514763 0.713375210762 0.104365572333
g 0.0807107388973 0.0624646730721 0.0458290167153 0.201310157776
t 0.176311895251 0.139068722725 0.0935162752867 0.0811254531145
h 1.0 1.0 4.0 1.0
c 0.277411788702
Aa 0.940737724304 0.779540777206 0.719869971275 0.43501546979
Ab 0.769509971142 0.850789308548 1.03939735889 0.616519510746
Ad 1.24410748482 1.62273550034 1.89458560944 0.0671671777964
Ag 0.543128371239 0.634229004383 0.702408134937 0.352475613356
At 0.882478713989 0.981823980808 1.01215481758 -0.0422329381108
as 1.0 0.83098590374 0.521739125252 0.594202876091
bs 1.0 1.0 0.699999988079 1.0
ds 0.707964599133 1.0 1.0 0.0
gs 1.0 0.806451618671 0.0 0.847826063633
ts 0.803921580315 0.933333337307 0.790476202965 0.0408163256943
eeg 837.29498291 787.945556641 598.772827148 852.09979248
eeg 829.070068359 781.365661621 603.707763672 848.809875488
eeg 829.070068359 781.365661621 628.382507324 845.519897461
eeg 825.780151367 787.945556641 593.837890625 842.229919434
eeg 825.780151367 794.525512695 608.642700195 847.164855957
eeg 819.200195312 796.170471191 602.062805176 850.454833984
eeg 825.780151367 791.235534668 595.482910156 845.519897461
eeg 835.650024414 781.365661621 605.352783203 857.034729004
eeg 837.29498291 783.010620117 626.737487793 848.809875488
eeg 837.29498291 796.170471191 633.317443848 855.389770508
eeg 834.005004883 789.590576172 630.02746582 860.324707031
eeg 825.780151367 801.105407715 631.672424316 845.519897461
eeg 825.780151367 794.525512695 620.157592773 842.229919434
eeg 834.005004883 787.945556641 625.092529297 847.164855957
eeg 827.425109863 794.525512695 600.41784668 847.164855957
eeg 837.29498291 776.430725098 606.997741699 860.324707031
eeg 829.070068359 784.655639648 666.217041016 852.09979248
eeg 819.200195312 794.525512695 653.057189941 835.650024414
eeg 820.845214844 789.590576172 672.796936035 838.940002441
eeg 827.425109863 804.395385742 656.347167969 825.780151367
eeg 834.005004883 796.170471191 653.057189941 842.229919434
eeg 825.780151367 794.525512695 662.927062988 837.29498291
a 0.201623275876 0.0926228761673 0.0407175384462 0.243447631598
b 0.135929241776 0.110753722489 0.0982199162245 0.369751185179
d 0.4054248631 0.591939210892 0.722667694092 0.104365572333
g 0.0807107388973 0.0703827291727 0.0478520169854 0.201310157776
t 0.176311895251 0.13430146873 0.0905428081751 0.0811254531145
h 1.0 1.0 4.0 1.0
c 0.292841136456
Aa 0.940737724304 0.797663629055 0.640215873718 0.43501546979
Ab 0.769509971142 0.875303685665 1.02263391018 0.616519510746
Ad 1.24410748482 1.60322248936 1.88937306404 0.0671671777964
Ag 0.543128371239 0.67841142416 0.710334599018 0.352475613356
At 0.882478713989 0.959026098251 0.987288355827 -0.0422329381108
as 1.0 0.845070421696 0.405797094107 0.594202876091
bs 1.0 1.0 0.600000023842 1.0
ds 0.707964599133 1.0 1.0 0.0
gs 1.0 0.967741906643 0.0 0.847826063633
ts 0.803921580315 0.914285719395 0.761904776096 0.0408163256943
eeg 824.135131836 792.880554199 669.507019043 834.005004883
eeg 817.555236816 794.525512695 677.731872559 835.650024414
eeg 819.200195312 789.590576172 671.151977539 830.715087891
eeg 825.780151367 791.235534668 679.37689209 835.650024414
eeg 825.780151367 796.170471191 671.151977539 842.229919434
eeg 827.425109863 792.880554199 704.051574707 845.519897461
eeg 837.29498291 787.945556641 708.98651123 840.584960938
eeg 830.715087891 787.945556641 681.021850586 843.874938965
eeg 830.715087891 794.525512695 715.566467285 835.650024414
eeg 835.650024414 796.170471191 712.276489258 835.650024414
eeg 825.780151367 802.750427246 727.081298828 840.584960938
eeg 830.715087891 797.815490723 723.791320801 842.229919434
eeg 832.360046387 810.975280762 694.18170166 843.874938965
eeg 842.229919434 819.200195312 713.921447754 842.229919434
eeg 845.519897461 804.395385742 745.176086426 842.229919434
eeg 829.070068359 814.265258789 746.821105957 837.29498291
eeg 820.845214844 804.395385742 740.241149902 837.29498291
eeg 825.780151367 802.750427246 730.371276855 845.519897461
eeg 835.650024414 810.975280762 733.661254883 830.715087891
eeg 838.940002441 797.815490723 728.726318359 840.584960938
eeg 838.940002441 801.105407715 740.241149902 840.584960938
eeg 830.715087891 797.815490723 746.821105957 838.940002441
a 0.201623275876 0.092078641057 0.0407175384462 0.243447631598
b 0.135929241776 0.11837784946 0.0982199162245 0.369751185179
d 0.4054248631 0.57846724987 0.722667694092 0.104365572333
g 0.0807107388973 0.0779589936137 0.0478520169854 0.201310157776
t 0.176311895251 0.13311727345 0.0905428081751 0.0811254531145
h 1.0 1.0 4.0 1.0
c 0.308270484209
Aa 0.940737724304 0.780722856522 0.640215873718 0.43501546979
Ab 0.769509971142 0.889834403992 1.02263391018 0.616519510746
Ad 1.24410748482 1.57884275913 1.88937306404 0.0671671777964
Ag 0.543128371239 0.708430171013 0.710334599018 0.352475613356
At 0.882478713989 0.940798401833 0.987288355827 -0.0422329381108
as 1.0 0.842857122421 0.405797094107 0.594202876091
bs 1.0 1.0 0.600000023842 1.0
ds 0.707964599133 0.979797959328 1.0 0.0
gs 1.0 1.0 0.0 0.847826063633
ts 0.803921580315 0.895238101482 0.761904776096 0.0408163256943
eeg 820.845214844 791.235534668 741.886108398 845.519897461
eeg 832.360046387 801.105407715 736.951171875 840.584960938
eeg 824.135131836 801.105407715 741.886108398 842.229919434
eeg 824.135131836 817.555236816 763.270874023 835.650024414
eeg 824.135131836 797.815490723 748.466064453 843.874938965
eeg 824.135131836 799.460449219 743.53112793 837.29498291
eeg 830.715087891 799.460449219 755.045959473 835.650024414
eeg 840.584960938 799.460449219 746.821105957 845.519897461
eeg 838.940002441 796.170471191 758.3359375 834.005004883
eeg 827.425109863 796.170471191 745.176086426 842.229919434
eeg 835.650024414 812.620300293 727.081298828 847.164855957
eeg 827.425109863 814.265258789 763.270874023 835.650024414
eeg 822.49017334 819.200195312 759.980895996 840.584960938
eeg 835.650024414 804.395385742 756.690979004 845.519897461
eeg 822.49017334 799.460449219 746.821105957 838.940002441
eeg 827.425109863 807.68536377 753.401000977 843.874938965
eeg 835.650024414 806.040344238 764.91583252 834.005004883
eeg 825.780151367 804.395385742 761.625915527 832.360046387
eeg 842.229919434 809.330322266 745.176086426 853.744812012
eeg 842.229919434 796.170471191 723.791320801 848.809875488
eeg 835.650024414 791.235534668 763.270874023 845.519897461
eeg 832.360046387 794.525512695 766.560852051 838.940002441
a 0.201623275876 0.0907135382295 0.0407175384462 0.243447631598
b 0.135929241776 0.123848840594 0.0982199162245 0.369751185179
d 0.4054248631 0.567884743214 0.722667694092 0.104365572333
g 0.0807107388973 0.0839286521077 0.0478520169854 0.201310157776
t 0.176311895251 0.133624196053 0.0905428081751 0.0811254531145
h 1.0 1.0 2.0 1.0
c 0.323699831963
Aa 0.940737724304 0.760060846806 0.640215873718 0.43501546979
Ab 0.769509971142 0.895280659199 1.02263391018 0.616519510746
Ad 1.24410748482 1.55664896965 1.88937306404 0.0671671777964
Ag 0.543128371239 0.726298987865 0.710334599018 0.352475613356
At 0.882478713989 0.928273797035 0.987288355827 -0.0422329381108
as 1.0 0.814285695553 0.405797094107 0.594202876091
bs 1.0 1.0 0.600000023842 1.0
ds 0.707964599133 0.959183692932 1.0 0.0
gs 1.0 1.0 0.0 0.847826063633
ts 0.803921580315 0.884615361691 0.761904776096 0.0408163256943
eeg 822.49017334 786.300598145 783.010620117 832.360046387
eeg 829.070068359 799.460449219 773.14074707 837.29498291
eeg 825.780151367 809.330322266 764.91583252 840.584960938
eeg 825.780151367 799.460449219 779.720703125 837.29498291
eeg 829.070068359 814.265258789 763.270874023 847.164855957
eeg 827.425109863 817.555236816 764.91583252 845.519897461
eeg 835.650024414 814.265258789 751.75604248 840.584960938
eeg 832.360046387 807.68536377 784.655639648 850.454833984
eeg 824.135131836 804.395385742 794.525512695 838.940002441
eeg 830.715087891 801.105407715 781.365661621 845.519897461
eeg 830.715087891 807.68536377 774.785766602 842.229919434
eeg 829.070068359 819.200195312 773.14074707 843.874938965
eeg 832.360046387 814.265258789 781.365661621 842.229919434
eeg 827.425109863 806.040344238 784.655639648 840.584960938
eeg 824.135131836 806.040344238 786.300598145 834.005004883
eeg 834.005004883 802.750427246 753.401000977 837.29498291
eeg 825.780151367 802.750427246 766.560852051 838.940002441
eeg 827.425109863 806.040344238 799.460449219 848.809875488
eeg 822.49017334 804.395385742 787.945556641 840.584960938
eeg 829.070068359 797.815490723 806.040344238 834.005004883
eeg 830.715087891 814.265258789 781.365661621 842.229919434
eeg 830.715087891 817.555236816 792.880554199 838.940002441
a 0.201623275876 0.0924192667007 0.0407175384462 0.243447631598
b 0.135929241776 0.12583579123 0.0982199162245 0.369751185179
d 0.4054248631 0.560707509518 0.722667694092 0.104365572333
g 0.0807107388973 0.0873758345842 0.0478520169854 0.201310157776
t 0.176311895251 0.133661583066 0.0905428081751 0.0811254531145
h 1.0 1.0 2.0 1.0
c 0.339129179716
Aa 0.940737724304 0.760060846806 0.640215873718 0.43501546979
Ab 0.769509971142 0.89410251379 1.02263391018 0.616519510746
Ad 1.24410748482 1.54303467274 1.88937306404 0.0671671777964
Ag 0.543128371239 0.735689640045 0.710334599018 0.352475613356
At 0.882478713989 0.920304894447 0.987288355827 -0.0422329381108
as 1.0 0.826086938381 0.405797094107 0.594202876091
bs 1.0 1.0 0.600000023842 1.0
ds 0.707964599133 0.95876288414 1.0 0.0
gs 1.0 1.0 0.0 0.847826063633
ts 0.803921580315 0.875 0.761904776096 0.0408163256943
eeg 830.715087891 809.330322266 783.010620117 852.09979248
eeg 832.360046387 817.555236816 761.625915527 832.360046387
eeg 822.49017334 812.620300293 774.785766602 825.780151367
eeg 825.780151367 806.040344238 771.495788574 830.715087891
eeg 820.845214844 812.620300293 773.14074707 825.780151367
eeg 820.845214844 806.040344238 797.815490723 832.360046387
eeg 825.780151367 807.68536377 799.460449219 830.715087891
eeg 819.200195312 812.620300293 789.590576172 827.425109863
eeg 827.425109863 810.975280762 797.815490723 837.29498291
eeg 824.135131836 809.330322266 796.170471191 834.005004883
eeg 824.135131836 809.330322266 784.655639648 832.360046387
eeg 819.200195312 810.975280762 786.300598145 840.584960938
eeg 817.555236816 806.040344238 787.945556641 825.780151367
eeg 822.49017334 804.395385742 789.590576172 848.809875488
eeg 822.49017334 820.845214844 797.815490723 827.425109863
eeg 824.135131836 817.555236816 802.750427246 829.070068359
eeg 825.780151367 815.91027832 791.235534668 834.005004883
eeg 824.135131836 817.555236816 778.075683594 822.49017334
eeg 822.49017334 810.975280762 784.655639648 825.780151367
eeg 822.49017334 820.845214844 769.850830078 838.940002441
eeg 827.425109863 822.49017334 774.785766602 835.650024414
eeg 825.780151367 814.265258789 809.330322266 819.200195312
a 0.201623275876 0.0930438935757 0.0407175384462 0.243447631598
b 0.135929241776 0.125777229667 0.0982199162245 0.369751185179
d 0.4054248631 0.559290111065 0.722667694092 0.104365572333
g 0.0807107388973 0.0893547460437 0.0478520169854 0.201310157776
t 0.176311895251 0.132534042001 0.0905428081751 0.0811254531145
h 1.0 1.0 2.0 1.0
c 0.35455852747
Aa 0.940737724304 0.757416248322 0.640215873718 0.43501546979
Ab 0.769509971142 0.888330459595 1.02263391018 0.616519510746
Ad 1.24410748482 1.53636550903 1.88937306404 0.0671671777964
Ag 0.543128371239 0.739846050739 0.710334599018 0.352475613356
At 0.882478713989 0.911055803299 0.987288355827 -0.0422329381108
as 1.0 0.811594188213 0.405797094107 0.594202876091
bs 1.0 1.0 0.600000023842 1.0
ds 0.707964599133 0.947916686535 1.0 0.0
gs 1.0 1.0 0.0 0.847826063633
ts 0.803921580315 0.865384638309 0.761904776096 0.0408163256943
eeg 827.425109863 812.620300293 783.010620117 830.715087891
eeg 820.845214844 814.265258789 802.750427246 815.91027832
eeg 810.975280762 810.975280762 768.205810547 835.650024414
eeg 815.91027832 806.040344238 761.625915527 837.29498291
eeg 817.555236816 802.750427246 789.590576172 824.135131836
eeg 817.555236816 814.265258789 787.945556641 825.780151367
eeg 817.555236816 814.265258789 789.590576172 834.005004883
eeg 819.200195312 809.330322266 779.720703125 840.584960938
eeg 812.620300293 817.555236816 804.395385742 824.135131836
eeg 820.845214844 810.975280762 761.625915527 822.49017334
eeg 825.780151367 814.265258789 771.495788574 830.715087891
eeg 819.200195312 814.265258789 806.040344238 834.005004883
eeg 820.845214844 810.975280762 789.590576172 842.229919434
eeg 815.91027832 807.68536377 792.880554199 837.29498291
eeg 822.49017334 809.330322266 781.365661621 829.070068359
eeg 827.425109863 820.845214844 779.720703125 832.360046387
eeg 827.425109863 815.91027832 789.590576172 837.29498291
eeg 827.425109863 817.555236816 773.14074707 835.650024414
eeg 822.49017334 819.200195312 759.980895996 832.360046387
eeg 822.49017334 802.750427246 778.075683594 830.715087891
eeg 822.49017334 796.170471191 806.040344238 835.650024414
eeg 822.49017334 799.460449219 802.750427246 840.584960938
a 0.201623275876 0.0940744876862 0.0407175384462 0.243447631598
b 0.135929241776 0.125801250339 0.0982199162245 0.369751185179
d 0.4054248631 0.558990120888 0.722667694092 0.104365572333
g 0.0807107388973 0.0914637371898 0.0478520169854 0.201310157776
t 0.176311895251 0.129670381546 0.0905428081751 0.0811254531145
h 1.0 1.0 2.0 1.0
c 0.369987875223
Aa 0.940737724304 0.753754913807 0.640215873718 0.43501546979
Ab 0.769509971142 0.879968047142 1.02263391018 0.616519510746
Ad 1.24410748482 1.52768719196 1.88937306404 0.0671671777964
Ag 0.543128371239 0.741532027721 0.710334599018 0.352475613356
At 0.882478713989 0.893123865128 0.987288355827 -0.0422329381108
as 1.0 0.811594188213 0.405797094107 0.594202876091
bs 1.0 1.0 0.600000023842 1.0
ds 0.707964599133 0.9375 1.0 0.0
gs 1.0 1.0 0.0 0.847826063633
ts 0.803921580315 0.846153855324 0.761904776096 0.0408163256943
eeg 825.780151367 809.330322266 764.91583252 840.584960938
eeg 812.620300293 817.555236816 776.430725098 840.584960938
eeg 817.555236816 814.265258789 787.945556641 830.715087891
eeg 815.91027832 810.975280762 801.105407715 827.425109863
eeg 820.845214844 807.68536377 806.040344238 843.874938965
eeg 829.070068359 817.555236816 783.010620117 852.09979248
eeg 820.845214844 815.91027832 773.14074707 827.425109863
eeg 820.845214844 817.555236816 814.265258789 832.360046387
eeg 815.91027832 812.620300293 806.040344238 829.070068359
eeg 825.780151367 812.620300293 794.525512695 835.650024414
eeg 837.29498291 819.200195312 812.620300293 847.164855957
eeg 835.650024414 812.620300293 778.075683594 840.584960938
eeg 825.780151367 810.975280762 786.300598145 832.360046387
eeg 820.845214844 817.555236816 806.040344238 830.715087891
eeg 822.49017334 804.395385742 792.880554199 830.715087891
eeg 819.200195312 810.975280762 801.105407715 827.425109863
eeg 819.200195312 806.040344238 773.14074707 832.360046387
eeg 822.49017334 810.975280762 794.525512695 838.940002441
eeg 820.845214844 817.555236816 815.91027832 829.070068359
eeg 830.715087891 801.105407715 812.620300293 832.360046387
eeg 822.49017334 784.655639648 817.555236816 827.425109863
eeg 809.330322266 812.620300293 802.750427246 817.555236816
a 0.201623275876 0.100544914603 0.0407175384462 0.243447631598
b 0.135929241776 0.127606451511 0.0982199162245 0.369751185179
d 0.4054248631 0.552604198456 0.722667694092 0.104365572333
g 0.0807107388973 0.0948737934232 0.0478520169854 0.201310157776
t 0.176311895251 0.124370634556 0.0905428081751 0.0811254531145
h 1.0 1.0 2.0 1.0
c 0.385417222977
Aa 0.940737724304 0.767397522926 0.640215873718 0.43501546979
Ab 0.769509971142 0.870910108089 1.02263391018 0.616519510746
Ad 1.24410748482 1.50745165348 1.88937306404 0.0671671777964
Ag 0.543128371239 0.742183685303 0.710334599018 0.352475613356
At 0.882478713989 0.859755277634 0.987288355827 -0.0422329381108
as 1.0 0.838235318661 0.405797094107 0.594202876091
bs 1.0 1.0 0.600000023842 1.0
ds 0.707964599133 0.916666686535 1.0 0.0
gs 1.0 1.0 0.0 0.847826063633
ts 0.803921580315 0.817307710648 0.761904776096 0.0408163256943
eeg 814.265258789 819.200195312 783.010620117 827.425109863
eeg 812.620300293 820.845214844 804.395385742 824.135131836
eeg 820.845214844 809.330322266 806.040344238 830.715087891
eeg 827.425109863 817.555236816 792.880554199 834.005004883
eeg 820.845214844 819.200195312 806.040344238 827.425109863
eeg 822.49017334 824.135131836 792.880554199 842.229919434
eeg 815.91027832 804.395385742 787.945556641 838.940002441
eeg 820.845214844 783.010620117 819.200195312 843.874938965
eeg 827.425109863 807.68536377 812.620300293 843.874938965
eeg 819.200195312 832.360046387 815.91027832 829.070068359
eeg 812.620300293 807.68536377 794.525512695 819.200195312
eeg 814.265258789 807.68536377 779.720703125 822.49017334
eeg 815.91027832 796.170471191 791.235534668 825.780151367
eeg 822.49017334 806.040344238 802.750427246 827.425109863
eeg 814.265258789 820.845214844 812.620300293 835.650024414
eeg 815.91027832 807.68536377 774.785766602 825.780151367
eeg 817.555236816 819.200195312 825.780151367 830.715087891
eeg 819.200195312 820.845214844 825.780151367 835.650024414
eeg 834.005004883 814.265258789 824.135131836 837.29498291
eeg 822.49017334 802.750427246 843.874938965 819.200195312
eeg 822.49017334 810.975280762 804.395385742 824.135131836
eeg 824.135131836 814.265258789 822.49017334 825.780151367
a 0.201623275876 0.10837174207 0.0407175384462 0.243447631598
b 0.135929241776 0.132963344455 0.0982199162245 0.369751185179
d 0.4054248631 0.540460884571 0.722667694092 0.104365572333
g 0.0807107388973 0.100803464651 0.0478520169854 0.201310157776
t 0.176311895251 0.117400594056 0.0905428081751 0.0811254531145
h 1.0 1.0 2.0 1.0
c 0.40084657073
Aa 0.940737724304 0.772991359234 0.640215873718 0.43501546979
Ab 0.769509971142 0.861807227135 1.02263391018 0.616519510746
Ad 1.24410748482 1.47083950043 1.88937306404 0.0671671777964
Ag 0.543128371239 0.74155074358 0.710334599018 0.352475613356
At 0.882478713989 0.807745575905 0.987288355827 -0.0422329381108
as 1.0 0.852941155434 0.405797094107 0.594202876091
bs 1.0 1.0 0.600000023842 1.0
ds 0.707964599133 0.885416686535 1.0 0.0
gs 1.0 1.0 0.0 0.847826063633
ts 0.803921580315 0.759615361691 0.761904776096 0.0408163256943
eeg 822.49017334 812.620300293 812.620300293 829.070068359
eeg 824.135131836 814.265258789 801.105407715 837.29498291
eeg 819.200195312 810.975280762 815.91027832 834.005004883
eeg 810.975280762 817.555236816 812.620300293 840.584960938
eeg 815.91027832 814.265258789 835.650024414 835.650024414
eeg 819.200195312 799.460449219 817.555236816 845.519897461
eeg 832.360046387 802.750427246 806.040344238 857.034729004
eeg 829.070068359 812.620300293 806.040344238 834.005004883
eeg 820.845214844 824.135131836 824.135131836 835.650024414
eeg 824.135131836 822.49017334 827.425109863 824.135131836
eeg 820.845214844 814.265258789 829.070068359 829.070068359
eeg 834.005004883 820.845214844 842.229919434 843.874938965
eeg 845.519897461 827.425109863 835.650024414 830.715087891
eeg 804.395385742 820.845214844 827.425109863 814.265258789
eeg 819.200195312 822.49017334 815.91027832 824.135131836
eeg 799.460449219 817.555236816 807.68536377 830.715087891
eeg 802.750427246 820.845214844 824.135131836 830.715087891
eeg 810.975280762 830.715087891 843.874938965 820.845214844
eeg 809.330322266 832.360046387 850.454833984 824.135131836
eeg 814.265258789 829.070068359 840.584960938 822.49017334
eeg 822.49017334 824.135131836 843.874938965 824.135131836
eeg 827.425109863 814.265258789 832.360046387 829.070068359
a 0.201623275876 0.118055731058 0.0407175384462 0.243447631598
b 0.135929241776 0.141464754939 0.0982199162245 0.369751185179
d 0.4054248631 0.522876977921 0.722667694092 0.104365572333
g 0.0807107388973 0.109426565468 0.0478520169854 0.201310157776
t 0.176311895251 0.108175963163 0.0905428081751 0.0811254531145
h 1.0 1.0 1.0 1.0
c 0.416275918484
Aa 0.940737724304 0.771130979061 0.640215873718 0.43501546979
Ab 0.769509971142 0.849692106247 1.02263391018 0.616519510746
Ad 1.24410748482 1.41744339466 1.88937306404 0.0671671777964
Ag 0.543128371239 0.738166689873 0.710334599018 0.352475613356
At 0.882478713989 0.733174681664 0.987288355827 -0.0422329381108
as 1.0 0.852941155434 0.405797094107 0.594202876091
bs 1.0 1.0 0.600000023842 1.0
ds 0.707964599133 0.822916686535 1.0 0.0
gs 1.0 1.0 0.0 0.847826063633
ts 0.803921580315 0.692307710648 0.761904776096 0.0408163256943
eeg 824.135131836 832.360046387 834.005004883 820.845214844
eeg 832.360046387 835.650024414 832.360046387 830.715087891
eeg 832.360046387 835.650024414 830.715087891 840.584960938
eeg 829.070068359 825.780151367 815.91027832 840.584960938
eeg 832.360046387 834.005004883 814.265258789 843.874938965
eeg 834.005004883 820.845214844 843.874938965 845.519897461
eeg 838.940002441 814.265258789 840.584960938 840.584960938
eeg 838.940002441 832.360046387 840.584960938 845.519897461
eeg 837.29498291 829.070068359 842.229919434 837.29498291
eeg 834.005004883 827.425109863 815.91027832 847.164855957
eeg 830.715087891 830.715087891 829.070068359 835.650024414
eeg 832.360046387 810.975280762 819.200195312 838.940002441
eeg 832.360046387 824.135131836 802.750427246 848.809875488
eeg 837.29498291 837.29498291 815.91027832 835.650024414
eeg 843.874938965 834.005004883 850.454833984 847.164855957
eeg 835.650024414 822.49017334 838.940002441 842.229919434
eeg 834.005004883 817.555236816 824.135131836 853.744812012
eeg 837.29498291 809.330322266 824.135131836 858.679748535
eeg 842.229919434 807.68536377 814.265258789 845.519897461
eeg 834.005004883 825.780151367 829.070068359 843.874938965
eeg 838.940002441 820.845214844 829.070068359 855.389770508
eeg 835.650024414 819.200195312 810.975280762 853.744812012
a 0.218779370189 0.129621088505 0.0407175384462 0.156124576926
b 0.25087839365 0.152199521661 0.0982199162245 0.172095343471
d 0.198922738433 0.500745177269 0.722667694092 0.41696819663
g 0.270564705133 0.120838306844 0.0478520169854 0.188589766622
t 0.0608547888696 0.0965958759189 0.0905428081751 0.0662221238017
h 1.0 1.0 1.0 1.0
c 0.416275918484
Aa 0.25048622489 0.761954545975 0.640215873718 0.129305690527
Ab 0.309943109751 0.831692159176 1.02263391018 0.171603530645
Ad 0.20916429162 1.34889566898 1.88937306404 0.555937349796
Ag 0.342750966549 0.731483519077 0.710334599018 0.211352542043
At -0.305225402117 0.634237468243 0.987288355827 -0.243162482977
as 0.316831678152 0.838235318661 0.405797094107 0.15942029655
bs 0.159999996424 1.0 0.600000023842 0.0
ds 0.0 0.760416686535 1.0 0.239316239953
gs 0.642857134342 0.972222208977 0.0 0.543478250504
ts 0.0 0.592233002186 0.761904776096 0.0
eeg 835.650024414 810.975280762 814.265258789 858.679748535
eeg 835.650024414 809.330322266 812.620300293 843.874938965
eeg 835.650024414 806.040344238 802.750427246 847.164855957
eeg 834.005004883 810.975280762 825.780151367 843.874938965
eeg 842.229919434 822.49017334 822.49017334 855.389770508
eeg 850.454833984 820.845214844 822.49017334 857.034729004
eeg 848.809875488 827.425109863 822.49017334 845.519897461
eeg 838.940002441 817.555236816 807.68536377 860.324707031
eeg 845.519897461 814.265258789 825.780151367 857.034729004
eeg 848.809875488 814.265258789 809.330322266 857.034729004
eeg 850.454833984 809.330322266 807.68536377 866.904663086
eeg 845.519897461 812.620300293 814.265258789 852.09979248
eeg 842.229919434 810.975280762 812.620300293 855.389770508
eeg 840.584960938 806.040344238 809.330322266 853.744812012
eeg 847.164855957 820.845214844 794.525512695 855.389770508
eeg 840.584960938 806.040344238 778.075683594 863.614685059
eeg 842.229919434 804.395385742 807.68536377 847.164855957
eeg 838.940002441 810.975280762 809.330322266 855.389770508
eeg 835.650024414 802.750427246 801.105407715 855.389770508
eeg 832.360046387 804.395385742 810.975280762 842.229919434
eeg 842.229919434 799.460449219 787.945556641 850.454833984
eeg 822.49017334 802.750427246 791.235534668 845.519897461
a 0.234737038612 0.147062167525 0.0407175384462 0.173242822289
b 0.247990712523 0.162916585803 0.0982199162245 0.179689973593
d 0.196438282728 0.471974849701 0.722667694092 0.376892387867
g 0.262857049704 0.134376600385 0.0478520169854 0.197285622358
t 0.0579769164324 0.0836698040366 0.0905428081751 0.0728891789913
h 1.0 1.0 1.0 1.0
c 0.426346063614
Aa 0.28314486146 0.759737253189 0.640215873718 0.176729694009
Ab 0.306998670101 0.804201602936 1.02263391018 0.192598283291
Ad 0.205789387226 1.26615512371 1.88937306404 0.51429182291
Ag 0.33228290081 0.720559895039 0.710334599018 0.23316988349
At -0.324181616306 0.514805018902 0.987288355827 -0.199262499809
as 0.346534639597 0.838235318661 0.405797094107 0.217391297221
bs 0.140000000596 1.0 0.600000023842 0.0277777779847
ds 0.0 0.666666686535 1.0 0.205128207803
gs 0.619047641754 0.944444417953 0.0 0.586956501007
ts 0.0 0.475728154182 0.761904776096 0.0
eeg 838.940002441 806.040344238 779.720703125 853.744812012
eeg 834.005004883 806.040344238 761.625915527 860.324707031
eeg 835.650024414 814.265258789 820.845214844 863.614685059
eeg 845.519897461 796.170471191 799.460449219 857.034729004
eeg 835.650024414 804.395385742 817.555236816 838.940002441
eeg 838.940002441 804.395385742 797.815490723 852.09979248
eeg 829.070068359 806.040344238 783.010620117 847.164855957
eeg 843.874938965 804.395385742 792.880554199 855.389770508
eeg 837.29498291 802.750427246 796.170471191 860.324707031
eeg 837.29498291 806.040344238 778.075683594 850.454833984
eeg 838.940002441 797.815490723 771.495788574 853.744812012
eeg 832.360046387 810.975280762 774.785766602 855.389770508
eeg 845.519897461 802.750427246 753.401000977 861.969726562
eeg 845.519897461 797.815490723 778.075683594 866.904663086
eeg 858.679748535 799.460449219 786.300598145 868.549621582
eeg 853.744812012 792.880554199 769.850830078 855.389770508
eeg 837.29498291 799.460449219 783.010620117 855.389770508
eeg 840.584960938 806.040344238 773.14074707 853.744812012
eeg 834.005004883 801.105407715 761.625915527 834.005004883
eeg 837.29498291 796.170471191 750.111022949 852.09979248
eeg 843.874938965 792.880554199 743.53112793 853.744812012
eeg 838.940002441 796.170471191 750.111022949 850.454833984
a 0.242532357574 0.16652956605 0.0407175384462 0.199352607131
b 0.246074125171 0.172057449818 0.0982199162245 0.183596476912
d 0.199349015951 0.440783888102 0.722667694092 0.339483976364
g 0.252821803093 0.149235501885 0.0478520169854 0.197864726186
t 0.0592226907611 0.0713935792446 0.0905428081751 0.079702205956
h 1.0 1.0 1.0 1.0
c 0.436779230833
Aa 0.317501038313 0.751192271709 0.640215873718 0.260165810585
Ab 0.323797315359 0.765374422073 1.02263391018 0.224408194423
Ad 0.232345446944 1.17392659187 1.88937306404 0.491363167763
Ag 0.335545837879 0.703573048115 0.710334599018 0.256912231445
At -0.294780522585 0.383360058069 0.987288355827 -0.137985780835
as 0.386138617992 0.823529422283 0.405797094107 0.347826093435
bs 0.180000007153 0.909090936184 0.600000023842 0.111111111939
ds 0.0 0.572916686535 1.0 0.188034191728
gs 0.619047641754 0.888888895512 0.0 0.630434811115
ts 0.0 0.343137264252 0.761904776096 0.0
eeg 832.360046387 799.460449219 766.560852051 857.034729004
eeg 835.650024414 797.815490723 751.75604248 866.904663086
eeg 840.584960938 797.815490723 759.980895996 853.744812012
eeg 837.29498291 799.460449219 761.625915527 853.744812012
eeg 834.005004883 809.330322266 766.560852051 848.809875488
eeg 835.650024414 796.170471191 779.720703125 838.940002441
eeg 835.650024414 792.880554199 761.625915527 855.389770508
eeg 840.584960938 802.750427246 764.91583252 858.679748535
eeg 843.874938965 809.330322266 771.495788574 855.389770508
eeg 845.519897461 815.91027832 773.14074707 858.679748535
eeg 843.874938965 810.975280762 766.560852051 852.09979248
eeg 852.09979248 799.460449219 761.625915527 855.389770508
eeg 838.940002441 794.525512695 738.596191406 853.744812012
eeg 832.360046387 796.170471191 753.401000977 847.164855957
eeg 837.29498291 819.200195312 801.105407715 853.744812012
eeg 838.940002441 815.91027832 801.105407715 860.324707031
eeg 838.940002441 814.265258789 789.590576172 860.324707031
eeg 837.29498291 807.68536377 769.850830078 855.389770508
eeg 838.940002441 796.170471191 764.91583252 845.519897461
eeg 837.29498291 812.620300293 778.075683594 845.519897461
eeg 840.584960938 797.815490723 781.365661621 848.809875488
eeg 835.650024414 804.395385742 776.430725098 857.034729004
a 0.234340161085 0.188340678811 0.0407175384462 0.234876707196
b 0.245758667588 0.176850795746 0.0982199162245 0.179299369454
d 0.218965098262 0.411198109388 0.722667694092 0.316814363003
g 0.238373279572 0.162497878075 0.0478520169854 0.185470342636
t 0.0625627860427 0.0611125342548 0.0905428081751 0.0835392102599
h 1.0 1.0 1.0 1.0
c 0.447774261236
Aa 0.33553147316 0.742666363716 0.640215873718 0.375979721546
Ab 0.356193572283 0.715329229832 1.02263391018 0.258718550205
Ad 0.306059628725 1.0817732811 1.88937306404 0.505944669247
Ag 0.342942297459 0.67856991291 0.710334599018 0.273414254189
At -0.237999200821 0.253852516413 0.987288355827 -0.072969853878
as 0.396039605141 0.818181812763 0.405797094107 0.507246375084
bs 0.239999994636 0.757575750351 0.600000023842 0.222222223878
ds 0.0 0.479166656733 1.0 0.196581199765
gs 0.642857134342 0.833333313465 0.0 0.673913061619
ts 0.0 0.215686276555 0.761904776096 0.0204081628472
eeg 832.360046387 810.975280762 763.270874023 857.034729004
eeg 834.005004883 809.330322266 806.040344238 842.229919434
eeg 838.940002441 806.040344238 786.300598145 850.454833984
eeg 838.940002441 799.460449219 776.430725098 857.034729004
eeg 842.229919434 802.750427246 761.625915527 860.324707031
eeg 848.809875488 809.330322266 755.045959473 868.549621582
eeg 838.940002441 812.620300293 764.91583252 857.034729004
eeg 840.584960938 810.975280762 769.850830078 852.09979248
eeg 838.940002441 806.040344238 779.720703125 853.744812012
eeg 843.874938965 817.555236816 787.945556641 855.389770508
eeg 842.229919434 817.555236816 768.205810547 855.389770508
eeg 843.874938965 799.460449219 794.525512695 847.164855957
eeg 848.809875488 796.170471191 779.720703125 857.034729004
eeg 847.164855957 814.265258789 792.880554199 847.164855957
eeg 847.164855957 807.68536377 786.300598145 857.034729004
eeg 837.29498291 820.845214844 787.945556641 852.09979248
eeg 835.650024414 817.555236816 789.590576172 838.940002441
eeg 838.940002441 810.975280762 778.075683594 852.09979248
eeg 842.229919434 812.620300293 787.945556641 848.809875488
eeg 842.229919434 807.68536377 771.495788574 845.519897461
eeg 840.584960938 814.265258789 792.880554199 845.519897461
eeg 842.229919434 809.330322266 799.460449219 842.229919434
a 0.235969662666 0.19965235889 0.0407175384462 0.250575214624
b 0.238303467631 0.177532747388 0.0982199162245 0.172516018152
d 0.24535484612 0.395060092211 0.722667694092 0.321994364262
g 0.215216249228 0.17292805016 0.0478520169854 0.169753983617
t 0.0651557594538 0.0548267476261 0.0905428081751 0.0851604416966
h 1.0 1.0 1.0 1.0
c 0.458894342184
Aa 0.385569393635 0.707238316536 0.640215873718 0.450442612171
Ab 0.389843583107 0.656242370605 1.02263391018 0.288333922625
Ad 0.402507841587 1.00362706184 1.88937306404 0.559352755547
Ag 0.345588296652 0.644829332829 0.710334599018 0.281324505806
At -0.173333972692 0.145956367254 0.987288355827 -0.0182576067746
as 0.445544540882 0.757575750351 0.405797094107 0.623188376427
bs 0.319999992847 0.575757563114 0.600000023842 0.305555552244
ds 0.01680672355 0.395833343267 1.0 0.25
gs 0.642857134342 0.722222208977 0.0 0.688888907433
ts 0.0 0.107843138278 0.761904776096 0.0618556700647
eeg 840.584960938 804.395385742 779.720703125 847.164855957
eeg 837.29498291 801.105407715 802.750427246 861.969726562
eeg 848.809875488 807.68536377 804.395385742 855.389770508
eeg 848.809875488 822.49017334 797.815490723 858.679748535
eeg 842.229919434 829.070068359 812.620300293 848.809875488
eeg 848.809875488 820.845214844 792.880554199 842.229919434
eeg 842.229919434 806.040344238 786.300598145 847.164855957
eeg 840.584960938 812.620300293 802.750427246 840.584960938
eeg 848.809875488 815.91027832 807.68536377 842.229919434
eeg 838.940002441 822.49017334 783.010620117 848.809875488
eeg 843.874938965 817.555236816 810.975280762 848.809875488
eeg 843.874938965 799.460449219 819.200195312 840.584960938
eeg 837.29498291 817.555236816 802.750427246 853.744812012
eeg 834.005004883 829.070068359 825.780151367 838.940002441
eeg 845.519897461 824.135131836 802.750427246 858.679748535
eeg 845.519897461 814.265258789 801.105407715 850.454833984
eeg 842.229919434 804.395385742 812.620300293 837.29498291
eeg 837.29498291 809.330322266 819.200195312 843.874938965
eeg 830.715087891 824.135131836 797.815490723 847.164855957
eeg 834.005004883 815.91027832 812.620300293 843.874938965
eeg 835.650024414 812.620300293 802.750427246 835.650024414
eeg 830.715087891 817.555236816 784.655639648 847.164855957
a 0.246805876493 0.196628808975 0.0407175384462 0.24339941144
b 0.227615579963 0.173346728086 0.0982199162245 0.168367803097
d 0.265902400017 0.398918479681 0.722667694092 0.344738095999
g 0.192727580667 0.178562492132 0.0478520169854 0.158202454448
t 0.0669485479593 0.0525434724987 0.0905428081751 0.0852922275662
h 1.0 1.0 1.0 1.0
c 0.470014423132
Aa 0.448204517365 0.646942436695 0.640215873718 0.471575140953
Ab 0.413051009178 0.592210948467 1.02263391018 0.311514675617
Ad 0.480571299791 0.954179465771 1.88937306404 0.622744858265
Ag 0.340792864561 0.605085492134 0.710334599018 0.284468829632
At -0.118409834802 0.0738140419126 0.987288355827 0.016165047884
as 0.505050480366 0.67692309618 0.405797094107 0.652173936367
bs 0.360000014305 0.39393940568 0.600000023842 0.361111104488
ds 0.0840336158872 0.34375 1.0 0.298245608807
gs 0.642857134342 0.611111104488 0.0 0.688888907433
ts 0.0 0.0392156876624 0.761904776096 0.09375
eeg 842.229919434 822.49017334 815.91027832 843.874938965
eeg 842.229919434 827.425109863 830.715087891 855.389770508
eeg 850.454833984 819.200195312 810.975280762 857.034729004
eeg 840.584960938 819.200195312 825.780151367 847.164855957
eeg 838.940002441 820.845214844 819.200195312 847.164855957
eeg 835.650024414 824.135131836 810.975280762 843.874938965
eeg 832.360046387 820.845214844 825.780151367 843.874938965
eeg 838.940002441 815.91027832 815.91027832 845.519897461
eeg 832.360046387 809.330322266 781.365661621 838.940002441
eeg 834.005004883 817.555236816 787.945556641 852.09979248
eeg 825.780151367 814.265258789 832.360046387 832.360046387
eeg 829.070068359 814.265258789 824.135131836 832.360046387
eeg 832.360046387 812.620300293 832.360046387 834.005004883
eeg 829.070068359 819.200195312 820.845214844 832.360046387
eeg 830.715087891 822.49017334 801.105407715 840.584960938
eeg 829.070068359 815.91027832 796.170471191 843.874938965
eeg 819.200195312 817.555236816 809.330322266 830.715087891
eeg 834.005004883 807.68536377 809.330322266 829.070068359
eeg 835.650024414 815.91027832 789.590576172 834.005004883
eeg 822.49017334 819.200195312 784.655639648 845.519897461
eeg 827.425109863 815.91027832 802.750427246 837.29498291
eeg 835.650024414 809.330322266 822.49017334 829.070068359
a 0.251245886087 0.18713144958 0.0315578877926 0.232282370329
b 0.222221508622 0.163933947682 0.145017951727 0.167409613729
d 0.278084933758 0.420026570559 0.669752895832 0.364321887493
g 0.179582804441 0.178073465824 0.126080349088 0.152252912521
t 0.0688648894429 0.0508345738053 0.0275909323245 0.0837332308292
h 1.0 1.0 1.0 1.0
c 0.481121242046
Aa 0.475704669952 0.586887538433 0.392660945654 0.471575140953
Ab 0.42239177227 0.529409646988 1.05497479439 0.329339295626
Ad 0.519783139229 0.938017547131 1.71946763992 0.66704416275
Ag 0.329870432615 0.56533998251 0.994200408459 0.288124471903
At -0.0863964483142 0.0208999644965 0.334319412708 0.0284567289054
as 0.525252521038 0.584615409374 0.0434782616794 0.652173936367
bs 0.379999995232 0.212121218443 0.789473712444 0.416666656733
ds 0.117647059262 0.333333343267 0.906779646873 0.333333343267
gs 0.619047641754 0.5 0.793103456497 0.71111112833
ts 0.0 0.0 0.142857149243 0.114583335817
eeg 822.49017334 807.68536377 819.200195312 837.29498291
eeg 837.29498291 810.975280762 830.715087891 835.650024414
eeg 835.650024414 804.395385742 810.975280762 847.164855957
eeg 827.425109863 806.040344238 799.460449219 843.874938965
eeg 835.650024414 814.265258789 792.880554199 845.519897461
eeg 822.49017334 815.91027832 809.330322266 843.874938965
eeg 829.070068359 815.91027832 815.91027832 840.584960938
eeg 824.135131836 809.330322266 820.845214844 840.584960938
eeg 820.845214844 802.750427246 825.780151367 837.29498291
eeg 824.135131836 799.460449219 781.365661621 848.809875488
eeg 820.845214844 830.715087891 820.845214844 834.005004883
eeg 830.715087891 802.750427246 819.200195312 847.164855957
eeg 834.005004883 807.68536377 804.395385742 842.229919434
eeg 824.135131836 819.200195312 825.780151367 838.940002441
eeg 827.425109863 806.040344238 799.460449219 845.519897461
eeg 825.780151367 817.555236816 834.005004883 840.584960938
eeg 832.360046387 812.620300293 820.845214844 840.584960938
eeg 830.715087891 804.395385742 812.620300293 847.164855957
eeg 835.650024414 810.975280762 809.330322266 842.229919434
eeg 835.650024414 806.040344238 804.395385742 838.940002441
eeg 829.070068359 807.68536377 806.040344238 845.519897461
eeg 825.780151367 807.68536377 783.010620117 847.164855957
a 0.25223878026 0.17645765841 0.0294636264443 0.227479636669
b 0.221762180328 0.15276043117 0.136067658663 0.169523969293
d 0.280725687742 0.449041515589 0.690255105495 0.371081531048
g 0.174299389124 0.174369439483 0.114004790783 0.151247024536
t 0.0709739401937 0.0473709255457 0.0302088186145 0.0806678533554
h 1.0 1.0 1.0 1.0
c 0.491965383291
Aa 0.476016461849 0.538192629814 0.396093130112 0.471575140953
Ab 0.420092105865 0.475562989712 1.06056189537 0.343863725662
Ad 0.522486746311 0.943838596344 1.76581656933 0.684101939201
Ag 0.315500468016 0.533022463322 0.983730018139 0.294319450855
At -0.0746964663267 -0.0329360291362 0.406940668821 0.0213331151754
as 0.525252521038 0.523076951504 0.0434782616794 0.652173936367
bs 0.379999995232 0.0303030312061 0.842105269432 0.444444447756
ds 0.117647059262 0.326315790415 0.940170943737 0.353982299566
gs 0.571428596973 0.428571432829 0.758620679379 0.727272748947
ts 0.0 0.0 0.209523811936 0.105263158679
eeg 825.780151367 817.555236816 827.425109863 848.809875488
eeg 830.715087891 817.555236816 835.650024414 834.005004883
eeg 827.425109863 806.040344238 807.68536377 842.229919434
eeg 825.780151367 807.68536377 806.040344238 843.874938965
eeg 820.845214844 810.975280762 797.815490723 843.874938965
eeg 829.070068359 814.265258789 807.68536377 837.29498291
eeg 832.360046387 817.555236816 822.49017334 830.715087891
eeg 827.425109863 810.975280762 809.330322266 834.005004883
eeg 829.070068359 802.750427246 773.14074707 845.519897461
eeg 822.49017334 797.815490723 787.945556641 842.229919434
eeg 822.49017334 807.68536377 784.655639648 843.874938965
eeg 825.780151367 814.265258789 815.91027832 840.584960938
eeg 819.200195312 814.265258789 812.620300293 835.650024414
eeg 819.200195312 820.845214844 827.425109863 829.070068359
eeg 815.91027832 802.750427246 815.91027832 824.135131836
eeg 815.91027832 809.330322266 817.555236816 830.715087891
eeg 824.135131836 812.620300293 827.425109863 840.584960938
eeg 825.780151367 807.68536377 810.975280762 848.809875488
eeg 824.135131836 796.170471191 815.91027832 834.005004883
eeg 819.200195312 829.070068359 819.200195312 827.425109863
eeg 827.425109863 832.360046387 814.265258789 835.650024414
eeg 830.715087891 822.49017334 815.91027832 838.940002441
a 0.258138984442 0.162481561303 0.0284172818065 0.227636829019
b 0.221946209669 0.145668879151 0.132337540388 0.17401766777
d 0.276257067919 0.475480794907 0.698158621788 0.366866797209
g 0.1718416363 0.173599749804 0.108028568327 0.153675541282
t 0.0718160942197 0.0427690222859 0.0330579951406 0.0778031721711
h 1.0 1.0 1.0 1.0
c 0.502800524235
Aa 0.476495087147 0.483612596989 0.396093130112 0.471575140953
Ab 0.410889208317 0.43617528677 1.06419360638 0.3549259305
Ad 0.505954861641 0.949941515923 1.78646469116 0.678840994835
Ag 0.29976990819 0.512357592583 0.976049184799 0.300937354565
At -0.0791367217898 -0.0960621535778 0.461787104607 0.00532990368083
as 0.525252521038 0.430769234896 0.0434782616794 0.652173936367
bs 0.360000014305 0.0 0.842105269432 0.472222208977
ds 0.100840337574 0.336842119694 0.957264959812 0.348214298487
gs 0.547619044781 0.352941185236 0.72413790226 0.75
ts 0.0 0.0 0.266666680574 0.0851063802838
eeg 829.070068359 832.360046387 801.105407715 832.360046387
eeg 825.780151367 807.68536377 834.005004883 845.519897461
eeg 827.425109863 804.395385742 842.229919434 837.29498291
eeg 832.360046387 810.975280762 827.425109863 834.005004883
eeg 834.005004883 820.845214844 832.360046387 834.005004883
eeg 827.425109863 812.620300293 817.555236816 835.650024414
eeg 824.135131836 817.555236816 825.780151367 837.29498291
eeg 829.070068359 822.49017334 825.780151367 838.940002441
eeg 830.715087891 812.620300293 804.395385742 837.29498291
eeg 827.425109863 812.620300293 819.200195312 824.135131836
eeg 820.845214844 810.975280762 812.620300293 838.940002441
eeg 815.91027832 824.135131836 837.29498291 837.29498291
eeg 825.780151367 810.975280762 819.200195312 843.874938965
eeg 834.005004883 812.620300293 817.555236816 835.650024414
eeg 822.49017334 819.200195312 848.809875488 835.650024414
eeg 824.135131836 810.975280762 834.005004883 832.360046387
eeg 830.715087891 814.265258789 848.809875488 837.29498291
eeg 825.780151367 815.91027832 827.425109863 850.454833984
eeg 829.070068359 810.975280762 817.555236816 832.360046387
eeg 825.780151367 802.750427246 837.29498291 838.940002441
eeg 822.49017334 814.265258789 825.780151367 838.940002441
eeg 834.005004883 819.200195312 817.555236816 840.584960938
a 0.264970272779 0.163216486573 0.0284708384424 0.230471268296
b 0.220942497253 0.142497077584 0.133560806513 0.178656920791
d 0.273368149996 0.479486703873 0.69553399086 0.357857227325
g 0.169578149915 0.176314279437 0.10689149797 0.156870767474
t 0.0711409449577 0.0384854599833 0.035542845726 0.0761438086629
h 1.0 1.0 1.0 1.0
c 0.513238012791
Aa 0.477728515863 0.469548463821 0.396093130112 0.471575140953
Ab 0.398810625076 0.410590410233 1.06737196445 0.360978215933
Ad 0.491279304028 0.937561035156 1.78401124477 0.662668168545
Ag 0.283901244402 0.503071904182 0.97063601017 0.304500371218
At -0.09334897995 -0.157918870449 0.49244505167 -0.00940705090761
as 0.535353541374 0.415384620428 0.0434782616794 0.652173936367
bs 0.340000003576 0.0 0.842105269432 0.5
ds 0.0847457647324 0.315789461136 0.957264959812 0.330357134342
gs 0.5 0.323529422283 0.72413790226 0.75
ts 0.0 0.0 0.295238107443 0.0744680836797
eeg 829.070068359 820.845214844 794.525512695 848.809875488
eeg 824.135131836 819.200195312 819.200195312 842.229919434
eeg 829.070068359 817.555236816 834.005004883 827.425109863
eeg 835.650024414 809.330322266 834.005004883 834.005004883
eeg 834.005004883 810.975280762 834.005004883 837.29498291
eeg 835.650024414 822.49017334 824.135131836 838.940002441
eeg 825.780151367 820.845214844 822.49017334 842.229919434
eeg 829.070068359 820.845214844 824.135131836 838.940002441
eeg 832.360046387 814.265258789 810.975280762 840.584960938
eeg 835.650024414 824.135131836 814.265258789 840.584960938
eeg 837.29498291 815.91027832 781.365661621 838.940002441
eeg 832.360046387 822.49017334 814.265258789 829.070068359
eeg 827.425109863 807.68536377 838.940002441 827.425109863
eeg 827.425109863 794.525512695 815.91027832 838.940002441
eeg 825.780151367 814.265258789 837.29498291 834.005004883
eeg 829.070068359 815.91027832 802.750427246 840.584960938
eeg 830.715087891 829.070068359 809.330322266 838.940002441
eeg 829.070068359 822.49017334 822.49017334 834.005004883
eeg 827.425109863 815.91027832 809.330322266 838.940002441
eeg 827.425109863 829.070068359 820.845214844 835.650024414
eeg 824.135131836 829.070068359 784.655639648 837.29498291
eeg 820.845214844 820.845214844 806.040344238 837.29498291
a 0.272632211447 0.170616552234 0.0293815545738 0.234363719821
b 0.217129603028 0.144482329488 0.138778612018 0.181551292539
d 0.275008618832 0.464323967695 0.684223353863 0.348147451878
g 0.165665730834 0.184210523963 0.110000394285 0.159499049187
t 0.0695638135076 0.036366622895 0.0376161001623 0.0764384642243
h 1.0 1.0 1.0 1.0
c 0.523428142071
Aa 0.484689116478 0.467938154936 0.396093130112 0.471575140953
Ab 0.385830968618 0.395731717348 1.07034087181 0.360684067011
Ad 0.488458245993 0.90273809433 1.7632162571 0.643447995186
Ag 0.268344640732 0.501231431961 0.969412624836 0.304442852736
At -0.108504660428 -0.203380033374 0.503392100334 -0.01500329189
as 0.535353541374 0.421875 0.0434782616794 0.652173936367
bs 0.300000011921 0.0 0.89473682642 0.5
ds 0.0869565233588 0.284210532904 0.940170943737 0.3125
gs 0.47619047761 0.323529422283 0.72413790226 0.744186043739
ts 0.0 0.0 0.307692319155 0.0638297870755
eeg 824.135131836 806.040344238 817.555236816 838.940002441
eeg 827.425109863 815.91027832 804.395385742 832.360046387
eeg 829.070068359 819.200195312 825.780151367 827.425109863
eeg 838.940002441 819.200195312 827.425109863 837.29498291
eeg 829.070068359 796.170471191 794.525512695 840.584960938
eeg 825.780151367 819.200195312 791.235534668 840.584960938
eeg 825.780151367 810.975280762 799.460449219 837.29498291
eeg 830.715087891 817.555236816 789.590576172 834.005004883
eeg 825.780151367 820.845214844 807.68536377 830.715087891
eeg 820.845214844 801.105407715 797.815490723 834.005004883
eeg 820.845214844 809.330322266 789.590576172 834.005004883
eeg 820.845214844 806.040344238 763.270874023 838.940002441
eeg 829.070068359 815.91027832 784.655639648 840.584960938
eeg 825.780151367 825.780151367 799.460449219 834.005004883
eeg 825.780151367 824.135131836 797.815490723 840.584960938
eeg 827.425109863 825.780151367 824.135131836 829.070068359
eeg 830.715087891 817.555236816 809.330322266 834.005004883
eeg 829.070068359 812.620300293 796.170471191 840.584960938
eeg 824.135131836 820.845214844 804.395385742 829.070068359
eeg 827.425109863 807.68536377 802.750427246 840.584960938
eeg 822.49017334 799.460449219 799.460449219 845.519897461
eeg 832.360046387 814.265258789 806.040344238 838.940002441
a 0.275836825371 0.17374356091 0.0308650825173 0.238800093532
b 0.213075533509 0.150664657354 0.146729230881 0.182474151254
d 0.280810683966 0.442815482616 0.666624248028 0.338390558958
g 0.161903768778 0.195947617292 0.116541296244 0.161861181259
t 0.0683732032776 0.036828674376 0.039240155369 0.0784740149975
h 1.0 1.0 1.0 1.0
c 0.523428142071
Aa 0.484689116478 0.450130134821 0.396093130112 0.471575140953
Ab 0.372570425272 0.388232797384 1.07314229012 0.354741990566
Ad 0.49245044589 0.856444180012 1.73050677776 0.622958898544
Ag 0.253293812275 0.502361416817 0.973105490208 0.302683383226
At -0.121077224612 -0.22359251976 0.500356376171 -0.0117334956303
as 0.535353541374 0.390625 0.0434782616794 0.652173936367
bs 0.280000001192 0.0 0.89473682642 0.472222208977
ds 0.0869565233588 0.22340425849 0.914529919624 0.297297298908
gs 0.428571432829 0.323529422283 0.72413790226 0.744186043739
ts 0.0 0.0 0.307692319155 0.0744680836797
eeg 829.070068359 817.555236816 792.880554199 835.650024414
eeg 830.715087891 824.135131836 784.655639648 838.940002441
eeg 837.29498291 822.49017334 824.135131836 829.070068359
eeg 847.164855957 825.780151367 829.070068359 843.874938965
eeg 829.070068359 822.49017334 815.91027832 829.070068359
eeg 804.395385742 819.200195312 820.845214844 822.49017334
eeg 819.200195312 822.49017334 834.005004883 824.135131836
eeg 809.330322266 822.49017334 834.005004883 825.780151367
eeg 827.425109863 824.135131836 825.780151367 827.425109863
eeg 819.200195312 819.200195312 806.040344238 830.715087891
eeg 802.750427246 825.780151367 814.265258789 822.49017334
eeg 819.200195312 827.425109863 822.49017334 830.715087891
eeg 824.135131836 827.425109863 829.070068359 834.005004883
eeg 822.49017334 817.555236816 843.874938965 837.29498291
eeg 824.135131836 815.91027832 837.29498291 824.135131836
eeg 829.070068359 822.49017334 834.005004883 829.070068359
eeg 827.425109863 830.715087891 837.29498291 834.005004883
eeg 827.425109863 834.005004883 832.360046387 829.070068359
eeg 825.780151367 825.780151367 837.29498291 834.005004883
eeg 817.555236816 812.620300293 852.09979248 829.070068359
eeg 820.845214844 825.780151367 852.09979248 830.715087891
eeg 830.715087891 829.070068359 835.650024414 832.360046387
a 0.270688742399 0.176973089576 0.033566750586 0.245025709271
b 0.212394967675 0.156720325351 0.155634939671 0.186595082283
d 0.291969120502 0.422735035419 0.64570915699 0.316903829575
g 0.155520245433 0.205466762185 0.124302230775 0.168295830488
t 0.0694269314408 0.0381047874689 0.040786948055 0.0831795558333
h 1.0 1.0 1.0 1.0
c 0.523428142071
Aa 0.465045958757 0.438988178968 0.410195052624 0.471575140953
Ab 0.359719961882 0.386206299067 1.07639276981 0.353263646364
Ad 0.497912675142 0.817149221897 1.69432270527 0.583290934563
Ag 0.224362671375 0.503822505474 0.978764653206 0.308436840773
At -0.125896260142 -0.227939516306 0.494806945324 0.00238006538711
as 0.515151500702 0.375 0.0724637657404 0.652173936367
bs 0.259999990463 0.0 0.89473682642 0.472222208977
ds 0.0956521704793 0.180851057172 0.879310369492 0.261261254549
gs 0.357142865658 0.323529422283 0.785714268684 0.767441868782
ts 0.0 0.0 0.298076927662 0.0851063802838
eeg 820.845214844 827.425109863 825.780151367 832.360046387
eeg 829.070068359 825.780151367 829.070068359 845.519897461
eeg 814.265258789 829.070068359 871.839599609 834.005004883
eeg 822.49017334 829.070068359 873.484558105 822.49017334
eeg 832.360046387 837.29498291 871.839599609 834.005004883
eeg 827.425109863 829.070068359 843.874938965 829.070068359
eeg 838.940002441 824.135131836 827.425109863 832.360046387
eeg 822.49017334 830.715087891 848.809875488 843.874938965
eeg 830.715087891 835.650024414 865.259643555 827.425109863
eeg 840.584960938 834.005004883 838.940002441 842.229919434
eeg 827.425109863 822.49017334 820.845214844 832.360046387
eeg 825.780151367 824.135131836 865.259643555 830.715087891
eeg 827.425109863 829.070068359 871.839599609 834.005004883
eeg 829.070068359 825.780151367 858.679748535 829.070068359
eeg 830.715087891 829.070068359 853.744812012 847.164855957
eeg 829.070068359 822.49017334 827.425109863 840.584960938
eeg 832.360046387 830.715087891 837.29498291 840.584960938
eeg 830.715087891 817.555236816 860.324707031 842.229919434
eeg 827.425109863 820.845214844 845.519897461 842.229919434
eeg 824.135131836 832.360046387 847.164855957 842.229919434
eeg 829.070068359 822.49017334 842.229919434 840.584960938
eeg 830.715087891 838.940002441 845.519897461 829.070068359
a 0.272788614035 0.173649847507 0.0371966920793 0.247766375542
b 0.208838894963 0.162040472031 0.163556441665 0.18751180172
d 0.300933390856 0.412897318602 0.626585364342 0.30450668931
g 0.147302940488 0.211669281125 0.130880758166 0.17291790247
t 0.0701361596584 0.0397430807352 0.0417807102203 0.0872972458601
h 1.0 1.0 1.0 1.0
c 0.523428142071
Aa 0.465045958757 0.419283896685 0.437012135983 0.471575140953
Ab 0.349031090736 0.389232963324 1.08017551899 0.350561380386
Ad 0.507690131664 0.795451581478 1.66348803043 0.561129629612
Ag 0.197431147099 0.505267322063 0.983383595943 0.315372735262
At -0.12483831495 -0.221129000187 0.487483620644 0.0185333155096
as 0.515151500702 0.34375 0.088235296309 0.652173936367
bs 0.239999994636 0.0 0.947368443012 0.472222208977
ds 0.10434782505 0.159574463964 0.853448271751 0.243243247271
gs 0.309523820877 0.323529422283 0.785714268684 0.785714268684
ts 0.0 0.0 0.281553387642 0.106382980943
eeg 830.715087891 817.555236816 815.91027832 840.584960938
eeg 832.360046387 812.620300293 835.650024414 834.005004883
eeg 834.005004883 822.49017334 852.09979248 829.070068359
eeg 835.650024414 812.620300293 829.070068359 847.164855957
