eeg 819.200195312 830.715087891 830.715087891 842.229919434
eeg 815.91027832 822.49017334 825.780151367 842.229919434
eeg 810.975280762 814.265258789 822.49017334 840.584960938
a 0.0535166189075 0.0810004174709 0.284833282232 0.212312370539
b 0.0870253518224 0.153077840805 0.121060058475 0.136579975486
d 0.673432290554 0.369026780128 0.320521920919 0.372681319714
g 0.0185858104378 0.137164354324 0.0431320257485 0.0658152103424
t 0.167439937592 0.259730607271 0.230452701449 0.212611123919
h 1.0 2.0 1.0 1.0
c 1.0
Aa 0.856591284275 0.2612426579 0.578961312771 1.33154022694
Ab 1.06774842739 0.537667751312 0.207371473312 1.13995182514
Ad 1.95639657974 0.919813275337 0.630228340626 1.57590246201
Ag 0.397284090519 0.489996671677 -0.24082955718 0.822891116142
At 1.3519616127 0.767278552055 0.486952394247 1.33215081692
as 0.0 0.0 0.194444447756 0.814814805984
bs 0.677419364452 0.264705896378 0.0 1.0
ds 0.975206613541 0.311475396156 0.0 0.776785731316
gs 0.5 0.925000011921 0.0888888910413 1.0
ts 1.0 0.488095223904 0.129870131612 0.932203412056
eeg 830.715087891 968.893432617 822.49017334 860.324707031
eeg 822.49017334 807.68536377 820.845214844 853.744812012
eeg 824.135131836 886.64440918 822.49017334 857.034729004
eeg 832.360046387 904.739196777 824.135131836 848.809875488
eeg 815.91027832 781.365661621 827.425109863 834.005004883
eeg 806.040344238 863.614685059 830.715087891 853.744812012
eeg 804.395385742 845.519897461 832.360046387 852.09979248
eeg 809.330322266 876.774536133 832.360046387 855.389770508
eeg 792.880554199 834.005004883 829.070068359 848.809875488
eeg 799.460449219 840.584960938 825.780151367 853.744812012
eeg 829.070068359 926.123962402 827.425109863 870.194580078
eeg 829.070068359 861.969726562 827.425109863 871.839599609
eeg 840.584960938 888.289367676 829.070068359 881.709472656
eeg 829.070068359 835.650024414 829.070068359 868.549621582
eeg 825.780151367 835.650024414 830.715087891 876.774536133
eeg 835.650024414 861.969726562 835.650024414 880.064453125
eeg 847.164855957 914.609069824 838.940002441 881.709472656
eeg 845.519897461 888.289367676 838.940002441 880.064453125
eeg 832.360046387 835.650024414 840.584960938 863.614685059
eeg 837.29498291 861.969726562 845.519897461 866.904663086
eeg 829.070068359 809.330322266 842.229919434 853.744812012
eeg 832.360046387 861.969726562 838.940002441 858.679748535
a 0.0535166189075 0.0810004174709 0.271871119738 0.211671680212
b 0.0870253518224 0.153077840805 0.13075940311 0.140207767487
d 0.673432290554 0.369026780128 0.307134717703 0.352333307266
g 0.0185858104378 0.137164354324 0.0499973408878 0.0703359693289
t 0.167439937592 0.259730607271 0.240237429738 0.225451290607
h 1.0 2.0 1.0 1.0
c 1.0
Aa 0.856591284275 0.2612426579 0.500080645084 1.33154022694
Ab 1.06774842739 0.537667751312 0.182190522552 1.15264952183
Ad 1.95639657974 0.919813275337 0.553046524525 1.55283105373
Ag 0.397284090519 0.489996671677 -0.235335499048 0.853054881096
At 1.3519616127 0.767278552055 0.446358293295 1.35893011093
as 0.0 0.0 0.0833333358169 0.814814805984
bs 0.677419364452 0.264705896378 0.0 1.0
ds 0.975206613541 0.311475396156 0.0 0.756756782532
gs 0.5 0.925000011921 0.0888888910413 1.0
ts 1.0 0.488095223904 0.065789476037 0.983050823212
eeg 835.650024414 835.650024414 837.29498291 857.034729004
eeg 835.650024414 835.650024414 830.715087891 855.389770508
eeg 842.229919434 861.969726562 827.425109863 865.259643555
eeg 830.715087891 756.690979004 824.135131836 848.809875488
eeg 825.780151367 783.010620117 825.780151367 843.874938965
eeg 829.070068359 809.330322266 829.070068359 850.454833984
eeg 830.715087891 809.330322266 832.360046387 843.874938965
eeg 809.330322266 730.371276855 830.715087891 827.425109863
eeg 809.330322266 756.690979004 829.070068359 832.360046387
eeg 817.555236816 756.690979004 837.29498291 830.715087891
eeg 817.555236816 730.371276855 835.650024414 832.360046387
eeg 825.780151367 756.690979004 834.005004883 847.164855957
eeg 820.845214844 704.051574707 834.005004883 837.29498291
eeg 817.555236816 704.051574707 834.005004883 837.29498291
eeg 835.650024414 809.330322266 830.715087891 858.679748535
eeg 842.229919434 756.690979004 829.070068359 860.324707031
eeg 834.005004883 730.371276855 827.425109863 860.324707031
eeg 824.135131836 677.731872559 824.135131836 853.744812012
eeg 819.200195312 677.731872559 825.780151367 843.874938965
eeg 825.780151367 730.371276855 827.425109863 852.09979248
eeg 834.005004883 730.371276855 829.070068359 850.454833984
eeg 830.715087891 704.051574707 832.360046387 845.519897461
a 0.0535166189075 0.0810004174709 0.278356045485 0.21050670743
b 0.0870253518224 0.153077840805 0.134845092893 0.143454492092
d 0.673432290554 0.369026780128 0.29334846139 0.329258441925
g 0.0185858104378 0.137164354324 0.0556590929627 0.0756511837244
t 0.167439937592 0.259730607271 0.23779129982 0.241129174829
h 1.0 2.0 1.0 1.0
c 1.0
Aa 0.856591284275 0.2612426579 0.473376840353 1.33051371574
Ab 1.06774842739 0.537667751312 0.158611312509 1.16396188736
Ad 1.95639657974 0.919813275337 0.496160000563 1.52478468418
Ag 0.397284090519 0.489996671677 -0.22568769753 0.886063456535
At 1.3519616127 0.767278552055 0.404972136021 1.38949751854
as 0.0 0.0 0.0454545468092 0.814814805984
bs 0.677419364452 0.264705896378 0.0 1.0
ds 0.975206613541 0.311475396156 0.0 0.729729712009
gs 0.5 0.925000011921 0.111111111939 1.0
ts 1.0 0.488095223904 0.0131578948349 1.0
eeg 825.780151367 704.051574707 837.29498291 858.679748535
eeg 829.070068359 753.401000977 835.650024414 857.034729004
eeg 827.425109863 727.081298828 837.29498291 853.744812012
eeg 815.91027832 718.856384277 835.650024414 852.09979248
eeg 809.330322266 723.791320801 837.29498291 840.584960938
eeg 799.460449219 664.57208252 838.940002441 834.005004883
eeg 806.040344238 740.241149902 837.29498291 835.650024414
eeg 817.555236816 781.365661621 835.650024414 837.29498291
eeg 809.330322266 730.371276855 834.005004883 832.360046387
eeg 810.975280762 797.815490723 834.005004883 843.874938965
eeg 806.040344238 728.726318359 834.005004883 840.584960938
eeg 796.170471191 717.211425781 832.360046387 837.29498291
eeg 801.105407715 745.176086426 832.360046387 842.229919434
eeg 801.105407715 761.625915527 830.715087891 845.519897461
eeg 794.525512695 722.146362305 824.135131836 832.360046387
eeg 799.460449219 746.821105957 829.070068359 834.005004883
eeg 799.460449219 776.430725098 830.715087891 840.584960938
eeg 792.880554199 745.176086426 834.005004883 837.29498291
eeg 784.655639648 746.821105957 838.940002441 834.005004883
eeg 783.010620117 750.111022949 838.940002441 834.005004883
eeg 784.655639648 753.401000977 840.584960938 845.519897461
eeg 794.525512695 753.401000977 837.29498291 857.034729004
a 0.0535166189075 0.0810004174709 0.268440753222 0.208856895566
b 0.0870253518224 0.153077840805 0.137160092592 0.14612531662
d 0.673432290554 0.369026780128 0.305781006813 0.305846363306
g 0.0185858104378 0.137164354324 0.0597323067486 0.0816761776805
t 0.167439937592 0.259730607271 0.228885859251 0.257495254278
h 1.0 2.0 1.0 1.0
c 1.0
Aa 0.856591284275 0.2612426579 0.438187748194 1.33044219017
Ab 1.06774842739 0.537667751312 0.146567091346 1.17531883717
Ad 1.95639657974 0.919813275337 0.49474978447 1.49609673023
Ag 0.397284090519 0.489996671677 -0.214451417327 0.92268884182
At 1.3519616127 0.767278552055 0.368958234787 1.42136263847
as 0.0 0.0 0.0 0.814814805984
bs 0.677419364452 0.264705896378 0.0 1.0
ds 0.975206613541 0.311475396156 0.0 0.702702701092
gs 0.5 0.925000011921 0.133333340287 1.0
ts 1.0 0.488095223904 0.0 1.0
eeg 801.105407715 776.430725098 830.715087891 870.194580078
eeg 796.170471191 707.341552734 822.49017334 855.389770508
eeg 792.880554199 713.921447754 822.49017334 843.874938965
eeg 801.105407715 801.105407715 824.135131836 861.969726562
eeg 806.040344238 746.821105957 825.780151367 865.259643555
eeg 810.975280762 778.075683594 830.715087891 873.484558105
eeg 815.91027832 741.886108398 835.650024414 873.484558105
eeg 814.265258789 771.495788574 837.29498291 858.679748535
eeg 812.620300293 776.430725098 838.940002441 845.519897461
eeg 794.525512695 674.441955566 838.940002441 830.715087891
eeg 799.460449219 797.815490723 842.229919434 848.809875488
eeg 794.525512695 713.921447754 847.164855957 838.940002441
eeg 786.300598145 740.241149902 845.519897461 835.650024414
eeg 776.430725098 740.241149902 847.164855957 830.715087891
eeg 766.560852051 608.642700195 847.164855957 815.91027832
eeg 771.495788574 634.962402344 850.454833984 820.845214844
eeg 759.980895996 556.003356934 850.454833984 809.330322266
eeg 764.91583252 556.003356934 850.454833984 797.815490723
eeg 768.205810547 582.323059082 852.09979248 806.040344238
eeg 778.075683594 529.683654785 853.744812012 806.040344238
eeg 787.945556641 529.683654785 858.679748535 809.330322266
eeg 783.010620117 450.724609375 858.679748535 810.975280762
a 0.0535166189075 0.0810004174709 0.247981235385 0.206039234996
b 0.0870253518224 0.153077840805 0.137619867921 0.149192228913
d 0.673432290554 0.369026780128 0.339628696442 0.285530209541
g 0.0185858104378 0.137164354324 0.0607745461166 0.0886349231005
t 0.167439937592 0.259730607271 0.213995665312 0.270603388548
h 1.0 4.0 1.0 1.0
c 1.0
Aa 0.856591284275 0.2612426579 0.405949920416 1.33006751537
Ab 1.06774842739 0.537667751312 0.150212213397 1.189863801
Ad 1.95639657974 0.919813275337 0.542535483837 1.47176969051
Ag 0.397284090519 0.489996671677 -0.20474717021 0.963722467422
At 1.3519616127 0.767278552055 0.341936081648 1.44845080376
as 0.0 0.0 0.0 0.814814805984
bs 0.677419364452 0.264705896378 0.0 1.0
ds 0.975206613541 0.311475396156 0.0 0.688073396683
gs 0.5 0.925000011921 0.159090906382 1.0
ts 1.0 0.488095223904 0.0 1.0
eeg 763.270874023 319.126190186 860.324707031 802.750427246
eeg 758.3359375 398.085235596 863.614685059 814.265258789
eeg 738.596191406 371.765563965 861.969726562 806.040344238
eeg 697.471679688 319.126190186 861.969726562 804.395385742
eeg 685.956787109 319.126190186 865.259643555 815.91027832
eeg 646.477294922 319.126190186 866.904663086 814.265258789
eeg 613.577697754 371.765563965 868.549621582 827.425109863
eeg 606.997741699 477.044311523 870.194580078 842.229919434
eeg 574.098144531 266.486816406 866.904663086 830.715087891
eeg 574.098144531 266.486816406 866.904663086 847.164855957
eeg 593.837890625 266.486816406 870.194580078 870.194580078
eeg 603.707763672 161.208068848 866.904663086 878.419494629
eeg 636.607421875 161.208068848 868.549621582 893.224304199
eeg 656.347167969 108.568702698 870.194580078 896.514282227
eeg 702.406616211 108.568702698 873.484558105 903.094238281
eeg 745.176086426 108.568702698 880.064453125 903.094238281
eeg 827.425109863 213.847442627 881.709472656 922.833984375
eeg 899.804260254 3.28996062279 880.064453125 919.544006348
eeg 962.313476562 55.9293327332 870.194580078 912.964111328
eeg 1014.95288086 108.568702698 866.904663086 914.609069824
eeg 1061.0123291 108.568702698 876.774536133 917.899047852
eeg 1103.78186035 55.9293327332 884.999450684 904.739196777
a 0.0535166189075 0.0810004174709 0.224017798901 0.202572360635
b 0.0870253518224 0.153077840805 0.1401014328 0.154130786657
d 0.673432290554 0.369026780128 0.376541763544 0.265813618898
g 0.0185858104378 0.137164354324 0.0599102266133 0.0971308872104
t 0.167439937592 0.259730607271 0.199428781867 0.280352324247
h 1.0 4.0 1.0 1.0
c 1.0
Aa 0.856591284275 0.2612426579 0.373382031918 1.3296507597
Ab 1.06774842739 0.537667751312 0.169542104006 1.21096003056
Ad 1.95639657974 0.919813275337 0.598912656307 1.44764780998
Ag 0.397284090519 0.489996671677 -0.199399545789 1.01042795181
At 1.3519616127 0.767278552055 0.32288736105 1.47077476978
as 0.0 0.0 0.0 0.814814805984
bs 0.677419364452 0.264705896378 0.0 1.0
ds 0.975206613541 0.311475396156 0.019417475909 0.657407402992
gs 0.5 0.925000011921 0.181818187237 1.0
ts 1.0 0.488095223904 0.0 1.0
eeg 1146.55126953 92.1188964844 886.64440918 906.384155273
eeg 1189.32080078 103.633758545 889.934387207 904.739196777
eeg 1235.38024902 177.65788269 891.579345703 922.833984375
eeg 1281.43969727 78.9590530396 886.64440918 924.478942871
eeg 1327.49914551 110.213684082 888.289367676 929.413879395
eeg 1370.26867676 97.0538406372 883.354431152 909.674133301
eeg 1393.29833984 278.001678467 878.419494629 924.478942871
eeg 1442.64770508 465.529449463 883.354431152 944.218688965
eeg 1472.25744629 444.144683838 883.354431152 931.058898926
eeg 1508.44702148 473.754333496 883.354431152 929.413879395
eeg 1528.18676758 458.949523926 883.354431152 912.964111328
eeg 1534.76660156 537.908569336 881.709472656 919.544006348
eeg 1518.31689453 508.298919678 878.419494629 921.188964844
eeg 1482.12731934 623.447570801 876.774536133 934.348815918
eeg 1439.35778809 506.653930664 871.839599609 929.413879395
eeg 1406.45825195 539.553527832 866.904663086 909.674133301
eeg 1381.78344727 687.601806641 865.259643555 899.804260254
eeg 1327.49914551 667.861999512 861.969726562 891.579345703
eeg 1228.80029297 784.655639648 858.679748535 883.354431152
eeg 1084.04199219 812.620300293 857.034729004 883.354431152
eeg 977.118347168 778.075683594 852.09979248 889.934387207
eeg 924.478942871 916.25402832 852.09979248 903.094238281
a 0.0535166189075 0.0810004174709 0.210576862097 0.199718743563
b 0.0870253518224 0.153077840805 0.145276620984 0.162873148918
d 0.673432290554 0.369026780128 0.4005831182 0.238513499498
g 0.0185858104378 0.137164354324 0.0577655620873 0.108489274979
t 0.167439937592 0.259730607271 0.185797825456 0.290405333042
h 1.0 4.0 1.0 1.0
c 1.0
Aa 0.856591284275 0.2612426579 0.361617475748 1.3296507597
Ab 1.06774842739 0.537667751312 0.200402542949 1.24108147621
Ad 1.95639657974 0.919813275337 0.640899479389 1.40674495697
Ag 0.397284090519 0.489996671677 -0.200124189258 1.0646187067
At 1.3519616127 0.767278552055 0.307247459888 1.49223649502
as 0.0 0.0 0.0 0.814814805984
bs 0.677419364452 0.264705896378 0.0 1.0
ds 0.975206613541 0.311475396156 0.058252427727 0.620370388031
gs 0.5 0.925000011921 0.181818187237 1.0
ts 1.0 0.488095223904 0.0 1.0
eeg 896.514282227 932.703857422 855.389770508 931.058898926
eeg 904.739196777 912.964111328 857.034729004 949.153686523
eeg 865.259643555 939.283752441 852.09979248 954.088623047
eeg 830.715087891 815.91027832 853.744812012 955.733581543
eeg 815.91027832 829.070068359 850.454833984 977.118347168
eeg 807.68536377 908.029174805 848.809875488 1000.14807129
eeg 796.170471191 884.999450684 845.519897461 1008.3729248
eeg 796.170471191 967.248413086 840.584960938 1029.75769043
eeg 794.525512695 960.668518066 840.584960938 1041.27258301
eeg 768.205810547 842.229919434 838.940002441 1039.62756348
eeg 789.590576172 1000.14807129 840.584960938 1067.59228516
eeg 822.49017334 1000.14807129 843.874938965 1069.23718262
eeg 878.419494629 1052.78747559 837.29498291 1085.68701172
eeg 955.733581543 1052.78747559 837.29498291 1095.55688477
eeg 993.568115234 1000.14807129 835.650024414 1087.33203125
eeg 1034.69262695 1052.78747559 832.360046387 1095.55688477
eeg 1074.17211914 1052.78747559 834.005004883 1082.39709473
eeg 1093.9119873 1210.70556641 829.070068359 1075.81713867
eeg 1121.87658691 1473.90234375 829.070068359 1067.59228516
eeg 1112.00671387 1526.54174805 835.650024414 1041.27258301
eeg 1107.07177734 1579.18115234 835.650024414 1039.62756348
eeg 1084.04199219 1526.54174805 838.940002441 1013.30786133
a 0.0535166189075 0.0810004174709 0.194837912917 0.196656286716
b 0.0870253518224 0.153077840805 0.150718942285 0.175698176026
d 0.673432290554 0.369026780128 0.427857428789 0.197476819158
g 0.0185858104378 0.137164354324 0.0541313700378 0.123578868806
t 0.167439937592 0.259730607271 0.172454327345 0.306589841843
h 1.0 4.0 1.0 1.0
c 1.0
Aa 0.856591284275 0.2612426579 0.348984837532 1.32952368259
Ab 1.06774842739 0.537667751312 0.2374792099 1.28058314323
Ad 1.95639657974 0.919813275337 0.690610468388 1.33133196831
Ag 0.397284090519 0.489996671677 -0.207239612937 1.12776005268
At 1.3519616127 0.767278552055 0.295985460281 1.5223736763
as 0.0 0.0 0.0 0.814814805984
bs 0.677419364452 0.264705896378 0.0689655169845 1.0
ds 0.975206613541 0.311475396156 0.106796115637 0.555555582047
gs 0.5 0.925000011921 0.139534890652 1.0
ts 1.0 0.488095223904 0.0 1.0
eeg 1051.14245605 1473.90234375 838.940002441 996.858093262
eeg 1029.75769043 1473.90234375 837.29498291 985.343200684
eeg 1014.95288086 1473.90234375 835.650024414 959.02355957
eeg 986.988220215 1421.26306152 838.940002441 937.638793945
eeg 942.573730469 1315.98425293 837.29498291 914.609069824
eeg 891.579345703 1315.98425293 840.584960938 884.999450684
eeg 848.809875488 1263.34484863 845.519897461 866.904663086
eeg 825.780151367 1210.70556641 840.584960938 847.164855957
eeg 789.590576172 1210.70556641 843.874938965 838.940002441
eeg 756.690979004 1105.42675781 847.164855957 815.91027832
eeg 732.016235352 1263.34484863 850.454833984 817.555236816
eeg 694.18170166 1105.42675781 852.09979248 802.750427246
eeg 697.471679688 894.86932373 855.389770508 799.460449219
eeg 687.601806641 736.951171875 855.389770508 789.590576172
eeg 664.57208252 736.951171875 855.389770508 768.205810547
eeg 659.637145996 842.229919434 858.679748535 755.045959473
eeg 639.897338867 947.508666992 863.614685059 751.75604248
eeg 633.317443848 789.590576172 863.614685059 745.176086426
eeg 618.512634277 684.311828613 863.614685059 736.951171875
eeg 608.642700195 684.311828613 865.259643555 740.241149902
eeg 605.352783203 766.560852051 868.549621582 730.371276855
eeg 603.707763672 713.921447754 873.484558105 720.501403809
a 0.0535166189075 0.0810004174709 0.167004823685 0.190943732858
b 0.0870253518224 0.153077840805 0.147826462984 0.190028578043
d 0.673432290554 0.369026780128 0.486124962568 0.142432287335
g 0.0185858104378 0.137164354324 0.0473942048848 0.141603156924
t 0.167439937592 0.259730607271 0.151649534702 0.334992259741
h 1.0 4.0 1.0 1.0
c 1.0
Aa 0.856591284275 0.2612426579 0.328647643328 1.32866573334
Ab 1.06774842739 0.537667751312 0.275670826435 1.32657933235
Ad 1.95639657974 0.919813275337 0.792666554451 1.20136880875
Ag 0.397284090519 0.489996671677 -0.218356117606 1.19883322716
At 1.3519616127 0.767278552055 0.286759734154 1.57279515266
as 0.0 0.0 0.0 0.814814805984
bs 0.677419364452 0.264705896378 0.12068965286 1.0
ds 0.975206613541 0.311475396156 0.203883498907 0.435185194016
gs 0.5 0.925000011921 0.11627907306 1.0
ts 1.0 0.488095223904 0.0 1.0
eeg 602.062805176 661.282104492 880.064453125 725.436340332
eeg 595.482910156 556.003356934 881.709472656 715.566467285
eeg 600.41784668 556.003356934 886.64440918 720.501403809
eeg 608.642700195 450.724609375 893.224304199 708.98651123
eeg 611.932678223 503.363983154 896.514282227 705.696594238
eeg 598.772827148 503.363983154 899.804260254 699.116638184
eeg 585.612976074 766.560852051 901.44921875 712.276489258
eeg 593.837890625 1082.39709473 901.44921875 728.726318359
eeg 592.192932129 1029.75769043 899.804260254 718.856384277
eeg 570.808166504 1029.75769043 899.804260254 713.921447754
eeg 557.64831543 871.839599609 904.739196777 715.566467285
eeg 567.518188477 1135.03637695 906.384155273 732.016235352
eeg 583.968017578 1187.67578125 903.094238281 730.371276855
eeg 582.323059082 1082.39709473 901.44921875 720.501403809
eeg 590.547912598 1187.67578125 898.159240723 722.146362305
eeg 593.837890625 1292.95458984 896.514282227 718.856384277
eeg 600.41784668 1503.51208496 896.514282227 725.436340332
eeg 598.772827148 1503.51208496 896.514282227 735.306213379
eeg 562.583251953 1187.67578125 894.86932373 718.856384277
eeg 506.653930664 1187.67578125 896.514282227 720.501403809
eeg 462.239471436 1187.67578125 894.86932373 720.501403809
eeg 449.079620361 1398.23327637 893.224304199 728.726318359
a 0.0535166189075 0.0810004174709 0.134229153395 0.190943732858
b 0.0870253518224 0.153077840805 0.131947651505 0.190028578043
d 0.673432290554 0.369026780128 0.57610553503 0.142432287335
g 0.0185858104378 0.137164354324 0.0378755927086 0.141603156924
t 0.167439937592 0.259730607271 0.119842074811 0.334992259741
h 1.0 4.0 1.0 1.0
c 1.0
Aa 0.856591284275 0.2612426579 0.316647797823 1.32866573334
Ab 1.06774842739 0.537667751312 0.309202611446 1.32657933235
Ad 1.95639657974 0.919813275337 0.949303030968 1.20136880875
Ag 0.397284090519 0.489996671677 -0.232839584351 1.19883322716
At 1.3519616127 0.767278552055 0.26741027832 1.57279515266
as 0.0 0.0 0.0 0.814814805984
bs 0.677419364452 0.264705896378 0.189655169845 1.0
ds 0.975206613541 0.311475396156 0.359223306179 0.435185194016
gs 0.5 0.925000011921 0.0930232554674 1.0
ts 1.0 0.488095223904 0.0 1.0
eeg 439.209747314 1082.39709473 893.224304199 728.726318359
eeg 478.68927002 1187.67578125 891.579345703 738.596191406
eeg 549.423461914 1292.95458984 891.579345703 766.560852051
eeg 582.323059082 977.118347168 889.934387207 766.560852051
eeg 633.317443848 1082.39709473 886.64440918 783.010620117
eeg 674.441955566 1082.39709473 873.484558105 776.430725098
eeg 679.37689209 871.839599609 866.904663086 743.53112793
eeg 689.246765137 977.118347168 861.969726562 733.661254883
eeg 722.146362305 977.118347168 860.324707031 735.306213379
eeg 708.98651123 556.003356934 853.744812012 710.631530762
eeg 723.791320801 871.839599609 843.874938965 725.436340332
eeg 728.726318359 661.282104492 835.650024414 708.98651123
eeg 741.886108398 661.282104492 829.070068359 692.536743164
eeg 801.105407715 977.118347168 825.780151367 708.98651123
eeg 835.650024414 661.282104492 812.620300293 679.37689209
eeg 852.09979248 871.839599609 804.395385742 676.086914062
eeg 870.194580078 661.282104492 799.460449219 671.151977539
eeg 896.514282227 766.560852051 796.170471191 664.57208252
eeg 940.928771973 1082.39709473 794.525512695 681.021850586
eeg 967.248413086 1082.39709473 792.880554199 684.311828613
eeg 982.053283691 1187.67578125 792.880554199 704.051574707
eeg 1000.14807129 1082.39709473 789.590576172 717.211425781
a 0.0535166189075 0.0810004174709 0.105420537293 0.190943732858
b 0.0870253518224 0.153077840805 0.110489338636 0.190028578043
d 0.673432290554 0.369026780128 0.665933787823 0.142432287335
g 0.0185858104378 0.137164354324 0.0287959724665 0.141603156924
t 0.167439937592 0.259730607271 0.0893603861332 0.334992259741
h 1.0 4.0 1.0 1.0
c 1.0
Aa 0.856591284275 0.2612426579 0.31189763546 1.32866573334
Ab 1.06774842739 0.537667751312 0.332292795181 1.32657933235
Ad 1.95639657974 0.919813275337 1.11240339279 1.20136880875
Ag 0.397284090519 0.489996671677 -0.251695841551 1.19883322716
At 1.3519616127 0.767278552055 0.240117460489 1.57279515266
as 0.0 0.0 0.0 0.814814805984
bs 0.677419364452 0.264705896378 0.228070169687 1.0
ds 0.975206613541 0.311475396156 0.509803950787 0.435185194016
gs 0.5 0.925000011921 0.0465116277337 1.0
ts 1.0 0.488095223904 0.0 1.0
eeg 1014.95288086 1082.39709473 787.945556641 725.436340332
eeg 1031.40270996 1292.95458984 783.010620117 748.466064453
eeg 1034.69262695 1187.67578125 781.365661621 761.625915527
eeg 1008.3729248 1161.3560791 786.300598145 776.430725098
eeg 982.053283691 977.118347168 786.300598145 781.365661621
eeg 955.733581543 898.159240723 789.590576172 771.495788574
eeg 903.094238281 871.839599609 791.235534668 774.785766602
eeg 850.454833984 845.519897461 792.880554199 783.010620117
eeg 771.495788574 845.519897461 796.170471191 789.590576172
eeg 666.217041016 634.962402344 796.170471191 791.235534668
eeg 613.577697754 898.159240723 801.105407715 812.620300293
eeg 560.938293457 871.839599609 796.170471191 824.135131836
eeg 508.298919678 740.241149902 794.525512695 824.135131836
eeg 481.979248047 713.921447754 796.170471191 835.650024414
eeg 455.659545898 792.880554199 799.460449219 843.874938965
eeg 429.339874268 819.200195312 804.395385742 857.034729004
eeg 403.020172119 740.241149902 809.330322266 857.034729004
eeg 376.700500488 819.200195312 812.620300293 878.419494629
eeg 324.061126709 845.519897461 814.265258789 894.86932373
eeg 274.711730957 845.519897461 820.845214844 927.768920898
eeg 253.326965332 740.241149902 824.135131836 944.218688965
eeg 276.356689453 1056.07739258 825.780151367 970.538391113
a 0.0535166189075 0.0810004174709 0.100050985813 0.190943732858
b 0.0870253518224 0.153077840805 0.109819091856 0.190028578043
d 0.673432290554 0.369026780128 0.682449042797 0.142432287335
g 0.0185858104378 0.137164354324 0.0272486265749 0.141603156924
t 0.167439937592 0.259730607271 0.0804322585464 0.334992259741
h 1.0 4.0 1.0 1.0
c 1.0
Aa 0.856591284275 0.2612426579 0.30273219943 1.32866573334
Ab 1.06774842739 0.537667751312 0.343188673258 1.32657933235
Ad 1.95639657974 0.919813275337 1.13658106327 1.20136880875
Ag 0.397284090519 0.489996671677 -0.26214453578 1.19883322716
At 1.3519616127 0.767278552055 0.2079410851 1.57279515266
as 0.0 0.0 0.0 0.814814805984
bs 0.677419364452 0.264705896378 0.245614036918 1.0
ds 0.975206613541 0.311475396156 0.534653484821 0.435185194016
gs 0.5 0.925000011921 0.023809524253 1.0
ts 1.0 0.488095223904 0.0 1.0
eeg 322.416137695 950.79864502 827.425109863 965.60345459
eeg 338.865936279 950.79864502 830.715087891 952.443603516
eeg 391.505310059 1056.07739258 834.005004883 955.733581543
eeg 442.499725342 1056.07739258 835.650024414 942.573730469
eeg 490.20413208 950.79864502 842.229919434 927.768920898
eeg 537.908569336 1161.3560791 842.229919434 924.478942871
eeg 574.098144531 1161.3560791 837.29498291 914.609069824
eeg 585.612976074 1056.07739258 832.360046387 889.934387207
eeg 605.352783203 1266.6348877 832.360046387 896.514282227
eeg 608.642700195 1056.07739258 837.29498291 881.709472656
eeg 585.612976074 1056.07739258 837.29498291 858.679748535
eeg 585.612976074 1161.3560791 838.940002441 847.164855957
eeg 593.837890625 1161.3560791 838.940002441 829.070068359
eeg 616.867614746 1266.6348877 840.584960938 815.91027832
eeg 625.092529297 1056.07739258 843.874938965 789.590576172
eeg 630.02746582 1056.07739258 843.874938965 784.655639648
eeg 639.897338867 1161.3560791 845.519897461 794.525512695
eeg 641.542358398 1056.07739258 848.809875488 812.620300293
eeg 653.057189941 1056.07739258 850.454833984 825.780151367
eeg 669.507019043 1056.07739258 845.519897461 829.070068359
eeg 676.086914062 845.519897461 842.229919434 809.330322266
eeg 692.536743164 1003.43798828 838.940002441 809.330322266
a 0.0535166189075 0.0810004174709 0.095504052937 0.190943732858
b 0.0870253518224 0.153077840805 0.107318468392 0.190028578043
d 0.673432290554 0.369026780128 0.698098897934 0.142432287335
g 0.0185858104378 0.137164354324 0.0253225378692 0.141603156924
t 0.167439937592 0.259730607271 0.0737560167909 0.334992259741
h 1.0 4.0 1.0 1.0
c 1.0
Aa 0.856591284275 0.2612426579 0.300750911236 1.32866573334
Ab 1.06774842739 0.537667751312 0.351403594017 1.32657933235
Ad 1.95639657974 0.919813275337 1.16464614868 1.20136880875
Ag 0.397284090519 0.489996671677 -0.275763630867 1.19883322716
At 1.3519616127 0.767278552055 0.188526600599 1.57279515266
as 0.0 0.0 0.0 0.814814805984
bs 0.677419364452 0.264705896378 0.263157904148 1.0
ds 0.975206613541 0.311475396156 0.564356446266 0.435185194016
gs 0.5 0.925000011921 0.0 1.0
ts 1.0 0.488095223904 0.0 1.0
eeg 710.631530762 1003.43798828 838.940002441 806.040344238
eeg 713.921447754 950.79864502 838.940002441 801.105407715
eeg 718.856384277 950.79864502 835.650024414 812.620300293
eeg 707.341552734 792.880554199 832.360046387 806.040344238
eeg 717.211425781 845.519897461 827.425109863 820.845214844
eeg 704.051574707 845.519897461 827.425109863 815.91027832
eeg 692.536743164 740.241149902 825.780151367 792.880554199
eeg 685.956787109 687.601806641 824.135131836 797.815490723
eeg 667.861999512 661.282104492 824.135131836 804.395385742
eeg 656.347167969 687.601806641 824.135131836 806.040344238
eeg 641.542358398 608.642700195 825.780151367 809.330322266
eeg 633.317443848 661.282104492 827.425109863 806.040344238
eeg 625.092529297 556.003356934 827.425109863 806.040344238
eeg 606.997741699 529.683654785 825.780151367 809.330322266
eeg 595.482910156 740.241149902 825.780151367 814.265258789
eeg 583.968017578 740.241149902 825.780151367 810.975280762
eeg 579.033081055 766.560852051 829.070068359 802.750427246
eeg 557.64831543 713.921447754 830.715087891 809.330322266
eeg 526.393737793 687.601806641 829.070068359 804.395385742
eeg 498.429046631 687.601806641 832.360046387 796.170471191
eeg 493.494110107 819.200195312 829.070068359 806.040344238
eeg 523.103759766 792.880554199 824.135131836 809.330322266
a 0.0535166189075 0.0810004174709 0.0898407548666 0.190943732858
b 0.0870253518224 0.153077840805 0.10358876735 0.190028578043
d 0.673432290554 0.369026780128 0.713482916355 0.142432287335
g 0.0185858104378 0.137164354324 0.0233078971505 0.141603156924
t 0.167439937592 0.259730607271 0.0697796940804 0.334992259741
h 4.0 4.0 1.0 1.0
c 1.0
Aa 0.856591284275 0.2612426579 0.296516031027 1.32866573334
Ab 1.06774842739 0.537667751312 0.358355283737 1.32657933235
Ad 1.95639657974 0.919813275337 1.19642615318 1.20136880875
Ag 0.397284090519 0.489996671677 -0.289454251528 1.19883322716
At 1.3519616127 0.767278552055 0.186771690845 1.57279515266
as 0.0 0.0 0.0 0.814814805984
bs 0.677419364452 0.264705896378 0.280701756477 1.0
ds 0.975206613541 0.311475396156 0.594059407711 0.435185194016
gs 0.5 0.925000011921 0.0 1.0
ts 1.0 0.488095223904 0.0 1.0
eeg 536.26361084 792.880554199 824.135131836 812.620300293
eeg 567.518188477 898.159240723 822.49017334 825.780151367
eeg 585.612976074 898.159240723 820.845214844 835.650024414
eeg 580.678039551 898.159240723 829.070068359 842.229919434
eeg 587.257995605 950.79864502 827.425109863 847.164855957
eeg 575.743103027 845.519897461 827.425109863 825.780151367
eeg 572.453186035 1056.07739258 824.135131836 842.229919434
eeg 562.583251953 950.79864502 820.845214844 850.454833984
eeg 579.033081055 950.79864502 824.135131836 876.774536133
eeg 605.352783203 950.79864502 827.425109863 903.094238281
eeg 613.577697754 845.519897461 825.780151367 898.159240723
eeg 638.252380371 898.159240723 825.780151367 919.544006348
eeg 653.057189941 898.159240723 824.135131836 922.833984375
eeg 687.601806641 950.79864502 820.845214844 942.573730469
eeg 679.37689209 845.519897461 824.135131836 926.123962402
eeg 646.477294922 845.519897461 824.135131836 931.058898926
eeg 593.837890625 740.241149902 824.135131836 932.703857422
eeg 570.808166504 873.484558105 824.135131836 949.153686523
eeg 628.382507324 820.845214844 825.780151367 960.668518066
eeg 733.661254883 768.205810547 825.780151367 970.538391113
eeg 843.874938965 768.205810547 822.49017334 977.118347168
eeg 929.413879395 662.927062988 825.780151367 977.118347168
a 0.0535166189075 0.0810004174709 0.0825207680464 0.190943732858
b 0.0870253518224 0.153077840805 0.0998451039195 0.190028578043
d 0.673432290554 0.369026780128 0.728751540184 0.142432287335
g 0.0185858104378 0.137164354324 0.0214925613254 0.141603156924
t 0.167439937592 0.259730607271 0.0673900172114 0.334992259741
h 4.0 4.0 1.0 1.0
c 1.0
Aa 0.856591284275 0.2612426579 0.284274965525 1.32866573334
Ab 1.06774842739 0.537667751312 0.367038458586 1.32657933235
Ad 1.95639657974 0.919813275337 1.23029112816 1.20136880875
Ag 0.397284090519 0.489996671677 -0.300000160933 1.19883322716
At 1.3519616127 0.767278552055 0.196307256818 1.57279515266
as 0.0 0.0 0.0 0.814814805984
bs 0.677419364452 0.264705896378 0.280701756477 1.0
ds 0.975206613541 0.311475396156 0.633663356304 0.435185194016
gs 0.5 0.925000011921 0.0 1.0
ts 1.0 0.488095223904 0.0 1.0
eeg 1006.72796631 768.205810547 824.135131836 980.40826416
eeg 1065.94726562 662.927062988 825.780151367 957.378540039
eeg 1115.29663086 610.287719727 834.005004883 939.283752441
eeg 1169.58105469 715.566467285 834.005004883 935.993835449
eeg 1169.58105469 610.287719727 840.584960938 916.25402832
eeg 1164.64611816 557.64831543 842.229919434 894.86932373
eeg 1171.22595215 557.64831543 842.229919434 871.839599609
eeg 1146.55126953 452.369598389 845.519897461 858.679748535
eeg 1131.74645996 505.008972168 845.519897461 848.809875488
eeg 1105.42675781 241.812103271 850.454833984 830.715087891
eeg 1074.17211914 241.812103271 852.09979248 817.555236816
eeg 1057.72241211 241.812103271 852.09979248 809.330322266
eeg 1021.53277588 347.09085083 857.034729004 794.525512695
eeg 1000.14807129 557.64831543 857.034729004 796.170471191
eeg 957.378540039 347.09085083 855.389770508 771.495788574
eeg 926.123962402 452.369598389 855.389770508 774.785766602
eeg 908.029174805 452.369598389 857.034729004 774.785766602
eeg 893.224304199 662.927062988 858.679748535 784.655639648
eeg 881.709472656 662.927062988 858.679748535 797.815490723
eeg 848.809875488 557.64831543 855.389770508 786.300598145
eeg 827.425109863 768.205810547 855.389770508 807.68536377
eeg 787.945556641 452.369598389 852.09979248 801.105407715
a 0.0535166189075 0.0810004174709 0.0775397121906 0.190943732858
b 0.0870253518224 0.153077840805 0.0967836678028 0.190028578043
d 0.673432290554 0.369026780128 0.741134703159 0.142432287335
g 0.0185858104378 0.137164354324 0.0198162607849 0.141603156924
t 0.167439937592 0.259730607271 0.0647256448865 0.334992259741
h 4.0 4.0 1.0 1.0
c 1.0
Aa 0.856591284275 0.2612426579 0.284274965525 1.32866573334
Ab 1.06774842739 0.537667751312 0.380552887917 1.32657933235
Ad 1.95639657974 0.919813275337 1.26464796066 1.20136880875
Ag 0.397284090519 0.489996671677 -0.308227479458 1.19883322716
At 1.3519616127 0.767278552055 0.205827191472 1.57279515266
as 0.0 0.0 0.0 0.814814805984
bs 0.677419364452 0.264705896378 0.309090912342 1.0
ds 0.975206613541 0.311475396156 0.660000026226 0.435185194016
gs 0.5 0.925000011921 0.0 1.0
ts 1.0 0.488095223904 0.0 1.0
eeg 748.466064453 557.64831543 847.164855957 797.815490723
eeg 715.566467285 452.369598389 838.940002441 799.460449219
eeg 699.116638184 662.927062988 832.360046387 807.68536377
eeg 684.311828613 662.927062988 829.070068359 806.040344238
eeg 649.767211914 557.64831543 825.780151367 799.460449219
eeg 620.157592773 557.64831543 824.135131836 794.525512695
eeg 600.41784668 505.008972168 822.49017334 799.460449219
eeg 600.41784668 557.64831543 824.135131836 809.330322266
eeg 600.41784668 610.287719727 825.780151367 807.68536377
eeg 597.127868652 662.927062988 820.845214844 814.265258789
eeg 580.678039551 452.369598389 820.845214844 799.460449219
eeg 583.968017578 662.927062988 820.845214844 806.040344238
eeg 582.323059082 610.287719727 817.555236816 807.68536377
eeg 575.743103027 610.287719727 819.200195312 807.68536377
eeg 588.902954102 926.123962402 817.555236816 829.070068359
eeg 595.482910156 926.123962402 822.49017334 855.389770508
eeg 590.547912598 820.845214844 825.780151367 863.614685059
eeg 592.192932129 926.123962402 825.780151367 886.64440918
eeg 583.968017578 820.845214844 824.135131836 898.159240723
eeg 531.328674316 820.845214844 822.49017334 904.739196777
eeg 381.635437012 873.484558105 820.845214844 931.058898926
eeg 134.888381958 768.205810547 819.200195312 949.153686523
a 0.0535166189075 0.0810004174709 0.0728369951248 0.190943732858
b 0.0870253518224 0.153077840805 0.0949269160628 0.190028578043
d 0.673432290554 0.369026780128 0.752521693707 0.142432287335
g 0.0185858104378 0.137164354324 0.0181592740119 0.141603156924
t 0.167439937592 0.259730607271 0.0615551508963 0.334992259741
h 4.0 4.0 1.0 4.0
c 1.0
Aa 0.856591284275 0.2612426579 0.284274965525 1.32866573334
Ab 1.06774842739 0.537667751312 0.399312317371 1.32657933235
Ad 1.95639657974 0.919813275337 1.29844200611 1.20136880875
Ag 0.397284090519 0.489996671677 -0.318978577852 1.19883322716
At 1.3519616127 0.767278552055 0.21118734777 1.57279515266
as 0.0 0.0 0.0 0.814814805984
bs 0.677419364452 0.264705896378 0.345454543829 1.0
ds 0.975206613541 0.311475396156 0.699999988079 0.435185194016
gs 0.5 0.925000011921 0.0 1.0
ts 1.0 0.488095223904 0.0 1.0
eeg 134.888381958 715.566467285 817.555236816 975.473327637
eeg 319.126190186 978.763305664 817.555236816 1016.59783936
eeg 608.642700195 1136.68139648 822.49017334 1061.0123291
eeg 845.519897461 1136.68139648 822.49017334 1087.33203125
eeg 871.839599609 1136.68139648 824.135131836 1112.00671387
eeg 977.118347168 1084.04199219 819.200195312 1138.32641602
eeg 1003.43798828 978.763305664 814.265258789 1136.68139648
eeg 1029.75769043 1084.04199219 812.620300293 1172.87097168
eeg 1082.39709473 926.123962402 807.68536377 1174.51599121
eeg 1082.39709473 873.484558105 809.330322266 1167.93603516
eeg 1082.39709473 820.845214844 817.555236816 1163.00109863
eeg 1108.71679688 873.484558105 819.200195312 1154.77624512
eeg 1135.03637695 978.763305664 815.91027832 1171.22595215
eeg 1266.6348877 978.763305664 815.91027832 1189.32080078
eeg 1345.59387207 715.566467285 809.330322266 1161.3560791
eeg 1398.23327637 610.287719727 806.040344238 1161.3560791
eeg 1445.93774414 715.566467285 804.395385742 1182.74084473
eeg 1564.37634277 926.123962402 802.750427246 1192.61071777
eeg 1608.79077148 610.287719727 802.750427246 1161.3560791
eeg 1617.015625 610.287719727 807.68536377 1138.32641602
eeg 1605.50085449 505.008972168 814.265258789 1065.94726562
eeg 1608.79077148 610.287719727 812.620300293 1031.40270996
a 0.0535166189075 0.0810004174709 0.0657801255584 0.190943732858
b 0.0870253518224 0.153077840805 0.0940888151526 0.190028578043
d 0.673432290554 0.369026780128 0.765375554562 0.142432287335
g 0.0185858104378 0.137164354324 0.0164280198514 0.141603156924
t 0.167439937592 0.259730607271 0.0583274774253 0.334992259741
h 4.0 4.0 1.0 4.0
c 1.0
Aa 0.856591284275 0.2612426579 0.266318976879 1.32866573334
Ab 1.06774842739 0.537667751312 0.421762257814 1.32657933235
Ad 1.95639657974 0.919813275337 1.33209884167 1.20136880875
Ag 0.397284090519 0.489996671677 -0.336190521717 1.19883322716
At 1.3519616127 0.767278552055 0.214097470045 1.57279515266
as 0.0 0.0 0.0 0.814814805984
bs 0.677419364452 0.264705896378 0.381818175316 1.0
ds 0.975206613541 0.311475396156 0.730000019073 0.435185194016
gs 0.5 0.925000011921 0.0 1.0
ts 1.0 0.488095223904 0.0 1.0
eeg 1615.37072754 610.287719727 812.620300293 1016.59783936
eeg 1570.95617676 610.287719727 809.330322266 1003.43798828
eeg 1547.92651367 610.287719727 804.395385742 995.213134766
eeg 1521.60681152 399.730224609 804.395385742 959.02355957
eeg 1500.2220459 505.008972168 807.68536377 934.348815918
eeg 1452.5177002 189.172744751 810.975280762 871.839599609
eeg 1390.00842285 189.172744751 812.620300293 865.259643555
eeg 1365.33374023 399.730224609 817.555236816 852.09979248
eeg 1317.62927246 294.451477051 817.555236816 804.395385742
eeg 1255.11999512 399.730224609 815.91027832 779.720703125
eeg 1149.84130859 294.451477051 814.265258789 740.241149902
eeg 1044.5625 399.730224609 809.330322266 717.211425781
eeg 939.283752441 610.287719727 814.265258789 705.696594238
eeg 834.005004883 505.008972168 827.425109863 679.37689209
eeg 676.086914062 399.730224609 827.425109863 651.412231445
eeg 570.808166504 399.730224609 835.650024414 646.477294922
eeg 465.529449463 399.730224609 832.360046387 623.447570801
eeg 360.250701904 715.566467285 830.715087891 621.80255127
eeg 254.971954346 820.845214844 835.650024414 638.252380371
eeg 149.693206787 820.845214844 837.29498291 641.542358398
eeg 97.0538406372 1136.68139648 840.584960938 656.347167969
eeg 44.4144706726 820.845214844 832.360046387 666.217041016
a 0.0535166189075 0.0810004174709 0.0547434464097 0.190943732858
b 0.0870253518224 0.153077840805 0.0936629846692 0.190028578043
d 0.673432290554 0.369026780128 0.781541883945 0.142432287335
g 0.0185858104378 0.137164354324 0.0145163377747 0.141603156924
t 0.167439937592 0.259730607271 0.0555353276432 0.334992259741
h 4.0 4.0 1.0 4.0
c 1.0
Aa 0.856591284275 0.2612426579 0.212293401361 1.32866573334
Ab 1.06774842739 0.537667751312 0.445529282093 1.32657933235
Ad 1.95639657974 0.919813275337 1.36691355705 1.20136880875
Ag 0.397284090519 0.489996671677 -0.364181637764 1.19883322716
At 1.3519616127 0.767278552055 0.218530640006 1.57279515266
as 0.0 0.0 0.0 0.814814805984
bs 0.677419364452 0.264705896378 0.418181806803 1.0
ds 0.975206613541 0.311475396156 0.759999990463 0.435185194016
gs 0.5 0.925000011921 0.0 1.0
ts 1.0 0.488095223904 0.0 1.0
eeg 97.0538406372 1031.40270996 832.360046387 694.18170166
eeg 97.0538406372 1136.68139648 830.715087891 722.146362305
eeg 149.693206787 1241.96020508 827.425109863 764.91583252
eeg 307.611328125 1241.96020508 829.070068359 792.880554199
eeg 518.168823242 1347.2388916 829.070068359 820.845214844
eeg 728.726318359 820.845214844 824.135131836 827.425109863
eeg 939.283752441 1136.68139648 814.265258789 843.874938965
eeg 1044.5625 1347.2388916 810.975280762 861.969726562
eeg 1255.11999512 1347.2388916 807.68536377 876.774536133
eeg 1360.39880371 1241.96020508 807.68536377 888.289367676
eeg 1465.67749023 1241.96020508 807.68536377 893.224304199
eeg 1570.95617676 1347.2388916 807.68536377 893.224304199
eeg 1570.95617676 1241.96020508 799.460449219 881.709472656
eeg 1676.23498535 1452.5177002 799.460449219 881.709472656
eeg 1676.23498535 1241.96020508 799.460449219 853.744812012
eeg 1676.23498535 1241.96020508 797.815490723 842.229919434
eeg 1676.23498535 926.123962402 792.880554199 801.105407715
eeg 1676.23498535 926.123962402 792.880554199 792.880554199
eeg 1676.23498535 820.845214844 794.525512695 758.3359375
eeg 1676.23498535 820.845214844 791.235534668 736.951171875
eeg 1669.6550293 873.484558105 787.945556641 725.436340332
eeg 1666.3651123 926.123962402 784.655639648 733.661254883
a 0.0535166189075 0.0810004174709 0.0437304973602 0.190943732858
b 0.0870253518224 0.153077840805 0.0922617539763 0.190028578043
d 0.673432290554 0.369026780128 0.798116743565 0.142432287335
g 0.0185858104378 0.137164354324 0.0123584056273 0.141603156924
t 0.167439937592 0.259730607271 0.0535326302052 0.334992259741
h 4.0 4.0 1.0 4.0
c 1.0
Aa 0.856591284275 0.2612426579 0.145049288869 1.32866573334
Ab 1.06774842739 0.537667751312 0.469286561012 1.32657933235
Ad 1.95639657974 0.919813275337 1.40633130074 1.20136880875
Ag 0.397284090519 0.489996671677 -0.403772681952 1.19883322716
At 1.3519616127 0.767278552055 0.232883438468 1.57279515266
as 0.0 0.0 0.0 0.814814805984
bs 0.677419364452 0.264705896378 0.472727268934 1.0
ds 0.975206613541 0.311475396156 0.800000011921 0.435185194016
gs 0.5 0.925000011921 0.0 1.0
ts 1.0 0.488095223904 0.0 1.0
eeg 1669.6550293 715.566467285 786.300598145 736.951171875
eeg 1663.07507324 662.927062988 789.590576172 732.016235352
eeg 1633.4654541 452.369598389 792.880554199 725.436340332
eeg 1449.22766113 399.730224609 789.590576172 722.146362305
eeg 1149.84130859 505.008972168 786.300598145 746.821105957
eeg 834.005004883 452.369598389 787.945556641 763.270874023
eeg 406.310150146 452.369598389 786.300598145 786.300598145
eeg 307.611328125 768.205810547 787.945556641 861.969726562
eeg 422.75994873 873.484558105 791.235534668 922.833984375
eeg 458.949523926 873.484558105 796.170471191 991.923156738
eeg 610.287719727 978.763305664 792.880554199 1065.94726562
eeg 613.577697754 978.763305664 783.010620117 1125.16650391
eeg 603.707763672 1084.04199219 784.655639648 1215.64050293
eeg 764.91583252 1189.32080078 779.720703125 1306.11437988
eeg 942.573730469 1047.85253906 778.075683594 1329.14416504
eeg 1047.85253906 1153.13122559 771.495788574 1394.94335938
eeg 1232.09033203 1258.40991211 773.14074707 1487.06225586
eeg 1363.6887207 1205.77062988 768.205810547 1542.99157715
eeg 1442.64770508 1205.77062988 753.401000977 1600.56591797
eeg 1495.28710938 1153.13122559 766.560852051 1625.24060059
eeg 1521.60681152 1153.13122559 746.821105957 1628.53051758
eeg 1521.60681152 1205.77062988 728.726318359 1602.21081543
a 0.0535166189075 0.0810004174709 0.0311897285283 0.190943732858
b 0.0870253518224 0.153077840805 0.0878224596381 0.190028578043
d 0.673432290554 0.369026780128 0.818662524223 0.142432287335
g 0.0185858104378 0.137164354324 0.0100857429206 0.141603156924
t 0.167439937592 0.259730607271 0.0522395260632 0.334992259741
h 4.0 4.0 1.0 4.0
c 1.0
Aa 0.856591284275 0.2612426579 0.0397861711681 1.32866573334
Ab 1.06774842739 0.537667751312 0.489380180836 1.32657933235
Ad 1.95639657974 0.919813275337 1.45887947083 1.20136880875
Ag 0.397284090519 0.489996671677 -0.45051753521 1.19883322716
At 1.3519616127 0.767278552055 0.26377376914 1.57279515266
as 0.0 0.0 0.0 0.814814805984
bs 0.677419364452 0.264705896378 0.509090900421 1.0
ds 0.975206613541 0.311475396156 0.860000014305 0.435185194016
gs 0.5 0.925000011921 0.0 1.0
ts 1.0 0.488095223904 0.0 1.0
eeg 1574.24621582 1258.40991211 748.466064453 1644.98034668
eeg 1600.56591797 1258.40991211 733.661254883 1640.04541016
eeg 1626.88549805 1258.40991211 743.53112793 1643.33532715
eeg 1626.88549805 1153.13122559 748.466064453 1625.24060059
eeg 1626.88549805 1153.13122559 735.306213379 1663.07507324
eeg 1626.88549805 1100.49182129 738.596191406 1661.43017578
eeg 1626.88549805 1100.49182129 745.176086426 1625.24060059
eeg 1574.24621582 1153.13122559 750.111022949 1602.21081543
eeg 1468.96740723 1100.49182129 748.466064453 1491.99719238
eeg 1363.6887207 1205.77062988 756.690979004 1386.71838379
eeg 1258.40991211 995.213134766 768.205810547 1281.43969727
eeg 1153.13122559 995.213134766 779.720703125 1123.52160645
eeg 1047.85253906 889.934387207 784.655639648 965.60345459
eeg 995.213134766 889.934387207 792.880554199 860.324707031
eeg 942.573730469 363.540649414 796.170471191 702.406616211
eeg 837.29498291 363.540649414 799.460449219 649.767211914
eeg 732.016235352 574.098144531 804.395385742 597.127868652
eeg 574.098144531 679.37689209 812.620300293 544.488464355
eeg 416.180023193 679.37689209 815.91027832 544.488464355
eeg 258.261901855 258.261901855 824.135131836 544.488464355
eeg 100.343803406 889.934387207 830.715087891 544.488464355
eeg 47.7044296265 574.098144531 840.584960938 544.488464355
a 0.0535166189075 0.0810004174709 0.0199955720454 0.190943732858
b 0.0870253518224 0.153077840805 0.0782998353243 0.190028578043
d 0.673432290554 0.369026780128 0.84436994791 0.142432287335
g 0.0185858104378 0.137164354324 0.00792568642646 0.141603156924
t 0.167439937592 0.259730607271 0.0494089312851 0.334992259741
h 4.0 4.0 1.0 4.0
c 1.0
Aa 0.856591284275 0.2612426579 -0.091028816998 1.32866573334
Ab 1.06774842739 0.537667751312 0.501798212528 1.32657933235
Ad 1.95639657974 0.919813275337 1.53457009792 1.20136880875
Ag 0.397284090519 0.489996671677 -0.492925733328 1.19883322716
At 1.3519616127 0.767278552055 0.301842838526 1.57279515266
as 0.0 0.0 0.0 0.814814805984
bs 0.677419364452 0.264705896378 0.527272701263 1.0
ds 0.975206613541 0.311475396156 0.939393937588 0.435185194016
gs 0.5 0.925000011921 0.0 1.0
ts 1.0 0.488095223904 0.0352941192687 1.0
eeg 47.7044296265 574.098144531 857.034729004 544.488464355
eeg 47.7044296265 889.934387207 863.614685059 544.488464355
eeg 47.7044296265 889.934387207 861.969726562 544.488464355
eeg 31.2546272278 679.37689209 863.614685059 537.908569336
eeg 42.7694892883 784.655639648 863.614685059 559.293334961
eeg 46.0594482422 889.934387207 866.904663086 588.902954102
eeg 34.5445861816 574.098144531 873.484558105 620.157592773
eeg 31.2546272278 679.37689209 875.129516602 644.832275391
eeg 36.1895675659 679.37689209 884.999450684 667.861999512
eeg 34.5445861816 363.540649414 899.804260254 684.311828613
eeg 27.9646663666 784.655639648 909.674133301 730.371276855
eeg 27.9646663666 784.655639648 909.674133301 766.560852051
eeg 29.6096458435 784.655639648 908.029174805 789.590576172
eeg 27.9646663666 784.655639648 901.44921875 825.780151367
eeg 24.6747055054 889.934387207 899.804260254 870.194580078
eeg 27.9646663666 889.934387207 904.739196777 911.319091797
eeg 27.9646663666 679.37689209 908.029174805 952.443603516
eeg 37.8345489502 1205.77062988 909.674133301 1018.24285889
eeg 187.527755737 995.213134766 917.899047852 1069.23718262
