a 0.28885152936 0.0115424664691 0.0755226835608 0.151271745563
b 0.126209676266 0.00509412866086 0.0716698393226 0.0624403059483
d 0.351484000683 0.909836769104 0.664599597454 0.676925837994
g 0.0449649393559 0.0062723713927 0.0842014998198 0.0345034748316
t 0.188489839435 0.0672542825341 0.104006387293 0.0748586207628
h 1.0 1.0 1.0 1.0
c 0.264282286167 0 0 0
Aa 1.06837236881 -0.337734371424 0.00182106997818 1.15322732925
Ab 0.708790302277 -0.692963123322 -0.0209199301898 0.768934488297
Ad 1.15360319614 1.55893051624 0.946303725243 1.80401051044
Ag 0.260571658611 -0.602601230145 0.0490634813905 0.511332273483
At 0.882985591888 0.427686929703 0.140803650022 0.847711265087
as 0.597402572632 0.410714298487 0.36206895113 0.959183692932
bs 0.5 0.304347813129 0.307692319155 0.903225779533
ds 0.109756097198 0.655737698078 0.567567586899 0.815384626389
gs 0.254901975393 1.0 0.850000023842 0.392857134342
ts 0.246376812458 0.674698770046 0.193548381329 0.454545468092
a 0.28885152936 0.0117973173037 0.0855987519026 0.188817918301
b 0.126209676266 0.00512820901349 0.0759985893965 0.0771783962846
d 0.351484000683 0.910108864307 0.651026666164 0.615758836269
g 0.0449649393559 0.00614871829748 0.0818329975009 0.043069601059
t 0.188489839435 0.0668169185519 0.105543002486 0.0751752704382
h 1.0 1.0 1.0 1.0
c 0.252991050482 0 0 0
Aa 1.06837236881 -0.327147781849 0.0559487007558 1.15322732925
Ab 0.708790302277 -0.688965320587 0.00428681029007 0.764679789543
Ad 1.15360319614 1.56016230583 0.937080025673 1.66659474373
Ag 0.260571658611 -0.610146462917 0.0364097207785 0.511354923248
At 0.882985591888 0.42595538497 0.146910712123 0.753259062767
as 0.597402572632 0.428571432829 0.448275864124 0.958333313465
bs 0.5 0.304347813129 0.384615391493 0.870967745781
ds 0.109756097198 0.655737698078 0.55405408144 0.600000023842
gs 0.254901975393 1.0 0.75 0.392857134342
ts 0.246376812458 0.662650585175 0.193548381329 0.307692319155
a 0.28885152936 0.0121861984953 0.0942717269063 0.242130160332
b 0.126209676266 0.00526213413104 0.0802098289132 0.0979854315519
d 0.351484000683 0.908031046391 0.639189064503 0.523710608482
g 0.0449649393559 0.00607592100278 0.0791287720203 0.0556545741856
t 0.188489839435 0.0684447064996 0.107200592756 0.0805192217231
h 1.0 1.0 1.0 1.0
c 0.2416998595 0 0 0
Aa 1.06837236881 -0.312943011522 0.0979772284627 1.15322732925
Ab 0.708790302277 -0.677649378777 0.0278233587742 0.760339915752
Ad 1.15360319614 1.55928945541 0.92922514677 1.48826980591
Ag 0.260571658611 -0.615199148655 0.0219302196056 0.514679253101
At 0.882985591888 0.436528593302 0.153792962432 0.675077974796
as 0.597402572632 0.464285701513 0.534482777119 0.958333313465
bs 0.5 0.347826093435 0.5 0.870967745781
ds 0.109756097198 0.655737698078 0.55405408144 0.323076933622
gs 0.254901975393 1.0 0.699999988079 0.392857134342
ts 0.246376812458 0.674698770046 0.209677413106 0.184615388513
a 0.28885152936 0.0119549445808 0.100168049335 0.301889061928
b 0.126209676266 0.00528699764982 0.0846920385957 0.12006483227
d 0.351484000683 0.908731520176 0.629461884499 0.419377535582
g 0.0449649393559 0.0059695946984 0.0773699507117 0.070408962667
t 0.188489839435 0.0680569559336 0.10830809921 0.0882596001029
h 1.0 1.0 1.0 1.0
c 0.230706855655 0 0 0
Aa 1.06837236881 -0.316387563944 0.12395003438 1.15322732925
Ab 0.708790302277 -0.670726001263 0.0510634183884 0.752795755863
Ad 1.15360319614 1.56450045109 0.922190248966 1.29598510265
Ag 0.260571658611 -0.61799031496 0.0117931645364 0.521007835865
At 0.882985591888 0.438937425613 0.157881751657 0.619141876698
as 0.597402572632 0.446428567171 0.568965494633 0.958333313465
bs 0.5 0.391304343939 0.576923072338 0.838709652424
ds 0.109756097198 0.655737698078 0.540540516376 0.0307692307979
gs 0.254901975393 1.0 0.649999976158 0.428571432829
ts 0.246376812458 0.686747014523 0.229508191347 0.107692308724
a 0.28885152936 0.00928284786642 0.105297766626 0.350377202034
b 0.126209676266 0.00524520222098 0.0893867686391 0.135432109237
d 0.351484000683 0.91359525919 0.621494293213 0.339396089315
g 0.0449649393559 0.00582309160382 0.0769570991397 0.0829956904054
t 0.188489839435 0.0660536214709 0.106864087284 0.0917989239097
h 1.0 1.0 1.0 1.0
c 0.220012068748 0 0 0
Aa 1.06837236881 -0.41767463088 0.143574640155 1.15322732925
Ab 0.708790302277 -0.665593624115 0.0724286958575 0.740413069725
Ad 1.15360319614 1.57539796829 0.914592623711 1.13939833641
Ag 0.260571658611 -0.620202243328 0.00740416906774 0.527747035027
At 0.882985591888 0.434540778399 0.149987235665 0.5715290308
as 0.597402572632 0.267857134342 0.603448271751 0.958333313465
bs 0.5 0.391304343939 0.680000007153 0.806451618671
ds 0.109756097198 0.672131121159 0.513888895512 0.0
gs 0.254901975393 1.0 0.649999976158 0.464285701513
ts 0.246376812458 0.670731723309 0.213114753366 0.0307692307979
a 0.28885152936 0.00767814461142 0.113577961922 0.374685674906
b 0.126209676266 0.00510678254068 0.0932299047709 0.141426414251
d 0.351484000683 0.919623553753 0.610784590244 0.304075777531
g 0.0449649393559 0.00557926623151 0.0771581456065 0.090680077672
t 0.188489839435 0.0620122365654 0.105249427259 0.0891320630908
h 1.0 1.0 1.0 1.0
c 0.209317296743 0 0 0
Aa 1.06837236881 -0.490464895964 0.174469485879 1.14789783955
Ab 0.708790302277 -0.667573809624 0.0887306556106 0.724761247635
Ad 1.15360319614 1.58788895607 0.905063450336 1.05721259117
Ag 0.260571658611 -0.629144072533 0.00655718380585 0.531742632389
At 0.882985591888 0.416756212711 0.141395151615 0.52426469326
as 0.597402572632 0.127272725105 0.655172407627 0.9375
bs 0.5 0.363636374474 0.759999990463 0.741935491562
ds 0.109756097198 0.699999988079 0.5 0.0
gs 0.254901975393 0.972222208977 0.600000023842 0.464285701513
ts 0.246376812458 0.646341443062 0.196721315384 0.0
a 0.28885152936 0.0073978016153 0.118354357779 0.384220004082
b 0.126209676266 0.00491869170219 0.0966291204095 0.141344591975
d 0.351484000683 0.927066445351 0.604702889919 0.296526372433
g 0.0449649393559 0.00526174390689 0.0777477174997 0.0935689732432
t 0.188489839435 0.0553552992642 0.102565936744 0.0843400731683
h 1.0 1.0 1.0 1.0
c 0.198622509837 0 0 0
Aa 1.06837236881 -0.498726040125 0.187870278955 1.14434885979
Ab 0.708790302277 -0.675979077816 0.099794074893 0.710048079491
Ad 1.15360319614 1.5992821455 0.896228075027 1.03183221817
Ag 0.260571658611 -0.646699011326 0.00537366885692 0.530900776386
At 0.882985591888 0.375330507755 0.125689193606 0.48580288887
as 0.597402572632 0.109090909362 0.689655184746 0.957446813583
bs 0.5 0.318181812763 0.800000011921 0.709677398205
ds 0.109756097198 0.733333349228 0.486111104488 0.0
gs 0.254901975393 0.916666686535 0.600000023842 0.464285701513
ts 0.246376812458 0.597561001778 0.16393442452 0.0
a 0.28885152936 0.00733270263299 0.121557541192 0.385602980852
b 0.126209676266 0.00481377216056 0.10068449378 0.138124972582
d 0.351484000683 0.932651042938 0.596539914608 0.300856232643
g 0.0449649393559 0.00490163825452 0.0788333937526 0.092404179275
t 0.188489839435 0.0503008365631 0.102384679019 0.0830116197467
h 1.0 1.0 1.0 1.0
c 0.187629505992 0 0 0
Aa 1.06837236881 -0.498726040125 0.191112533212 1.14434885979
Ab 0.708790302277 -0.681504607201 0.109293222427 0.698480665684
Ad 1.15360319614 1.60572910309 0.881970107555 1.03656744957
Ag 0.260571658611 -0.673648834229 0.00304085714743 0.523900091648
At 0.882985591888 0.337585091591 0.116565577686 0.47734734416
as 0.597402572632 0.109090909362 0.689655184746 0.957446813583
bs 0.5 0.318181812763 0.839999973774 0.677419364452
ds 0.109756097198 0.733333349228 0.472222208977 0.0
gs 0.254901975393 0.861111104488 0.600000023842 0.428571432829
ts 0.246376812458 0.56097561121 0.147540986538 0.0
a 0.28885152936 0.00732632027939 0.125779747963 0.370419830084
b 0.126209676266 0.00475461501628 0.107310123742 0.132688716054
d 0.351484000683 0.936894953251 0.58064943552 0.317048549652
g 0.0449649393559 0.00457847397774 0.081374168396 0.0879632458091
t 0.188489839435 0.0464456416667 0.104886554182 0.0918796658516
h 1.0 1.0 1.0 1.0
c 0.176338300109 0 0 0
Aa 1.06837236881 -0.502302348614 0.191112533212 1.13560271263
Ab 0.708790302277 -0.690072894096 0.122142530978 0.689742445946
Ad 1.15360319614 1.60450267792 0.855415821075 1.06803429127
Ag 0.260571658611 -0.70646750927 0.00198841677047 0.511209726334
At 0.882985591888 0.299756705761 0.11222165823 0.530127882957
as 0.597402572632 0.109090909362 0.701754391193 0.936170220375
bs 0.5 0.272727280855 0.879999995232 0.645161271095
ds 0.109756097198 0.733333349228 0.430555552244 0.0
gs 0.254901975393 0.75 0.600000023842 0.392857134342
ts 0.246376812458 0.512195110321 0.147540986538 0.0149253727868
a 0.28885152936 0.00745533406734 0.131081089377 0.370182931423
b 0.126209676266 0.00477481028065 0.118474237621 0.132880166173
d 0.351484000683 0.938585460186 0.553983807564 0.313847959042
g 0.0449649393559 0.00437051663175 0.0866833105683 0.0870909839869
t 0.188489839435 0.0448138564825 0.10977756232 0.095997966826
h 1.0 1.0 1.0 1.0
c 0.164748877287 0 0 0
Aa 1.06837236881 -0.507540166378 0.184167966247 1.13126003742
Ab 0.708790302277 -0.70105111599 0.14025183022 0.686303853989
Ad 1.15360319614 1.59246659279 0.810124993324 1.05956304073
Ag 0.260571658611 -0.739474534988 0.00456338608637 0.502816915512
At 0.882985591888 0.271405041218 0.107141509652 0.545105755329
as 0.597402572632 0.0909090936184 0.684210538864 0.936170220375
bs 0.5 0.227272734046 0.959999978542 0.633333325386
ds 0.109756097198 0.716666638851 0.375 0.0
gs 0.254901975393 0.666666686535 0.600000023842 0.357142865658
ts 0.246376812458 0.475609749556 0.147540986538 0.0298507455736
a 0.28885152936 0.00786087941378 0.142820134759 0.365820497274
b 0.126209676266 0.00492625823244 0.133344247937 0.135341450572
d 0.351484000683 0.937703251839 0.511415839195 0.307122647762
g 0.0449649393559 0.00431663542986 0.0944070518017 0.0875211879611
t 0.188489839435 0.0451929569244 0.118012726307 0.104194231331
h 1.0 1.0 1.0 1.0
c 0.152861237526 0 0 0
Aa 1.06837236881 -0.507540166378 0.188867494464 1.11134803295
Ab 0.708790302277 -0.710494101048 0.159052327275 0.679510831833
Ad 1.15360319614 1.56905412674 0.742852210999 1.03539180756
Ag 0.260571658611 -0.767865896225 0.00908247940242 0.490193217993
At 0.882985591888 0.252059489489 0.106006897986 0.565923690796
as 0.597402572632 0.0909090936184 0.701754391193 0.893617033958
bs 0.5 0.181818187237 1.0 0.633333325386
ds 0.109756097198 0.683333337307 0.277777791023 0.0
gs 0.254901975393 0.600000023842 0.649999976158 0.321428567171
ts 0.246376812458 0.45679011941 0.116666667163 0.0606060624123
a 0.28885152936 0.00847957842052 0.155807465315 0.328411668539
b 0.126209676266 0.00525090284646 0.149673759937 0.144978374243
d 0.351484000683 0.934974014759 0.463132053614 0.310434937477
g 0.0449649393559 0.00442254543304 0.103200107813 0.0938675925136
t 0.188489839435 0.0468729846179 0.12818659842 0.122307419777
h 1.0 1.0 1.0 1.0
c 0.140675380826 0 0 0
Aa 1.06837236881 -0.507540166378 0.188867494464 1.02145922184
Ab 0.708790302277 -0.715680420399 0.171424910426 0.666343986988
Ad 1.15360319614 1.53488516808 0.661984086037 0.997011303902
Ag 0.260571658611 -0.790242135525 0.00995937734842 0.477556407452
At 0.882985591888 0.235008195043 0.104121863842 0.592493534088
as 0.597402572632 0.0909090936184 0.701754391193 0.702127635479
bs 0.5 0.136363640428 1.0 0.566666662693
ds 0.109756097198 0.627118647099 0.166666671634 0.0
gs 0.254901975393 0.542857170105 0.684210538864 0.285714298487
ts 0.246376812458 0.432098776102 0.116666667163 0.0923076942563
a 0.28885152936 0.00867422949523 0.169656217098 0.256121248007
b 0.126209676266 0.00575324241072 0.163160607219 0.15997633338
d 0.351484000683 0.931330084801 0.416471898556 0.326676934958
g 0.0449649393559 0.00468276022002 0.11065402627 0.106542490423
t 0.188489839435 0.0495596826077 0.140057250857 0.150683000684
h 1.0 1.0 1.0 1.0
c 0.127959370613 0 0 0
Aa 1.06837236881 -0.53849452734 0.188867494464 0.85092240572
Ab 0.708790302277 -0.716812729836 0.171913012862 0.646532475948
Ad 1.15360319614 1.49237823486 0.5788834095 0.956595242023
Ag 0.260571658611 -0.806223511696 0.00326493103057 0.469999581575
At 0.882985591888 0.218403086066 0.105603307486 0.620541036129
as 0.597402572632 0.0363636352122 0.701754391193 0.340425521135
bs 0.5 0.136363640428 1.0 0.5
ds 0.109756097198 0.559322059155 0.0555555559695 0.0
gs 0.254901975393 0.470588237047 0.631578922272 0.222222223878
ts 0.246376812458 0.419753074646 0.116666667163 0.13846154511
a 0.28885152936 0.00963937677443 0.181923776865 0.184670418501
b 0.126209676266 0.00642105238512 0.170236960053 0.170437321067
d 0.351484000683 0.925503075123 0.381769448519 0.344665139914
g 0.0449649393559 0.00506938900799 0.114887833595 0.119912661612
t 0.188489839435 0.0533670932055 0.151181980968 0.180314466357
h 1.0 1.0 1.0 1.0
c 0.11524335295 0 0 0
Aa 1.06837236881 -0.536387562752 0.188867494464 0.657308936119
Ab 0.708790302277 -0.712830305099 0.160031855106 0.622476279736
Ad 1.15360319614 1.445941329 0.510779201984 0.928308963776
Ag 0.260571658611 -0.81548088789 -0.0107479393482 0.469776660204
At 0.882985591888 0.206837043166 0.108478046954 0.646942138672
as 0.597402572632 0.0363636352122 0.701754391193 0.0
bs 0.5 0.181818187237 1.0 0.433333337307
ds 0.109756097198 0.465517252684 0.0 0.0
gs 0.254901975393 0.441176474094 0.578947365284 0.222222223878
ts 0.246376812458 0.395061731339 0.133333340287 0.169230774045
a 0.28885152936 0.0105777056888 0.191210880876 0.158922806382
b 0.126209676266 0.00712282024324 0.170800819993 0.167529821396
d 0.351484000683 0.918594300747 0.361858874559 0.34977042675
g 0.0449649393559 0.00553165515885 0.116417422891 0.126492768526
t 0.188489839435 0.0581734925508 0.159712001681 0.197284191847
h 1.0 1.0 1.0 1.0
c 0.102527335286 0 0 0
Aa 1.06837236881 -0.536387562752 0.188867494464 0.574329912663
Ab 0.708790302277 -0.708127081394 0.139844864607 0.59723585844
Ad 1.15360319614 1.40234470367 0.465894132853 0.916926801205
Ag 0.260571658611 -0.817923903465 -0.0266271084547 0.475209385157
At 0.882985591888 0.203946083784 0.110692471266 0.668236017227
as 0.597402572632 0.0363636352122 0.701754391193 0.0
bs 0.5 0.190476194024 0.920000016689 0.333333343267
ds 0.109756097198 0.396551728249 0.0 0.0
gs 0.254901975393 0.441176474094 0.473684221506 0.222222223878
ts 0.246376812458 0.40000000596 0.133333340287 0.215384617448
a 0.28885152936 0.0108806733042 0.196892380714 0.150456517935
b 0.126209676266 0.00757749658078 0.166533708572 0.160427704453
d 0.351484000683 0.913685619831 0.356246739626 0.353952050209
g 0.0449649393559 0.00593249872327 0.116714507341 0.129378929734
t 0.188489839435 0.061923686415 0.163612663746 0.20578481257
h 1.0 1.0 1.0 1.0
c 0.0901205837727 0 0 0
Aa 1.06837236881 -0.551578700542 0.188867494464 0.546548008919
Ab 0.708790302277 -0.708708703518 0.116140715778 0.574416339397
Ad 1.15360319614 1.37256228924 0.446389466524 0.918081402779
Ag 0.260571658611 -0.81499683857 -0.0382365882397 0.481000572443
At 0.882985591888 0.203622341156 0.108455501497 0.682550311089
as 0.597402572632 0.0181818176061 0.701754391193 0.0
bs 0.5 0.190476194024 0.800000011921 0.266666680574
ds 0.109756097198 0.344827592373 0.0 0.0
gs 0.254901975393 0.441176474094 0.421052634716 0.25925925374
ts 0.246376812458 0.40000000596 0.133333340287 0.234375
a 0.28885152936 0.0107136061415 0.197763845325 0.144164130092
b 0.126209676266 0.00758341746405 0.161309078336 0.155070543289
d 0.351484000683 0.913002729416 0.357146888971 0.36014816165
g 0.0449649393559 0.0061838272959 0.11805896461 0.129101082683
t 0.188489839435 0.0625164434314 0.165721222758 0.211516097188
h 1.0 1.0 1.0 1.0
c 0.0777138322592 0 0 0
Aa 1.06837236881 -0.569257497787 0.180652469397 0.527608811855
Ab 0.708790302277 -0.719328224659 0.0921643823385 0.55928093195
Ad 1.15360319614 1.36127889156 0.437352478504 0.925232827663
Ag 0.260571658611 -0.807935833931 -0.0433954373002 0.479681521654
At 0.882985591888 0.196801096201 0.103883691132 0.69409507513
as 0.597402572632 0.0 0.678571403027 0.0
bs 0.5 0.142857149243 0.72000002861 0.233333334327
ds 0.109756097198 0.327586203814 0.0 0.0
gs 0.254901975393 0.470588237047 0.368421047926 0.25925925374
ts 0.246376812458 0.379746824503 0.118644066155 0.25
a 0.28885152936 0.0087514705956 0.190036013722 0.137689962983
b 0.126209676266 0.00728426128626 0.156895875931 0.151773631573
d 0.351484000683 0.91979521513 0.357793778181 0.372466474771
g 0.0449649393559 0.00637792469934 0.120554789901 0.123603567481
t 0.188489839435 0.0577911138535 0.174719542265 0.21446634829
h 1.0 1.0 1.0 4.0
c 0.0646885558963 0 0 0
Aa 1.06837236881 -0.658167004585 0.152342289686 0.512672185898
Ab 0.708790302277 -0.73786252737 0.06911791116 0.554966211319
Ad 1.15360319614 1.36344313622 0.427139163017 0.944857120514
Ag 0.260571658611 -0.795568645 -0.0453091524541 0.465800911188
At 0.882985591888 0.161613047123 0.115847848356 0.705129027367
as 0.597402572632 0.0 0.625 0.0
bs 0.5 0.047619048506 0.639999985695 0.20000000298
ds 0.109756097198 0.327586203814 0.0 0.0
gs 0.254901975393 0.5 0.368421047926 0.185185179114
ts 0.246376812458 0.341772139072 0.135593220592 0.265625
a 0.28885152936 0.00787948165089 0.170996963978 0.130810782313
b 0.126209676266 0.00704277260229 0.150744229555 0.148835510015
d 0.351484000683 0.925609350204 0.362576693296 0.394215077162
g 0.0449649393559 0.00673873256892 0.120733268559 0.111551500857
t 0.188489839435 0.0527296587825 0.194948852062 0.214587137103
h 1.0 1.0 1.0 4.0
c 0.0507355071604 0 0 0
Aa 1.06837236881 -0.705325424671 0.10348597914 0.506244838238
Ab 0.708790302277 -0.754079401493 0.048738297075 0.562307834625
Ad 1.15360319614 1.36460471153 0.429897457361 0.985334515572
Ag 0.260571658611 -0.773244857788 -0.0476754643023 0.437076717615
At 0.882985591888 0.120231889188 0.160418257117 0.721204996109
as 0.597402572632 0.0 0.535714268684 0.0
bs 0.5 0.0 0.560000002384 0.233333334327
ds 0.109756097198 0.327586203814 0.0 0.0
gs 0.254901975393 0.588235318661 0.368421047926 0.074074074626
ts 0.246376812458 0.294871807098 0.220338985324 0.296875
a 0.28885152936 0.0069336546585 0.190011516213 0.11745287478
b 0.126209676266 0.00708718085662 0.132902652025 0.143953815103
d 0.351484000683 0.928898215294 0.356085956097 0.430601596832
g 0.0449649393559 0.00755857722834 0.109116449952 0.0949665755033
t 0.188489839435 0.0495223850012 0.211883440614 0.213025122881
h 1.0 1.0 1.0 1.0
c 0.0361639410257 0 0 0
Aa 1.06837236881 -0.774737417698 0.190685763955 0.489803105593
Ab 0.708790302277 -0.765226066113 0.0354394726455 0.578162670135
Ad 1.15360319614 1.35226845741 0.463460683823 1.05401515961
Ag 0.260571658611 -0.737259566784 -0.0502039380372 0.397510230541
At 0.882985591888 0.079101935029 0.238002866507 0.748370289803
as 0.597402572632 0.0 0.696428596973 0.0
bs 0.5 0.0 0.479999989271 0.300000011921
ds 0.109756097198 0.310344815254 0.0 0.0224719103426
gs 0.254901975393 0.676470577717 0.368421047926 0.0
ts 0.246376812458 0.243589743972 0.355932205915 0.34375
a 0.28885152936 0.0061803474091 0.193077653646 0.11745287478
b 0.126209676266 0.00769347138703 0.118314556777 0.143953815103
d 0.351484000683 0.927245557308 0.362364560366 0.430601596832
g 0.0449649393559 0.00911967083812 0.097258888185 0.0949665755033
t 0.188489839435 0.0497609339654 0.228984341025 0.213025122881
h 1.0 1.0 1.0 1.0
c 0.0215923711658 0 0 0
Aa 1.06837236881 -0.85628849268 0.248233050108 0.489803105593
Ab 0.708790302277 -0.761179029942 0.0355392061174 0.578162670135
Ad 1.15360319614 1.31989336014 0.521646738052 1.05401515961
Ag 0.260571658611 -0.687322258949 -0.0495696924627 0.397510230541
At 0.882985591888 0.0495871603489 0.322306782007 0.748370289803
as 0.597402572632 0.0 0.803571403027 0.0
bs 0.5 0.0 0.479999989271 0.300000011921
ds 0.109756097198 0.258620679379 0.0750000029802 0.0224719103426
gs 0.254901975393 0.823529422283 0.368421047926 0.0
ts 0.246376812458 0.205128207803 0.491525411606 0.34375
a 0.28885152936 0.0076287384145 0.178092554212 0.11745287478
b 0.126209676266 0.00910935178399 0.111851029098 0.143953815103
d 0.351484000683 0.91798055172 0.378155887127 0.430601596832
g 0.0449649393559 0.0116630233824 0.0899705812335 0.0949665755033
t 0.188489839435 0.0536183267832 0.24192994833 0.213025122881
h 1.0 1.0 1.0 1.0
c 0.00702080270275 0 0 0
Aa 1.06837236881 -0.812375366688 0.25372633338 0.489803105593
Ab 0.708790302277 -0.735340595245 0.0517205633223 0.578162670135
Ad 1.15360319614 1.26800537109 0.580751478672 1.05401515961
Ag 0.260571658611 -0.6280169487 -0.0428188927472 0.397510230541
At 0.882985591888 0.0344851799309 0.386770218611 0.748370289803
as 0.597402572632 0.0 0.803571403027 0.0
bs 0.5 0.0909090936184 0.560000002384 0.300000011921
ds 0.109756097198 0.155172407627 0.15000000596 0.0224719103426
gs 0.254901975393 1.0 0.421052634716 0.0
ts 0.246376812458 0.17948718369 0.593220353127 0.34375
a 0.28885152936 0.00999510008842 0.164651826024 0.11745287478
b 0.126209676266 0.0116635570303 0.111812099814 0.143953815103
d 0.351484000683 0.903522253036 0.392102390528 0.430601596832
g 0.0449649393559 0.0153115727007 0.0866042673588 0.0949665755033
t 0.188489839435 0.0595075041056 0.244829401374 0.213025122881
h 1.0 1.0 1.0 1.0
c 0.0 0 0 0
Aa 1.06837236881 -0.753830015659 0.247553467751 0.489803105593
Ab 0.708790302277 -0.686786174774 0.0794757083058 0.578162670135
Ad 1.15360319614 1.2023216486 0.624386429787 1.05401515961
Ag 0.260571658611 -0.568597376347 -0.0314737930894 0.397510230541
At 0.882985591888 0.0209545437247 0.419850468636 0.748370289803
as 0.597402572632 0.0 0.800000011921 0.0
bs 0.5 0.318181812763 0.680000007153 0.300000011921
ds 0.109756097198 0.051724139601 0.20000000298 0.0224719103426
gs 0.254901975393 1.0 0.473684221506 0.0
ts 0.246376812458 0.166666671634 0.655172407627 0.34375
a 0.28885152936 0.011935453862 0.154754400253 0.11745287478
b 0.126209676266 0.0155860558152 0.116318486631 0.143953815103
d 0.351484000683 0.88625061512 0.402813524008 0.430601596832
g 0.0449649393559 0.01995408535 0.0862681791186 0.0949665755033
t 0.188489839435 0.0662738084793 0.239845424891 0.213025122881
h 1.0 1.0 1.0 1.0
c 0.0 0 0 0
Aa 1.06837236881 -0.739828646183 0.233481839299 0.489803105593
Ab 0.708790302277 -0.623931348324 0.109487593174 0.578162670135
Ad 1.15360319614 1.1308889389 0.648942887783 1.05401515961
Ag 0.260571658611 -0.516635775566 -0.0203105267137 0.397510230541
At 0.882985591888 0.00467432430014 0.423770278692 0.748370289803
as 0.597402572632 0.0 0.777777791023 0.0
bs 0.5 0.590909063816 0.800000011921 0.300000011921
ds 0.109756097198 0.0 0.23749999702 0.0224719103426
gs 0.254901975393 1.0 0.526315808296 0.0
ts 0.246376812458 0.141025647521 0.666666686535 0.34375
a 0.28885152936 0.0135180838406 0.147597104311 0.11745287478
b 0.126209676266 0.0205403678119 0.122407145798 0.143953815103
d 0.351484000683 0.867826879025 0.410697609186 0.430601596832
g 0.0449649393559 0.0248575210571 0.087383069098 0.0949665755033
t 0.188489839435 0.0732571482658 0.231915056705 0.213025122881
h 1.0 1.0 1.0 1.0
c 0.0 0 0 0
Aa 1.06837236881 -0.739828646183 0.214612439275 0.489803105593
Ab 0.708790302277 -0.558135569096 0.133341372013 0.578162670135
Ad 1.15360319614 1.06768929958 0.659056782722 1.05401515961
Ag 0.260571658611 -0.475285947323 -0.0130381137133 0.397510230541
At 0.882985591888 -0.00589376920834 0.410863548517 0.748370289803
as 0.597402572632 0.0 0.740740716457 0.0
bs 0.5 0.909090936184 0.879999995232 0.300000011921
ds 0.109756097198 0.0 0.25 0.0224719103426
gs 0.254901975393 1.0 0.526315808296 0.0
ts 0.246376812458 0.128205135465 0.649122834206 0.34375
a 0.28885152936 0.0134443165734 0.139555960894 0.11745287478
b 0.126209676266 0.0251716822386 0.128025755286 0.143953815103
d 0.351484000683 0.853505671024 0.416202127934 0.430601596832
g 0.0449649393559 0.0288085080683 0.0892102271318 0.0949665755033
t 0.188489839435 0.0790698304772 0.227005928755 0.213025122881
h 1.0 1.0 1.0 1.0
c 0.0 0 0 0
Aa 1.06837236881 -0.774494230747 0.185052588582 0.489803105593
Ab 0.708790302277 -0.502120733261 0.147601544857 0.578162670135
Ad 1.15360319614 1.02817344666 0.659608483315 1.05401515961
Ag 0.260571658611 -0.443512201309 -0.00928117521107 0.397510230541
At 0.882985591888 -0.00502215931192 0.396341383457 0.748370289803
as 0.597402572632 0.0 0.685185194016 0.0
bs 0.5 1.0 0.959999978542 0.300000011921
ds 0.109756097198 0.0 0.25 0.0224719103426
gs 0.254901975393 1.0 0.578947365284 0.0
ts 0.246376812458 0.128205135465 0.614035069942 0.34375
a 0.28885152936 0.0155546236783 0.130369529128 0.11745287478
b 0.126209676266 0.0280378907919 0.13209412992 0.143953815103
d 0.351484000683 0.843138635159 0.418122470379 0.430601596832
g 0.0449649393559 0.0308127906173 0.0918946936727 0.0949665755033
t 0.188489839435 0.0824560672045 0.227519154549 0.213025122881
h 1.0 1.0 1.0 1.0
c 0.0 0 0 0
Aa 1.06837236881 -0.715714812279 0.147273957729 0.489803105593
Ab 0.708790302277 -0.459829002619 0.15298140049 0.578162670135
Ad 1.15360319614 1.01832461357 0.653401374817 1.05401515961
Ag 0.260571658611 -0.41884329915 -0.00461169844493 0.397510230541
At 0.882985591888 0.00864828098565 0.389115840197 0.748370289803
as 0.597402572632 0.0 0.629629611969 0.0
bs 0.5 1.0 0.959999978542 0.300000011921
ds 0.109756097198 0.0 0.23749999702 0.0224719103426
gs 0.254901975393 1.0 0.578947365284 0.0
ts 0.246376812458 0.153846159577 0.614035069942 0.34375
a 0.28885152936 0.017135662958 0.12392193079 0.11745287478
b 0.126209676266 0.0291552133858 0.13424859941 0.143953815103
d 0.351484000683 0.839203357697 0.41588357091 0.430601596832
g 0.0449649393559 0.0313857346773 0.0952776744962 0.0949665755033
t 0.188489839435 0.0831200554967 0.230668231845 0.213025122881
h 1.0 1.0 1.0 1.0
c 0.0 0 0 0
Aa 1.06837236881 -0.663341939449 0.118091084063 0.489803105593
Ab 0.708790302277 -0.43252658844 0.152852669358 0.578162670135
Ad 1.15360319614 1.02662444115 0.643914699554 1.05401515961
Ag 0.260571658611 -0.400510549545 0.00393406534567 0.397510230541
At 0.882985591888 0.0224629975855 0.387930721045 0.748370289803
as 0.597402572632 0.0151515156031 0.574074089527 0.0
bs 0.5 1.0 0.959999978542 0.300000011921
ds 0.109756097198 0.0 0.22499999404 0.0224719103426
gs 0.254901975393 1.0 0.631578922272 0.0
ts 0.246376812458 0.166666671634 0.614035069942 0.34375
a 0.28885152936 0.0195670742542 0.123974651098 0.11745287478
b 0.126209676266 0.0294728595763 0.134306162596 0.143953815103
d 0.351484000683 0.836939394474 0.410167783499 0.430601596832
g 0.0449649393559 0.0314027033746 0.098567597568 0.0949665755033
t 0.188489839435 0.0826179608703 0.232983797789 0.213025122881
h 1.0 1.0 1.0 1.0
c 0.0 0 0 0
Aa 1.06837236881 -0.593536019325 0.114923872054 0.489803105593
Ab 0.708790302277 -0.415639609098 0.149686917663 0.578162670135
Ad 1.15360319614 1.03763210773 0.634552538395 1.05401515961
Ag 0.260571658611 -0.388094842434 0.0153251541778 0.397510230541
At 0.882985591888 0.0320126079023 0.388916730881 0.748370289803
as 0.597402572632 0.121212124825 0.555555582047 0.0
bs 0.5 1.0 0.959999978542 0.300000011921
ds 0.109756097198 0.0 0.21250000596 0.0224719103426
gs 0.254901975393 1.0 0.684210538864 0.0
ts 0.246376812458 0.181818187237 0.614035069942 0.34375
a 0.28885152936 0.0224508550018 0.126183062792 0.11745287478
b 0.126209676266 0.0299104005098 0.133344441652 0.143953815103
d 0.351484000683 0.835044324398 0.405969500542 0.430601596832
g 0.0449649393559 0.0313591249287 0.101001612842 0.0949665755033
t 0.188489839435 0.0812353268266 0.233501404524 0.213025122881
h 1.0 1.0 1.0 1.0
c 0.0 0 0 0
Aa 1.06837236881 -0.526797711849 0.1214094311 0.489803105593
Ab 0.708790302277 -0.402208358049 0.145383283496 0.578162670135
Ad 1.15360319614 1.04367887974 0.628901779652 1.05401515961
Ag 0.260571658611 -0.381666690111 0.0247367005795 0.397510230541
At 0.882985591888 0.0317143239081 0.388697892427 0.748370289803
as 0.597402572632 0.212121218443 0.574074089527 0.0
bs 0.5 1.0 0.920000016689 0.300000011921
ds 0.109756097198 0.0 0.21250000596 0.0224719103426
gs 0.254901975393 1.0 0.777777791023 0.0
ts 0.246376812458 0.181818187237 0.614035069942 0.34375
a 0.28885152936 0.0267854183912 0.126878172159 0.239552050829
b 0.126209676266 0.0309168789536 0.132467731833 0.107781648636
d 0.351484000683 0.830996692181 0.405088305473 0.315596699715
g 0.0449649393559 0.0314890295267 0.102010965347 0.0751916021109
t 0.188489839435 0.0798119604588 0.233554795384 0.261878013611
h 1.0 1.0 1.0 1.0
c 0.0 0 0 0
Aa 1.06837236881 -0.451375365257 0.122769631445 1.04953169823
Ab 0.708790302277 -0.389078170061 0.141492828727 0.702676653862
Ad 1.15360319614 1.04032552242 0.626932442188 1.16926431656
Ag 0.260571658611 -0.381114512682 0.0280295684934 0.546301186085
At 0.882985591888 0.0227941628546 0.387771517038 1.08823084831
as 0.597402572632 0.33846154809 0.574074089527 0.814814805984
bs 0.5 1.0 0.920000016689 0.699999988079
ds 0.109756097198 0.0 0.20000000298 0.157303377986
gs 0.254901975393 1.0 0.833333313465 0.518518507481
ts 0.246376812458 0.171052634716 0.614035069942 0.903225779533
a 0.28885152936 0.0293533615768 0.128435060382 0.284619629383
b 0.126209676266 0.0326229445636 0.131939306855 0.103649280965
d 0.351484000683 0.82720386982 0.405440926552 0.305603653193
g 0.0449649393559 0.0317997336388 0.101055361331 0.0766354724765
t 0.188489839435 0.0790200904012 0.233129352331 0.229491949081
h 1.0 1.0 1.0 1.0
c 0.0 0 0 0
Aa 1.06837236881 -0.421296268702 0.128956869245 1.11517775059
Ab 0.708790302277 -0.375430941582 0.140647470951 0.67647922039
Ad 1.15360319614 1.02865850925 0.628200888634 1.14607143402
Ag 0.260571658611 -0.386530637741 0.0248326510191 0.545342743397
At 0.882985591888 0.00878339353949 0.387870252132 1.02168035507
as 0.597402572632 0.384615391493 0.592592597008 0.925925910473
bs 0.5 1.0 0.920000016689 0.600000023842
ds 0.109756097198 0.0 0.21250000596 0.123595505953
gs 0.254901975393 1.0 0.777777791023 0.518518507481
ts 0.246376812458 0.146666660905 0.614035069942 0.790322601795
a 0.28885152936 0.0305922646075 0.13095241785 0.288240194321
b 0.126209676266 0.0343154408038 0.13348954916 0.0968720391393
d 0.351484000683 0.826071202755 0.405251204967 0.340147227049
g 0.0449649393559 0.0317319221795 0.0994377732277 0.0745310857892
t 0.188489839435 0.0772891491652 0.230869069695 0.200209453702
h 1.0 1.0 1.0 1.0
c 0.0 0 0 0
Aa 1.06837236881 -0.414032191038 0.137556508183 1.12456429005
Ab 0.708790302277 -0.364154279232 0.145890235901 0.651008188725
Ad 1.15360319614 1.01737368107 0.628167271614 1.19647669792
Ag 0.260571658611 -0.398147463799 0.0179943609983 0.537147164345
At 0.882985591888 -0.0115253236145 0.383808761835 0.96629434824
as 0.597402572632 0.384615391493 0.611111104488 0.944444417953
bs 0.5 1.0 0.920000016689 0.533333361149
ds 0.109756097198 0.0 0.21250000596 0.179775282741
gs 0.254901975393 1.0 0.777777791023 0.461538463831
ts 0.246376812458 0.119999997318 0.589285731316 0.693548381329
a 0.28885152936 0.0312987342477 0.136761114001 0.275193780661
b 0.126209676266 0.0350289158523 0.139619782567 0.0860753878951
d 0.351484000683 0.830120503902 0.398097515106 0.398380637169
g 0.0449649393559 0.0305230859667 0.099535048008 0.0682931616902
t 0.188489839435 0.07302878052 0.225986525416 0.172057032585
h 1.0 1.0 1.0 1.0
c 0.0 0 0 0
Aa 1.06837236881 -0.405781894922 0.148236423731 1.12908196449
Ab 0.708790302277 -0.356881976128 0.157220751047 0.624322354794
Ad 1.15360319614 1.01783239841 0.612263262272 1.28974163532
Ag 0.260571658611 -0.416680246592 0.0102498028427 0.523820638657
At 0.882985591888 -0.0378146097064 0.366356343031 0.925115823746
as 0.597402572632 0.390625 0.629629611969 0.962264180183
bs 0.5 1.0 1.0 0.433333337307
ds 0.109756097198 0.0 0.189873412251 0.292134821415
gs 0.254901975393 1.0 0.722222208977 0.423076927662
ts 0.246376812458 0.0799999982119 0.54545456171 0.629032254219
a 0.28885152936 0.0306660830975 0.146733283997 0.257741838694
b 0.126209676266 0.0343558602035 0.153010681272 0.0757004469633
d 0.351484000683 0.840861439705 0.378596156836 0.455040484667
g 0.0449649393559 0.0280935335904 0.103333972394 0.06217700243
t 0.188489839435 0.0660230964422 0.218325912952 0.149340212345
h 1.0 1.0 1.0 1.0
c 0.0 0 0 0
Aa 1.06837236881 -0.405781894922 0.153511881828 1.12908196449
Ab 0.708790302277 -0.356439352036 0.171705007553 0.596995532513
Ad 1.15360319614 1.0322842598 0.565159440041 1.37594711781
Ag 0.260571658611 -0.443833857775 0.00122639059555 0.511526882648
At 0.882985591888 -0.0727443322539 0.326088547707 0.892073869705
as 0.597402572632 0.390625 0.622641503811 0.962264180183
bs 0.5 1.0 1.0 0.333333343267
ds 0.109756097198 0.0 0.126582279801 0.382022470236
gs 0.254901975393 1.0 0.666666686535 0.384615391493
ts 0.246376812458 0.0399999991059 0.472727268934 0.580645143986
a 0.28885152936 0.0295853149146 0.159766346216 0.246341586113
b 0.126209676266 0.0325550958514 0.174898460507 0.068141669035
d 0.351484000683 0.855123639107 0.344875782728 0.493997186422
g 0.0449649393559 0.0248744655401 0.111384935677 0.0586536116898
t 0.188489839435 0.0578614957631 0.209074467421 0.132865935564
h 1.0 1.0 1.0 1.0
c 0.0 0 0 0
Aa 1.06837236881 -0.405781894922 0.144746899605 1.12908196449
Ab 0.708790302277 -0.364239126444 0.184047564864 0.570957064629
Ad 1.15360319614 1.05517077446 0.478924304247 1.43126881123
Ag 0.260571658611 -0.481104314327 -0.0119119705632 0.505839049816
At 0.882985591888 -0.114468432963 0.261562556028 0.860957920551
as 0.597402572632 0.390625 0.603773593903 0.962264180183
bs 0.5 1.0 1.0 0.266666680574
ds 0.109756097198 0.0 0.0253164563328 0.449438214302
gs 0.254901975393 1.0 0.611111104488 0.346153855324
ts 0.246376812458 0.0 0.363636374474 0.532258093357
a 0.28885152936 0.0284053012729 0.158703923225 0.242217257619
b 0.126209676266 0.0299930181354 0.205828338861 0.063988737762
d 0.351484000683 0.869779706001 0.306576341391 0.514100313187
g 0.0449649393559 0.0213804636151 0.12451479584 0.058075658977
t 0.188489839435 0.0504414960742 0.204376578331 0.121618047357
h 1.0 1.0 1.0 1.0
c 0.0 0 0 0
Aa 1.06837236881 -0.405781894922 0.0754749029875 1.12908196449
Ab 0.708790302277 -0.38216111064 0.188392430544 0.550980448723
Ad 1.15360319614 1.08022797108 0.36142590642 1.45592474937
Ag 0.260571658611 -0.529164195061 -0.0298917870969 0.508871078491
At 0.882985591888 -0.156393349171 0.185318380594 0.829874932766
as 0.597402572632 0.390625 0.480769217014 0.962264180183
bs 0.5 1.0 1.0 0.172413796186
ds 0.109756097198 0.0 0.0 0.471910119057
gs 0.254901975393 1.0 0.5 0.384615391493
ts 0.246376812458 0.0 0.218181818724 0.483870953321
a 0.28885152936 0.0267064217478 0.157535493374 0.242952167988
b 0.126209676266 0.0268317162991 0.231249213219 0.0627277418971
d 0.351484000683 0.883283555508 0.269482910633 0.519297838211
g 0.0449649393559 0.0180092155933 0.136098757386 0.0595097988844
t 0.188489839435 0.0451690927148 0.205633610487 0.115512438118
h 1.0 1.0 1.0 1.0
c 0.0 0 0 0
Aa 1.06837236881 -0.414365291595 0.0139921158552 1.12908196449
Ab 0.708790302277 -0.412332564592 0.180693984032 0.541020929813
Ad 1.15360319614 1.10511910915 0.247144967318 1.45897781849
Ag 0.260571658611 -0.585486233234 -0.04953212291 0.518149733543
At 0.882985591888 -0.186139672995 0.129707813263 0.806190013885
as 0.597402572632 0.375 0.352941185236 0.962264180183
bs 0.5 1.0 1.0 0.137931033969
ds 0.109756097198 0.0 0.0 0.483146071434
gs 0.254901975393 0.863636374474 0.388888895512 0.423076927662
ts 0.246376812458 0.0 0.132075473666 0.43548387289
a 0.28885152936 0.0244433134794 0.154872938991 0.244495972991
b 0.126209676266 0.0231824126095 0.235230103135 0.0632016137242
d 0.351484000683 0.895384669304 0.253224730492 0.517038881779
g 0.0449649393559 0.015009845607 0.139948546886 0.0615684315562
t 0.188489839435 0.0419797711074 0.216723680496 0.113695129752
h 1.0 1.0 1.0 1.0
c 0.0 0 0 0
Aa 1.06837236881 -0.432566732168 -0.0211909934878 1.12908196449
Ab 0.708790302277 -0.455568194389 0.160326376557 0.541538476944
Ad 1.15360319614 1.1312828064 0.192339614034 1.45433354378
Ag 0.260571658611 -0.644350588322 -0.0651981085539 0.530168414116
At 0.882985591888 -0.197686746716 0.124739855528 0.796552181244
as 0.597402572632 0.359375 0.29411765933 0.962264180183
bs 0.5 0.93548387289 1.0 0.137931033969
ds 0.109756097198 0.046875 0.0 0.471910119057
gs 0.254901975393 0.727272748947 0.277777791023 0.461538463831
ts 0.246376812458 0.0 0.113207548857 0.419354826212
a 0.28885152936 0.0233732592314 0.166147708893 0.243935152888
b 0.126209676266 0.0195055939257 0.213028609753 0.0643054768443
d 0.351484000683 0.904182672501 0.25728982687 0.513598918915
g 0.0449649393559 0.0126388799399 0.133336827159 0.0632998645306
t 0.188489839435 0.0402995944023 0.230197042227 0.114860601723
h 1.0 1.0 1.0 1.0
c 0.0 0 0 0
Aa 1.06837236881 -0.431966811419 0.0226118639112 1.12908196449
Ab 0.708790302277 -0.510526955128 0.130555421114 0.55005556345
Ad 1.15360319614 1.15557003021 0.212540090084 1.45243167877
Ag 0.260571658611 -0.698977530003 -0.0729323998094 0.54321038723
At 0.882985591888 -0.195385426283 0.164217248559 0.801978707314
as 0.597402572632 0.359375 0.372549027205 0.962264180183
bs 0.5 0.774193525314 0.875 0.172413796186
ds 0.109756097198 0.078125 0.0 0.471910119057
gs 0.254901975393 0.604651153088 0.277777791023 0.5
ts 0.246376812458 0.0 0.188679248095 0.43548387289
a 0.28885152936 0.0250027291477 0.179070860147 0.241045445204
b 0.126209676266 0.0163506958634 0.184351101518 0.0654103457928
d 0.351484000683 0.908791482449 0.269292861223 0.512108385563
g 0.0449649393559 0.0109193660319 0.123870916665 0.0644496157765
t 0.188489839435 0.0389357060194 0.243414267898 0.116986207664
h 1.0 1.0 1.0 1.0
c 0.0 0 0 0
Aa 1.06837236881 -0.385942190886 0.086085498333 1.12908196449
Ab 0.708790302277 -0.570393383503 0.0987063199282 0.562629520893
Ad 1.15360319614 1.17453467846 0.263285398483 1.45634496212
Ag 0.260571658611 -0.745732188225 -0.0739700868726 0.556203365326
At 0.882985591888 -0.193581566215 0.219406604767 0.815117716789
as 0.597402572632 0.421875 0.490196079016 0.962264180183
bs 0.5 0.580645143986 0.75 0.206896558404
ds 0.109756097198 0.111111111939 0.0 0.471910119057
gs 0.254901975393 0.488372087479 0.176470592618 0.519999980927
ts 0.246376812458 0.0 0.301886796951 0.451612889767
a 0.28885152936 0.027267690748 0.181008934975 0.23728504777
b 0.126209676266 0.0140676423907 0.163651406765 0.06634426862
d 0.351484000683 0.910921812057 0.280129611492 0.513068795204
g 0.0449649393559 0.00973860081285 0.116818115115 0.0651845782995
t 0.188489839435 0.0380042679608 0.258391916752 0.118117287755
h 1.0 1.0 1.0 1.0
c 0.0 0 0 0
Aa 1.06837236881 -0.338306546211 0.117056630552 1.12908196449
Ab 0.708790302277 -0.625733554363 0.073276348412 0.575615048409
Ad 1.15360319614 1.18552613258 0.306715637445 1.46398723125
Ag 0.260571658611 -0.78545832634 -0.0731331855059 0.567956507206
At 0.882985591888 -0.194122523069 0.271635532379 0.826125085354
as 0.597402572632 0.5 0.549019634724 0.962264180183
bs 0.5 0.387096762657 0.625 0.24137930572
ds 0.109756097198 0.126984134316 0.0 0.483146071434
gs 0.254901975393 0.395348846912 0.176470592618 0.600000023842
ts 0.246376812458 0.0 0.392156869173 0.467741936445
a 0.28885152936 0.029778720811 0.173049405217 0.244731158018
b 0.126209676266 0.0126295275986 0.151831746101 0.0636682063341
d 0.351484000683 0.911311984062 0.28875914216 0.521400272846
g 0.0449649393559 0.00889920070767 0.111155740917 0.0651177242398
t 0.188489839435 0.0373805910349 0.275203973055 0.105082646012
h 1.0 1.0 1.0 1.0
c 0.0 0 0 0
Aa 1.06837236881 -0.295769482851 0.117056630552 1.1549077034
Ab 0.708790302277 -0.66828840971 0.0602490976453 0.570140957832
Ad 1.15360319614 1.18999159336 0.339422255754 1.48338961601
Ag 0.260571658611 -0.820324540138 -0.07518158108 0.579917609692
At 0.882985591888 -0.197029352188 0.318541198969 0.787749409676
as 0.597402572632 0.5625 0.549019634724 1.0
bs 0.5 0.258064508438 0.583333313465 0.25
ds 0.109756097198 0.142857149243 0.0 0.505617976189
gs 0.254901975393 0.325581401587 0.176470592618 0.639999985695
ts 0.246376812458 0.0 0.479999989271 0.409836053848
a 0.28885152936 0.0314761735499 0.163633033633 0.248690649867
b 0.126209676266 0.011828660965 0.143921688199 0.0610569305718
d 0.351484000683 0.911039233208 0.300151377916 0.53280711174
g 0.0449649393559 0.00825907755643 0.10357555747 0.0641181841493
t 0.188489839435 0.0373968705535 0.288718342781 0.0933271050453
h 1.0 1.0 1.0 1.0
c 0.0 0 0 0
Aa 1.06837236881 -0.270493865013 0.117056630552 1.17604446411
Ab 0.708790302277 -0.695540189743 0.0613118745387 0.566120028496
Ad 1.15360319614 1.19106125832 0.380525946617 1.50695502758
Ag 0.260571658611 -0.851544260979 -0.0815570876002 0.58736628294
At 0.882985591888 -0.195640534163 0.363660007715 0.750392854214
as 0.597402572632 0.609375 0.549019634724 1.0
bs 0.5 0.161290317774 0.583333313465 0.214285716414
ds 0.109756097198 0.142857149243 0.0113636367023 0.528089880943
gs 0.254901975393 0.261904776096 0.176470592618 0.639999985695
ts 0.246376812458 0.0 0.560000002384 0.34999999404
a 0.28885152936 0.0330085903406 0.151381656528 0.25356811285
b 0.126209676266 0.0113214543089 0.136707872152 0.0573721155524
d 0.351484000683 0.91045498848 0.323187828064 0.54160451889
g 0.0449649393559 0.00777532206848 0.0939299464226 0.0611351691186
t 0.188489839435 0.037439674139 0.294792711735 0.0863200649619
h 1.0 1.0 1.0 1.0
c 0.0 0 0 0
Aa 1.06837236881 -0.249794691801 0.117056630552 1.20800423622
Ab 0.708790302277 -0.714519441128 0.0727769359946 0.562610507011
Ad 1.15360319614 1.19083678722 0.446438372135 1.5375919342
Ag 0.260571658611 -0.877703249454 -0.0902125388384 0.590200722218
At 0.882985591888 -0.19508959353 0.406500130892 0.740021407604
as 0.597402572632 0.640625 0.549019634724 1.0
bs 0.5 0.10000000149 0.625 0.185185179114
ds 0.109756097198 0.142857149243 0.0689655169845 0.561797738075
gs 0.254901975393 0.195121943951 0.117647059262 0.680000007153
ts 0.246376812458 0.0 0.639999985695 0.333333343267
a 0.28885152936 0.0344785824418 0.137940511107 0.246948599815
b 0.126209676266 0.0109470477328 0.129134535789 0.0537087656558
d 0.351484000683 0.909268915653 0.357459038496 0.555741906166
g 0.0449649393559 0.00744679244235 0.0840930193663 0.0575845763087
t 0.188489839435 0.0378586798906 0.291372895241 0.0860161483288
h 1.0 1.0 1.0 1.0
c 0.0 0 0 0
Aa 1.06837236881 -0.231522768736 0.117056630552 1.22200226784
Ab 0.708790302277 -0.729775130749 0.0884072110057 0.559440851212
Ad 1.15360319614 1.18962013721 0.530591070652 1.5742688179
Ag 0.260571658611 -0.897102892399 -0.0978752747178 0.589701831341
At 0.882985591888 -0.190906718373 0.441813915968 0.763975679874
as 0.597402572632 0.682539701462 0.549019634724 1.0
bs 0.5 0.0666666701436 0.708333313465 0.185185179114
ds 0.109756097198 0.142857149243 0.172413796186 0.597701132298
gs 0.254901975393 0.146341457963 0.0588235296309 0.680000007153
ts 0.246376812458 0.0 0.75 0.366666674614
a 0.28885152936 0.0348929129541 0.125350862741 0.226585149765
b 0.126209676266 0.0106852743775 0.121089980006 0.0513277463615
d 0.351484000683 0.909102141857 0.395889014006 0.575016081333
g 0.0449649393559 0.00729141524062 0.0755593031645 0.0549359507859
t 0.188489839435 0.0380282588303 0.282110840082 0.0921350494027
h 1.0 1.0 1.0 1.0
c 0.0 0 0 0
Aa 1.06837236881 -0.229328498244 0.117056630552 1.20419847965
Ab 0.708790302277 -0.743280053139 0.102037504315 0.559319198132
Ad 1.15360319614 1.18654692173 0.616502761841 1.60864698887
Ag 0.260571658611 -0.909253895283 -0.102782778442 0.588823616505
At 0.882985591888 -0.191959291697 0.469349056482 0.8133918643
as 0.597402572632 0.682539701462 0.549019634724 1.0
bs 0.5 0.0333333350718 0.75 0.185185179114
ds 0.109756097198 0.126984134316 0.264367818832 0.643678188324
gs 0.254901975393 0.125 0.0588235296309 0.680000007153
ts 0.246376812458 0.0 0.8125 0.449999988079
a 0.28885152936 0.0349060110748 0.113287657499 0.201921164989
b 0.126209676266 0.0107467658818 0.112389072776 0.0507522001863
d 0.351484000683 0.908616423607 0.438319683075 0.592539250851
g 0.0449649393559 0.00732797430828 0.0687442347407 0.0535491406918
t 0.188489839435 0.0384027995169 0.26725935936 0.101238265634
h 1.0 1.0 1.0 1.0
c 0.0 0 0 0
Aa 1.06837236881 -0.236255884171 0.112131893635 1.16590440273
Ab 0.708790302277 -0.747878313065 0.108673386276 0.566177368164
Ad 1.15360319614 1.17922449112 0.699740290642 1.63343966007
Ag 0.260571658611 -0.914172172546 -0.104814425111 0.589475035667
At 0.882985591888 -0.194793209434 0.484882205725 0.866067230701
as 0.597402572632 0.666666686535 0.540000021458 0.981818199158
bs 0.5 0.0 0.791666686535 0.185185179114
ds 0.109756097198 0.126984134316 0.367816090584 0.666666686535
gs 0.254901975393 0.10000000149 0.0 0.680000007153
ts 0.246376812458 0.0 0.833333313465 0.533333361149
a 0.28885152936 0.0346807166934 0.0977533012629 0.186261504889
b 0.126209676266 0.0113079259172 0.102774381638 0.0517804734409
d 0.351484000683 0.907429993153 0.485668152571 0.598840475082
g 0.0449649393559 0.00756160728633 0.0631434321404 0.0531327351928
t 0.188489839435 0.0390197709203 0.25066074729 0.109984815121
h 1.0 1.0 1.0 1.0
c 0.0 0 0 0
Aa 1.06837236881 -0.253002494574 0.0841322541237 1.13749575615
Ab 0.708790302277 -0.739707648754 0.105885706842 0.581538617611
Ad 1.15360319614 1.16472256184 0.780340433121 1.64468371868
Ag 0.260571658611 -0.914476454258 -0.105670973659 0.59273481369
At 0.882985591888 -0.201805859804 0.493087172508 0.908705353737
as 0.597402572632 0.650793671608 0.479999989271 0.927272737026
bs 0.5 0.0344827584922 0.75 0.25925925374
ds 0.109756097198 0.0806451588869 0.45977011323 0.678160905838
gs 0.254901975393 0.10000000149 0.0 0.680000007153
ts 0.246376812458 0.0 0.87234044075 0.616666674614
a 0.28885152936 0.0345125719905 0.0847870633006 0.188530564308
b 0.126209676266 0.0124139906839 0.092070646584 0.0535289756954
d 0.351484000683 0.905318140984 0.53296148777 0.58841753006
g 0.0449649393559 0.00795535650104 0.0580456927419 0.0530450344086
t 0.188489839435 0.0397999286652 0.232135117054 0.116477914155
h 1.0 1.0 1.0 1.0
c 0.0 0 0 0
Aa 1.06837236881 -0.273162007332 0.0583681426942 1.14936971664
Ab 0.708790302277 -0.717227935791 0.0941597521305 0.602576851845
Ad 1.15360319614 1.1456618309 0.856734395027 1.64367353916
Ag 0.260571658611 -0.910479724407 -0.106191448867 0.598632633686
At 0.882985591888 -0.211257040501 0.495779395103 0.940231502056
as 0.597402572632 0.619047641754 0.439999997616 0.963636338711
bs 0.5 0.103448279202 0.708333313465 0.333333343267
ds 0.109756097198 0.0483870953321 0.540229856968 0.678160905838
gs 0.254901975393 0.128205135465 0.0 0.75
ts 0.246376812458 0.0 0.869565188885 0.666666686535
a 0.28885152936 0.0350187085569 0.0757880806923 0.191803261638
b 0.126209676266 0.0139117520303 0.0823119655252 0.0562571845949
d 0.351484000683 0.901552498341 0.571979224682 0.576091587543
g 0.0449649393559 0.00839330162853 0.0540653727949 0.0538937225938
t 0.188489839435 0.0411237441003 0.215855360031 0.121954225004
h 1.0 1.0 1.0 1.0
c 0.0 0 0 0
Aa 1.06837236881 -0.282240509987 0.0400528721511 1.15840303898
Ab 0.708790302277 -0.683158814907 0.0759149342775 0.625725030899
Ad 1.15360319614 1.12845039368 0.917832195759 1.63603854179
Ag 0.260571658611 -0.902607798576 -0.106628842652 0.607085227966
At 0.882985591888 -0.212447986007 0.494614779949 0.961743891239
as 0.597402572632 0.596774220467 0.408163279295 0.981818199158
bs 0.5 0.24137930572 0.625 0.407407402992
ds 0.109756097198 0.0322580635548 0.609195411205 0.666666686535
gs 0.254901975393 0.153846159577 0.0 0.75
ts 0.246376812458 0.0 0.869565188885 0.699999988079
a 0.28885152936 0.0347405895591 0.0773022770882 0.193283319473
b 0.126209676266 0.0154312336817 0.0743299871683 0.0593369454145
d 0.351484000683 0.898534953594 0.592553853989 0.565494060516
g 0.0449649393559 0.00872141402215 0.0510470308363 0.0553667955101
t 0.188489839435 0.0425718165934 0.204766824841 0.126518860459
h 1.0 1.0 1.0 1.0
c 0.0 0 0 0
Aa 1.06837236881 -0.293901801109 0.0736639052629 1.16053426266
Ab 0.708790302277 -0.64633834362 0.0566356927156 0.647665023804
Ad 1.15360319614 1.11879599094 0.958199441433 1.62676787376
Ag 0.260571658611 -0.894152104855 -0.106557905674 0.617589235306
At 0.882985591888 -0.205616816878 0.496731221676 0.976495087147
as 0.597402572632 0.56451612711 0.469387769699 0.981818199158
bs 0.5 0.344827592373 0.541666686535 0.518518507481
ds 0.109756097198 0.0161290317774 0.666666686535 0.655172407627
gs 0.254901975393 0.153846159577 0.0 0.791666686535
ts 0.246376812458 0.0 0.869565188885 0.716666638851
a 0.28885152936 0.0337468534708 0.0895548462868 0.194066688418
b 0.126209676266 0.0165403541178 0.0685409083962 0.062100045383
d 0.351484000683 0.895644426346 0.593487977982 0.557303011417
g 0.0449649393559 0.00875699333847 0.0488240197301 0.0571989789605
t 0.188489839435 0.0453113690019 0.199592262506 0.129331275821
h 1.0 1.0 1.0 1.0
c 0.0 0 0 0
Aa 1.06837236881 -0.301695406437 0.157442063093 1.16053426266
Ab 0.708790302277 -0.611383855343 0.0413028374314 0.665675103664
Ad 1.15360319614 1.12220692635 0.978764891624 1.61867463589
Ag 0.260571658611 -0.88757365942 -0.106013484299 0.629971504211
At 0.882985591888 -0.173721477389 0.505496680737 0.984286725521
as 0.597402572632 0.557377040386 0.653061211109 0.981481492519
bs 0.5 0.482758611441 0.5 0.555555582047
ds 0.109756097198 0.0161290317774 0.689655184746 0.655172407627
gs 0.254901975393 0.157894730568 0.0 0.875
ts 0.246376812458 0.0120481923223 0.891304373741 0.733333349228
a 0.28885152936 0.0318570919335 0.140223488212 0.195564046502
b 0.126209676266 0.0168883558363 0.0624116659164 0.0644901245832
d 0.351484000683 0.894489526749 0.557845234871 0.550112605095
g 0.0449649393559 0.0083691701293 0.0452210381627 0.0594628155231
t 0.188489839435 0.0483958795667 0.19429859519 0.130370378494
h 1.0 1.0 1.0 1.0
c 0.0 0 0 0
Aa 1.06837236881 -0.305846393108 0.385606944561 1.16053426266
Ab 0.708790302277 -0.581465125084 0.0340519472957 0.678738415241
Ad 1.15360319614 1.14252269268 0.985299885273 1.60969674587
Ag 0.260571658611 -0.886370122433 -0.105873279274 0.643490672112
At 0.882985591888 -0.124244123697 0.527255833149 0.984424114227
as 0.597402572632 0.540983617306 1.0 0.981132090092
bs 0.5 0.586206912994 0.458333343267 0.629629611969
ds 0.109756097198 0.0483870953321 0.689655184746 0.643678188324
gs 0.254901975393 0.157894730568 0.0 0.916666686535
ts 0.246376812458 0.0722891539335 0.934782624245 0.733333349228
a 0.28885152936 0.0302371568978 0.183000683784 0.198907017708
b 0.126209676266 0.0164708867669 0.0584872402251 0.0666524320841
d 0.351484000683 0.894824206829 0.521358191967 0.542253434658
g 0.0449649393559 0.00762645201758 0.0419432446361 0.0622403174639
t 0.188489839435 0.0508413128555 0.195210620761 0.129946768284
h 1.0 1.0 1.0 1.0
c 0.0101305143908 0 0 0
Aa 1.06837236881 -0.293625056744 0.531484246254 1.16052782536
Ab 0.708790302277 -0.557448983192 0.0360926538706 0.685693740845
Ad 1.15360319614 1.17757165432 0.986167728901 1.59608006477
Ag 0.260571658611 -0.891843497753 -0.108306452632 0.655949473381
At 0.882985591888 -0.0679492652416 0.559534966946 0.975643157959
as 0.597402572632 0.557377040386 1.0 0.981132090092
bs 0.5 0.655172407627 0.458333343267 0.629629611969
ds 0.109756097198 0.0967741906643 0.689655184746 0.620689630508
gs 0.254901975393 0.157894730568 0.0 0.958333313465
ts 0.246376812458 0.144578307867 1.0 0.716666638851
a 0.28885152936 0.0285669248551 0.195870622993 0.203950837255
b 0.126209676266 0.0157875679433 0.0573858246207 0.0686887726188
d 0.351484000683 0.896894514561 0.503703117371 0.533215999603
g 0.0449649393559 0.00679769087583 0.0398264266551 0.0654023513198
t 0.188489839435 0.0519533008337 0.203213974833 0.128742009401
h 1.0 1.0 1.0 1.0
c 0.020608946681 0 0 0
Aa 1.06837236881 -0.279506057501 0.577272117138 1.15870738029
Ab 0.708790302277 -0.537054300308 0.044107452035 0.686067700386
Ad 1.15360319614 1.2173718214 0.987477481365 1.57608509064
Ag 0.260571658611 -0.903008103371 -0.114525847137 0.664775311947
At 0.882985591888 -0.0197563897818 0.593256413937 0.958902239799
as 0.597402572632 0.590163946152 1.0 0.981132090092
bs 0.5 0.72413790226 0.5 0.629629611969
ds 0.109756097198 0.161290317774 0.689655184746 0.597701132298
gs 0.254901975393 0.131578952074 0.0 1.0
ts 0.246376812458 0.204819276929 1.0 0.699999988079
a 0.28885152936 0.0266610514373 0.192945167422 0.211120650172
b 0.126209676266 0.0152807217091 0.0577341429889 0.0706030130386
d 0.351484000683 0.899862408638 0.500691175461 0.522089540958
g 0.0449649393559 0.00612905109301 0.0382982641459 0.0684637203813
t 0.188489839435 0.0520667545497 0.210331246257 0.127723097801
h 1.0 1.0 1.0 1.0
c 0.03108737804 0 0 0
Aa 1.06837236881 -0.276993185282 0.577667951584 1.15693438053
Ab 0.708790302277 -0.5187266469 0.0536667220294 0.681226849556
Ad 1.15360319614 1.25130569935 0.991803944111 1.5501486063
Ag 0.260571658611 -0.915477216244 -0.124586887658 0.667864084244
At 0.882985591888 0.0136900367215 0.615137815475 0.938673079014
as 0.597402572632 0.600000023842 1.0 0.962264180183
bs 0.5 0.793103456497 0.541666686535 0.629629611969
ds 0.109756097198 0.225806444883 0.690476179123 0.574712634087
gs 0.254901975393 0.078947365284 0.0 1.0
ts 0.246376812458 0.240963861346 1.0 0.661016941071
a 0.28885152936 0.0257282778621 0.19150185585 0.220744088292
b 0.126209676266 0.0151897231117 0.0582059249282 0.0725320205092
d 0.351484000683 0.901787102222 0.501813352108 0.508427917957
g 0.0449649393559 0.00574957532808 0.0373867154121 0.0711155757308
t 0.188489839435 0.0515453256667 0.21109212935 0.127180427313
h 1.0 1.0 1.0 1.0
c 0.0412318073213 0 0 0
Aa 1.06837236881 -0.271203428507 0.577667951584 1.15693438053
Ab 0.708790302277 -0.500064253807 0.0604621507227 0.673575043678
Ad 1.15360319614 1.27348983288 0.996037185192 1.5192745924
Ag 0.260571658611 -0.921978354454 -0.131787732244 0.665009975433
At 0.882985591888 0.0305751673877 0.619966983795 0.917465507984
as 0.597402572632 0.616666674614 1.0 0.962264180183
bs 0.5 0.86206895113 0.583333313465 0.592592597008
ds 0.109756097198 0.24590164423 0.690476179123 0.540229856968
gs 0.254901975393 0.0810810774565 0.0 0.959999978542
ts 0.246376812458 0.265060245991 1.0 0.61016947031
a 0.28885152936 0.0244276579469 0.192874386907 0.231865465641
b 0.126209676266 0.0154610387981 0.0588833168149 0.0752730742097
d 0.351484000683 0.903698921204 0.503714740276 0.491105258465
g 0.0449649393559 0.00567047810182 0.0378937013447 0.0734649449587
t 0.188489839435 0.0507419109344 0.206633880734 0.128291264176
h 1.0 1.0 1.0 1.0
c 0.0513762384653 0 0 0
Aa 1.06837236881 -0.283031284809 0.577667951584 1.15693438053
Ab 0.708790302277 -0.481674462557 0.0623856559396 0.66833794117
Ad 1.15360319614 1.28511059284 0.994578003883 1.48287284374
Ag 0.260571658611 -0.917293429375 -0.12903958559 0.657778441906
At 0.882985591888 0.0344536863267 0.607594907284 0.899895370007
as 0.597402572632 0.600000023842 1.0 0.980769217014
bs 0.5 0.931034505367 0.583333313465 0.592592597008
ds 0.109756097198 0.26229506731 0.686747014523 0.494252860546
gs 0.254901975393 0.0810810774565 0.0 0.959999978542
ts 0.246376812458 0.268292695284 1.0 0.603448271751
a 0.28885152936 0.0211557876319 0.197679713368 0.243521332741
b 0.126209676266 0.0159005261958 0.0597894601524 0.0794994533062
d 0.351484000683 0.90707218647 0.500780701637 0.471840590239
g 0.0449649393559 0.0058245412074 0.0404073894024 0.075531475246
t 0.188489839435 0.0500469841063 0.201342746615 0.129607155919
h 1.0 1.0 1.0 1.0
c 0.06150675565 0 0 0
Aa 1.06837236881 -0.34219366312 0.577667951584 1.15693438053
Ab 0.708790302277 -0.466211378574 0.0583304651082 0.670761466026
Ad 1.15360319614 1.29001891613 0.981353402138 1.44419264793
Ag 0.260571658611 -0.902361154556 -0.111833371222 0.648525297642
At 0.882985591888 0.0317550525069 0.585641801357 0.883026301861
as 0.597402572632 0.5 1.0 0.980392158031
bs 0.5 0.965517222881 0.583333313465 0.592592597008
ds 0.109756097198 0.278688520193 0.674698770046 0.448275864124
gs 0.254901975393 0.138888895512 0.0588235296309 0.958333313465
ts 0.246376812458 0.268292695284 0.959999978542 0.568965494633
a 0.28885152936 0.0196720417589 0.205542519689 0.2500038445
b 0.126209676266 0.0162285380065 0.06087044999 0.0853915810585
d 0.351484000683 0.908235132694 0.489445060492 0.456991285086
g 0.0449649393559 0.00606101658195 0.044742655009 0.077501386404
t 0.188489839435 0.0498032830656 0.199399322271 0.130111902952
h 1.0 1.0 1.0 1.0
c 0.06150675565 0 0 0
Aa 1.06837236881 -0.371218949556 0.577667951584 1.14869976044
Ab 0.708790302277 -0.454788953066 0.0491727814078 0.682168185711
Ad 1.15360319614 1.29312992096 0.954470217228 1.41066098213
Ag 0.260571658611 -0.882522881031 -0.0845119804144 0.640062570572
At 0.882985591888 0.0321895964444 0.56448996067 0.865070104599
as 0.597402572632 0.440677970648 1.0 0.980392158031
bs 0.5 1.0 0.541666686535 0.629629611969
ds 0.109756097198 0.278688520193 0.638554215431 0.413793116808
gs 0.254901975393 0.194444447756 0.176470592618 0.916666686535
ts 0.246376812458 0.268292695284 0.920000016689 0.534482777119
a 0.28885152936 0.0177100654691 0.216065466404 0.238571465015
b 0.126209676266 0.016367232427 0.0620698444545 0.093013420701
d 0.351484000683 0.909789085388 0.470298171043 0.456575244665
g 0.0449649393559 0.0062698838301 0.0502838417888 0.0805507898331
t 0.188489839435 0.0498637408018 0.201282694936 0.131289064884
h 1.0 1.0 1.0 1.0
c 0.06150675565 0 0 0
Aa 1.06837236881 -0.412377685308 0.577667951584 1.10629653931
Ab 0.708790302277 -0.44662258029 0.0359632484615 0.69722366333
Ad 1.15360319614 1.29834282398 0.915455877781 1.38819038868
Ag 0.260571658611 -0.86333835125 -0.0554889515042 0.634747862816
At 0.882985591888 0.0371870137751 0.546889007092 0.846906602383
as 0.597402572632 0.372881352901 1.0 0.882352948189
bs 0.5 1.0 0.458333343267 0.666666686535
ds 0.109756097198 0.300000011921 0.59036141634 0.379310339689
gs 0.254901975393 0.25 0.352941185236 0.875
ts 0.246376812458 0.280487805605 0.879999995232 0.5
a 0.28885152936 0.0170344840735 0.22952465713 0.212716951966
b 0.126209676266 0.0162702351809 0.0636364892125 0.100953117013
d 0.351484000683 0.91034245491 0.442334979773 0.46909314394
g 0.0449649393559 0.00634881807491 0.0563070513308 0.0848400294781
t 0.188489839435 0.0500040277839 0.208196818829 0.132396757603
h 1.0 1.0 1.0 1.0
c 0.06150675565 0 0 0
Aa 1.06837236881 -0.421210438013 0.577667951584 1.03277242184
Ab 0.708790302277 -0.441145598888 0.0205448009074 0.709090054035
Ad 1.15360319614 1.30666542053 0.862589895725 1.3762294054
Ag 0.260571658611 -0.849846541882 -0.0325986035168 0.633571088314
At 0.882985591888 0.0464655868709 0.535312712193 0.826847672462
as 0.597402572632 0.355932205915 1.0 0.745098054409
bs 0.5 1.0 0.416666656733 0.730769217014
ds 0.109756097198 0.300000011921 0.530120491982 0.360465109348
gs 0.254901975393 0.277777791023 0.529411792755 0.875
ts 0.246376812458 0.280487805605 0.860000014305 0.465517252684
a 0.28885152936 0.016669427976 0.247585117817 0.178068548441
b 0.126209676266 0.0159629005939 0.0662010610104 0.108771137893
d 0.351484000683 0.911446869373 0.404281973839 0.488380074501
g 0.0449649393559 0.00629253638908 0.0628171190619 0.0906835794449
t 0.188489839435 0.0496282875538 0.219114735723 0.134096652269
h 1.0 1.0 1.0 1.0
c 0.06150675565 0 0 0
Aa 1.06837236881 -0.421210438013 0.577667951584 0.929143667221
Ab 0.708790302277 -0.440019339323 0.00480834534392 0.715070188046
Ad 1.15360319614 1.31660020351 0.790627777576 1.36731445789
Ag 0.260571658611 -0.84430539608 -0.0179786141962 0.636085152626
At 0.882985591888 0.0525981485844 0.524614989758 0.805974423885
as 0.597402572632 0.355932205915 1.0 0.549019634724
bs 0.5 1.0 0.304347813129 0.730769217014
ds 0.109756097198 0.316666662693 0.445783138275 0.357142865658
gs 0.254901975393 0.277777791023 0.588235318661 0.875
ts 0.246376812458 0.292682915926 0.839999973774 0.431034475565
a 0.28885152936 0.0163925942034 0.271724164486 0.171772912145
b 0.126209676266 0.015518926084 0.0701941624284 0.113056287169
d 0.351484000683 0.912713646889 0.353535234928 0.489485234022
g 0.0449649393559 0.00616878643632 0.0703030899167 0.094480715692
t 0.188489839435 0.0492060445249 0.234243348241 0.131204858422
h 1.0 1.0 1.0 1.0
c 0.06150675565 0 0 0
Aa 1.06837236881 -0.421210438013 0.577667951584 0.89969933033
Ab 0.708790302277 -0.444996446371 -0.0101593397558 0.718039393425
Ad 1.15360319614 1.32447636127 0.691972374916 1.35448431969
Ag 0.260571658611 -0.845658421516 -0.00948594417423 0.640087842941
At 0.882985591888 0.0561603233218 0.513206958771 0.782694637775
as 0.597402572632 0.355932205915 1.0 0.490196079016
bs 0.5 0.967741906643 0.260869562626 0.769230782986
ds 0.109756097198 0.333333343267 0.325301200151 0.345238089561
gs 0.254901975393 0.277777791023 0.647058844566 0.916666686535
ts 0.246376812458 0.292682915926 0.819999992847 0.396551728249
a 0.28885152936 0.016368303448 0.298912137747 0.157602161169
b 0.126209676266 0.0150491381064 0.0749076083302 0.119942262769
d 0.351484000683 0.914015829563 0.296676754951 0.492140293121
g 0.0449649393559 0.00606456585228 0.0786570906639 0.099937595427
t 0.188489839435 0.0485021844506 0.250846415758 0.130377680063
h 1.0 1.0 1.0 1.0
c 0.06150675565 0 0 0
Aa 1.06837236881 -0.421210438013 0.577667951584 0.840477883816
Ab 0.708790302277 -0.457702457905 -0.0233497042209 0.721887946129
Ad 1.15360319614 1.32573962212 0.574407875538 1.33500468731
Ag 0.260571658611 -0.852414369583 -0.00213773571886 0.642644643784
At 0.882985591888 0.05054718256 0.501532256603 0.758118987083
as 0.597402572632 0.36206895113 1.0 0.372549027205
bs 0.5 0.966666638851 0.173913046718 0.769230782986
ds 0.109756097198 0.333333343267 0.172839507461 0.321428567171
gs 0.254901975393 0.277777791023 0.705882370472 0.916666686535
ts 0.246376812458 0.292682915926 0.800000011921 0.350877195597
a 0.28885152936 0.0167712364346 0.324170768261 0.136882454157
b 0.126209676266 0.0147000448778 0.0789322406054 0.129102632403
d 0.351484000683 0.914043068886 0.247556000948 0.496839165688
g 0.0449649393559 0.00608520582318 0.0872126445174 0.105965539813
t 0.188489839435 0.0484004616737 0.262128353119 0.13121022284
h 1.0 1.0 1.0 1.0
c 0.06150675565 0 0 0
Aa 1.06837236881 -0.418779462576 0.577667951584 0.752425789833
Ab 0.708790302277 -0.476025849581 -0.0358514785767 0.727013111115
Ad 1.15360319614 1.31762218475 0.460567563772 1.31229388714
Ag 0.260571658611 -0.859069228172 0.00747354468331 0.641242682934
At 0.882985591888 0.0415049977601 0.485408097506 0.734045684338
as 0.597402572632 0.350877195597 1.0 0.196078434587
bs 0.5 0.899999976158 0.130434781313 0.769230782986
ds 0.109756097198 0.316666662693 0.037037037313 0.297619044781
gs 0.254901975393 0.25 0.764705896378 0.916666686535
ts 0.246376812458 0.280487805605 0.759999990463 0.298245608807
a 0.28885152936 0.0191377960145 0.344246894121 0.129003345966
b 0.126209676266 0.0145771494135 0.0813375487924 0.136043459177
d 0.351484000683 0.912280917168 0.217800065875 0.495810508728
g 0.0449649393559 0.00629858486354 0.0953081026673 0.109146974981
t 0.188489839435 0.0477055720985 0.261307358742 0.129995718598
h 1.0 1.0 1.0 1.0
c 0.06150675565 0 0 0
Aa 1.06837236881 -0.379681795835 0.577667951584 0.707066774368
Ab 0.708790302277 -0.497901082039 -0.0489110462368 0.730143427849
Ad 1.15360319614 1.29855489731 0.378855913877 1.29178154469
Ag 0.260571658611 -0.86233073473 0.0199276953936 0.634477496147
At 0.882985591888 0.0169954150915 0.45794954896 0.710394799709
as 0.597402572632 0.421052634716 1.0 0.0980392172933
bs 0.5 0.833333313465 0.0869565233588 0.807692289352
ds 0.109756097198 0.305084735155 0.0 0.27380952239
gs 0.254901975393 0.25 0.823529422283 0.875
ts 0.246376812458 0.243902444839 0.72000002861 0.263157904148
a 0.28885152936 0.0213840268552 0.363823801279 0.123050659895
b 0.126209676266 0.014835816808 0.0827598944306 0.140459671617
d 0.351484000683 0.91007912159 0.205429017544 0.498376786709
g 0.0449649393559 0.00679439678788 0.103837393224 0.110144041479
t 0.188489839435 0.046906657517 0.244149908423 0.12796883285
h 1.0 1.0 1.0 1.0
c 0.06150675565 0 0 0
Aa 1.06837236881 -0.362499266863 0.577667951584 0.670035898685
Ab 0.708790302277 -0.521277308464 -0.0654032230377 0.727503597736
Ad 1.15360319614 1.26649034023 0.329438626766 1.27750968933
Ag 0.260571658611 -0.860437870026 0.0331306010485 0.621912956238
At 0.882985591888 -0.0213542617857 0.404433399439 0.68705612421
as 0.597402572632 0.456140339375 1.0 0.019999999553
bs 0.5 0.766666650772 0.0 0.769230782986
ds 0.109756097198 0.23728813231 0.0 0.25
gs 0.254901975393 0.25 0.882352948189 0.833333313465
ts 0.246376812458 0.207317069173 0.612244904041 0.210526317358
a 0.28885152936 0.0235241986811 0.391188919544 0.123879507184
b 0.126209676266 0.0154581787065 0.0846624746919 0.140842065215
d 0.351484000683 0.907716333866 0.1971154809 0.502486407757
g 0.0449649393559 0.00759444478899 0.11467538029 0.108299188316
t 0.188489839435 0.0457068681717 0.212357729673 0.124492846429
h 1.0 1.0 1.0 1.0
c 0.06150675565 0 0 0
Aa 1.06837236881 -0.362499266863 0.577667951584 0.66326791048
Ab 0.708790302277 -0.544855773449 -0.0870276615024 0.71900087595
Ad 1.15360319614 1.22393608093 0.280002117157 1.27139270306
Ag 0.260571658611 -0.85351806879 0.044751573354 0.604893684387
At 0.882985591888 -0.0740326419473 0.312349438667 0.665412843227
as 0.597402572632 0.446428567171 1.0 0.0
bs 0.5 0.655172407627 0.0 0.769230782986
ds 0.109756097198 0.169491529465 0.0 0.25
gs 0.254901975393 0.277777791023 0.941176474094 0.75
ts 0.246376812458 0.134146347642 0.428571432829 0.175438597798
a 0.28885152936 0.0254574622959 0.395989745855 0.12573979795
b 0.126209676266 0.016112158075 0.0933042019606 0.137772619724
d 0.351484000683 0.904743671417 0.193160012364 0.511711657047
g 0.0449649393559 0.00857532117516 0.13678573072 0.104011029005
t 0.188489839435 0.0451113656163 0.180760324001 0.120764896274
h 1.0 1.0 1.0 1.0
c 0.06150675565 0 0 0
Aa 1.06837236881 -0.370973318815 0.515499949455 0.669692277908
Ab 0.708790302277 -0.569634735584 -0.112282790244 0.709382474422
Ad 1.15360319614 1.17973709106 0.2037332654 1.27924489975
Ag 0.260571658611 -0.843538045883 0.0538568049669 0.587298929691
At 0.882985591888 -0.122502461076 0.174919113517 0.652160227299
as 0.597402572632 0.418181806803 0.91549295187 0.019999999553
bs 0.5 0.586206912994 0.0 0.730769217014
ds 0.109756097198 0.101694911718 0.0 0.261904776096
gs 0.254901975393 0.305555552244 1.0 0.666666686535
ts 0.246376812458 0.0853658542037 0.142857149243 0.157894730568
a 0.28885152936 0.0243440363556 0.347080737352 0.123540356755
b 0.126209676266 0.0164264608175 0.114891670644 0.130395188928
d 0.351484000683 0.904624640942 0.194316402078 0.531150400639
g 0.0449649393559 0.00948468782008 0.181909322739 0.0968085005879
t 0.188489839435 0.0451201982796 0.161801874638 0.118105560541
h 1.0 1.0 1.0 1.0
c 0.06150675565 0 0 0
Aa 1.06837236881 -0.424040466547 0.341665148735 0.679926216602
Ab 0.708790302277 -0.594888985157 -0.1384768188 0.703378915787
Ad 1.15360319614 1.14603543282 0.0897441059351 1.31333482265
Ag 0.260571658611 -0.833409965038 0.0610895939171 0.574030816555
At 0.882985591888 -0.156062021852 0.0102181648836 0.660387694836
as 0.597402572632 0.309090912342 0.685714304447 0.0399999991059
bs 0.5 0.482758611441 0.0 0.680000007153
ds 0.109756097198 0.0338983051479 0.0 0.297619044781
gs 0.254901975393 0.333333343267 1.0 0.625
ts 0.246376812458 0.0246913582087 0.0 0.175438597798
a 0.28885152936 0.0246114507318 0.244808375835 0.112437345088
b 0.126209676266 0.0160533972085 0.150249302387 0.11858703196
d 0.351484000683 0.903074502945 0.195686370134 0.56371563673
g 0.0449649393559 0.0100125968456 0.252547949553 0.0872220695019
t 0.188489839435 0.0462480448186 0.156707987189 0.11803791672
h 1.0 1.0 1.0 1.0
c 0.06150675565 0 0 0
Aa 1.06837236881 -0.434704393148 0.0514259114861 0.679121255875
Ab 0.708790302277 -0.620274662971 -0.160587921739 0.702247858047
Ad 1.15360319614 1.12988197803 -0.0458397828043 1.37927079201
Ag 0.260571658611 -0.825294852257 0.064943484962 0.568837046623
At 0.882985591888 -0.16074821353 -0.142309248447 0.700232207775
as 0.597402572632 0.290909081697 0.272727280855 0.0399999991059
bs 0.5 0.413793116808 0.0 0.680000007153
ds 0.109756097198 0.0169491525739 0.0 0.380952388048
gs 0.254901975393 0.333333343267 1.0 0.625
ts 0.246376812458 0.0246913582087 0.0 0.245614036918
a 0.28885152936 0.0236047785729 0.20743277669 0.0991975143552
b 0.126209676266 0.0153168989345 0.171658590436 0.10399082303
d 0.351484000683 0.903362572193 0.17262403667 0.600592374802
g 0.0449649393559 0.0101703889668 0.297103077173 0.0768667012453
t 0.188489839435 0.0475453734398 0.15118150413 0.119352601469
h 1.0 1.0 1.0 1.0
c 0.06150675565 0 0 0
Aa 1.06837236881 -0.455918878317 -0.0926284343004 0.681564450264
Ab 0.708790302277 -0.643747985363 -0.174840301275 0.702058672905
Ad 1.15360319614 1.12694323063 -0.172404557467 1.46364343166
Ag 0.260571658611 -0.821581244469 0.0634013414383 0.570801913738
At 0.882985591888 -0.15181055665 -0.23000715673 0.761895537376
as 0.597402572632 0.254545450211 0.0606060624123 0.0399999991059
bs 0.5 0.310344815254 0.0 0.708333313465
ds 0.109756097198 0.0 0.0 0.47619047761
gs 0.254901975393 0.361111104488 1.0 0.625
ts 0.246376812458 0.037037037313 0.0 0.350877195597
a 0.28885152936 0.0232390072197 0.231431290507 0.0874267071486
b 0.126209676266 0.014651521109 0.17547531426 0.0906460508704
d 0.351484000683 0.903625071049 0.148959383368 0.632267057896
g 0.0449649393559 0.0101023754105 0.297100901604 0.0686319097877
t 0.188489839435 0.048382025212 0.147033110261 0.121028274298
h 1.0 1.0 1.0 1.0
c 0.06150675565 0 0 0
Aa 1.06837236881 -0.462054550648 -0.0549622066319 0.681564450264
Ab 0.708790302277 -0.662389397621 -0.175168275833 0.697269201279
Ad 1.15360319614 1.12771618366 -0.246316418052 1.54082083702
Ag 0.260571658611 -0.823848664761 0.0535196699202 0.576446413994
At 0.882985591888 -0.143588095903 -0.251969158649 0.822807192802
as 0.597402572632 0.254545450211 0.106060609221 0.0399999991059
bs 0.5 0.275862067938 0.0 0.666666686535
ds 0.109756097198 0.0 0.0 0.571428596973
gs 0.254901975393 0.333333343267 0.944444417953 0.625
ts 0.246376812458 0.037037037313 0.0 0.456140339375
a 0.28885152936 0.0231590159237 0.272060871124 0.0803883373737
b 0.126209676266 0.0143538964912 0.171025663614 0.0811024978757
d 0.351484000683 0.904152750969 0.148719534278 0.652405798435
g 0.0449649393559 0.00996243208647 0.267001271248 0.0639162585139
t 0.188489839435 0.0483718775213 0.141192674637 0.122187100351
h 1.0 1.0 1.0 1.0
c 0.06150675565 0 0 0
Aa 1.06837236881 -0.46715760231 0.0428880117834 0.681564450264
Ab 0.708790302277 -0.674907922745 -0.158716797829 0.685405611992
Ad 1.15360319614 1.12436413765 -0.219410061836 1.59088921547
Ag 0.260571658611 -0.833512306213 0.0347352400422 0.581982731819
At 0.882985591888 -0.147284761071 -0.241965904832 0.863396763802
as 0.597402572632 0.222222223878 0.257575750351 0.0399999991059
bs 0.5 0.206896558404 0.0 0.625
ds 0.109756097198 0.0 0.0 0.638554215431
gs 0.254901975393 0.333333343267 0.833333313465 0.666666686535
ts 0.246376812458 0.037037037313 0.0 0.535714268684
a 0.28885152936 0.0238029994071 0.308091640472 0.0794578418136
b 0.126209676266 0.0144923040643 0.16182628274 0.0760007873178
d 0.351484000683 0.902259171009 0.174502909184 0.659141182899
g 0.0449649393559 0.00986514333636 0.222555413842 0.0626845285296
t 0.188489839435 0.0495803579688 0.133023753762 0.122715681791
h 1.0 1.0 1.0 1.0
c 0.06150675565 0 0 0
Aa 1.06837236881 -0.468037992716 0.151026934385 0.688376367092
Ab 0.708790302277 -0.683532238007 -0.128603890538 0.669057667255
Ad 1.15360319614 1.11066162586 -0.0958503037691 1.60721802711
Ag 0.260571658611 -0.850566267967 0.00978520326316 0.585399985313
At 0.882985591888 -0.149360015988 -0.213723778725 0.877139687538
as 0.597402572632 0.222222223878 0.415384620428 0.0599999986589
bs 0.5 0.206896558404 0.0 0.583333313465
ds 0.109756097198 0.0 0.0 0.650602400303
gs 0.254901975393 0.277777791023 0.722222208977 0.666666686535
ts 0.246376812458 0.037037037313 0.0 0.553571403027
a 0.28885152936 0.0254679471254 0.332240700722 0.0934332162142
b 0.126209676266 0.015013538301 0.149530187249 0.0738291814923
d 0.351484000683 0.895974934101 0.215967401862 0.647081851959
g 0.0449649393559 0.00987078435719 0.178232595325 0.0632057785988
t 0.188489839435 0.0536728166044 0.124029107392 0.122449956834
h 1.0 1.0 1.0 1.0
c 0.06150675565 0 0 0
Aa 1.06837236881 -0.459695398808 0.254558295012 0.755818128586
Ab 0.708790302277 -0.689206302166 -0.0921656489372 0.653544902802
Ad 1.15360319614 1.08660650253 0.0674936547875 1.59627604485
Ag 0.260571658611 -0.871337711811 -0.0159074105322 0.586073637009
At 0.882985591888 -0.135934948921 -0.173370927572 0.873275518417
as 0.597402572632 0.24074074626 0.569230794907 0.180000007153
bs 0.5 0.172413796186 0.0384615398943 0.5
ds 0.109756097198 0.0 0.0 0.638554215431
gs 0.254901975393 0.222222223878 0.555555582047 0.666666686535
ts 0.246376812458 0.0493827164173 0.0 0.553571403027
a 0.28885152936 0.0274461302906 0.325774401426 0.113348551095
b 0.126209676266 0.0157190803438 0.141701042652 0.0732400417328
d 0.351484000683 0.886603653431 0.264540284872 0.627070605755
g 0.0449649393559 0.00993184931576 0.148125827312 0.0640234723687
t 0.188489839435 0.060299269855 0.119858413935 0.122317321599
h 1.0 1.0 1.0 1.0
c 0.06150675565 0 0 0
Aa 1.06837236881 -0.446624815464 0.304945707321 0.83119314909
Ab 0.708790302277 -0.68867880106 -0.0565982088447 0.641525804996
Ad 1.15360319614 1.06262362003 0.214520588517 1.57409358025
Ag 0.260571658611 -0.888075828552 -0.0373404547572 0.583116412163
At 0.882985591888 -0.10479388386 -0.129302710295 0.864265143871
as 0.597402572632 0.25925925374 0.646153867245 0.340000003576
bs 0.5 0.172413796186 0.153846159577 0.458333343267
ds 0.109756097198 0.0 0.0 0.604938268661
gs 0.254901975393 0.166666671634 0.444444447756 0.652173936367
ts 0.246376812458 0.0864197537303 0.0 0.535714268684
a 0.28885152936 0.0281338822097 0.299538046122 0.133895114064
b 0.126209676266 0.0162783525884 0.139438733459 0.0717899724841
d 0.351484000683 0.879155337811 0.310416638851 0.608339905739
g 0.0449649393559 0.00988644268364 0.130875095725 0.0632841438055
t 0.188489839435 0.0665460154414 0.119731478393 0.122690863907
h 1.0 1.0 1.0 1.0
c 0.06150675565 0 0 0
Aa 1.06837236881 -0.443337917328 0.307359963655 0.901013076305
Ab 0.708790302277 -0.680957138538 -0.0247085951269 0.630312144756
Ad 1.15360319614 1.05149805546 0.322852939367 1.55839467049
Ag 0.260571658611 -0.897527515888 -0.0522350296378 0.575543224812
At 0.882985591888 -0.06944552809 -0.0908837020397 0.863060534
as 0.597402572632 0.277777791023 0.661538481712 0.469387769699
bs 0.5 0.206896558404 0.269230782986 0.416666656733
ds 0.109756097198 0.0 0.106796115637 0.580246925354
gs 0.254901975393 0.138888895512 0.352941185236 0.608695626259
ts 0.246376812458 0.135802462697 0.0 0.535714268684
a 0.28885152936 0.0274633802474 0.280853241682 0.146043807268
b 0.126209676266 0.0163461267948 0.139594197273 0.0685838013887
d 0.351484000683 0.877029776573 0.340805798769 0.601329863071
g 0.0449649393559 0.00963699538261 0.120035238564 0.0607969202101
t 0.188489839435 0.0695237517357 0.118711546063 0.123245596886
h 1.0 1.0 1.0 1.0
c 0.06150675565 0 0 0
Aa 1.06837236881 -0.445185571909 0.307359963655 0.943755447865
Ab 0.708790302277 -0.670524716377 0.00374786811881 0.615493834019
Ad 1.15360319614 1.05907475948 0.391387492418 1.55838513374
Ag 0.260571658611 -0.8999979496 -0.0618107207119 0.563153922558
At 0.882985591888 -0.0418063811958 -0.0666265264153 0.870043754578
as 0.597402572632 0.264150947332 0.661538481712 0.551020383835
bs 0.5 0.24137930572 0.384615391493 0.333333343267
ds 0.109756097198 0.0 0.174757286906 0.580246925354
gs 0.254901975393 0.138888895512 0.29411765933 0.565217375755
ts 0.246376812458 0.172839507461 0.0 0.553571403027
a 0.28885152936 0.026111247018 0.270319253206 0.151410922408
b 0.126209676266 0.0160196404904 0.142955809832 0.0640379860997
d 0.351484000683 0.879135131836 0.35612359643 0.603955805302
g 0.0449649393559 0.00925048533827 0.113497816026 0.0573234260082
t 0.188489839435 0.0694834664464 0.117103502154 0.123271860182
h 1.0 1.0 1.0 1.0
c 0.0512917079031 0 0 0
Aa 1.06837236881 -0.449944198132 0.307359963655 0.970331430435
Ab 0.708790302277 -0.662119030952 0.0306848008186 0.596611917019
Ad 1.15360319614 1.07728385925 0.427083730698 1.57117938995
Ag 0.260571658611 -0.900607287884 -0.0695295110345 0.548506379128
At 0.882985591888 -0.0248903166503 -0.0559471324086 0.881038188934
as 0.597402572632 0.264150947332 0.671875 0.612244904041
bs 0.5 0.275862067938 0.5 0.25
ds 0.109756097198 0.0 0.203883498907 0.604938268661
gs 0.254901975393 0.138888895512 0.235294118524 0.521739125252
ts 0.246376812458 0.185185179114 0.0 0.571428596973
a 0.28885152936 0.0256442315876 0.265451908112 0.148906737566
b 0.126209676266 0.0156715083867 0.14916831255 0.0601436831057
d 0.351484000683 0.881397843361 0.360496640205 0.612758934498
g 0.0449649393559 0.00888426695019 0.109123580158 0.0543753877282
t 0.188489839435 0.0684021711349 0.115759566426 0.123815275729
h 1.0 1.0 1.0 1.0
c 0.040350575 0 0 0
Aa 1.06837236881 -0.444366425276 0.307359963655 0.972374856472
Ab 0.708790302277 -0.658245325089 0.0570506826043 0.578650534153
Ad 1.15360319614 1.09181582928 0.440275341272 1.58675014973
Ag 0.260571658611 -0.904734492302 -0.0787072628736 0.534862875938
At 0.882985591888 -0.0182862468064 -0.0530689917505 0.892234742641
as 0.597402572632 0.25 0.671875 0.612244904041
bs 0.5 0.275862067938 0.576923072338 0.208333328366
ds 0.109756097198 0.0163934417069 0.22330096364 0.617283940315
gs 0.254901975393 0.111111111939 0.1875 0.434782594442
ts 0.246376812458 0.197530865669 0.0 0.600000023842
a 0.28885152936 0.0242894105613 0.263302713633 0.14838655293
b 0.126209676266 0.0157596934587 0.157403320074 0.0576586909592
d 0.351484000683 0.883731365204 0.359138101339 0.617857694626
g 0.0449649393559 0.00871251709759 0.105565667152 0.0522044189274
t 0.188489839435 0.0675070211291 0.1145901829 0.123892642558
h 1.0 1.0 1.0 1.0
c 0.0290463976562 0 0 0
Aa 1.06837236881 -0.467840373516 0.307359963655 0.978431463242
Ab 0.708790302277 -0.655709564686 0.0839184969664 0.567901730537
Ad 1.15360319614 1.09306287766 0.442166090012 1.59792542458
Ag 0.260571658611 -0.913113713264 -0.0895726829767 0.524744212627
At 0.882985591888 -0.023908386007 -0.0539479665458 0.900082468987
as 0.597402572632 0.211538463831 0.666666686535 0.632653057575
bs 0.5 0.275862067938 0.692307710648 0.130434781313
ds 0.109756097198 0.0163934417069 0.225490197539 0.620253145695
gs 0.254901975393 0.111111111939 0.125 0.391304343939
ts 0.246376812458 0.185185179114 0.0 0.611111104488
a 0.28885152936 0.0229896772653 0.261631280184 0.153262928128
b 0.126209676266 0.0165933258832 0.166758179665 0.0567202121019
d 0.351484000683 0.88470184803 0.354735821486 0.61587035656
g 0.0449649393559 0.00882880110294 0.102899126709 0.0506164170802
t 0.188489839435 0.0668863356113 0.113975569606 0.123530097306
h 1.0 1.0 1.0 1.0
c 0.0177422203124 0 0 0
Aa 1.06837236881 -0.508010327816 0.307359963655 0.998793303967
Ab 0.708790302277 -0.649609804153 0.111757420003 0.567094027996
Ad 1.15360319614 1.0772536993 0.439575344324 1.60284554958
Ag 0.260571658611 -0.923641502857 -0.0979180261493 0.517647624016
At 0.882985591888 -0.0442058444023 -0.0535179376602 0.905128955841
as 0.597402572632 0.134615391493 0.666666686535 0.673469364643
bs 0.5 0.310344815254 0.807692289352 0.0869565233588
ds 0.109756097198 0.0 0.225490197539 0.628205120564
gs 0.254901975393 0.0833333358169 0.0625 0.391304343939
ts 0.246376812458 0.160493820906 0.0 0.611111104488
a 0.28885152936 0.0237857326865 0.259251177311 0.15813216567
b 0.126209676266 0.0182646047324 0.175782978535 0.0570136904716
d 0.351484000683 0.882542490959 0.35012114048 0.612565755844
g 0.0449649393559 0.00927482917905 0.101621776819 0.0495544746518
t 0.188489839435 0.0661323219538 0.113222919405 0.12273388356
h 1.0 1.0 1.0 1.0
c 0.00607499852777 0 0 0
Aa 1.06837236881 -0.522358119488 0.307359963655 1.01390945911
Ab 0.708790302277 -0.637064397335 0.138616040349 0.570868432522
Ad 1.15360319614 1.04706096649 0.437857598066 1.60204207897
Ag 0.260571658611 -0.931368768215 -0.099373973906 0.509972155094
At 0.882985591888 -0.0782608687878 -0.052426405251 0.903853774071
as 0.597402572632 0.117647059262 0.677419364452 0.693877577782
bs 0.5 0.344827592373 0.923076927662 0.130434781313
ds 0.109756097198 0.0 0.225490197539 0.628205120564
gs 0.254901975393 0.0285714287311 0.0625 0.347826093435
ts 0.246376812458 0.11249999702 0.015625 0.611111104488
a 0.28885152936 0.0296685472131 0.255131930113 0.161458447576
b 0.126209676266 0.0202779620886 0.182873159647 0.058139398694
d 0.351484000683 0.875534594059 0.347702741623 0.609862983227
g 0.0449649393559 0.00987595040351 0.101617477834 0.0489967651665
t 0.188489839435 0.0646429508924 0.112674705684 0.121542371809
h 1.0 1.0 1.0 1.0
c 0.0 0 0 0
Aa 1.06837236881 -0.455697953701 0.307359963655 1.0172317028
Ab 0.708790302277 -0.620969951153 0.162745133042 0.573641479015
Ad 1.15360319614 1.01427912712 0.441803276539 1.5944031477
Ag 0.260571658611 -0.933415293694 -0.0924364328384 0.499338328838
At 0.882985591888 -0.117473050952 -0.0475784018636 0.8938986063
as 0.597402572632 0.235294118524 0.677419364452 0.693877577782
bs 0.5 0.413793116808 1.0 0.130434781313
ds 0.109756097198 0.0 0.225490197539 0.610389590263
gs 0.254901975393 0.0285714287311 0.125 0.304347813129
ts 0.246376812458 0.0632911399007 0.015625 0.592592597008
a 0.28885152936 0.0337891168892 0.252134442329 0.166156738997
b 0.126209676266 0.0218863990158 0.185857966542 0.0597412474453
d 0.351484000683 0.872307419777 0.348348468542 0.607202649117
g 0.0449649393559 0.0103135863319 0.101763010025 0.0488593690097
t 0.188489839435 0.0617034733295 0.111896105111 0.118040002882
h 1.0 1.0 1.0 1.0
c 0.0 0 0 0
Aa 1.06837236881 -0.416741847992 0.314458340406 1.0172317028
Ab 0.708790302277 -0.605344355106 0.182007342577 0.57298797369
Ad 1.15360319614 0.995150864124 0.454840034246 1.580047369
Ag 0.260571658611 -0.932108998299 -0.0795839056373 0.485661566257
At 0.882985591888 -0.155209094286 -0.0383588895202 0.86874294281
as 0.597402572632 0.319999992847 0.677419364452 0.693877577782
bs 0.5 0.464285701513 1.0 0.130434781313
ds 0.109756097198 0.0 0.227722778916 0.597402572632
gs 0.254901975393 0.0294117648154 0.1875 0.217391297221
ts 0.246376812458 0.0126582281664 0.03125 0.555555582047
a 0.28885152936 0.0373170338571 0.247818186879 0.172082930803
b 0.126209676266 0.0222651269287 0.185224920511 0.0617358461022
d 0.351484000683 0.872537314892 0.353399157524 0.606397271156
g 0.0449649393559 0.010245455429 0.101996257901 0.0492005497217
t 0.188489839435 0.0576350465417 0.111561484635 0.110583417118
h 1.0 1.0 1.0 1.0
c 0.0 0 0 0
Aa 1.06837236881 -0.370731681585 0.321395039558 1.0172317028
Ab 0.708790302277 -0.595013678074 0.194961264729 0.572031319141
Ad 1.15360319614 0.998145222664 0.475527375937 1.56425118446
Ag 0.260571658611 -0.932107567787 -0.0641538947821 0.473463833332
At 0.882985591888 -0.181952193379 -0.0252238567919 0.825183928013
as 0.597402572632 0.419999986887 0.693548381329 0.693877577782
bs 0.5 0.5 1.0 0.130434781313
ds 0.109756097198 0.0 0.239999994636 0.565789461136
gs 0.254901975393 0.0294117648154 0.25 0.173913046718
ts 0.246376812458 0.0 0.046875 0.462962955236
a 0.28885152936 0.0366782806814 0.242160603404 0.176492393017
b 0.126209676266 0.0218199379742 0.182577013969 0.0636472478509
d 0.351484000683 0.877795159817 0.360933810472 0.61105209589
g 0.0449649393559 0.00980582647026 0.103005357087 0.0496871173382
t 0.188489839435 0.0539007969201 0.111323200166 0.0991211682558
h 1.0 1.0 1.0 1.0
c 0.0 0 0 0
Aa 1.06837236881 -0.361949384212 0.323477953672 1.0172317028
Ab 0.708790302277 -0.587504804134 0.200820565224 0.574285328388
Ad 1.15360319614 1.01703476906 0.496802061796 1.55658388138
Ag 0.260571658611 -0.934874176979 -0.0477657057345 0.466749489307
At 0.882985591888 -0.194763153791 -0.0140398293734 0.766672134399
as 0.597402572632 0.439999997616 0.693548381329 0.693877577782
bs 0.5 0.535714268684 1.0 0.130434781313
ds 0.109756097198 0.0 0.259999990463 0.546666681767
gs 0.254901975393 0.0 0.375 0.130434781313
ts 0.246376812458 0.0 0.0625 0.351851850748
a 0.28885152936 0.0353006012738 0.239603847265 0.176592692733
b 0.126209676266 0.021216686815 0.179979860783 0.0644975975156
d 0.351484000683 0.883256494999 0.364769846201 0.622972011566
g 0.0449649393559 0.00936499517411 0.106059923768 0.0496628582478
t 0.188489839435 0.050861209631 0.109586521983 0.0862748250365
h 1.0 1.0 1.0 1.0
c 0.0 0 0 0
Aa 1.06837236881 -0.361949384212 0.323477953672 1.0172317028
Ab 0.708790302277 -0.583053946495 0.19920809567 0.579802513123
Ad 1.15360319614 1.03635537624 0.506003141403 1.56472754478
Ag 0.260571658611 -0.938223898411 -0.0304645057768 0.466290682554
At 0.882985591888 -0.203344777226 -0.0162586849183 0.706143021584
as 0.597402572632 0.439999997616 0.693548381329 0.693877577782
bs 0.5 0.571428596973 1.0 0.173913046718
ds 0.109756097198 0.0 0.26530611515 0.560000002384
gs 0.254901975393 0.0 0.5 0.130434781313
ts 0.246376812458 0.0 0.0625 0.24074074626
a 0.28885152936 0.0343465134501 0.241883352399 0.174813985825
b 0.126209676266 0.0209128595889 0.180003076792 0.0636138096452
d 0.351484000683 0.887970387936 0.360553830862 0.638430833817
g 0.0449649393559 0.00922896247357 0.112532265484 0.0483645536005
t 0.188489839435 0.0475412979722 0.105027474463 0.0747767910361
h 1.0 1.0 1.0 1.0
c 0.0 0 0 0
Aa 1.06837236881 -0.36657333374 0.319570630789 1.02523064613
Ab 0.708790302277 -0.582042574883 0.1912445575 0.586205840111
Ad 1.15360319614 1.04594254494 0.492934733629 1.58776831627
Ag 0.260571658611 -0.937303125858 -0.0127582829446 0.467181622982
At 0.882985591888 -0.225384965539 -0.0427324324846 0.656421244144
as 0.597402572632 0.419999986887 0.693548381329 0.714285731316
bs 0.5 0.571428596973 1.0 0.173913046718
ds 0.109756097198 0.0 0.255102038383 0.58666664362
gs 0.254901975393 0.0 0.625 0.130434781313
ts 0.246376812458 0.0 0.0322580635548 0.148148149252
a 0.28885152936 0.0347146801651 0.249057158828 0.170665591955
b 0.126209676266 0.0209397375584 0.184271678329 0.061941165477
d 0.351484000683 0.892088890076 0.345981568098 0.654418587685
g 0.0449649393559 0.00948023516685 0.122959055007 0.0464951917529
t 0.188489839435 0.0427764318883 0.0977305397391 0.0664794370532
h 1.0 1.0 1.0 1.0
c 0.0 0 0 0
Aa 1.06837236881 -0.36657333374 0.310700088739 1.02944982052
Ab 0.708790302277 -0.586115241051 0.179859623313 0.589283168316
Ad 1.15360319614 1.0433216095 0.453454017639 1.61315941811
Ag 0.260571658611 -0.930267393589 0.00416157860309 0.464711844921
At 0.882985591888 -0.275881946087 -0.0955686494708 0.619991123676
as 0.597402572632 0.419999986887 0.677419364452 0.73469388485
bs 0.5 0.535714268684 1.0 0.217391297221
ds 0.109756097198 0.0 0.214285716414 0.626666665077
gs 0.254901975393 0.0294117648154 0.6875 0.130434781313
ts 0.246376812458 0.0 0.0 0.0925925895572
a 0.28885152936 0.0360341928899 0.254113256931 0.163422659039
b 0.126209676266 0.0211803391576 0.19391323626 0.0608808547258
d 0.351484000683 0.895586013794 0.325153470039 0.66803842783
g 0.0449649393559 0.0101088006049 0.137350559235 0.0450282767415
t 0.188489839435 0.0370906442404 0.0894694924355 0.0626297742128
h 1.0 1.0 1.0 1.0
c 0.0 0 0 0
Aa 1.06837236881 -0.367696046829 0.286229878664 1.01754665375
Ab 0.708790302277 -0.598477959633 0.168810024858 0.588715195656
Ad 1.15360319614 1.02769649029 0.393290966749 1.6290358305
Ag 0.260571658611 -0.919711232185 0.0190330054611 0.457719743252
At 0.882985591888 -0.355146467686 -0.167122453451 0.601015269756
as 0.597402572632 0.419999986887 0.629032254219 0.693877577782
bs 0.5 0.5 1.0 0.217391297221
ds 0.109756097198 0.0 0.15306122601 0.662162184715
gs 0.254901975393 0.0588235296309 0.8125 0.0909090936184
ts 0.246376812458 0.0 0.0 0.0555555559695
