807.68536377 759.980895996 801.105407715 830.715087891
815.91027832 761.625915527 804.395385742 834.005004883
814.265258789 758.3359375 801.105407715 825.780151367
812.620300293 759.980895996 802.750427246 820.845214844
825.780151367 761.625915527 802.750427246 810.975280762
806.040344238 758.3359375 807.68536377 830.715087891
802.750427246 758.3359375 806.040344238 806.040344238
802.750427246 759.980895996 812.620300293 819.200195312
809.330322266 763.270874023 814.265258789 804.395385742
829.070068359 763.270874023 815.91027832 809.330322266
819.200195312 763.270874023 812.620300293 802.750427246
825.780151367 768.205810547 815.91027832 796.170471191
806.040344238 766.560852051 824.135131836 797.815490723
802.750427246 764.91583252 822.49017334 806.040344238
822.49017334 764.91583252 819.200195312 789.590576172
802.750427246 759.980895996 827.425109863 791.235534668
806.040344238 763.270874023 835.650024414 792.880554199
810.975280762 764.91583252 825.780151367 801.105407715
809.330322266 764.91583252 843.874938965 786.300598145
807.68536377 764.91583252 838.940002441 783.010620117
807.68536377 771.495788574 847.164855957 771.495788574
810.975280762 771.495788574 840.584960938 779.720703125
797.815490723 771.495788574 843.874938965 764.91583252
810.975280762 774.785766602 842.229919434 759.980895996
807.68536377 773.14074707 842.229919434 761.625915527
801.105407715 774.785766602 848.809875488 755.045959473
815.91027832 776.430725098 843.874938965 746.821105957
807.68536377 774.785766602 853.744812012 740.241149902
810.975280762 778.075683594 865.259643555 758.3359375
812.620300293 779.720703125 865.259643555 751.75604248
812.620300293 778.075683594 855.389770508 741.886108398
815.91027832 781.365661621 860.324707031 753.401000977
799.460449219 776.430725098 863.614685059 725.436340332
802.750427246 776.430725098 865.259643555 746.821105957
794.525512695 779.720703125 870.194580078 746.821105957
801.105407715 781.365661621 865.259643555 720.501403809
801.105407715 787.945556641 881.709472656 733.661254883
783.010620117 787.945556641 891.579345703 723.791320801
794.525512695 787.945556641 888.289367676 713.921447754
786.300598145 789.590576172 884.999450684 717.211425781
779.720703125 791.235534668 896.514282227 717.211425781
773.14074707 791.235534668 904.739196777 708.98651123
773.14074707 797.815490723 903.094238281 708.98651123
783.010620117 797.815490723 908.029174805 704.051574707
789.590576172 801.105407715 916.25402832 723.791320801
774.785766602 802.750427246 911.319091797 695.826660156
764.91583252 802.750427246 914.609069824 699.116638184
769.850830078 807.68536377 917.899047852 695.826660156
764.91583252 809.330322266 916.25402832 677.731872559
761.625915527 809.330322266 921.188964844 685.956787109
753.401000977 812.620300293 916.25402832 685.956787109
759.980895996 812.620300293 919.544006348 687.601806641
776.430725098 817.555236816 921.188964844 692.536743164
763.270874023 819.200195312 931.058898926 692.536743164
740.241149902 820.845214844 942.573730469 661.282104492
715.566467285 822.49017334 935.993835449 636.607421875
712.276489258 827.425109863 939.283752441 628.382507324
725.436340332 832.360046387 940.928771973 643.187316895
713.921447754 830.715087891 949.153686523 628.382507324
720.501403809 838.940002441 949.153686523 646.477294922
702.406616211 837.29498291 962.313476562 633.317443848
708.98651123 843.874938965 957.378540039 603.707763672
708.98651123 840.584960938 955.733581543 606.997741699
694.18170166 834.005004883 954.088623047 602.062805176
699.116638184 837.29498291 962.313476562 588.902954102
692.536743164 837.29498291 960.668518066 593.837890625
690.891723633 842.229919434 954.088623047 611.932678223
674.441955566 843.874938965 973.828369141 602.062805176
690.891723633 843.874938965 970.538391113 595.482910156
690.891723633 843.874938965 970.538391113 600.41784668
699.116638184 848.809875488 972.183410645 593.837890625
682.666870117 848.809875488 982.053283691 598.772827148
666.217041016 850.454833984 980.40826416 588.902954102
669.507019043 852.09979248 983.698242188 574.098144531
687.601806641 850.454833984 985.343200684 574.098144531
684.311828613 855.389770508 977.118347168 580.678039551
672.796936035 855.389770508 990.278137207 580.678039551
676.086914062 853.744812012 995.213134766 575.743103027
672.796936035 853.744812012 991.923156738 580.678039551
687.601806641 853.744812012 1000.14807129 569.163208008
692.536743164 855.389770508 996.858093262 600.41784668
687.601806641 858.679748535 998.503051758 579.033081055
682.666870117 855.389770508 1000.14807129 570.808166504
681.021850586 857.034729004 1005.08300781 570.808166504
687.601806641 858.679748535 1005.08300781 575.743103027
672.796936035 860.324707031 1018.24285889 564.228271484
676.086914062 863.614685059 1008.3729248 574.098144531
681.021850586 863.614685059 1008.3729248 579.033081055
666.217041016 858.679748535 1023.17779541 569.163208008
674.441955566 858.679748535 1013.30786133 567.518188477
666.217041016 860.324707031 1023.17779541 579.033081055
669.507019043 857.034729004 1028.1126709 567.518188477
681.021850586 863.614685059 1033.04760742 547.778442383
661.282104492 861.969726562 1031.40270996 565.87322998
654.702148438 861.969726562 1031.40270996 565.87322998
649.767211914 865.259643555 1036.33764648 570.808166504
648.122253418 866.904663086 1039.62756348 569.163208008
664.57208252 868.549621582 1037.98254395 565.87322998
653.057189941 865.259643555 1042.91748047 551.06842041
649.767211914 871.839599609 1044.5625 570.808166504
656.347167969 868.549621582 1042.91748047 574.098144531
641.542358398 870.194580078 1057.72241211 564.228271484
649.767211914 871.839599609 1049.49743652 570.808166504
638.252380371 871.839599609 1044.5625 569.163208008
633.317443848 875.129516602 1054.43237305 560.938293457
641.542358398 875.129516602 1056.07739258 554.358398438
634.962402344 880.064453125 1047.85253906 562.583251953
638.252380371 881.709472656 1054.43237305 569.163208008
623.447570801 878.419494629 1074.17211914 575.743103027
628.382507324 883.354431152 1057.72241211 569.163208008
615.22265625 883.354431152 1062.65734863 574.098144531
625.092529297 883.354431152 1064.30224609 572.453186035
634.962402344 884.999450684 1054.43237305 572.453186035
610.287719727 884.999450684 1069.23718262 575.743103027
618.512634277 884.999450684 1065.94726562 565.87322998
606.997741699 888.289367676 1065.94726562 564.228271484
605.352783203 891.579345703 1064.30224609 557.64831543
616.867614746 888.289367676 1067.59228516 556.003356934
608.642700195 886.64440918 1064.30224609 562.583251953
606.997741699 889.934387207 1064.30224609 549.423461914
608.642700195 889.934387207 1080.7520752 565.87322998
610.287719727 889.934387207 1080.7520752 556.003356934
616.867614746 894.86932373 1074.17211914 569.163208008
600.41784668 893.224304199 1079.10705566 560.938293457
595.482910156 894.86932373 1080.7520752 560.938293457
602.062805176 901.44921875 1082.39709473 539.553527832
600.41784668 896.514282227 1087.33203125 541.198547363
588.902954102 899.804260254 1080.7520752 534.618591309
574.098144531 901.44921875 1079.10705566 532.973632812
588.902954102 903.094238281 1084.04199219 532.973632812
600.41784668 904.739196777 1093.9119873 542.843505859
608.642700195 908.029174805 1092.26696777 534.618591309
600.41784668 909.674133301 1093.9119873 513.233886719
597.127868652 911.319091797 1098.84692383 519.813781738
592.192932129 912.964111328 1090.62194824 519.813781738
597.127868652 909.674133301 1095.55688477 532.973632812
593.837890625 911.319091797 1105.42675781 536.26361084
593.837890625 912.964111328 1105.42675781 536.26361084
593.837890625 916.25402832 1097.2019043 524.748718262
588.902954102 916.25402832 1105.42675781 534.618591309
590.547912598 917.899047852 1102.13684082 516.523803711
569.163208008 921.188964844 1102.13684082 495.139068604
579.033081055 919.544006348 1110.36169434 509.943908691
575.743103027 922.833984375 1110.36169434 514.878845215
569.163208008 921.188964844 1103.78186035 532.973632812
587.257995605 922.833984375 1098.84692383 526.393737793
580.678039551 924.478942871 1105.42675781 523.103759766
577.388122559 922.833984375 1118.58666992 519.813781738
577.388122559 924.478942871 1100.49182129 526.393737793
572.453186035 922.833984375 1112.00671387 523.103759766
577.388122559 927.768920898 1112.00671387 511.588897705
587.257995605 927.768920898 1108.71679688 523.103759766
580.678039551 927.768920898 1113.6517334 539.553527832
585.612976074 932.703857422 1105.42675781 518.168823242
590.547912598 929.413879395 1107.07177734 551.06842041
590.547912598 931.058898926 1112.00671387 551.06842041
590.547912598 935.993835449 1108.71679688 539.553527832
587.257995605 935.993835449 1113.6517334 542.843505859
577.388122559 937.638793945 1103.78186035 528.038696289
593.837890625 937.638793945 1108.71679688 532.973632812
577.388122559 937.638793945 1113.6517334 537.908569336
565.87322998 939.283752441 1102.13684082 536.26361084
569.163208008 939.283752441 1112.00671387 526.393737793
585.612976074 944.218688965 1110.36169434 534.618591309
572.453186035 942.573730469 1116.94165039 554.358398438
593.837890625 944.218688965 1107.07177734 528.038696289
577.388122559 942.573730469 1120.23156738 537.908569336
579.033081055 944.218688965 1107.07177734 536.26361084
592.192932129 942.573730469 1102.13684082 531.328674316
575.743103027 942.573730469 1102.13684082 536.26361084
577.388122559 944.218688965 1102.13684082 539.553527832
587.257995605 944.218688965 1112.00671387 534.618591309
575.743103027 944.218688965 1103.78186035 536.26361084
593.837890625 942.573730469 1100.49182129 542.843505859
579.033081055 940.928771973 1103.78186035 544.488464355
582.323059082 940.928771973 1110.36169434 536.26361084
597.127868652 945.863708496 1107.07177734 544.488464355
577.388122559 942.573730469 1098.84692383 529.683654785
593.837890625 940.928771973 1100.49182129 518.168823242
585.612976074 940.928771973 1107.07177734 542.843505859
593.837890625 940.928771973 1098.84692383 524.748718262
598.772827148 940.928771973 1110.36169434 556.003356934
590.547912598 940.928771973 1097.2019043 541.198547363
588.902954102 939.283752441 1095.55688477 529.683654785
595.482910156 942.573730469 1103.78186035 528.038696289
597.127868652 942.573730469 1097.2019043 526.393737793
588.902954102 939.283752441 1100.49182129 531.328674316
611.932678223 940.928771973 1092.26696777 531.328674316
597.127868652 937.638793945 1090.62194824 519.813781738
605.352783203 935.993835449 1095.55688477 531.328674316
611.932678223 935.993835449 1098.84692383 560.938293457
600.41784668 932.703857422 1093.9119873 539.553527832
595.482910156 929.413879395 1098.84692383 536.26361084
608.642700195 934.348815918 1092.26696777 524.748718262
605.352783203 929.413879395 1090.62194824 531.328674316
593.837890625 924.478942871 1095.55688477 528.038696289
625.092529297 922.833984375 1082.39709473 534.618591309
630.02746582 921.188964844 1077.4621582 541.198547363
611.932678223 921.188964844 1093.9119873 526.393737793
605.352783203 919.544006348 1088.97692871 531.328674316
605.352783203 914.609069824 1090.62194824 531.328674316
636.607421875 916.25402832 1084.04199219 539.553527832
628.382507324 919.544006348 1082.39709473 562.583251953
621.80255127 917.899047852 1082.39709473 549.423461914
621.80255127 917.899047852 1087.33203125 542.843505859
618.512634277 911.319091797 1082.39709473 564.228271484
646.477294922 911.319091797 1085.68701172 552.713378906
630.02746582 916.25402832 1079.10705566 557.64831543
631.672424316 914.609069824 1088.97692871 567.518188477
646.477294922 912.964111328 1093.9119873 570.808166504
651.412231445 919.544006348 1079.10705566 592.192932129
636.607421875 911.319091797 1093.9119873 620.157592773
648.122253418 914.609069824 1080.7520752 583.968017578
649.767211914 914.609069824 1084.04199219 600.41784668
659.637145996 916.25402832 1084.04199219 616.867614746
661.282104492 917.899047852 1087.33203125 598.772827148
653.057189941 921.188964844 1090.62194824 602.062805176
664.57208252 922.833984375 1087.33203125 610.287719727
656.347167969 922.833984375 1080.7520752 603.707763672
653.057189941 924.478942871 1079.10705566 610.287719727
669.507019043 924.478942871 1084.04199219 649.767211914
662.927062988 926.123962402 1079.10705566 606.997741699
657.992126465 929.413879395 1080.7520752 606.997741699
667.861999512 929.413879395 1070.88220215 630.02746582
659.637145996 927.768920898 1065.94726562 618.512634277
682.666870117 927.768920898 1069.23718262 644.832275391
672.796936035 932.703857422 1069.23718262 631.672424316
666.217041016 932.703857422 1064.30224609 631.672424316
662.927062988 932.703857422 1064.30224609 625.092529297
681.021850586 932.703857422 1059.36730957 646.477294922
697.471679688 937.638793945 1057.72241211 646.477294922
708.98651123 939.283752441 1061.0123291 636.607421875
677.731872559 940.928771973 1056.07739258 653.057189941
685.956787109 942.573730469 1052.78747559 636.607421875
664.57208252 940.928771973 1054.43237305 648.122253418
654.702148438 940.928771973 1047.85253906 657.992126465
677.731872559 945.863708496 1056.07739258 648.122253418
672.796936035 944.218688965 1046.20751953 657.992126465
669.507019043 949.153686523 1051.14245605 638.252380371
677.731872559 949.153686523 1049.49743652 659.637145996
669.507019043 952.443603516 1041.27258301 641.542358398
656.347167969 952.443603516 1033.04760742 641.542358398
667.861999512 952.443603516 1028.1126709 638.252380371
666.217041016 955.733581543 1033.04760742 644.832275391
674.441955566 952.443603516 1033.04760742 646.477294922
676.086914062 955.733581543 1011.66290283 649.767211914
687.601806641 955.733581543 1031.40270996 672.796936035
697.471679688 954.088623047 1019.88781738 659.637145996
692.536743164 950.79864502 1028.1126709 677.731872559
697.471679688 952.443603516 1026.46777344 661.282104492
695.826660156 952.443603516 1018.24285889 666.217041016
689.246765137 952.443603516 1010.01794434 672.796936035
697.471679688 947.508666992 1018.24285889 677.731872559
712.276489258 949.153686523 1000.14807129 669.507019043
690.891723633 947.508666992 996.858093262 661.282104492
705.696594238 949.153686523 1010.01794434 684.311828613
720.501403809 949.153686523 996.858093262 674.441955566
710.631530762 944.218688965 1001.79302979 659.637145996
722.146362305 945.863708496 1000.14807129 682.666870117
727.081298828 944.218688965 1003.43798828 694.18170166
715.566467285 942.573730469 1006.72796631 699.116638184
735.306213379 940.928771973 1003.43798828 705.696594238
746.821105957 944.218688965 996.858093262 689.246765137
751.75604248 944.218688965 993.568115234 699.116638184
743.53112793 942.573730469 996.858093262 712.276489258
733.661254883 937.638793945 995.213134766 697.471679688
738.596191406 935.993835449 991.923156738 685.956787109
745.176086426 934.348815918 985.343200684 687.601806641
740.241149902 935.993835449 985.343200684 715.566467285
748.466064453 935.993835449 986.988220215 725.436340332
743.53112793 934.348815918 982.053283691 705.696594238
753.401000977 935.993835449 977.118347168 715.566467285
753.401000977 937.638793945 977.118347168 705.696594238
728.726318359 935.993835449 978.763305664 717.211425781
730.371276855 929.413879395 973.828369141 713.921447754
756.690979004 932.703857422 973.828369141 710.631530762
745.176086426 932.703857422 972.183410645 713.921447754
753.401000977 931.058898926 962.313476562 735.306213379
746.821105957 929.413879395 972.183410645 715.566467285
751.75604248 929.413879395 962.313476562 727.081298828
743.53112793 927.768920898 963.958496094 710.631530762
741.886108398 926.123962402 968.893432617 713.921447754
745.176086426 927.768920898 955.733581543 718.856384277
738.596191406 922.833984375 959.02355957 699.116638184
741.886108398 924.478942871 960.668518066 704.051574707
730.371276855 924.478942871 950.79864502 702.406616211
733.661254883 921.188964844 944.218688965 710.631530762
743.53112793 922.833984375 950.79864502 699.116638184
769.850830078 924.478942871 947.508666992 710.631530762
764.91583252 924.478942871 955.733581543 694.18170166
771.495788574 927.768920898 937.638793945 707.341552734
781.365661621 921.188964844 949.153686523 725.436340332
779.720703125 922.833984375 940.928771973 717.211425781
764.91583252 921.188964844 945.863708496 715.566467285
773.14074707 926.123962402 945.863708496 723.791320801
763.270874023 927.768920898 937.638793945 728.726318359
766.560852051 929.413879395 944.218688965 733.661254883
776.430725098 931.058898926 944.218688965 755.045959473
764.91583252 931.058898926 940.928771973 732.016235352
769.850830078 934.348815918 929.413879395 718.856384277
779.720703125 931.058898926 942.573730469 736.951171875
768.205810547 935.993835449 934.348815918 745.176086426
781.365661621 935.993835449 931.058898926 748.466064453
776.430725098 937.638793945 934.348815918 759.980895996
756.690979004 935.993835449 929.413879395 735.306213379
787.945556641 931.058898926 935.993835449 738.596191406
787.945556641 932.703857422 929.413879395 768.205810547
769.850830078 934.348815918 935.993835449 761.625915527
787.945556641 934.348815918 929.413879395 771.495788574
776.430725098 931.058898926 924.478942871 768.205810547
784.655639648 932.703857422 919.544006348 746.821105957
781.365661621 934.348815918 922.833984375 759.980895996
776.430725098 935.993835449 922.833984375 773.14074707
778.075683594 937.638793945 916.25402832 766.560852051
783.010620117 935.993835449 922.833984375 755.045959473
789.590576172 937.638793945 903.094238281 769.850830078
787.945556641 935.993835449 914.609069824 776.430725098
783.010620117 932.703857422 916.25402832 778.075683594
786.300598145 934.348815918 908.029174805 776.430725098
791.235534668 929.413879395 912.964111328 781.365661621
787.945556641 934.348815918 896.514282227 773.14074707
797.815490723 931.058898926 899.804260254 779.720703125
812.620300293 932.703857422 901.44921875 799.460449219
801.105407715 929.413879395 901.44921875 787.945556641
801.105407715 926.123962402 906.384155273 784.655639648
812.620300293 926.123962402 898.159240723 809.330322266
801.105407715 926.123962402 898.159240723 789.590576172
810.975280762 931.058898926 888.289367676 797.815490723
820.845214844 927.768920898 880.064453125 791.235534668
807.68536377 927.768920898 889.934387207 812.620300293
806.040344238 927.768920898 891.579345703 796.170471191
827.425109863 932.703857422 881.709472656 817.555236816
810.975280762 931.058898926 886.64440918 815.91027832
817.555236816 927.768920898 875.129516602 809.330322266
819.200195312 926.123962402 880.064453125 810.975280762
817.555236816 927.768920898 873.484558105 812.620300293
820.845214844 927.768920898 880.064453125 830.715087891
819.200195312 924.478942871 863.614685059 806.040344238
815.91027832 924.478942871 866.904663086 817.555236816
806.040344238 924.478942871 871.839599609 820.845214844
819.200195312 927.768920898 863.614685059 815.91027832
817.555236816 922.833984375 866.904663086 845.519897461
817.555236816 922.833984375 861.969726562 835.650024414
814.265258789 924.478942871 860.324707031 819.200195312
810.975280762 922.833984375 857.034729004 829.070068359
809.330322266 926.123962402 863.614685059 827.425109863
804.395385742 922.833984375 863.614685059 817.555236816
815.91027832 926.123962402 858.679748535 815.91027832
815.91027832 926.123962402 863.614685059 830.715087891
819.200195312 926.123962402 858.679748535 814.265258789
822.49017334 927.768920898 852.09979248 822.49017334
815.91027832 927.768920898 848.809875488 832.360046387
802.750427246 926.123962402 847.164855957 817.555236816
801.105407715 924.478942871 847.164855957 819.200195312
804.395385742 926.123962402 847.164855957 820.845214844
802.750427246 926.123962402 843.874938965 814.265258789
804.395385742 924.478942871 850.454833984 804.395385742
799.460449219 921.188964844 845.519897461 801.105407715
817.555236816 921.188964844 840.584960938 842.229919434
825.780151367 922.833984375 838.940002441 838.940002441
825.780151367 926.123962402 832.360046387 834.005004883
804.395385742 922.833984375 842.229919434 845.519897461
830.715087891 924.478942871 834.005004883 827.425109863
825.780151367 926.123962402 825.780151367 829.070068359
837.29498291 922.833984375 834.005004883 840.584960938
825.780151367 924.478942871 835.650024414 835.650024414
825.780151367 919.544006348 832.360046387 820.845214844
848.809875488 926.123962402 815.91027832 830.715087891
835.650024414 922.833984375 824.135131836 838.940002441
830.715087891 922.833984375 812.620300293 822.49017334
819.200195312 919.544006348 820.845214844 822.49017334
822.49017334 914.609069824 825.780151367 842.229919434
829.070068359 917.899047852 814.265258789 827.425109863
827.425109863 914.609069824 810.975280762 822.49017334
820.845214844 909.674133301 824.135131836 853.744812012
819.200195312 906.384155273 802.750427246 847.164855957
825.780151367 903.094238281 812.620300293 834.005004883
817.555236816 899.804260254 809.330322266 834.005004883
810.975280762 898.159240723 799.460449219 840.584960938
825.780151367 891.579345703 812.620300293 837.29498291
817.555236816 889.934387207 797.815490723 848.809875488
806.040344238 891.579345703 809.330322266 838.940002441
830.715087891 893.224304199 796.170471191 834.005004883
840.584960938 884.999450684 807.68536377 850.454833984
852.09979248 880.064453125 802.750427246 857.034729004
835.650024414 876.774536133 797.815490723 827.425109863
843.874938965 875.129516602 802.750427246 835.650024414
838.940002441 880.064453125 789.590576172 850.454833984
838.940002441 875.129516602 792.880554199 861.969726562
845.519897461 873.484558105 801.105407715 860.324707031
824.135131836 875.129516602 801.105407715 848.809875488
834.005004883 873.484558105 806.040344238 840.584960938
852.09979248 875.129516602 799.460449219 868.549621582
847.164855957 868.549621582 791.235534668 835.650024414
837.29498291 866.904663086 796.170471191 835.650024414
845.519897461 868.549621582 789.590576172 850.454833984
832.360046387 863.614685059 792.880554199 832.360046387
847.164855957 865.259643555 796.170471191 847.164855957
840.584960938 861.969726562 786.300598145 853.744812012
843.874938965 861.969726562 802.750427246 860.324707031
847.164855957 861.969726562 797.815490723 863.614685059
852.09979248 860.324707031 794.525512695 855.389770508
842.229919434 860.324707031 786.300598145 850.454833984
857.034729004 857.034729004 791.235534668 852.09979248
845.519897461 857.034729004 791.235534668 848.809875488
845.519897461 861.969726562 791.235534668 878.419494629
860.324707031 853.744812012 799.460449219 855.389770508
850.454833984 857.034729004 789.590576172 875.129516602
853.744812012 855.389770508 791.235534668 891.579345703
855.389770508 850.454833984 792.880554199 861.969726562
838.940002441 853.744812012 787.945556641 865.259643555
845.519897461 848.809875488 786.300598145 857.034729004
842.229919434 848.809875488 784.655639648 868.549621582
837.29498291 847.164855957 781.365661621 855.389770508
843.874938965 848.809875488 784.655639648 861.969726562
847.164855957 847.164855957 792.880554199 857.034729004
861.969726562 848.809875488 781.365661621 852.09979248
858.679748535 848.809875488 786.300598145 873.484558105
848.809875488 850.454833984 781.365661621 873.484558105
840.584960938 850.454833984 781.365661621 871.839599609
847.164855957 848.809875488 789.590576172 878.419494629
834.005004883 848.809875488 792.880554199 860.324707031
832.360046387 847.164855957 787.945556641 852.09979248
829.070068359 845.519897461 789.590576172 865.259643555
827.425109863 845.519897461 792.880554199 866.904663086
830.715087891 843.874938965 796.170471191 881.709472656
824.135131836 847.164855957 792.880554199 850.454833984
827.425109863 847.164855957 787.945556641 891.579345703
822.49017334 845.519897461 794.525512695 883.354431152
824.135131836 847.164855957 792.880554199 873.484558105
812.620300293 842.229919434 799.460449219 884.999450684
825.780151367 843.874938965 792.880554199 861.969726562
815.91027832 842.229919434 789.590576172 871.839599609
814.265258789 842.229919434 789.590576172 889.934387207
814.265258789 842.229919434 796.170471191 866.904663086
804.395385742 842.229919434 797.815490723 853.744812012
817.555236816 840.584960938 796.170471191 881.709472656
815.91027832 837.29498291 787.945556641 884.999450684
807.68536377 837.29498291 802.750427246 858.679748535
815.91027832 835.650024414 792.880554199 880.064453125
815.91027832 834.005004883 794.525512695 866.904663086
817.555236816 838.940002441 786.300598145 860.324707031
812.620300293 835.650024414 792.880554199 873.484558105
822.49017334 840.584960938 801.105407715 860.324707031
820.845214844 835.650024414 801.105407715 843.874938965
820.845214844 835.650024414 796.170471191 863.614685059
820.845214844 835.650024414 787.945556641 866.904663086
835.650024414 834.005004883 783.010620117 891.579345703
834.005004883 834.005004883 796.170471191 884.999450684
834.005004883 834.005004883 791.235534668 880.064453125
832.360046387 829.070068359 792.880554199 861.969726562
848.809875488 832.360046387 791.235534668 868.549621582
848.809875488 832.360046387 796.170471191 875.129516602
830.715087891 830.715087891 796.170471191 866.904663086
829.070068359 832.360046387 792.880554199 858.679748535
830.715087891 832.360046387 794.525512695 873.484558105
825.780151367 827.425109863 799.460449219 850.454833984
822.49017334 830.715087891 796.170471191 850.454833984
817.555236816 829.070068359 779.720703125 858.679748535
814.265258789 830.715087891 786.300598145 847.164855957
825.780151367 830.715087891 783.010620117 870.194580078
820.845214844 834.005004883 786.300598145 858.679748535
812.620300293 832.360046387 784.655639648 832.360046387
820.845214844 829.070068359 783.010620117 845.519897461
853.744812012 830.715087891 781.365661621 855.389770508
842.229919434 825.780151367 796.170471191 845.519897461
832.360046387 825.780151367 784.655639648 863.614685059
824.135131836 824.135131836 789.590576172 865.259643555
814.265258789 827.425109863 789.590576172 860.324707031
829.070068359 829.070068359 781.365661621 857.034729004
840.584960938 829.070068359 789.590576172 865.259643555
829.070068359 829.070068359 779.720703125 857.034729004
830.715087891 827.425109863 778.075683594 843.874938965
819.200195312 829.070068359 786.300598145 845.519897461
815.91027832 832.360046387 764.91583252 843.874938965
812.620300293 827.425109863 781.365661621 830.715087891
810.975280762 827.425109863 769.850830078 840.584960938
806.040344238 827.425109863 774.785766602 825.780151367
815.91027832 829.070068359 774.785766602 837.29498291
807.68536377 829.070068359 773.14074707 848.809875488
809.330322266 830.715087891 778.075683594 845.519897461
791.235534668 829.070068359 774.785766602 843.874938965
801.105407715 825.780151367 778.075683594 842.229919434
792.880554199 827.425109863 771.495788574 834.005004883
794.525512695 829.070068359 781.365661621 825.780151367
787.945556641 832.360046387 758.3359375 835.650024414
786.300598145 834.005004883 764.91583252 820.845214844
806.040344238 830.715087891 764.91583252 842.229919434
806.040344238 830.715087891 763.270874023 853.744812012
802.750427246 830.715087891 776.430725098 842.229919434
797.815490723 830.715087891 768.205810547 842.229919434
807.68536377 832.360046387 761.625915527 829.070068359
799.460449219 832.360046387 766.560852051 819.200195312
784.655639648 834.005004883 764.91583252 834.005004883
763.270874023 834.005004883 764.91583252 820.845214844
751.75604248 830.715087891 759.980895996 827.425109863
738.596191406 830.715087891 763.270874023 825.780151367
756.690979004 834.005004883 750.111022949 807.68536377
750.111022949 832.360046387 761.625915527 830.715087891
753.401000977 834.005004883 753.401000977 814.265258789
758.3359375 832.360046387 759.980895996 794.525512695
763.270874023 832.360046387 748.466064453 814.265258789
740.241149902 829.070068359 753.401000977 797.815490723
733.661254883 830.715087891 745.176086426 792.880554199
741.886108398 832.360046387 750.111022949 802.750427246
732.016235352 825.780151367 751.75604248 792.880554199
751.75604248 832.360046387 753.401000977 791.235534668
761.625915527 834.005004883 756.690979004 801.105407715
746.821105957 832.360046387 745.176086426 797.815490723
758.3359375 835.650024414 755.045959473 807.68536377
759.980895996 835.650024414 748.466064453 819.200195312
758.3359375 832.360046387 756.690979004 810.975280762
755.045959473 835.650024414 758.3359375 814.265258789
759.980895996 837.29498291 758.3359375 799.460449219
774.785766602 832.360046387 755.045959473 804.395385742
774.785766602 832.360046387 768.205810547 819.200195312
766.560852051 835.650024414 764.91583252 787.945556641
771.495788574 837.29498291 766.560852051 796.170471191
763.270874023 840.584960938 759.980895996 796.170471191
758.3359375 840.584960938 756.690979004 776.430725098
764.91583252 838.940002441 758.3359375 807.68536377
748.466064453 838.940002441 766.560852051 792.880554199
753.401000977 843.874938965 758.3359375 774.785766602
746.821105957 842.229919434 763.270874023 778.075683594
759.980895996 840.584960938 763.270874023 773.14074707
743.53112793 838.940002441 763.270874023 766.560852051
743.53112793 840.584960938 771.495788574 796.170471191
748.466064453 843.874938965 769.850830078 784.655639648
735.306213379 848.809875488 768.205810547 778.075683594
746.821105957 848.809875488 774.785766602 781.365661621
756.690979004 855.389770508 774.785766602 787.945556641
758.3359375 857.034729004 778.075683594 784.655639648
740.241149902 857.034729004 779.720703125 773.14074707
751.75604248 861.969726562 774.785766602 794.525512695
743.53112793 861.969726562 783.010620117 789.590576172
748.466064453 860.324707031 779.720703125 802.750427246
751.75604248 866.904663086 786.300598145 781.365661621
738.596191406 866.904663086 781.365661621 763.270874023
746.821105957 868.549621582 783.010620117 766.560852051
746.821105957 876.774536133 779.720703125 768.205810547
753.401000977 878.419494629 786.300598145 768.205810547
735.306213379 878.419494629 791.235534668 774.785766602
717.211425781 881.709472656 792.880554199 768.205810547
710.631530762 881.709472656 794.525512695 753.401000977
722.146362305 883.354431152 791.235534668 761.625915527
720.501403809 886.64440918 796.170471191 756.690979004
715.566467285 888.289367676 802.750427246 753.401000977
710.631530762 889.934387207 799.460449219 745.176086426
728.726318359 889.934387207 802.750427246 735.306213379
722.146362305 893.224304199 812.620300293 751.75604248
717.211425781 894.86932373 809.330322266 750.111022949
718.856384277 898.159240723 822.49017334 769.850830078
710.631530762 903.094238281 820.845214844 743.53112793
712.276489258 904.739196777 801.105407715 738.596191406
713.921447754 906.384155273 812.620300293 761.625915527
723.791320801 904.739196777 815.91027832 759.980895996
727.081298828 906.384155273 819.200195312 769.850830078
723.791320801 906.384155273 840.584960938 763.270874023
707.341552734 909.674133301 837.29498291 745.176086426
712.276489258 908.029174805 824.135131836 741.886108398
708.98651123 909.674133301 837.29498291 753.401000977
725.436340332 917.899047852 834.005004883 743.53112793
717.211425781 919.544006348 835.650024414 743.53112793
723.791320801 921.188964844 834.005004883 728.726318359
723.791320801 922.833984375 825.780151367 718.856384277
727.081298828 919.544006348 832.360046387 732.016235352
728.726318359 917.899047852 829.070068359 736.951171875
720.501403809 914.609069824 840.584960938 740.241149902
732.016235352 911.319091797 848.809875488 738.596191406
730.371276855 909.674133301 845.519897461 735.306213379
710.631530762 906.384155273 853.744812012 725.436340332
718.856384277 903.094238281 848.809875488 713.921447754
723.791320801 899.804260254 840.584960938 712.276489258
710.631530762 894.86932373 857.034729004 708.98651123
713.921447754 896.514282227 853.744812012 708.98651123
708.98651123 893.224304199 857.034729004 699.116638184
708.98651123 886.64440918 855.389770508 712.276489258
715.566467285 886.64440918 860.324707031 708.98651123
715.566467285 881.709472656 870.194580078 697.471679688
717.211425781 878.419494629 863.614685059 704.051574707
700.76159668 873.484558105 871.839599609 689.246765137
704.051574707 871.839599609 865.259643555 687.601806641
684.311828613 868.549621582 873.484558105 690.891723633
684.311828613 866.904663086 881.709472656 661.282104492
692.536743164 861.969726562 883.354431152 654.702148438
679.37689209 863.614685059 878.419494629 661.282104492
681.021850586 855.389770508 886.64440918 672.796936035
679.37689209 858.679748535 884.999450684 659.637145996
656.347167969 861.969726562 891.579345703 654.702148438
664.57208252 858.679748535 894.86932373 644.832275391
666.217041016 857.034729004 896.514282227 657.992126465
664.57208252 857.034729004 906.384155273 644.832275391
653.057189941 853.744812012 904.739196777 656.347167969
662.927062988 852.09979248 908.029174805 641.542358398
646.477294922 857.034729004 914.609069824 631.672424316
651.412231445 855.389770508 917.899047852 661.282104492
661.282104492 855.389770508 916.25402832 648.122253418
633.317443848 855.389770508 924.478942871 634.962402344
643.187316895 853.744812012 935.993835449 639.897338867
638.252380371 855.389770508 922.833984375 625.092529297
633.317443848 853.744812012 932.703857422 616.867614746
638.252380371 857.034729004 937.638793945 633.317443848
623.447570801 852.09979248 934.348815918 613.577697754
631.672424316 858.679748535 939.283752441 598.772827148
620.157592773 857.034729004 944.218688965 611.932678223
611.932678223 858.679748535 935.993835449 611.932678223
611.932678223 857.034729004 944.218688965 608.642700195
590.547912598 853.744812012 949.153686523 615.22265625
615.22265625 863.614685059 944.218688965 600.41784668
605.352783203 868.549621582 950.79864502 593.837890625
602.062805176 870.194580078 952.443603516 587.257995605
605.352783203 870.194580078 959.02355957 585.612976074
590.547912598 870.194580078 955.733581543 557.64831543
579.033081055 871.839599609 955.733581543 572.453186035
575.743103027 875.129516602 963.958496094 560.938293457
557.64831543 881.709472656 957.378540039 539.553527832
537.908569336 878.419494629 949.153686523 529.683654785
534.618591309 881.709472656 947.508666992 519.813781738
526.393737793 884.999450684 955.733581543 526.393737793
521.458740234 884.999450684 957.378540039 503.363983154
516.523803711 884.999450684 962.313476562 505.008972168
516.523803711 884.999450684 965.60345459 501.718994141
506.653930664 888.289367676 954.088623047 477.044311523
509.943908691 894.86932373 962.313476562 503.363983154
521.458740234 894.86932373 970.538391113 503.363983154
546.133483887 894.86932373 962.313476562 505.008972168
532.973632812 894.86932373 957.378540039 514.878845215
542.843505859 898.159240723 977.118347168 514.878845215
537.908569336 894.86932373 988.633178711 528.038696289
539.553527832 896.514282227 988.633178711 523.103759766
557.64831543 896.514282227 986.988220215 556.003356934
552.713378906 893.224304199 983.698242188 539.553527832
551.06842041 896.514282227 988.633178711 534.618591309
564.228271484 894.86932373 996.858093262 560.938293457
562.583251953 889.934387207 1001.79302979 572.453186035
567.518188477 893.224304199 998.503051758 570.808166504
579.033081055 894.86932373 986.988220215 592.192932129
572.453186035 893.224304199 998.503051758 587.257995605
588.902954102 891.579345703 1000.14807129 603.707763672
575.743103027 891.579345703 998.503051758 603.707763672
542.843505859 894.86932373 1001.79302979 608.642700195
528.038696289 891.579345703 1001.79302979 598.772827148
501.718994141 891.579345703 1005.08300781 610.287719727
495.139068604 889.934387207 1016.59783936 621.80255127
483.624206543 888.289367676 1016.59783936 611.932678223
491.849121094 894.86932373 1011.66290283 615.22265625
493.494110107 894.86932373 1008.3729248 605.352783203
496.784057617 896.514282227 1005.08300781 608.642700195
496.784057617 894.86932373 1008.3729248 611.932678223
514.878845215 894.86932373 1016.59783936 631.672424316
518.168823242 896.514282227 1006.72796631 615.22265625
529.683654785 894.86932373 1019.88781738 605.352783203
542.843505859 898.159240723 1023.17779541 626.737487793
534.618591309 898.159240723 1010.01794434 603.707763672
536.26361084 894.86932373 1021.53277588 625.092529297
542.843505859 894.86932373 1016.59783936 602.062805176
542.843505859 901.44921875 1013.30786133 608.642700195
547.778442383 899.804260254 1011.66290283 597.127868652
554.358398438 901.44921875 1016.59783936 611.932678223
542.843505859 903.094238281 1018.24285889 616.867614746
562.583251953 901.44921875 1026.46777344 608.642700195
569.163208008 903.094238281 1019.88781738 611.932678223
574.098144531 908.029174805 1014.95288086 600.41784668
582.323059082 904.739196777 1013.30786133 615.22265625
572.453186035 904.739196777 1016.59783936 610.287719727
569.163208008 906.384155273 1021.53277588 603.707763672
577.388122559 906.384155273 1019.88781738 610.287719727
575.743103027 908.029174805 1008.3729248 598.772827148
574.098144531 904.739196777 1005.08300781 605.352783203
577.388122559 903.094238281 1019.88781738 608.642700195
583.968017578 903.094238281 1013.30786133 588.902954102
577.388122559 901.44921875 1014.95288086 600.41784668
583.968017578 906.384155273 1021.53277588 608.642700195
588.902954102 904.739196777 1010.01794434 603.707763672
585.612976074 908.029174805 1008.3729248 588.902954102
593.837890625 908.029174805 1003.43798828 570.808166504
590.547912598 908.029174805 1008.3729248 593.837890625
605.352783203 909.674133301 1006.72796631 603.707763672
600.41784668 909.674133301 1011.66290283 597.127868652
602.062805176 909.674133301 1008.3729248 603.707763672
608.642700195 908.029174805 1001.79302979 587.257995605
595.482910156 909.674133301 1008.3729248 593.837890625
610.287719727 909.674133301 1011.66290283 602.062805176
615.22265625 911.319091797 1010.01794434 598.772827148
602.062805176 914.609069824 1010.01794434 590.547912598
610.287719727 911.319091797 998.503051758 597.127868652
602.062805176 908.029174805 1018.24285889 611.932678223
611.932678223 911.319091797 1006.72796631 593.837890625
600.41784668 908.029174805 1010.01794434 579.033081055
611.932678223 909.674133301 1018.24285889 593.837890625
598.772827148 912.964111328 1011.66290283 613.577697754
592.192932129 911.319091797 1019.88781738 605.352783203
593.837890625 906.384155273 1013.30786133 623.447570801
587.257995605 911.319091797 1008.3729248 593.837890625
587.257995605 912.964111328 1006.72796631 590.547912598
603.707763672 911.319091797 1014.95288086 634.962402344
587.257995605 912.964111328 1021.53277588 621.80255127
583.968017578 911.319091797 1019.88781738 611.932678223
577.388122559 912.964111328 1011.66290283 598.772827148
579.033081055 911.319091797 1011.66290283 603.707763672
575.743103027 911.319091797 1011.66290283 602.062805176
587.257995605 911.319091797 1003.43798828 618.512634277
575.743103027 911.319091797 1011.66290283 606.997741699
562.583251953 911.319091797 1008.3729248 606.997741699
577.388122559 904.739196777 1008.3729248 597.127868652
574.098144531 906.384155273 1003.43798828 608.642700195
582.323059082 904.739196777 1011.66290283 615.22265625
583.968017578 903.094238281 998.503051758 598.772827148
593.837890625 908.029174805 995.213134766 618.512634277
590.547912598 906.384155273 1005.08300781 620.157592773
603.707763672 904.739196777 1005.08300781 610.287719727
608.642700195 904.739196777 1003.43798828 623.447570801
608.642700195 901.44921875 1011.66290283 626.737487793
618.512634277 901.44921875 1010.01794434 625.092529297
610.287719727 903.094238281 998.503051758 620.157592773
600.41784668 898.159240723 1013.30786133 628.382507324
606.997741699 901.44921875 1006.72796631 641.542358398
583.968017578 896.514282227 1011.66290283 608.642700195
598.772827148 899.804260254 1008.3729248 638.252380371
587.257995605 899.804260254 995.213134766 636.607421875
588.902954102 893.224304199 1003.43798828 623.447570801
592.192932129 891.579345703 996.858093262 625.092529297
580.678039551 893.224304199 995.213134766 608.642700195
585.612976074 898.159240723 988.633178711 616.867614746
574.098144531 889.934387207 985.343200684 621.80255127
582.323059082 893.224304199 982.053283691 626.737487793
582.323059082 891.579345703 991.923156738 634.962402344
582.323059082 889.934387207 990.278137207 608.642700195
585.612976074 894.86932373 982.053283691 638.252380371
595.482910156 894.86932373 980.40826416 662.927062988
603.707763672 891.579345703 982.053283691 628.382507324
618.512634277 896.514282227 980.40826416 636.607421875
605.352783203 898.159240723 975.473327637 639.897338867
625.092529297 896.514282227 973.828369141 639.897338867
630.02746582 899.804260254 972.183410645 651.412231445
636.607421875 898.159240723 970.538391113 649.767211914
631.672424316 893.224304199 977.118347168 643.187316895
633.317443848 896.514282227 967.248413086 646.477294922
623.447570801 898.159240723 968.893432617 643.187316895
638.252380371 898.159240723 965.60345459 644.832275391
646.477294922 898.159240723 963.958496094 641.542358398
634.962402344 894.86932373 972.183410645 644.832275391
639.897338867 896.514282227 957.378540039 651.412231445
628.382507324 896.514282227 963.958496094 646.477294922
626.737487793 899.804260254 970.538391113 662.927062988
630.02746582 896.514282227 967.248413086 654.702148438
631.672424316 894.86932373 968.893432617 662.927062988
649.767211914 896.514282227 957.378540039 662.927062988
682.666870117 898.159240723 959.02355957 671.151977539
689.246765137 898.159240723 955.733581543 681.021850586
694.18170166 896.514282227 952.443603516 677.731872559
740.241149902 896.514282227 960.668518066 676.086914062
753.401000977 899.804260254 942.573730469 671.151977539
728.726318359 898.159240723 949.153686523 664.57208252
704.051574707 894.86932373 939.283752441 677.731872559
676.086914062 891.579345703 932.703857422 676.086914062
664.57208252 888.289367676 934.348815918 677.731872559
662.927062988 884.999450684 931.058898926 677.731872559
648.122253418 886.64440918 932.703857422 656.347167969
633.317443848 883.354431152 927.768920898 654.702148438
654.702148438 878.419494629 921.188964844 674.441955566
667.861999512 880.064453125 919.544006348 672.796936035
651.412231445 875.129516602 922.833984375 659.637145996
661.282104492 868.549621582 926.123962402 659.637145996
654.702148438 871.839599609 922.833984375 687.601806641
654.702148438 865.259643555 917.899047852 679.37689209
672.796936035 865.259643555 911.319091797 662.927062988
689.246765137 866.904663086 909.674133301 656.347167969
710.631530762 863.614685059 919.544006348 666.217041016
697.471679688 865.259643555 908.029174805 681.021850586
687.601806641 861.969726562 909.674133301 697.471679688
684.311828613 860.324707031 908.029174805 674.441955566
685.956787109 857.034729004 906.384155273 700.76159668
685.956787109 857.034729004 908.029174805 700.76159668
674.441955566 855.389770508 906.384155273 689.246765137
669.507019043 852.09979248 901.44921875 692.536743164
666.217041016 848.809875488 901.44921875 690.891723633
641.542358398 845.519897461 908.029174805 700.76159668
618.512634277 848.809875488 904.739196777 694.18170166
595.482910156 847.164855957 912.964111328 692.536743164
592.192932129 847.164855957 904.739196777 700.76159668
583.968017578 843.874938965 908.029174805 704.051574707
583.968017578 840.584960938 908.029174805 713.921447754
595.482910156 837.29498291 898.159240723 695.826660156
603.707763672 842.229919434 909.674133301 692.536743164
623.447570801 837.29498291 898.159240723 705.696594238
634.962402344 838.940002441 903.094238281 702.406616211
649.767211914 843.874938965 898.159240723 707.341552734
653.057189941 838.940002441 894.86932373 704.051574707
672.796936035 840.584960938 893.224304199 718.856384277
664.57208252 842.229919434 889.934387207 702.406616211
677.731872559 837.29498291 891.579345703 722.146362305
679.37689209 838.940002441 889.934387207 732.016235352
677.731872559 840.584960938 886.64440918 720.501403809
684.311828613 842.229919434 893.224304199 725.436340332
700.76159668 842.229919434 886.64440918 730.371276855
704.051574707 842.229919434 889.934387207 743.53112793
704.051574707 845.519897461 880.064453125 715.566467285
708.98651123 840.584960938 878.419494629 720.501403809
712.276489258 845.519897461 881.709472656 725.436340332
697.471679688 847.164855957 876.774536133 725.436340332
723.791320801 845.519897461 886.64440918 738.596191406
710.631530762 852.09979248 878.419494629 735.306213379
708.98651123 853.744812012 881.709472656 725.436340332
710.631530762 857.034729004 871.839599609 743.53112793
708.98651123 861.969726562 868.549621582 745.176086426
705.696594238 855.389770508 883.354431152 750.111022949
725.436340332 860.324707031 873.484558105 741.886108398
732.016235352 861.969726562 870.194580078 746.821105957
713.921447754 860.324707031 880.064453125 768.205810547
720.501403809 863.614685059 875.129516602 758.3359375
728.726318359 863.614685059 866.904663086 773.14074707
717.211425781 863.614685059 870.194580078 771.495788574
720.501403809 861.969726562 861.969726562 764.91583252
723.791320801 866.904663086 858.679748535 783.010620117
722.146362305 866.904663086 866.904663086 789.590576172
722.146362305 868.549621582 861.969726562 768.205810547
732.016235352 875.129516602 853.744812012 773.14074707
717.211425781 876.774536133 863.614685059 753.401000977
728.726318359 881.709472656 857.034729004 779.720703125
750.111022949 884.999450684 855.389770508 781.365661621
755.045959473 888.289367676 855.389770508 786.300598145
758.3359375 888.289367676 845.519897461 786.300598145
763.270874023 893.224304199 843.874938965 794.525512695
758.3359375 894.86932373 837.29498291 781.365661621
773.14074707 894.86932373 838.940002441 799.460449219
779.720703125 896.514282227 830.715087891 792.880554199
783.010620117 893.224304199 827.425109863 791.235534668
766.560852051 898.159240723 819.200195312 791.235534668
763.270874023 896.514282227 820.845214844 783.010620117
779.720703125 899.804260254 827.425109863 778.075683594
787.945556641 901.44921875 822.49017334 792.880554199
789.590576172 899.804260254 812.620300293 799.460449219
791.235534668 899.804260254 819.200195312 807.68536377
786.300598145 898.159240723 812.620300293 801.105407715
797.815490723 899.804260254 819.200195312 804.395385742
804.395385742 899.804260254 819.200195312 806.040344238
804.395385742 901.44921875 815.91027832 807.68536377
786.300598145 901.44921875 820.845214844 809.330322266
806.040344238 899.804260254 806.040344238 806.040344238
807.68536377 903.094238281 806.040344238 824.135131836
792.880554199 899.804260254 815.91027832 802.750427246
794.525512695 901.44921875 809.330322266 832.360046387
786.300598145 901.44921875 812.620300293 815.91027832
786.300598145 901.44921875 799.460449219 824.135131836
804.395385742 901.44921875 806.040344238 842.229919434
806.040344238 896.514282227 810.975280762 827.425109863
792.880554199 894.86932373 807.68536377 819.200195312
801.105407715 894.86932373 810.975280762 817.555236816
812.620300293 898.159240723 799.460449219 825.780151367
802.750427246 896.514282227 804.395385742 825.780151367
812.620300293 894.86932373 806.040344238 820.845214844
822.49017334 894.86932373 791.235534668 824.135131836
817.555236816 889.934387207 797.815490723 829.070068359
829.070068359 889.934387207 791.235534668 832.360046387
838.940002441 889.934387207 792.880554199 832.360046387
843.874938965 891.579345703 787.945556641 847.164855957
840.584960938 893.224304199 786.300598145 832.360046387
843.874938965 886.64440918 787.945556641 834.005004883
829.070068359 880.064453125 784.655639648 834.005004883
838.940002441 881.709472656 786.300598145 829.070068359
837.29498291 878.419494629 789.590576172 850.454833984
829.070068359 880.064453125 789.590576172 842.229919434
807.68536377 876.774536133 784.655639648 840.584960938
817.555236816 875.129516602 781.365661621 824.135131836
832.360046387 873.484558105 778.075683594 838.940002441
829.070068359 870.194580078 776.430725098 857.034729004
838.940002441 868.549621582 776.430725098 848.809875488
834.005004883 868.549621582 779.720703125 855.389770508
829.070068359 868.549621582 771.495788574 842.229919434
848.809875488 866.904663086 776.430725098 834.005004883
842.229919434 861.969726562 768.205810547 837.29498291
857.034729004 858.679748535 779.720703125 855.389770508
865.259643555 861.969726562 773.14074707 855.389770508
842.229919434 863.614685059 766.560852051 853.744812012
842.229919434 861.969726562 771.495788574 855.389770508
861.969726562 865.259643555 761.625915527 843.874938965
866.904663086 861.969726562 759.980895996 853.744812012
865.259643555 863.614685059 758.3359375 852.09979248
863.614685059 865.259643555 753.401000977 843.874938965
865.259643555 858.679748535 755.045959473 857.034729004
889.934387207 860.324707031 759.980895996 853.744812012
883.354431152 860.324707031 755.045959473 843.874938965
876.774536133 860.324707031 756.690979004 865.259643555
875.129516602 863.614685059 759.980895996 850.454833984
876.774536133 855.389770508 763.270874023 865.259643555
891.579345703 858.679748535 758.3359375 858.679748535
889.934387207 858.679748535 750.111022949 861.969726562
878.419494629 860.324707031 753.401000977 847.164855957
889.934387207 858.679748535 756.690979004 863.614685059
893.224304199 858.679748535 763.270874023 881.709472656
873.484558105 861.969726562 748.466064453 843.874938965
894.86932373 863.614685059 751.75604248 889.934387207
891.579345703 863.614685059 753.401000977 878.419494629
886.64440918 865.259643555 746.821105957 873.484558105
888.289367676 865.259643555 751.75604248 880.064453125
871.839599609 866.904663086 746.821105957 865.259643555
884.999450684 870.194580078 735.306213379 873.484558105
888.289367676 868.549621582 745.176086426 889.934387207
893.224304199 871.839599609 746.821105957 893.224304199
896.514282227 875.129516602 748.466064453 880.064453125
889.934387207 871.839599609 748.466064453 866.904663086
889.934387207 873.484558105 746.821105957 880.064453125
921.188964844 875.129516602 746.821105957 843.874938965
901.44921875 876.774536133 741.886108398 861.969726562
912.964111328 880.064453125 741.886108398 850.454833984
898.159240723 878.419494629 746.821105957 857.034729004
899.804260254 881.709472656 743.53112793 871.839599609
903.094238281 880.064453125 748.466064453 860.324707031
914.609069824 880.064453125 740.241149902 871.839599609
919.544006348 883.354431152 735.306213379 870.194580078
922.833984375 880.064453125 735.306213379 881.709472656
924.478942871 881.709472656 736.951171875 884.999450684
912.964111328 883.354431152 745.176086426 909.674133301
911.319091797 883.354431152 740.241149902 898.159240723
927.768920898 883.354431152 736.951171875 903.094238281
911.319091797 883.354431152 736.951171875 903.094238281
921.188964844 881.709472656 732.016235352 903.094238281
909.674133301 880.064453125 736.951171875 914.609069824
901.44921875 876.774536133 728.726318359 899.804260254
901.44921875 875.129516602 725.436340332 894.86932373
899.804260254 875.129516602 722.146362305 889.934387207
922.833984375 876.774536133 720.501403809 931.058898926
935.993835449 878.419494629 730.371276855 939.283752441
888.289367676 873.484558105 740.241149902 908.029174805
863.614685059 875.129516602 740.241149902 893.224304199
861.969726562 875.129516602 733.661254883 883.354431152
853.744812012 870.194580078 740.241149902 876.774536133
861.969726562 868.549621582 748.466064453 888.289367676
852.09979248 865.259643555 741.886108398 878.419494629
834.005004883 865.259643555 750.111022949 875.129516602
858.679748535 868.549621582 748.466064453 886.64440918
865.259643555 865.259643555 740.241149902 891.579345703
855.389770508 863.614685059 755.045959473 889.934387207
865.259643555 863.614685059 741.886108398 883.354431152
881.709472656 861.969726562 743.53112793 917.899047852
884.999450684 860.324707031 740.241149902 916.25402832
889.934387207 860.324707031 735.306213379 912.964111328
889.934387207 861.969726562 738.596191406 912.964111328
893.224304199 860.324707031 736.951171875 917.899047852
898.159240723 861.969726562 735.306213379 921.188964844
891.579345703 858.679748535 733.661254883 924.478942871
904.739196777 860.324707031 727.081298828 932.703857422
896.514282227 858.679748535 728.726318359 921.188964844
901.44921875 857.034729004 732.016235352 932.703857422
914.609069824 855.389770508 727.081298828 931.058898926
906.384155273 853.744812012 722.146362305 921.188964844
921.188964844 853.744812012 717.211425781 932.703857422
903.094238281 850.454833984 717.211425781 914.609069824
904.739196777 845.519897461 713.921447754 927.768920898
921.188964844 842.229919434 704.051574707 931.058898926
906.384155273 840.584960938 705.696594238 909.674133301
912.964111328 835.650024414 704.051574707 924.478942871
908.029174805 834.005004883 710.631530762 921.188964844
906.384155273 830.715087891 702.406616211 926.123962402
906.384155273 824.135131836 707.341552734 942.573730469
898.159240723 825.780151367 713.921447754 937.638793945
911.319091797 820.845214844 702.406616211 940.928771973
919.544006348 819.200195312 710.631530762 935.993835449
919.544006348 814.265258789 705.696594238 937.638793945
932.703857422 812.620300293 704.051574707 947.508666992
919.544006348 814.265258789 713.921447754 924.478942871
927.768920898 812.620300293 695.826660156 931.058898926
926.123962402 814.265258789 704.051574707 949.153686523
912.964111328 810.975280762 694.18170166 937.638793945
931.058898926 809.330322266 700.76159668 945.863708496
917.899047852 807.68536377 708.98651123 942.573730469
939.283752441 810.975280762 690.891723633 934.348815918
947.508666992 809.330322266 700.76159668 937.638793945
949.153686523 810.975280762 692.536743164 931.058898926
963.958496094 809.330322266 700.76159668 947.508666992
939.283752441 807.68536377 694.18170166 942.573730469
947.508666992 806.040344238 702.406616211 939.283752441
973.828369141 807.68536377 694.18170166 962.313476562
965.60345459 807.68536377 697.471679688 955.733581543
957.378540039 806.040344238 697.471679688 929.413879395
947.508666992 807.68536377 700.76159668 927.768920898
932.703857422 807.68536377 690.891723633 931.058898926
935.993835449 812.620300293 679.37689209 935.993835449
932.703857422 814.265258789 690.891723633 939.283752441
917.899047852 814.265258789 689.246765137 950.79864502
914.609069824 814.265258789 695.826660156 935.993835449
921.188964844 814.265258789 690.891723633 945.863708496
926.123962402 815.91027832 690.891723633 967.248413086
922.833984375 815.91027832 694.18170166 955.733581543
917.899047852 814.265258789 694.18170166 931.058898926
911.319091797 817.555236816 695.826660156 940.928771973
914.609069824 819.200195312 679.37689209 970.538391113
916.25402832 819.200195312 694.18170166 949.153686523
912.964111328 822.49017334 685.956787109 959.02355957
909.674133301 820.845214844 681.021850586 949.153686523
921.188964844 819.200195312 689.246765137 950.79864502
916.25402832 825.780151367 681.021850586 973.828369141
922.833984375 824.135131836 690.891723633 968.893432617
924.478942871 825.780151367 682.666870117 955.733581543
911.319091797 829.070068359 684.311828613 947.508666992
932.703857422 822.49017334 689.246765137 945.863708496
921.188964844 825.780151367 679.37689209 972.183410645
916.25402832 825.780151367 694.18170166 972.183410645
911.319091797 827.425109863 677.731872559 957.378540039
908.029174805 829.070068359 681.021850586 962.313476562
926.123962402 827.425109863 684.311828613 965.60345459
922.833984375 825.780151367 681.021850586 963.958496094
924.478942871 827.425109863 681.021850586 967.248413086
919.544006348 829.070068359 684.311828613 939.283752441
919.544006348 829.070068359 679.37689209 947.508666992
927.768920898 829.070068359 679.37689209 945.863708496
924.478942871 827.425109863 690.891723633 949.153686523
932.703857422 827.425109863 685.956787109 949.153686523
926.123962402 827.425109863 684.311828613 947.508666992
939.283752441 827.425109863 671.151977539 955.733581543
940.928771973 829.070068359 669.507019043 959.02355957
937.638793945 825.780151367 672.796936035 939.283752441
935.993835449 829.070068359 677.731872559 962.313476562
942.573730469 827.425109863 679.37689209 957.378540039
954.088623047 824.135131836 677.731872559 970.538391113
949.153686523 825.780151367 677.731872559 957.378540039
954.088623047 822.49017334 674.441955566 957.378540039
962.313476562 824.135131836 672.796936035 960.668518066
945.863708496 824.135131836 677.731872559 947.508666992
950.79864502 822.49017334 671.151977539 963.958496094
952.443603516 822.49017334 667.861999512 963.958496094
959.02355957 819.200195312 676.086914062 944.218688965
965.60345459 820.845214844 669.507019043 942.573730469
967.248413086 815.91027832 684.311828613 973.828369141
955.733581543 815.91027832 674.441955566 963.958496094
959.02355957 817.555236816 667.861999512 978.763305664
959.02355957 814.265258789 682.666870117 963.958496094
957.378540039 815.91027832 676.086914062 942.573730469
957.378540039 812.620300293 679.37689209 968.893432617
945.863708496 812.620300293 677.731872559 977.118347168
962.313476562 814.265258789 667.861999512 960.668518066
952.443603516 810.975280762 674.441955566 947.508666992
952.443603516 809.330322266 676.086914062 942.573730469
963.958496094 809.330322266 677.731872559 952.443603516
934.348815918 810.975280762 676.086914062 942.573730469
952.443603516 810.975280762 669.507019043 952.443603516
944.218688965 809.330322266 685.956787109 967.248413086
954.088623047 815.91027832 672.796936035 950.79864502
944.218688965 814.265258789 684.311828613 947.508666992
940.928771973 814.265258789 682.666870117 945.863708496
944.218688965 812.620300293 685.956787109 940.928771973
960.668518066 814.265258789 682.666870117 960.668518066
967.248413086 817.555236816 679.37689209 947.508666992
940.928771973 815.91027832 681.021850586 939.283752441
955.733581543 817.555236816 677.731872559 940.928771973
952.443603516 820.845214844 684.311828613 973.828369141
967.248413086 819.200195312 681.021850586 975.473327637
952.443603516 822.49017334 681.021850586 952.443603516
947.508666992 820.845214844 676.086914062 954.088623047
942.573730469 822.49017334 684.311828613 950.79864502
949.153686523 824.135131836 689.246765137 939.283752441
960.668518066 827.425109863 681.021850586 950.79864502
955.733581543 829.070068359 681.021850586 944.218688965
947.508666992 827.425109863 687.601806641 963.958496094
959.02355957 834.005004883 681.021850586 973.828369141
959.02355957 832.360046387 690.891723633 972.183410645
954.088623047 837.29498291 690.891723633 950.79864502
959.02355957 835.650024414 684.311828613 959.02355957
968.893432617 838.940002441 689.246765137 970.538391113
959.02355957 837.29498291 687.601806641 965.60345459
960.668518066 842.229919434 684.311828613 954.088623047
960.668518066 842.229919434 679.37689209 962.313476562
954.088623047 843.874938965 676.086914062 955.733581543
954.088623047 847.164855957 676.086914062 952.443603516
959.02355957 843.874938965 681.021850586 962.313476562
962.313476562 847.164855957 677.731872559 965.60345459
942.573730469 842.229919434 672.796936035 957.378540039
949.153686523 842.229919434 677.731872559 955.733581543
944.218688965 843.874938965 681.021850586 945.863708496
959.02355957 838.940002441 682.666870117 954.088623047
965.60345459 837.29498291 682.666870117 962.313476562
967.248413086 843.874938965 659.637145996 935.993835449
954.088623047 838.940002441 661.282104492 904.739196777
954.088623047 837.29498291 659.637145996 898.159240723
977.118347168 830.715087891 661.282104492 929.413879395
960.668518066 825.780151367 659.637145996 917.899047852
962.313476562 824.135131836 649.767211914 917.899047852
955.733581543 815.91027832 653.057189941 909.674133301
963.958496094 809.330322266 641.542358398 911.319091797
957.378540039 806.040344238 648.122253418 929.413879395
975.473327637 802.750427246 654.702148438 924.478942871
972.183410645 802.750427246 641.542358398 929.413879395
983.698242188 794.525512695 646.477294922 919.544006348
988.633178711 791.235534668 634.962402344 929.413879395
978.763305664 789.590576172 638.252380371 924.478942871
963.958496094 789.590576172 646.477294922 924.478942871
982.053283691 781.365661621 659.637145996 929.413879395
975.473327637 781.365661621 657.992126465 926.123962402
980.40826416 781.365661621 657.992126465 937.638793945
988.633178711 779.720703125 669.507019043 935.993835449
972.183410645 781.365661621 669.507019043 942.573730469
972.183410645 781.365661621 671.151977539 934.348815918
968.893432617 787.945556641 669.507019043 919.544006348
970.538391113 787.945556641 684.311828613 947.508666992
955.733581543 794.525512695 681.021850586 955.733581543
963.958496094 797.815490723 674.441955566 949.153686523
963.958496094 797.815490723 689.246765137 955.733581543
963.958496094 802.750427246 679.37689209 939.283752441
960.668518066 807.68536377 682.666870117 945.863708496
965.60345459 809.330322266 687.601806641 962.313476562
963.958496094 815.91027832 682.666870117 977.118347168
975.473327637 817.555236816 681.021850586 942.573730469
973.828369141 824.135131836 695.826660156 965.60345459
957.378540039 830.715087891 679.37689209 931.058898926
963.958496094 829.070068359 681.021850586 950.79864502
970.538391113 835.650024414 682.666870117 963.958496094
977.118347168 834.005004883 676.086914062 962.313476562
959.02355957 838.940002441 676.086914062 960.668518066
957.378540039 840.584960938 682.666870117 954.088623047
952.443603516 840.584960938 676.086914062 963.958496094
932.703857422 843.874938965 684.311828613 967.248413086
931.058898926 847.164855957 681.021850586 962.313476562
924.478942871 845.519897461 679.37689209 939.283752441
921.188964844 847.164855957 674.441955566 954.088623047
934.348815918 845.519897461 681.021850586 952.443603516
924.478942871 850.454833984 671.151977539 952.443603516
927.768920898 850.454833984 681.021850586 937.638793945
914.609069824 852.09979248 679.37689209 926.123962402
917.899047852 852.09979248 672.796936035 932.703857422
909.674133301 852.09979248 682.666870117 917.899047852
944.218688965 853.744812012 677.731872559 929.413879395
945.863708496 852.09979248 685.956787109 927.768920898
927.768920898 855.389770508 679.37689209 906.384155273
922.833984375 857.034729004 672.796936035 927.768920898
916.25402832 860.324707031 676.086914062 934.348815918
926.123962402 861.969726562 672.796936035 922.833984375
929.413879395 861.969726562 679.37689209 924.478942871
922.833984375 865.259643555 671.151977539 917.899047852
924.478942871 865.259643555 672.796936035 935.993835449
929.413879395 863.614685059 685.956787109 945.863708496
929.413879395 866.904663086 677.731872559 924.478942871
949.153686523 866.904663086 667.861999512 750.111022949
963.958496094 865.259643555 676.086914062 475.39932251
924.478942871 861.969726562 690.891723633 200.687606812
911.319091797 863.614685059 687.601806641 21.3847446442
884.999450684 861.969726562 697.471679688 11.5148620605
878.419494629 857.034729004 692.536743164 21.3847446442
880.064453125 855.389770508 692.536743164 41.1245079041
865.259643555 852.09979248 704.051574707 29.6096458435
853.744812012 850.454833984 704.051574707 16.449804306
853.744812012 848.809875488 702.406616211 29.6096458435
865.259643555 848.809875488 710.631530762 34.5445861816
873.484558105 847.164855957 712.276489258 24.6747055054
865.259643555 847.164855957 710.631530762 23.0297241211
880.064453125 843.874938965 710.631530762 31.2546272278
893.224304199 842.229919434 700.76159668 41.1245079041
880.064453125 840.584960938 715.566467285 75.6690979004
884.999450684 842.229919434 710.631530762 134.888381958
893.224304199 843.874938965 705.696594238 180.9478302
904.739196777 842.229919434 713.921447754 225.362304688
917.899047852 847.164855957 710.631530762 278.001678467
914.609069824 845.519897461 713.921447754 310.901275635
917.899047852 847.164855957 707.341552734 345.445861816
922.833984375 843.874938965 712.276489258 404.665161133
935.993835449 843.874938965 707.341552734 430.984863281
947.508666992 843.874938965 710.631530762 478.68927002
945.863708496 842.229919434 710.631530762 505.008972168
949.153686523 837.29498291 699.116638184 526.393737793
945.863708496 834.005004883 705.696594238 569.163208008
937.638793945 834.005004883 702.406616211 590.547912598
932.703857422 829.070068359 704.051574707 634.962402344
924.478942871 829.070068359 697.471679688 641.542358398
931.058898926 824.135131836 695.826660156 676.086914062
927.768920898 819.200195312 697.471679688 705.696594238
909.674133301 815.91027832 692.536743164 722.146362305
911.319091797 812.620300293 687.601806641 751.75604248
909.674133301 804.395385742 697.471679688 781.365661621
922.833984375 804.395385742 684.311828613 804.395385742
929.413879395 797.815490723 690.891723633 791.235534668
939.283752441 799.460449219 684.311828613 817.555236816
927.768920898 792.880554199 681.021850586 838.940002441
932.703857422 789.590576172 689.246765137 871.839599609
937.638793945 784.655639648 692.536743164 881.709472656
945.863708496 783.010620117 689.246765137 891.579345703
952.443603516 779.720703125 692.536743164 904.739196777
937.638793945 778.075683594 697.471679688 911.319091797
945.863708496 776.430725098 700.76159668 919.544006348
944.218688965 776.430725098 687.601806641 950.79864502
955.733581543 774.785766602 692.536743164 1006.72796631
960.668518066 776.430725098 692.536743164 1077.4621582
950.79864502 771.495788574 692.536743164 1146.55126953
960.668518066 771.495788574 707.341552734 1184.38586426
960.668518066 766.560852051 695.826660156 1220.57543945
955.733581543 768.205810547 702.406616211 1286.37463379
959.02355957 771.495788574 707.341552734 1324.20922852
952.443603516 769.850830078 704.051574707 1319.27429199
945.863708496 768.205810547 710.631530762 1345.59387207
972.183410645 764.91583252 710.631530762 1373.55859375
962.313476562 771.495788574 707.341552734 1385.07348633
931.058898926 776.430725098 708.98651123 1363.6887207
932.703857422 774.785766602 705.696594238 1362.04370117
935.993835449 774.785766602 708.98651123 1352.17382812
937.638793945 776.430725098 700.76159668 1358.75378418
955.733581543 778.075683594 710.631530762 1386.71838379
926.123962402 781.365661621 712.276489258 1355.46374512
922.833984375 781.365661621 705.696594238 1345.59387207
924.478942871 779.720703125 718.856384277 1355.46374512
932.703857422 784.655639648 708.98651123 1330.7890625
932.703857422 786.300598145 705.696594238 1315.98425293
927.768920898 789.590576172 708.98651123 1334.07910156
935.993835449 794.525512695 705.696594238 1319.27429199
924.478942871 797.815490723 702.406616211 1311.04931641
940.928771973 801.105407715 708.98651123 1317.62927246
945.863708496 801.105407715 710.631530762 1291.30957031
944.218688965 806.040344238 707.341552734 1286.37463379
944.218688965 807.68536377 707.341552734 1278.14978027
949.153686523 809.330322266 710.631530762 1261.69995117
950.79864502 807.68536377 704.051574707 1253.47497559
945.863708496 807.68536377 705.696594238 1250.18505859
945.863708496 812.620300293 704.051574707 1243.60510254
934.348815918 812.620300293 707.341552734 1235.38024902
940.928771973 815.91027832 712.276489258 1233.73522949
934.348815918 817.555236816 705.696594238 1223.86535645
942.573730469 817.555236816 707.341552734 1202.48059082
952.443603516 820.845214844 700.76159668 1195.90075684
949.153686523 817.555236816 710.631530762 1190.96582031
949.153686523 817.555236816 717.211425781 1184.38586426
940.928771973 820.845214844 708.98651123 1172.87097168
950.79864502 815.91027832 713.921447754 1161.3560791
947.508666992 817.555236816 712.276489258 1169.58105469
939.283752441 817.555236816 707.341552734 1149.84130859
932.703857422 817.555236816 705.696594238 1158.06616211
940.928771973 815.91027832 715.566467285 1154.77624512
950.79864502 819.200195312 707.341552734 1139.97143555
970.538391113 819.200195312 715.566467285 1128.45654297
950.79864502 819.200195312 717.211425781 1125.16650391
955.733581543 820.845214844 708.98651123 1138.32641602
950.79864502 819.200195312 713.921447754 1113.6517334
937.638793945 817.555236816 710.631530762 1123.52160645
940.928771973 819.200195312 712.276489258 1098.84692383
945.863708496 819.200195312 717.211425781 1085.68701172
929.413879395 817.555236816 710.631530762 1093.9119873
919.544006348 820.845214844 704.051574707 1079.10705566
924.478942871 815.91027832 715.566467285 1075.81713867
916.25402832 819.200195312 705.696594238 1072.52722168
927.768920898 817.555236816 708.98651123 1052.78747559
917.899047852 819.200195312 708.98651123 1056.07739258
904.739196777 822.49017334 707.341552734 1062.65734863
911.319091797 819.200195312 705.696594238 1062.65734863
911.319091797 817.555236816 718.856384277 1059.36730957
906.384155273 822.49017334 713.921447754 1047.85253906
908.029174805 820.845214844 707.341552734 1042.91748047
899.804260254 819.200195312 717.211425781 1052.78747559
899.804260254 817.555236816 713.921447754 1051.14245605
906.384155273 814.265258789 717.211425781 1028.1126709
901.44921875 815.91027832 717.211425781 1042.91748047
906.384155273 817.555236816 717.211425781 1029.75769043
904.739196777 820.845214844 717.211425781 1024.82275391
903.094238281 820.845214844 717.211425781 1029.75769043
884.999450684 817.555236816 727.081298828 1028.1126709
886.64440918 817.555236816 725.436340332 1023.17779541
881.709472656 819.200195312 720.501403809 1034.69262695
893.224304199 819.200195312 718.856384277 1010.01794434
901.44921875 822.49017334 725.436340332 1013.30786133
891.579345703 820.845214844 727.081298828 1013.30786133
901.44921875 819.200195312 720.501403809 1011.66290283
894.86932373 819.200195312 728.726318359 1003.43798828
903.094238281 822.49017334 722.146362305 1011.66290283
911.319091797 824.135131836 723.791320801 1014.95288086
906.384155273 824.135131836 728.726318359 996.858093262
912.964111328 824.135131836 723.791320801 993.568115234
932.703857422 824.135131836 720.501403809 1001.79302979
932.703857422 829.070068359 715.566467285 996.858093262
927.768920898 827.425109863 725.436340332 1005.08300781
914.609069824 824.135131836 740.241149902 996.858093262
912.964111328 822.49017334 741.886108398 996.858093262
921.188964844 820.845214844 746.821105957 996.858093262
927.768920898 820.845214844 740.241149902 1013.30786133
912.964111328 817.555236816 745.176086426 996.858093262
927.768920898 814.265258789 751.75604248 1005.08300781
917.899047852 814.265258789 751.75604248 1019.88781738
917.899047852 814.265258789 750.111022949 1003.43798828
939.283752441 820.845214844 741.886108398 1013.30786133
916.25402832 819.200195312 743.53112793 983.698242188
921.188964844 819.200195312 732.016235352 1003.43798828
922.833984375 822.49017334 740.241149902 985.343200684
901.44921875 824.135131836 733.661254883 983.698242188
908.029174805 820.845214844 740.241149902 985.343200684
908.029174805 822.49017334 743.53112793 990.278137207
906.384155273 824.135131836 733.661254883 982.053283691
903.094238281 819.200195312 740.241149902 975.473327637
911.319091797 825.780151367 727.081298828 978.763305664
898.159240723 824.135131836 735.306213379 962.313476562
904.739196777 825.780151367 735.306213379 970.538391113
901.44921875 827.425109863 728.726318359 959.02355957
891.579345703 825.780151367 730.371276855 962.313476562
889.934387207 825.780151367 722.146362305 939.283752441
886.64440918 824.135131836 728.726318359 932.703857422
893.224304199 825.780151367 735.306213379 932.703857422
889.934387207 824.135131836 730.371276855 934.348815918
886.64440918 827.425109863 738.596191406 939.283752441
893.224304199 825.780151367 730.371276855 940.928771973
893.224304199 825.780151367 722.146362305 926.123962402
898.159240723 825.780151367 730.371276855 932.703857422
889.934387207 827.425109863 720.501403809 931.058898926
870.194580078 829.070068359 723.791320801 939.283752441
888.289367676 829.070068359 728.726318359 926.123962402
876.774536133 827.425109863 728.726318359 939.283752441
899.804260254 829.070068359 730.371276855 940.928771973
909.674133301 832.360046387 720.501403809 927.768920898
898.159240723 832.360046387 728.726318359 934.348815918
903.094238281 834.005004883 720.501403809 926.123962402
903.094238281 832.360046387 727.081298828 939.283752441
899.804260254 835.650024414 730.371276855 926.123962402
898.159240723 835.650024414 720.501403809 934.348815918
909.674133301 837.29498291 723.791320801 940.928771973
894.86932373 837.29498291 727.081298828 949.153686523
904.739196777 835.650024414 730.371276855 931.058898926
904.739196777 838.940002441 718.856384277 950.79864502
898.159240723 837.29498291 733.661254883 947.508666992
906.384155273 837.29498291 717.211425781 954.088623047
903.094238281 832.360046387 730.371276855 957.378540039
901.44921875 835.650024414 723.791320801 957.378540039
886.64440918 832.360046387 727.081298828 962.313476562
888.289367676 832.360046387 730.371276855 952.443603516
889.934387207 830.715087891 736.951171875 955.733581543
889.934387207 820.845214844 725.436340332 950.79864502
893.224304199 817.555236816 722.146362305 959.02355957
878.419494629 812.620300293 727.081298828 952.443603516
883.354431152 812.620300293 717.211425781 939.283752441
891.579345703 809.330322266 713.921447754 940.928771973
884.999450684 807.68536377 722.146362305 945.863708496
901.44921875 802.750427246 717.211425781 960.668518066
903.094238281 801.105407715 725.436340332 954.088623047
899.804260254 796.170471191 727.081298828 939.283752441
917.899047852 796.170471191 718.856384277 955.733581543
908.029174805 794.525512695 722.146362305 934.348815918
922.833984375 792.880554199 723.791320801 950.79864502
927.768920898 796.170471191 732.016235352 952.443603516
931.058898926 794.525512695 738.596191406 950.79864502
929.413879395 796.170471191 730.371276855 949.153686523
931.058898926 794.525512695 746.821105957 944.218688965
945.863708496 791.235534668 738.596191406 970.538391113
960.668518066 797.815490723 740.241149902 986.988220215
916.25402832 804.395385742 745.176086426 931.058898926
903.094238281 807.68536377 741.886108398 917.899047852
904.739196777 812.620300293 741.886108398 912.964111328
891.579345703 814.265258789 735.306213379 898.159240723
901.44921875 815.91027832 735.306213379 903.094238281
881.709472656 820.845214844 727.081298828 881.709472656
884.999450684 824.135131836 733.661254883 883.354431152
884.999450684 827.425109863 720.501403809 868.549621582
896.514282227 824.135131836 717.211425781 898.159240723
881.709472656 830.715087891 723.791320801 871.839599609
880.064453125 829.070068359 727.081298828 891.579345703
901.44921875 830.715087891 735.306213379 909.674133301
904.739196777 832.360046387 736.951171875 901.44921875
891.579345703 837.29498291 736.951171875 886.64440918
891.579345703 840.584960938 741.886108398 899.804260254
906.384155273 847.164855957 745.176086426 911.319091797
899.804260254 848.809875488 745.176086426 906.384155273
908.029174805 852.09979248 741.886108398 904.739196777
899.804260254 858.679748535 755.045959473 904.739196777
896.514282227 858.679748535 758.3359375 909.674133301
