a 0.197986647487 0.18640089035 0.186609774828 0.177277565002
b 0.142598628998 0.132680758834 0.183964937925 0.179623425007
d 0.171925529838 0.408365875483 0.399261564016 0.322485119104
g 0.0502903684974 0.0540269427001 0.0756079778075 0.0933493971825
t 0.43719881773 0.218525528908 0.154555737972 0.227264508605
h 1.0 1.0 1.0 1.0
c 0.0 0 0 0
Aa 0.200923681259 -0.457282632589 -0.552168786526 -0.0895505174994
Ab 0.0584031417966 -0.604922652245 -0.558368086815 -0.0838413387537
Ad 0.13962815702 -0.116681136191 -0.221845626831 0.170305371284
Ag -0.394227385521 -0.995120167732 -0.944535493851 -0.368092775345
At 0.544966757298 -0.388228416443 -0.634018003941 0.0183273330331
as 0.104166664183 0.0 0.0 0.0
bs 0.125 0.146341457963 0.210526317358 0.0
ds 0.0357142873108 0.126984134316 0.086330935359 0.178082197905
gs 0.0810810774565 0.0571428574622 0.0 0.0
ts 0.980769217014 0.0 0.0 0.111111111939
a 0.192234650254 0.173571422696 0.207129523158 0.182324424386
b 0.147382423282 0.133076414466 0.172087669373 0.181399539113
d 0.165086895227 0.422324359417 0.366654992104 0.30934804678
g 0.0504509024322 0.0513980202377 0.0727673023939 0.095975279808
t 0.44484513998 0.219629764557 0.181360527873 0.230952695012
h 1.0 1.0 1.0 1.0
c 0.0 0 0 0
Aa 0.1957115978 -0.476971209049 -0.481079041958 -0.0878969579935
Ab 0.0803256332874 -0.592348337173 -0.56157130003 -0.0901056006551
Ad 0.129592522979 -0.0908032804728 -0.233063444495 0.141705602407
Ag -0.385251134634 -1.00550305843 -0.935384750366 -0.366582393646
At 0.5600887537 -0.374758213758 -0.538778305054 0.0147812245414
as 0.0833333358169 0.0 0.0759493634105 0.0
bs 0.1875 0.17499999702 0.210526317358 0.0
ds 0.0178571436554 0.150793656707 0.0791366919875 0.125
gs 0.108108110726 0.0294117648154 0.0 0.0
ts 1.0 0.0117647061124 0.0 0.0754716992378
a 0.200458645821 0.160791799426 0.242056444287 0.187907010317
b 0.149907961488 0.127230420709 0.150687932968 0.185150191188
d 0.16069124639 0.447547405958 0.339853078127 0.294852346182
g 0.0499696321785 0.0459410436451 0.0665911212564 0.0986948087811
t 0.438972502947 0.218489319086 0.200811415911 0.233395636082
h 1.0 1.0 1.0 1.0
c 0.0 0 0 0
Aa 0.229464158416 -0.47298720479 -0.359216541052 -0.0853885710239
Ab 0.103264071047 -0.574660122395 -0.56505471468 -0.0918073877692
Ad 0.133431568742 -0.028412045911 -0.211841970682 0.110273055732
Ag -0.373854488134 -1.01705026627 -0.919716835022 -0.365037232637
At 0.569876670837 -0.339820891619 -0.440344780684 0.00876117777079
as 0.166666671634 0.0 0.227848097682 0.0
bs 0.25 0.20000000298 0.184210523963 0.0
ds 0.0178571436554 0.192000001669 0.0935251787305 0.0833333358169
gs 0.135135129094 0.0 0.0434782616794 0.0
ts 1.0 0.047619048506 0.0654205605388 0.0754716992378
a 0.200229614973 0.150430247188 0.248141258955 0.197359979153
b 0.153766199946 0.117881707847 0.133414179087 0.187897592783
d 0.160206794739 0.474792987108 0.340165734291 0.280038505793
g 0.0502202026546 0.0400093980134 0.0618618242443 0.0999079719186
t 0.435577183962 0.21688567102 0.216416999698 0.234795957804
h 1.0 1.0 1.0 1.0
c 0.0 0 0 0
Aa 0.238393515348 -0.452952951193 -0.299330115318 -0.0683692544699
Ab 0.123726084828 -0.558841705322 -0.568827092648 -0.0897071138024
Ad 0.141546145082 0.0462161786854 -0.162338554859 0.0835893899202
Ag -0.362256348133 -1.02812612057 -0.902606368065 -0.364028215408
At 0.575930356979 -0.294057250023 -0.35873773694 0.00706226751208
as 0.1875 0.0 0.294871807098 0.0
bs 0.3125 0.25 0.184210523963 0.0
ds 0.0357142873108 0.247999995947 0.129496395588 0.0416666679084
gs 0.189189195633 0.0 0.095238097012 0.0
ts 1.0 0.095238097012 0.140186920762 0.0754716992378
a 0.198384195566 0.133405447006 0.24080401659 0.207474276423
b 0.158113241196 0.109492026269 0.119762390852 0.188208341599
d 0.15908510983 0.504462301731 0.357089459896 0.267974942923
g 0.0509456917644 0.0356162041426 0.0579529702663 0.100187718868
t 0.433471739292 0.217024028301 0.224391192198 0.236154720187
h 1.0 1.0 1.0 1.0
c 0.0 0 0 0
Aa 0.238393515348 -0.462936967611 -0.271231770515 -0.0444697737694
Ab 0.139854699373 -0.548727989197 -0.574575066566 -0.0867951735854
Ad 0.142515972257 0.114718213677 -0.100118480623 0.0666601583362
Ag -0.352006077766 -1.03646290302 -0.889819800854 -0.360619544983
At 0.577847242355 -0.251602679491 -0.301889687777 0.0117625929415
as 0.1875 0.0 0.333333343267 0.0
bs 0.375 0.282051295042 0.157894730568 0.0
ds 0.0181818176061 0.303999990225 0.172661870718 0.0138888889924
gs 0.216216221452 0.0 0.142857149243 0.0204081628472
ts 1.0 0.15662650764 0.196261689067 0.0754716992378
a 0.198294252157 0.118203267455 0.240950077772 0.204170376062
b 0.162859171629 0.102385103703 0.107392951846 0.189192280173
d 0.155765324831 0.529670834541 0.375197261572 0.263466000557
g 0.0518426373601 0.0326995328069 0.0536058135331 0.102561019361
t 0.431238621473 0.217041254044 0.222853884101 0.240610346198
h 1.0 1.0 1.0 1.0
c 0.0 0 0 0
Aa 0.238393515348 -0.482280790806 -0.231618568301 -0.0513158254325
Ab 0.152895614505 -0.544673502445 -0.58256983757 -0.0844051390886
Ad 0.133554160595 0.169095784426 -0.0392859876156 0.0594160147011
Ag -0.344229519367 -1.04036879539 -0.884333789349 -0.35032621026
At 0.5758010149 -0.21836797893 -0.265525430441 0.0200057383627
as 0.1875 0.0 0.389610379934 0.0
bs 0.387096762657 0.282051295042 0.157894730568 0.0
ds 0.0 0.351999998093 0.210144922137 0.0138888889924
gs 0.216216221452 0.0 0.142857149243 0.0408163256943
ts 1.0 0.192771077156 0.224299058318 0.0943396240473
a 0.198741227388 0.107524327934 0.241352036595 0.217816948891
b 0.168964698911 0.0952653512359 0.0961766839027 0.184501498938
d 0.15147010982 0.549738228321 0.398221462965 0.258162975311
g 0.0526836998761 0.0302384402603 0.0486529693007 0.10355771333
t 0.428140252829 0.217233672738 0.215596854687 0.23596085608
h 1.0 1.0 1.0 1.0
c 0.0 0 0 0
Aa 0.238393515348 -0.487951934338 -0.189207166433 -0.00701399939135
Ab 0.16790150106 -0.540523707867 -0.588788330555 -0.0791057944298
Ad 0.12043248117 0.220697239041 0.0282665286213 0.0667883008718
Ag -0.338218212128 -1.03889930248 -0.884748756886 -0.329923242331
At 0.571691632271 -0.182531535625 -0.238215714693 0.0277342908084
as 0.1875 0.0 0.44736841321 0.021276595071
bs 0.451612889767 0.307692319155 0.131578952074 0.0
ds 0.0 0.391999989748 0.26277372241 0.0138888889924
gs 0.243243247271 0.0 0.142857149243 0.0816326513886
ts 1.0 0.240963861346 0.252336442471 0.113207548857
a 0.195060223341 0.104443266988 0.233711928129 0.224178776145
b 0.172071769834 0.0858416259289 0.0827994644642 0.166696533561
d 0.155613973737 0.568156063557 0.439957559109 0.288079410791
g 0.052155520767 0.0269370041788 0.0417056120932 0.0976383686066
t 0.425098508596 0.214622050524 0.201825425029 0.223406940699
h 1.0 1.0 1.0 1.0
c 0.0 0 0 0
Aa 0.238393515348 -0.444478005171 -0.139242678881 0.0594674646854
Ab 0.183934465051 -0.529660522938 -0.589896023273 -0.0692004784942
Ad 0.140273422003 0.29110917449 0.135487243533 0.16838516295
Ag -0.334474891424 -1.03300917149 -0.887729048729 -0.301506519318
At 0.576714396477 -0.13168412447 -0.202947676182 0.0579696185887
as 0.1875 0.0125000001863 0.513157904148 0.170212760568
bs 0.483870953321 0.333333343267 0.131578952074 0.0
ds 0.0357142873108 0.451612889767 0.335766434669 0.166666671634
gs 0.243243247271 0.0277777779847 0.142857149243 0.142857149243
ts 1.0 0.301204830408 0.289719611406 0.169811323285
a 0.185843795538 0.118432886899 0.269235670567 0.260841041803
b 0.160307690501 0.0735011026263 0.0623171664774 0.118366599083
d 0.18918313086 0.581767201424 0.469562500715 0.345944166183
g 0.0472129434347 0.0224820002913 0.0308381915092 0.0716937854886
t 0.417452454567 0.203816816211 0.168046489358 0.203154399991
h 1.0 1.0 1.0 1.0
c 0.0 0 0 0
Aa 0.265618443489 -0.303195416927 0.0505587384105 0.292915195227
Ab 0.201424747705 -0.510373830795 -0.584966123104 -0.0502315945923
Ad 0.273352771997 0.388081520796 0.292119562626 0.415545254946
Ag -0.329468548298 -1.02483272552 -0.890484929085 -0.267979234457
At 0.617077410221 -0.0674276873469 -0.154144406319 0.184365481138
as 0.229166671634 0.210526317358 0.763157904148 0.659574449062
bs 0.548387110233 0.368421047926 0.131578952074 0.0500000007451
ds 0.267857134342 0.532258093357 0.448529422283 0.5
gs 0.270270258188 0.0277777779847 0.142857149243 0.204081639647
ts 1.0 0.37349396944 0.327102810144 0.396226406097
a 0.21372641623 0.143736988306 0.280243068933 0.309754103422
b 0.117292031646 0.0609687231481 0.0442362092435 0.0647234842181
d 0.254675894976 0.591883659363 0.512683272362 0.392460286617
g 0.0338201038539 0.0179238468409 0.0213819909841 0.0394826605916
t 0.38048556447 0.185486778617 0.141455441713 0.193579465151
h 1.0 1.0 1.0 1.0
c 0.0 0 0 0
Aa 0.480727314949 -0.113486148417 0.226905360818 0.661966621876
Ab 0.220137625933 -0.485947579145 -0.574851632118 -0.0179885849357
Ad 0.556856930256 0.501181662083 0.489219635725 0.764745235443
Ag -0.319955945015 -1.01762342453 -0.8905813694 -0.232644066215
At 0.731207311153 -0.00274173612706 -0.0700098648667 0.457808792591
as 0.6875 0.44736841321 1.0 1.0
bs 0.612903237343 0.421052634716 0.157894730568 0.125
ds 0.767857134342 0.620967745781 0.595588207245 0.986111104488
gs 0.297297298908 0.0285714287311 0.142857149243 0.285714298487
ts 1.0 0.457831323147 0.411214947701 0.924528300762
a 0.236659824848 0.161434516311 0.246036112309 0.307752370834
b 0.0751276910305 0.0514029897749 0.032059378922 0.0369138196111
d 0.319343924522 0.603897929192 0.576253831387 0.429490298033
g 0.0213754326105 0.0143997613341 0.0151628814638 0.0221662037075
t 0.34749314189 0.168864801526 0.130487799644 0.20367731154
h 1.0 1.0 1.0 1.0
c 0.0 0 0 0
Aa 0.738507091999 0.0353518947959 0.322461217642 0.944902956486
Ab 0.240182593465 -0.4616561234 -0.562582492828 0.0238905251026
Ad 0.868641257286 0.608319044113 0.692076206207 1.08965492249
Ag -0.305702507496 -1.01428925991 -0.887755870819 -0.197607114911
At 0.905328810215 0.05489461869 0.0470322743058 0.765644192696
as 1.0 0.64473682642 1.0 1.0
bs 0.677419364452 0.5 0.210526317358 0.22499999404
ds 1.0 0.709677398205 0.742647051811 1.0
gs 0.324324309826 0.0285714287311 0.142857149243 0.346938788891
ts 1.0 0.51807230711 0.514018714428 1.0
a 0.227282211185 0.160124361515 0.196434959769 0.27328401804
b 0.0510656572878 0.0457105599344 0.0245351660997 0.0249213818461
d 0.370571315289 0.621945559978 0.638066291809 0.465604752302
g 0.0143855428323 0.0121657503769 0.0113725019619 0.0145880933851
t 0.336695283651 0.160053789616 0.129591077566 0.221601769328
h 1.0 1.0 1.0 1.0
c 0.0 0 0 0
Aa 0.910749018192 0.103842951357 0.35402533412 1.10934436321
Ab 0.262312531471 -0.440597891808 -0.54940444231 0.0693022087216
Ad 1.12305533886 0.693137943745 0.86567234993 1.34074747562
Ag -0.287890166044 -1.01547551155 -0.883337438107 -0.16327136755
At 1.08142054081 0.10365152359 0.173381641507 1.01830327511
as 1.0 0.736842095852 1.0 1.0
bs 0.741935491562 0.552631556988 0.243243247271 0.35897436738
ds 1.0 0.774193525314 0.867647051811 1.0
gs 0.378378391266 0.0285714287311 0.190476194024 0.408163279295
ts 1.0 0.578313231468 0.63551402092 1.0
a 0.189325422049 0.154760688543 0.156125754118 0.217902809381
b 0.0397672764957 0.0425486415625 0.0200140867382 0.0199125278741
d 0.415634632111 0.634488046169 0.682696700096 0.506638109684
g 0.0111305546016 0.010807428509 0.00913869217038 0.0114831924438
t 0.344142109156 0.157395213842 0.132024765015 0.244063332677
h 1.0 1.0 1.0 1.0
c 0.0 0 0 0
Aa 0.963069319725 0.136665180326 0.35402533412 1.1504522562
Ab 0.285386234522 -0.424109786749 -0.538113474846 0.111315838993
Ad 1.30457210541 0.749427974224 0.994778573513 1.51688730717
Ag -0.267622828484 -1.01927316189 -0.878565192223 -0.127747908235
At 1.22259819508 0.143996030092 0.281206190586 1.19969201088
as 1.0 0.776315808296 1.0 1.0
bs 0.833333313465 0.578947365284 0.270270258188 0.461538463831
ds 1.0 0.822580635548 0.970370352268 1.0
gs 0.444444447756 0.0285714287311 0.190476194024 0.5
ts 1.0 0.62650603056 0.738317728043 1.0
a 0.155873939395 0.149131476879 0.133311644197 0.177556931973
b 0.0344186462462 0.0412751547992 0.0173445604742 0.0175702851266
d 0.446499079466 0.640202581882 0.707489490509 0.534506618977
g 0.00959828402847 0.0101125203073 0.00787013024092 0.0102252522483
t 0.353610038757 0.159278288484 0.133984163404 0.260140925646
h 1.0 1.0 1.0 1.0
c 0.0 0 0 0
Aa 0.963069319725 0.146834149957 0.35402533412 1.15063905716
Ab 0.307089596987 -0.411046475172 -0.531679451466 0.146080285311
Ad 1.42011642456 0.779582262039 1.07887721062 1.62925457954
Ag -0.247510582209 -1.0218757391 -0.87486076355 -0.0890244916081
At 1.31882035732 0.175421416759 0.35621073842 1.3165102005
as 1.0 0.789473712444 1.0 1.0
bs 0.899999976158 0.631578922272 0.297297298908 0.538461565971
ds 1.0 0.846774220467 1.0 1.0
gs 0.5 0.0285714287311 0.190476194024 0.583333313465
ts 1.0 0.662650585175 0.803738296032 1.0
a 0.139063537121 0.145463868976 0.121907025576 0.157369747758
b 0.0318893156946 0.0412367321551 0.0158385895193 0.0165871605277
d 0.461489289999 0.640689253807 0.72023832798 0.547808885574
g 0.00890018325299 0.00989311560988 0.00720575731248 0.00996084418148
t 0.3586576581 0.162717029452 0.134810328484 0.268273353577
h 1.0 1.0 1.0 1.0
c 0.0102055557072 0 0 0
Aa 0.963069319725 0.146834149957 0.35402533412 1.15063905716
Ab 0.323501259089 -0.400636762381 -0.532286882401 0.173489943147
Ad 1.48401772976 0.790726423264 1.12547278404 1.6923469305
Ag -0.230744987726 -1.02058792114 -0.874323785305 -0.0479859896004
At 1.37453615665 0.195511996746 0.397719740868 1.3822953701
as 1.0 0.789473712444 1.0 1.0
bs 0.966666638851 0.657894730568 0.297297298908 0.615384638309
ds 1.0 0.854838728905 1.0 1.0
gs 0.555555582047 0.0285714287311 0.190476194024 0.666666686535
ts 1.0 0.686747014523 0.849056601524 1.0
a 0.131880939007 0.145220920444 0.117415353656 0.148460999131
b 0.0308328643441 0.0418241433799 0.0149860540405 0.0164510086179
d 0.467411845922 0.637856900692 0.726570367813 0.553375422955
g 0.00863728486001 0.0100114513189 0.00685240281746 0.0102820293978
t 0.361237049103 0.165086552501 0.134175807238 0.271430522203
h 1.0 1.0 1.0 1.0
c 0.0213388893753 0 0 0
Aa 0.963069319725 0.146834149957 0.35402533412 1.15063905716
Ab 0.331901162863 -0.393767982721 -0.540012300014 0.195219278336
Ad 1.51258695126 0.789528250694 1.14557814598 1.72204661369
Ag -0.22073546052 -1.01469802856 -0.879856646061 -0.00889440812171
At 1.40067958832 0.202516674995 0.411974668503 1.41268539429
as 1.0 0.789473712444 1.0 1.0
bs 1.0 0.657894730568 0.277777791023 0.666666686535
ds 1.0 0.854838728905 1.0 1.0
gs 0.583333313465 0.0285714287311 0.190476194024 0.75
ts 1.0 0.698795199394 0.858490586281 1.0
a 0.129485204816 0.147375270724 0.11664250493 0.145130798221
b 0.0303076524287 0.0425454638898 0.0144935045391 0.0167650301009
d 0.469383299351 0.633842647076 0.729849696159 0.555146276951
g 0.00850638374686 0.010400896892 0.00658277329057 0.0108085237443
t 0.362317472696 0.16583570838 0.132431507111 0.272149354219
h 1.0 1.0 1.0 1.0
c 0.0329940989614 0 0 0
Aa 0.963069319725 0.146834149957 0.35402533412 1.15063905716
Ab 0.332401454449 -0.392737209797 -0.551658093929 0.213283881545
Ad 1.52237677574 0.780390977859 1.15040194988 1.73328697681
Ag -0.219405844808 -1.004519701 -0.894422590733 0.0226459056139
At 1.40993845463 0.198087587953 0.409159839153 1.42368686199
as 1.0 0.789473712444 1.0 1.0
bs 1.0 0.684210538864 0.25 0.71794873476
ds 1.0 0.846774220467 1.0 1.0
gs 0.583333313465 0.0571428574622 0.095238097012 0.8125
ts 1.0 0.698795199394 0.858490586281 1.0
a 0.128854855895 0.151130929589 0.117380551994 0.143894001842
b 0.02985948883 0.0430640392005 0.0142207611352 0.017251830548
d 0.470685780048 0.629312336445 0.731590151787 0.555484354496
g 0.00834540929645 0.0109809990972 0.00628110207617 0.011247352697
t 0.362254470587 0.165511697531 0.130527466536 0.272122442722
h 1.0 1.0 1.0 1.0
c 0.044765278697 0 0 0
Aa 0.963069319725 0.146834149957 0.35402533412 1.15063905716
Ab 0.328050911427 -0.398404419422 -0.562647938728 0.22943161428
Ad 1.52569961548 0.766347050667 1.14869701862 1.73726832867
Ag -0.225583836436 -0.991877317429 -0.917534947395 0.0436467565596
At 1.4119822979 0.18630951643 0.400131076574 1.42736077309
as 1.0 0.789473712444 1.0 1.0
bs 1.0 0.657894730568 0.222222223878 0.769230782986
ds 1.0 0.830645143986 1.0 1.0
gs 0.555555582047 0.114285714924 0.0 0.854166686535
ts 1.0 0.674698770046 0.857142865658 1.0
a 0.128715202212 0.155603468418 0.118367724121 0.143274515867
b 0.029544364661 0.043270252645 0.0142088495195 0.0178669318557
d 0.47218298912 0.624723553658 0.732070922852 0.555192351341
g 0.00814986694604 0.0116419065744 0.00596549455076 0.0115438727662
t 0.361407577991 0.164760798216 0.129387021065 0.272122323513
h 1.0 1.0 1.0 1.0
c 0.05636581406 0 0 0
Aa 0.963069319725 0.146834149957 0.35402533412 1.15063905716
Ab 0.323914110661 -0.408995687962 -0.566649019718 0.246520191431
Ad 1.52754974365 0.750502765179 1.14534521103 1.73891365528
Ag -0.235410034657 -0.979161024094 -0.94356149435 0.0568217299879
At 1.41143667698 0.17166878283 0.392682760954 1.42923438549
as 1.0 0.789473712444 1.0 1.0
bs 0.966666638851 0.631578922272 0.194444447756 0.794871807098
ds 1.0 0.822580635548 1.0 1.0
gs 0.514285743237 0.142857149243 0.0 0.875
ts 1.0 0.658536612988 0.847619056702 1.0
a 0.128668949008 0.15996478498 0.119126953185 0.142794162035
b 0.0293623413891 0.0431984178722 0.0143628381193 0.0185649767518
d 0.473824858665 0.620483160019 0.731059968472 0.554438591003
g 0.00801350641996 0.0122314216569 0.00568853318691 0.011766558513
t 0.360130339861 0.164122179151 0.129761680961 0.272435694933
h 1.0 1.0 1.0 1.0
c 0.0681403055787 0 0 0
Aa 0.963069319725 0.146834149957 0.35402533412 1.15063905716
Ab 0.321386247873 -0.421722412109 -0.564744472504 0.264623075724
Ad 1.5292134285 0.735539734364 1.14196825027 1.73978209496
Ag -0.242581814528 -0.969713330269 -0.966984391212 0.0665781497955
At 1.41005527973 0.15797701478 0.391161769629 1.4311927557
as 1.0 0.789473712444 1.0 1.0
bs 0.966666638851 0.60526317358 0.194444447756 0.846153855324
ds 1.0 0.806451618671 1.0 1.0
gs 0.514285743237 0.176470592618 0.0 0.895833313465
ts 1.0 0.646341443062 0.847619056702 1.0
a 0.128568232059 0.163086816669 0.119506463408 0.142299622297
b 0.0293152090162 0.0432050861418 0.0146757410839 0.01943798922
d 0.475482285023 0.617511093616 0.728651642799 0.553230106831
g 0.00808008573949 0.0126283522695 0.00552548933774 0.0120906392112
t 0.358554184437 0.163568645716 0.131640642881 0.27294164896
h 1.0 1.0 1.0 1.0
c 0.0802627205849 0 0 0
Aa 0.963069319725 0.144943520427 0.35402533412 1.15063905716
Ab 0.321028620005 -0.431940466166 -0.556766033173 0.28608673811
Ad 1.53106999397 0.723169445992 1.13915383816 1.74034118652
Ag -0.238648399711 -0.966128647327 -0.980995297432 0.0798846334219
At 1.40849041939 0.146224722266 0.396023929119 1.4335051775
as 1.0 0.789473712444 1.0 1.0
bs 0.966666638851 0.594594597816 0.20000000298 0.897435903549
ds 1.0 0.798387110233 1.0 1.0
gs 0.514285743237 0.176470592618 0.0 0.9375
ts 1.0 0.617283940315 0.855769217014 1.0
a 0.128348916769 0.165087610483 0.119852565229 0.141807094216
b 0.0291847288609 0.0437448695302 0.0150093249977 0.0204446706921
d 0.477414995432 0.616118311882 0.725698113441 0.551890969276
g 0.00841069966555 0.012884539552 0.00547525985166 0.0125900628045
t 0.356640636921 0.162164673209 0.13396474719 0.273267179728
h 1.0 1.0 1.0 1.0
c 0.0932101905346 0 0 0
Aa 0.963069319725 0.138030350208 0.35402533412 1.15063905716
Ab 0.319832742214 -0.438757002354 -0.548260807991 0.30952128768
Ad 1.53357315063 0.709979951382 1.13613402843 1.74079442024
Ag -0.220490753651 -0.969615221024 -0.986217260361 0.0989690274
At 1.40690791607 0.130272135139 0.40236851573 1.43552863598
as 1.0 0.789473712444 1.0 1.0
bs 0.966666638851 0.555555582047 0.228571429849 0.974358975887
ds 1.0 0.790322601795 1.0 1.0
gs 0.571428596973 0.181818187237 0.0 0.979166686535
ts 1.0 0.604938268661 0.865384638309 1.0
a 0.128260850906 0.170807003975 0.119320653379 0.141789793968
b 0.029057784006 0.0452396459877 0.0153226768598 0.0216207187623
d 0.479654401541 0.611679971218 0.723507940769 0.549953758717
g 0.00900374818593 0.0132330469787 0.00553558580577 0.0132880574092
t 0.354023218155 0.159040346742 0.136313155293 0.2733476758
h 1.0 1.0 1.0 1.0
c 0.107047334313 0 0 0
Aa 0.963069319725 0.132450193167 0.346229374409 1.15063905716
Ab 0.318237692118 -0.444536268711 -0.545151591301 0.333864241838
Ad 1.53590357304 0.686468780041 1.12895703316 1.73932027817
Ag -0.190601482987 -0.97839564085 -0.987322688103 0.122455649078
At 1.40400695801 0.101451843977 0.40405151248 1.43570947647
as 1.0 0.776315808296 0.988636374474 1.0
bs 0.966666638851 0.527777791023 0.228571429849 1.0
ds 1.0 0.766129016876 1.0 1.0
gs 0.657142877579 0.151515156031 0.0 1.0
ts 1.0 0.5679012537 0.865384638309 1.0
a 0.129393443465 0.183369085193 0.120340950787 0.143443673849
b 0.0290935635567 0.0483911558986 0.0156180206686 0.0230259597301
d 0.481597661972 0.598993718624 0.719452381134 0.546520709991
g 0.00975685939193 0.0140039660037 0.00570479733869 0.0141827948391
t 0.35015848279 0.155242070556 0.138883829117 0.272826880217
h 1.0 1.0 1.0 1.0
c 0.121600188315 0 0 0
Aa 0.963069319725 0.12683519721 0.335398823023 1.15063905716
Ab 0.314954012632 -0.451724916697 -0.55138862133 0.356175452471
Ad 1.53384137154 0.640931367874 1.11198747158 1.73156440258
Ag -0.159532874823 -0.990239858627 -0.988774418831 0.145719543099
At 1.39542174339 0.0545185320079 0.397637069225 1.42984485626
as 1.0 0.773333311081 0.977011501789 1.0
bs 0.933333337307 0.527777791023 0.228571429849 1.0
ds 1.0 0.733870983124 0.986111104488 1.0
gs 0.742857158184 0.121212124825 0.0 1.0
ts 1.0 0.506172835827 0.865384638309 1.0
a 0.134678542614 0.2087675035 0.128115877509 0.149936169386
b 0.0298054162413 0.054099984467 0.0161441471428 0.0249773152173
d 0.481124937534 0.568708539009 0.708594679832 0.539002120495
g 0.0107141332701 0.015593636781 0.0060473587364 0.0154615491629
t 0.343676954508 0.152830332518 0.141097918153 0.270622849464
h 1.0 1.0 1.0 1.0
c 0.136630192399 0 0 0
Aa 0.963069319725 0.125123485923 0.33228302002 1.15063905716
Ab 0.308066129684 -0.46134224534 -0.567304849625 0.372278481722
Ad 1.51602876186 0.560350358486 1.07507789135 1.70632314682
Ag -0.13627204299 -1.00159204006 -0.993754208088 0.163985714316
At 1.36992132664 -0.0103298611939 0.374200642109 1.40709722042
as 1.0 0.773333311081 0.977011501789 1.0
bs 0.933333337307 0.5 0.171428576112 1.0
ds 1.0 0.669354856014 0.958333313465 1.0
gs 0.800000011921 0.0909090936184 0.0 1.0
ts 1.0 0.432098776102 0.836538434029 1.0
a 0.14876498282 0.252019166946 0.140191704035 0.166295289993
b 0.0319879762828 0.0637270510197 0.0176259465516 0.0282082799822
d 0.474746108055 0.513542294502 0.690994679928 0.523296773434
g 0.0122187417001 0.0185355059803 0.00679887505248 0.0175771992654
t 0.332282185555 0.152175992727 0.1443888098 0.264622449875
h 1.0 1.0 1.0 1.0
c 0.152137324214 0 0 0
Aa 0.963069319725 0.125159710646 0.311885237694 1.15063905716
Ab 0.295555412769 -0.471950054169 -0.588684618473 0.380135774612
Ad 1.46703004837 0.434302359819 1.00463759899 1.64850723743
Ag -0.122404895723 -1.00826942921 -1.00240004063 0.17470882833
At 1.31207573414 -0.0939277261496 0.324696451426 1.35238587856
as 1.0 0.773333311081 0.954023003578 1.0
bs 0.866666674614 0.472222208977 0.114285714924 1.0
ds 1.0 0.569105684757 0.909722208977 1.0
gs 0.857142865658 0.0606060624123 0.0 1.0
ts 1.0 0.320987641811 0.788461565971 1.0
a 0.178177639842 0.292717993259 0.153229251504 0.199696362019
b 0.0366370566189 0.0814785063267 0.0210954081267 0.0338303335011
d 0.457471191883 0.445693522692 0.666912794113 0.493316024542
g 0.0149766504765 0.0242559723556 0.00839098915458 0.0213073827326
t 0.312737435102 0.155854001641 0.150371551514 0.251849919558
h 1.0 1.0 1.0 1.0
c 0.167854979634 0 0 0
Aa 0.963069319725 0.0744653493166 0.249076232314 1.15063905716
Ab 0.276136696339 -0.480940967798 -0.612077534199 0.379575282335
Ad 1.37257993221 0.257052272558 0.887803554535 1.54339420795
Ag -0.112369194627 -1.00716543198 -1.01245224476 0.178799062967
At 1.20739603043 -0.199266090989 0.240900233388 1.25141072273
as 1.0 0.706666648388 0.885057449341 1.0
bs 0.800000011921 0.444444447756 0.0571428574622 1.0
ds 1.0 0.418032795191 0.826388895512 1.0
gs 0.882352948189 0.0606060624123 0.0 1.0
ts 0.991525411606 0.197530865669 0.718446612358 1.0
a 0.207489028573 0.312785178423 0.160878121853 0.229014754295
b 0.046672668308 0.113403066993 0.0284225530922 0.045266982168
d 0.436484009027 0.377550631762 0.636339068413 0.459273695946
g 0.0208180174232 0.0348021872342 0.0116375368088 0.0289755072445
t 0.288536280394 0.161458939314 0.162722736597 0.237469047308
h 1.0 1.0 1.0 1.0
c 0.183818221092 0 0 0
Aa 0.900340795517 -0.045085016638 0.11812607199 1.07675492764
Ab 0.252408325672 -0.48570638895 -0.634707808495 0.372673004866
Ad 1.22331404686 0.0366440266371 0.715317666531 1.37896299362
Ag -0.098214969039 -0.998724639416 -1.02250981331 0.178922504187
At 1.04354608059 -0.332269072533 0.123077318072 1.09249842167
as 0.925000011921 0.55405408144 0.735632181168 0.931034505367
bs 0.733333349228 0.416666656733 0.0 1.0
ds 0.879032254219 0.237704917789 0.708333313465 0.910344839096
gs 0.911764681339 0.0909090936184 0.0 1.0
ts 0.863247871399 0.037037037313 0.601941764355 0.887096762657
a 0.217318549752 0.296030849218 0.167135238647 0.228995129466
b 0.0678677409887 0.164706870914 0.0423224121332 0.0700795203447
d 0.420925021172 0.324981749058 0.587162971497 0.428878724575
g 0.0336016379297 0.0519439838827 0.0177586264908 0.04576247558
t 0.260287046432 0.162336573005 0.185620769858 0.22628416121
h 1.0 1.0 1.0 1.0
c 0.200272619724 0 0 0
Aa 0.73486739397 -0.231612205505 -0.0583460815251 0.876704275608
Ab 0.229433968663 -0.486237466335 -0.654843688011 0.362469166517
Ad 1.02197527885 -0.191090211272 0.487344563007 1.14921247959
Ag -0.0758689939976 -0.987413942814 -1.03200471401 0.177387535572
At 0.81322312355 -0.492532789707 -0.0127875274047 0.871532142162
as 0.712499976158 0.310810804367 0.528735637665 0.758620679379
bs 0.666666686535 0.416666656733 0.0 1.0
ds 0.717741906643 0.0573770478368 0.548611104488 0.751724123955
gs 0.970588207245 0.121212124825 0.0 1.0
ts 0.666666686535 0.0 0.475728154182 0.709677398205
a 0.198715105653 0.257199853659 0.16496065259 0.188819646835
b 0.107878565788 0.223473981023 0.0651499480009 0.120904326439
d 0.413820624352 0.296977221966 0.516411423683 0.393448710442
g 0.0591722503304 0.0717915967107 0.0277265179902 0.0805899351835
t 0.220413461328 0.150557354093 0.2257514745 0.216237396002
h 1.0 1.0 1.0 1.0
c 0.216972619295 0 0 0
Aa 0.477798074484 -0.424282610416 -0.266310960054 0.545045673847
Ab 0.212502360344 -0.485326379538 -0.669777214527 0.351440310478
Ad 0.796379327774 -0.361830204725 0.229304507375 0.863886594772
Ag -0.0483147278428 -0.978479743004 -1.04079604149 0.175279259682
At 0.522805273533 -0.656851351261 -0.130060717463 0.603929281235
as 0.40000000596 0.0273972600698 0.287356317043 0.474137932062
bs 0.600000023842 0.416666656733 0.0 1.0
ds 0.54545456171 0.0 0.375 0.551724135876
gs 1.0 0.151515156031 0.0 1.0
ts 0.418803423643 0.0 0.359223306179 0.491935491562
a 0.230521336198 0.2427803725 0.154386207461 0.135246470571
b 0.148322552443 0.256582528353 0.0902850925922 0.196069955826
d 0.379783898592 0.285553276539 0.442315548658 0.33494207263
g 0.0883571654558 0.083045810461 0.0382498763502 0.133098557591
t 0.153015047312 0.132038027048 0.274763256311 0.200642943382
h 1.0 1.0 1.0 1.0
c 0.233672618866 0 0 0
Aa 0.395294249058 -0.510028541088 -0.442162781954 0.17975397408
Ab 0.203790307045 -0.486015051603 -0.675155222416 0.341039091349
Ad 0.612119674683 -0.439554989338 0.0149609269574 0.573597729206
Ag -0.0211750920862 -0.975924372673 -1.04814124107 0.172801405191
At 0.217317253351 -0.774543106556 -0.191812619567 0.351051926613
as 0.28749999404 0.0 0.091954022646 0.163793101907
bs 0.566666662693 0.416666656733 0.0 0.975609779358
ds 0.406779646873 0.0 0.222222223878 0.351724147797
gs 1.0 0.151515156031 0.0 1.0
ts 0.162393167615 0.0 0.300970882177 0.290322571993
a 0.270547360182 0.249281227589 0.162375599146 0.107046797872
b 0.168934330344 0.261521458626 0.102407552302 0.253605991602
d 0.350332587957 0.283660799265 0.392793178558 0.279981285334
g 0.106673493981 0.0841915160418 0.0423779338598 0.175252050161
t 0.103512220085 0.121345020831 0.300045728683 0.184113875031
h 1.0 1.0 1.0 1.0
c 0.250372618437 0 0 0
Aa 0.405494898558 -0.510028541088 -0.467812389135 -0.043369282037
Ab 0.20096950233 -0.489210814238 -0.668001174927 0.331216543913
Ad 0.517732143402 -0.453918814659 -0.0841692239046 0.374186038971
Ag 0.00130809051916 -0.981449782848 -1.05119335651 0.170720160007
At -0.0117568038404 -0.822696149349 -0.201145708561 0.192143559456
as 0.300000011921 0.0 0.0574712641537 0.0
bs 0.566666662693 0.416666656733 0.0 0.951219499111
ds 0.333333343267 0.0 0.152777776122 0.213793098927
gs 1.0 0.151515156031 0.0 1.0
ts 0.0 0.0 0.291262149811 0.161290317774
a 0.287712574005 0.250584810972 0.169576629996 0.123617865145
b 0.176214307547 0.260453790426 0.107111528516 0.269783884287
d 0.335710704327 0.288315981627 0.375177025795 0.248860403895
g 0.115778505802 0.0821224823594 0.0426430143416 0.190485447645
t 0.0845839157701 0.118522934616 0.305491805077 0.167252391577
h 1.0 1.0 1.0 1.0
c 0.267072618008 0 0 0
Aa 0.413578510284 -0.510028541088 -0.449707686901 -0.0174613241106
Ab 0.200660839677 -0.493252635002 -0.649237453938 0.321473449469
Ad 0.480584859848 -0.449114590883 -0.104837447405 0.286413222551
Ag 0.0182476267219 -0.994521200657 -1.04922580719 0.170319229364
At -0.118092514575 -0.835180878639 -0.194074109197 0.113829754293
as 0.3125 0.0 0.0804597735405 0.0
bs 0.566666662693 0.416666656733 0.0 0.926829278469
ds 0.299145311117 0.0 0.138888895512 0.151724144816
gs 1.0 0.0909090936184 0.0 1.0
ts 0.0 0.0 0.291262149811 0.0967741906643
a 0.293407648802 0.248020127416 0.171641930938 0.142600506544
b 0.178096264601 0.260297864676 0.112917564809 0.269642144442
d 0.326738744974 0.295554131269 0.367695599794 0.240245983005
g 0.12042966485 0.0792491361499 0.0430526584387 0.196249783039
t 0.0813276469707 0.116878733039 0.304692268372 0.151261582971
h 1.0 1.0 1.0 1.0
c 0.283772617579 0 0 0
Aa 0.418503135443 -0.517223775387 -0.445351064205 0.0339436195791
Ab 0.201686516404 -0.496240109205 -0.627212941647 0.310610353947
Ad 0.465232342482 -0.441073656082 -0.114486031234 0.260478675365
Ag 0.0317651815712 -1.01271617413 -1.04597449303 0.172631725669
At -0.138730093837 -0.843975186348 -0.196113020182 0.0595511719584
as 0.324999988079 0.0 0.0804597735405 0.0427350439131
bs 0.566666662693 0.388888895512 0.0540540553629 0.902438998222
ds 0.282051295042 0.0 0.131944447756 0.139860138297
gs 1.0 0.0606060624123 0.0 1.0
ts 0.0 0.0 0.291262149811 0.0564516112208
a 0.29350450635 0.249720826745 0.174146547914 0.161640390754
b 0.179871067405 0.260332584381 0.122298374772 0.265518575907
d 0.318454682827 0.299453496933 0.360831409693 0.240212842822
g 0.122697867453 0.0761739090085 0.0445287153125 0.200397565961
t 0.0854718610644 0.114319160581 0.298194974661 0.132230624557
h 1.0 1.0 1.0 1.0
c 0.300472617149 0 0 0
Aa 0.422378927469 -0.515265762806 -0.451127618551 0.0847816094756
Ab 0.20972545445 -0.49719196558 -0.604621767998 0.300326645374
Ad 0.457811802626 -0.436391115189 -0.134738132358 0.256827950478
Ag 0.0436011515558 -1.03091430664 -1.04340231419 0.178124174476
At -0.113412700593 -0.854601502419 -0.217542156577 -0.00243622949347
as 0.324999988079 0.0 0.0804597735405 0.0884955748916
bs 0.600000023842 0.388888895512 0.108108110726 0.87804877758
ds 0.282051295042 0.0 0.118055552244 0.13475176692
gs 1.0 0.0 0.0 1.0
ts 0.0 0.0 0.274509817362 0.00806451588869
a 0.288273841143 0.25348752737 0.17832480371 0.176575779915
b 0.184104546905 0.25799754262 0.134952127934 0.26130515337
d 0.308788448572 0.301503509283 0.354036092758 0.244280666113
g 0.122910611331 0.0734792798758 0.0468991585076 0.204643681645
t 0.0959225520492 0.113532140851 0.285787820816 0.113194711506
h 1.0 1.0 1.0 1.0
c 0.31717261672 0 0 0
Aa 0.422378927469 -0.505092859268 -0.466193646193 0.119037933648
Ab 0.227638214827 -0.497433930635 -0.587225675583 0.289254784584
Ad 0.452234745026 -0.429757088423 -0.168357864022 0.259995877743
Ag 0.0521630942822 -1.04288458824 -1.04624032974 0.183105140924
At -0.055505566299 -0.853930652142 -0.261361688375 -0.0740670636296
as 0.324999988079 0.0 0.0465116277337 0.123893804848
bs 0.666666686535 0.371428579092 0.162162154913 0.853658556938
ds 0.273504287004 0.0 0.0972222238779 0.143884897232
gs 1.0 0.0 0.0 1.0
ts 0.0 0.0 0.235294118524 0.0
a 0.281526297331 0.248349875212 0.180671662092 0.187508761883
b 0.190590620041 0.252151280642 0.150677368045 0.256220936775
d 0.29413112998 0.310390233994 0.344869196415 0.248574510217
g 0.120889343321 0.0718452781439 0.0500365756452 0.207434669137
t 0.112862631679 0.117263309658 0.273745208979 0.100261099637
h 1.0 1.0 1.0 1.0
c 0.333872616291 0 0 0
Aa 0.422378927469 -0.505092859268 -0.497034490108 0.141008466482
Ab 0.25296151638 -0.498495608568 -0.575876533985 0.276601523161
Ad 0.441400945187 -0.408248752356 -0.216270148754 0.263443499804
Ag 0.0552479885519 -1.04375863075 -1.05463695526 0.184868246317
At 0.0254101473838 -0.830994665623 -0.316578030586 -0.130880624056
as 0.324999988079 0.0 0.0116279069334 0.141592919827
bs 0.733333349228 0.382352948189 0.189189195633 0.804878056049
ds 0.264957278967 0.0 0.0625 0.148148149252
gs 1.0 0.0 0.0 1.0
ts 0.00840336177498 0.0 0.176470592618 0.0
a 0.275684416294 0.23758380115 0.181925311685 0.190956801176
b 0.198078393936 0.240635603666 0.168058648705 0.250593006611
d 0.274594455957 0.327228754759 0.330545991659 0.253463089466
g 0.117387719452 0.0704252645373 0.053517498076 0.208427831531
t 0.134255006909 0.124126568437 0.265952557325 0.0965592488647
h 1.0 1.0 1.0 1.0
c 0.350572615862 0 0 0
Aa 0.422378927469 -0.506067037582 -0.533692657948 0.143428117037
Ab 0.278803825378 -0.500523984432 -0.568124890327 0.26146197319
Ad 0.4206584692 -0.367032408714 -0.274353891611 0.266407757998
Ag 0.0515893734992 -1.0341553688 -1.06508994102 0.181448712945
At 0.109897233546 -0.788019120693 -0.368781596422 -0.152713119984
as 0.324999988079 0.0 0.0 0.141592919827
bs 0.833333313465 0.382352948189 0.216216221452 0.780487775803
ds 0.247863247991 0.0 0.0208333339542 0.149253726006
gs 1.0 0.0 0.0 1.0
ts 0.0854700878263 0.0 0.127450987697 0.0
a 0.272321730852 0.213827103376 0.181987449527 0.192842334509
b 0.204926371574 0.229077547789 0.185371249914 0.24284721911
d 0.252336621284 0.353441983461 0.310759365559 0.258085846901
g 0.113678045571 0.0697448328137 0.0572783499956 0.206702262163
t 0.156737238169 0.133908525109 0.264603585005 0.0995223298669
h 1.0 1.0 1.0 1.0
c 0.367120802402 0 0 0
Aa 0.422378927469 -0.533477902412 -0.568666756153 0.143428117037
Ab 0.298894494772 -0.503558158875 -0.560665845871 0.243558898568
Ad 0.389276891947 -0.315222531557 -0.336284011602 0.269989937544
Ag 0.0429732277989 -1.02002859116 -1.07071769238 0.173570990562
At 0.182468831539 -0.736732423306 -0.406112462282 -0.143853709102
as 0.324999988079 0.0 0.0 0.141592919827
bs 0.896551728249 0.352941185236 0.243243247271 0.731707334518
ds 0.222222223878 0.0375939831138 0.0 0.159090906382
gs 1.0 0.0606060624123 0.0 0.981818199158
ts 0.14529915154 0.0 0.088235296309 0.0
a 0.271528542042 0.188841402531 0.180615141988 0.207807615399
b 0.210723653436 0.218197643757 0.201043307781 0.23045989871
d 0.22944059968 0.378641039133 0.288164675236 0.257628977299
g 0.110865794122 0.0690461844206 0.0618376880884 0.200890928507
t 0.177441418171 0.145273715258 0.268339186907 0.103212572634
h 1.0 1.0 1.0 1.0
c 0.383517175913 0 0 0
Aa 0.422378927469 -0.571410655975 -0.599758684635 0.179216563702
Ab 0.312276721001 -0.508657813072 -0.553223252296 0.22415047884
Ad 0.349233716726 -0.269280195236 -0.396872103214 0.272549837828
Ag 0.0333610102534 -1.00836825371 -1.06525957584 0.164515450597
At 0.23761844635 -0.685320854187 -0.427828758955 -0.124712280929
as 0.324999988079 0.0 0.0 0.176991149783
bs 0.931034505367 0.352941185236 0.270270258188 0.68292683363
ds 0.188034191728 0.0751879662275 0.0 0.159090906382
gs 1.0 0.0909090936184 0.0 0.963636338711
ts 0.196428567171 0.0 0.0686274543405 0.0
a 0.272179156542 0.173209220171 0.177357926965 0.226174101233
b 0.216160804033 0.207548648119 0.214521020651 0.218546435237
d 0.208069652319 0.394158929586 0.265936911106 0.254556536674
g 0.10906240344 0.067971073091 0.0676810219884 0.194964915514
t 0.194527968764 0.157112121582 0.274503141642 0.105758011341
h 1.0 1.0 1.0 1.0
c 0.399907916784 0 0 0
Aa 0.422378927469 -0.596003293991 -0.63065135479 0.221396028996
Ab 0.322301030159 -0.517454385757 -0.548032045364 0.206496909261
Ad 0.30573284626 -0.238902896643 -0.454723328352 0.272737413645
Ag 0.0251991376281 -1.00225019455 -1.04903495312 0.156909644604
At 0.276506155729 -0.638364553452 -0.440954625607 -0.108733564615
as 0.324999988079 0.0 0.0 0.21238937974
bs 0.965517222881 0.323529422283 0.270270258188 0.625
ds 0.149122804403 0.0984848514199 0.0 0.159090906382
gs 1.0 0.121212124825 0.0 0.962962985039
ts 0.223214283586 0.0 0.0588235296309 0.0
a 0.273210883141 0.156304344535 0.180062562227 0.245970934629
b 0.221562534571 0.199651777744 0.223263114691 0.208234980702
d 0.190659806132 0.405165880919 0.24314700067 0.250096231699
g 0.107322871685 0.067763209343 0.0739202052355 0.188611671329
t 0.207243904471 0.171114787459 0.279607146978 0.107086166739
h 1.0 1.0 1.0 1.0
c 0.416298657656 0 0 0
Aa 0.422378927469 -0.637525439262 -0.641166210175 0.265552610159
Ab 0.331377267838 -0.531223297119 -0.54777264595 0.193222492933
Ad 0.266140073538 -0.223863601685 -0.510720670223 0.272775948048
Ag 0.016573227942 -1.00050246716 -1.02782642841 0.150237381458
At 0.302362680435 -0.598208963871 -0.450041353703 -0.095597833395
as 0.324999988079 0.0 0.0 0.247787609696
bs 1.0 0.272727280855 0.270270258188 0.600000023842
ds 0.119266055524 0.106060609221 0.0 0.159090906382
gs 1.0 0.09375 0.0 0.962962985039
ts 0.25 0.0 0.0399999991059 0.0
a 0.274241447449 0.148445338011 0.193006455898 0.261338919401
b 0.226227283478 0.190811246634 0.225637659431 0.200302049518
d 0.179496899247 0.409212946892 0.221153780818 0.247554332018
g 0.104028947651 0.067815028131 0.0790498927236 0.18087258935
t 0.216005414724 0.183715417981 0.28115221858 0.109932117164
h 1.0 1.0 1.0 1.0
c 0.432331115007 0 0 0
Aa 0.422378927469 -0.658502399921 -0.62071621418 0.300810068846
Ab 0.33879083395 -0.549465000629 -0.552876472473 0.18529137969
Ad 0.23830281198 -0.218119591475 -0.561593651772 0.277276515961
Ag 0.00140006071888 -0.998742997646 -1.00838673115 0.140978723764
At 0.31871047616 -0.565923333168 -0.457346528769 -0.0752694234252
as 0.324999988079 0.0 0.0 0.283185839653
bs 1.0 0.21875 0.270270258188 0.589743614197
ds 0.100917428732 0.11450381577 0.0 0.159090906382
gs 0.975609779358 0.0967741906643 0.0645161271095 0.944444417953
ts 0.267857134342 0.0 0.0299999993294 0.0
a 0.266836285591 0.143881455064 0.209044590592 0.264672249556
b 0.230746492743 0.181347101927 0.223073393106 0.195410117507
d 0.177835762501 0.412666976452 0.206785961986 0.250720202923
g 0.0995411127806 0.0685738325119 0.0823545455933 0.172127962112
t 0.225040331483 0.193530634046 0.278741508722 0.117069460452
h 1.0 1.0 1.0 1.0
c 0.447597950697 0 0 0
Aa 0.40476000309 -0.671087324619 -0.589331805706 0.314081251621
Ab 0.341650217772 -0.570581495762 -0.561123013496 0.182319879532
Ad 0.228534221649 -0.213492393494 -0.594049692154 0.290562152863
Ag -0.0234823916107 -0.992933690548 -0.993883192539 0.127224266529
At 0.330775499344 -0.542342424393 -0.464369088411 -0.0401835516095
as 0.300000011921 0.0 0.0 0.285714298487
bs 1.0 0.15625 0.243243247271 0.589743614197
ds 0.091743119061 0.11450381577 0.0 0.174242421985
gs 0.902438998222 0.129032254219 0.129032254219 0.925925910473
ts 0.276785701513 0.0294117648154 0.019999999553 0.0232558138669
a 0.252560228109 0.14265832305 0.224013075233 0.263112813234
b 0.232758820057 0.170751973987 0.218361064792 0.190889060497
d 0.184748917818 0.415649414062 0.20264390111 0.257592946291
g 0.0940765738487 0.0695132017136 0.084225922823 0.161402523518
t 0.235855475068 0.201427087188 0.270756065845 0.12700265646
h 1.0 1.0 1.0 1.0
c 0.462117671967 0 0 0
Aa 0.374073833227 -0.671087324619 -0.558891177177 0.322797447443
Ab 0.33861503005 -0.593018710613 -0.569989323616 0.183436512947
Ad 0.238290786743 -0.206657275558 -0.602430999279 0.313589453697
Ag -0.0548096187413 -0.983317136765 -0.983718752861 0.110565781593
At 0.344354838133 -0.521266579628 -0.476586341858 0.00646828487515
as 0.253164559603 0.0 0.0 0.294642865658
bs 1.0 0.09375 0.216216221452 0.589743614197
ds 0.0925925895572 0.115384615958 0.0 0.183206111193
gs 0.850000023842 0.161290317774 0.161290317774 0.888888895512
ts 0.285714298487 0.0490196086466 0.00999999977648 0.0542635656893
a 0.231228545308 0.14497230947 0.231435924768 0.255591183901
b 0.231402248144 0.158578366041 0.21447467804 0.186686992645
d 0.198569715023 0.416129618883 0.210488453507 0.267659783363
g 0.0892387107015 0.0698571428657 0.0860311836004 0.151393324137
t 0.249560803175 0.21046257019 0.257569760084 0.138668745756
h 1.0 1.0 1.0 1.0
c 0.475701898336 0 0 0
Aa 0.329712629318 -0.655187189579 -0.546472072601 0.322797447443
Ab 0.330038756132 -0.616228342056 -0.579526782036 0.186365649104
Ad 0.263584196568 -0.197243645787 -0.587674558163 0.342834711075
Ag -0.0837755352259 -0.972261428833 -0.976246953011 0.0953583195806
At 0.362847566605 -0.49329739809 -0.500007927418 0.0572301968932
as 0.202531650662 0.0 0.0 0.294642865658
bs 1.0 0.0 0.189189195633 0.589743614197
ds 0.111111111939 0.123076923192 0.0 0.206106871367
gs 0.774999976158 0.193548381329 0.161290317774 0.85185188055
ts 0.306306302547 0.0784313753247 0.0 0.1015625
a 0.20522376895 0.153473258018 0.240108519793 0.24764713645
b 0.228464633226 0.144953936338 0.208764985204 0.182283461094
d 0.214164450765 0.411143749952 0.227421835065 0.2765853405
g 0.086672283709 0.069108389318 0.0874385088682 0.143416076899
t 0.2654748559 0.221320673823 0.236266151071 0.150067999959
h 1.0 1.0 1.0 1.0
c 0.488922715187 0 0 0
Aa 0.272649765015 -0.614561736584 -0.532155573368 0.322480469942
Ab 0.319241076708 -0.639364421368 -0.592905461788 0.189394444227
Ad 0.29116949439 -0.186600729823 -0.555730998516 0.370476335287
Ag -0.101697660983 -0.961063683033 -0.970860421658 0.0852450206876
At 0.384445518255 -0.455572456121 -0.539161622524 0.104935251176
as 0.126582279801 0.0 0.0224719103426 0.294642865658
bs 0.965517222881 0.0 0.166666671634 0.615384638309
ds 0.138888895512 0.130769237876 0.0 0.22900763154
gs 0.75 0.225806444883 0.193548381329 0.833333313465
ts 0.324324309826 0.0990099012852 0.0 0.1328125
a 0.20234324038 0.151497855783 0.248830378056 0.236246660352
b 0.219835206866 0.133673518896 0.200289577246 0.17929764092
d 0.219840377569 0.409508287907 0.252205073833 0.283231973648
g 0.0843360424042 0.0692816972733 0.0886670425534 0.139073342085
t 0.27364513278 0.236038640141 0.210007935762 0.162150368094
h 1.0 1.0 1.0 1.0
c 0.501934826374 0 0 0
Aa 0.273247569799 -0.607516944408 -0.519032180309 0.310820251703
Ab 0.309256106615 -0.661878108978 -0.613277196884 0.191029176116
Ad 0.309266328812 -0.175660759211 -0.513181746006 0.389596879482
Ag -0.106827922165 -0.947304964066 -0.967173337936 0.0806984677911
At 0.404346585274 -0.414940357208 -0.592699885368 0.147372514009
as 0.126582279801 0.0 0.0337078645825 0.285714298487
bs 0.931034505367 0.0 0.111111111939 0.615384638309
ds 0.157407402992 0.13846154511 0.0 0.24806201458
gs 0.725000023842 0.258064508438 0.193548381329 0.833333313465
ts 0.342342346907 0.129999995232 0.0 0.171875
a 0.197950065136 0.146592363715 0.246606007218 0.227118223906
b 0.215059995651 0.124310210347 0.190677016973 0.176692664623
d 0.220939561725 0.408420801163 0.285873770714 0.286231189966
g 0.0843983888626 0.0705002397299 0.0907167941332 0.136361911893
t 0.281651973724 0.250176370144 0.18612639606 0.173596009612
h 1.0 1.0 1.0 1.0
c 0.514946877956 0 0 0
Aa 0.264729738235 -0.610669970512 -0.529222548008 0.299747884274
Ab 0.300733745098 -0.682274460793 -0.6409278512 0.190714433789
Ad 0.312447577715 -0.165673434734 -0.465051859617 0.400212883949
Ag -0.105491757393 -0.928590714931 -0.963538467884 0.0781890153885
At 0.417886912823 -0.37853500247 -0.651418209076 0.183035671711
as 0.113924048841 0.0 0.0224719103426 0.276785701513
bs 0.896551728249 0.0 0.0277777779847 0.615384638309
ds 0.157407402992 0.147286817431 0.0 0.255813956261
gs 0.725000023842 0.322580635548 0.225806444883 0.833333313465
ts 0.360360354185 0.170000001788 0.0 0.1953125
a 0.18238389492 0.141703665257 0.226617053151 0.221948385239
b 0.214871138334 0.117627292871 0.181139215827 0.173002868891
d 0.22391268611 0.406689316034 0.328067541122 0.289304852486
g 0.0863246023655 0.0729013010859 0.0941419377923 0.132926210761
t 0.29250767827 0.261078417301 0.170034274459 0.182817667723
h 1.0 1.0 1.0 1.0
c 0.52780431509 0 0 0
Aa 0.219724059105 -0.617511928082 -0.576342821121 0.296924978495
Ab 0.290915638208 -0.698384940624 -0.673622965813 0.188726305962
Ad 0.308816254139 -0.159630268812 -0.415672183037 0.412028700113
Ag -0.105127848685 -0.90615773201 -0.957852303982 0.0742836222053
At 0.424874812365 -0.352122068405 -0.701098978519 0.212691143155
as 0.0632911399007 0.0 0.0 0.267857134342
bs 0.86206895113 0.0 0.0 0.615384638309
ds 0.157407402992 0.155038759112 0.0191082805395 0.261904776096
gs 0.725000023842 0.387096762657 0.20000000298 0.814814805984
ts 0.360360354185 0.191919192672 0.0 0.21875
a 0.181418269873 0.141056463122 0.219453945756 0.211137935519
b 0.208097711205 0.113899022341 0.167354896665 0.168524473906
d 0.228652477264 0.40146023035 0.360641956329 0.302923768759
g 0.0860398486257 0.0760300606489 0.0955765023828 0.127994552255
t 0.295791685581 0.267554223537 0.156972706318 0.189419239759
h 1.0 1.0 1.0 1.0
c 0.540661811829 0 0 0
Aa 0.216876253486 -0.616555035114 -0.588485777378 0.285430908203
Ab 0.276462495327 -0.709428071976 -0.706190705299 0.187527626753
Ad 0.31737112999 -0.162305518985 -0.37275287509 0.442197978497
Ag -0.107105135918 -0.88496273756 -0.949478030205 0.0680561214685
At 0.429181158543 -0.33853623271 -0.734004974365 0.238288730383
as 0.0506329126656 0.0 0.0 0.258928567171
bs 0.793103456497 0.0 0.0 0.615384638309
ds 0.168224304914 0.155038759112 0.050955414772 0.285714298487
gs 0.725000023842 0.451612889767 0.233333334327 0.814814805984
ts 0.369369357824 0.202020198107 0.0 0.244094491005
a 0.178211137652 0.143426865339 0.224662348628 0.197677120566
b 0.195459961891 0.113514155149 0.153964117169 0.161899209023
d 0.246735066175 0.391130924225 0.37794443965 0.329584926367
g 0.0843918770552 0.0798417702317 0.0955434367061 0.119601003826
t 0.295201957226 0.272086292505 0.147885665298 0.191237747669
h 1.0 1.0 1.0 1.0
c 0.553364634514 0 0 0
Aa 0.216876253486 -0.615695536137 -0.568647563457 0.277470260859
Ab 0.256999224424 -0.717275977135 -0.73275834322 0.190758571029
Ad 0.358172267675 -0.180003851652 -0.342749863863 0.499481201172
Ag -0.107757978141 -0.870095849037 -0.939976930618 0.0592486932874
At 0.436060607433 -0.337619364262 -0.75025177002 0.26308748126
as 0.0506329126656 0.0 0.0 0.258928567171
bs 0.72413790226 0.0 0.0 0.615384638309
ds 0.209523811936 0.139534890652 0.0700636953115 0.333333343267
gs 0.725000023842 0.516129016876 0.275862067938 0.796296298504
ts 0.372727274895 0.202020198107 0.0 0.259842514992
a 0.170923992991 0.14802634716 0.221872329712 0.179749324918
b 0.178379520774 0.115882098675 0.146404400468 0.154983326793
d 0.277819573879 0.374079853296 0.392039179802 0.365672767162
g 0.0818810239434 0.0845391526818 0.0961047261953 0.109324075282
t 0.290995895863 0.277472555637 0.143579378724 0.190270528197
h 1.0 1.0 1.0 1.0
c 0.566121578217 0 0 0
Aa 0.216876253486 -0.620078206062 -0.568647563457 0.264578551054
Ab 0.235418200493 -0.726400911808 -0.749196588993 0.200196251273
Ad 0.427836060524 -0.217452958226 -0.3214212358 0.57300388813
Ag -0.102743506432 -0.863359391689 -0.932005941868 0.0486271083355
At 0.447960078716 -0.347197234631 -0.757658600807 0.289282828569
as 0.0506329126656 0.0 0.0 0.241071432829
bs 0.655172407627 0.0 0.0 0.641025662422
ds 0.281553387642 0.108527131379 0.0833333358169 0.388888895512
gs 0.75 0.566666662693 0.310344815254 0.777777791023
ts 0.390909105539 0.191919192672 0.0 0.283464580774
a 0.161651939154 0.163636505604 0.217205315828 0.154700160027
b 0.161188781261 0.118848264217 0.141137063503 0.15039499104
d 0.3131313622 0.345326125622 0.406225830317 0.404305130243
g 0.0794527456164 0.0894601345062 0.0949613600969 0.100070610642
t 0.284575164318 0.282728970051 0.140470445156 0.190529122949
h 1.0 1.0 1.0 1.0
c 0.578777968884 0 0 0
Aa 0.216876253486 -0.600282967091 -0.568647563457 0.225328087807
Ab 0.215630114079 -0.739170372486 -0.755876898766 0.213070705533
Ad 0.504021883011 -0.275933742523 -0.296750456095 0.642546594143
Ag -0.0915957614779 -0.862533688545 -0.927971065044 0.0361438803375
At 0.462492316961 -0.362792909145 -0.757933020592 0.315798699856
as 0.0506329126656 0.0 0.0 0.205357149243
bs 0.586206912994 0.0 0.0 0.666666686535
ds 0.360000014305 0.0620155036449 0.0961538478732 0.444444447756
gs 0.774999976158 0.566666662693 0.310344815254 0.740740716457
ts 0.40000000596 0.181818187237 0.0 0.299212604761
a 0.153493210673 0.178694963455 0.209630742669 0.137879952788
b 0.147215083241 0.122895978391 0.136211618781 0.146804764867
d 0.343619525433 0.312423855066 0.423481673002 0.432482540607
g 0.0779943093657 0.0953901782632 0.0914581343532 0.0918722748756
t 0.277677863836 0.290595024824 0.139217853546 0.190960466862
h 1.0 1.0 1.0 1.0
c 0.591488540173 0 0 0
Aa 0.216876253486 -0.591527760029 -0.568647563457 0.197623193264
Ab 0.198739379644 -0.754102408886 -0.755888402462 0.224862217903
Ad 0.566864907742 -0.3488958776 -0.26326790452 0.694090664387
Ag -0.0771500244737 -0.864136397839 -0.928880155087 0.0213065240532
At 0.474328309298 -0.380351901054 -0.746407568455 0.339065521955
as 0.0506329126656 0.0117647061124 0.0 0.1875
bs 0.551724135876 0.0 0.0 0.692307710648
ds 0.428571432829 0.0078125 0.0980392172933 0.484126985073
gs 0.800000011921 0.533333361149 0.310344815254 0.722222208977
ts 0.409090906382 0.161616161466 0.0 0.322834640741
