a 0.146573767066 0.171104192734 0.316103458405 0.0420115664601
b 0.085428237915 0.113736353815 0.0697135776281 0.109228283167
d 0.595865309238 0.371094346046 0.394981235266 0.701152563095
g 0.0201117452234 0.0794528871775 0.0480919256806 0.0303596742451
t 0.152020975947 0.264612227678 0.171109810472 0.117247931659
h 1.0 1.0 1.0 1.0
c 0.326361656189 0 0 0
Aa 0.762643635273 -0.202855527401 0.428070127964 0.0938298925757
Ab 0.528188884258 -0.380216866732 -0.228441730142 0.508796155453
Ad 1.37173545361 0.1333681494 0.524817347527 1.31627357006
Ag -0.0999628081918 -0.536006510258 -0.389686942101 -0.0472418777645
At 0.778490900993 -0.0135062430054 0.161515787244 0.539566218853
as 0.325842708349 0.0588235296309 1.0 0.0
bs 0.20000000298 0.0 0.0465116277337 0.481481492519
ds 0.717105269432 0.0625 0.393442630768 0.701388895512
gs 0.162162154913 0.359375 0.20000000298 0.142857149243
ts 0.277777791023 0.484848499298 0.233333334327 0.196428567171
a 0.222292512655 0.148908883333 0.317922443151 0.0437514707446
b 0.119589485228 0.100536741316 0.0599948652089 0.173860937357
d 0.48905146122 0.415540963411 0.408603191376 0.626537501812
g 0.0295450687408 0.0707881525159 0.04451052472 0.0507997348905
t 0.139521479607 0.264225274324 0.168968975544 0.105050332844
h 1.0 1.0 1.0 1.0
c 0.311995774508 0 0 0
Aa 0.761931598186 -0.202374085784 0.472912549973 -0.107554346323
Ab 0.492699742317 -0.372969865799 -0.251294583082 0.491654992104
Ad 1.1043612957 0.243319168687 0.581893086433 1.04840004444
Ag -0.114508248866 -0.525334060192 -0.380945950747 -0.0426855497062
At 0.559647798538 0.0466796644032 0.198398292065 0.272850424051
as 0.325842708349 0.0588235296309 1.0 0.0
bs 0.0399999991059 0.0 0.0 0.407407402992
ds 0.539473712444 0.238095238805 0.49180328846 0.520833313465
gs 0.108108110726 0.375 0.22499999404 0.171428576112
ts 0.0333333350718 0.575757563114 0.300000011921 0.0
a 0.298831015825 0.13574513793 0.281056851149 0.0570706613362
b 0.157092064619 0.0835322216153 0.0487008579075 0.251478493214
d 0.367581069469 0.477944880724 0.466146409512 0.497957795858
g 0.0422987937927 0.0581144876778 0.0396899357438 0.0794449970126
t 0.134197041392 0.244663268328 0.164405956864 0.114048048854
h 1.0 1.0 1.0 1.0
c 0.297391355038 0 0 0
Aa 0.726704239845 -0.143867969513 0.490074634552 -0.191417470574
Ab 0.447432786226 -0.354738265276 -0.271182894707 0.452670484781
Ad 0.816631674767 0.402785539627 0.709802806377 0.749362170696
Ag -0.122393473983 -0.512307882309 -0.360039114952 -0.0477637983859
At 0.379021465778 0.111976504326 0.257198065519 0.109257489443
as 0.284090906382 0.205882355571 1.0 0.0
bs 0.0 0.0333333350718 0.0 0.25925925374
ds 0.348684221506 0.492063492537 0.704918026924 0.3125
gs 0.108108110726 0.40625 0.27500000596 0.142857149243
ts 0.0 0.681818187237 0.383333325386 0.0
a 0.27091050148 0.129967272282 0.232224196196 0.218291863799
b 0.167442813516 0.0684668943286 0.0391768440604 0.200182512403
d 0.390891611576 0.53826135397 0.534199178219 0.37698084116
g 0.0623452812433 0.0464203841984 0.0341337993741 0.104100137949
t 0.108409792185 0.216884121299 0.16026596725 0.10044465214
h 1.0 1.0 1.0 1.0
c 0.308597743511 0 0 0
Aa 0.672095477581 -0.0523154996336 0.495247393847 0.518300890923
Ab 0.463136166334 -0.330668866634 -0.277630627155 0.480689436197
Ad 0.831326007843 0.564843654633 0.857043147087 0.75558257103
Ag 0.0340732373297 -0.49944075942 -0.337475448847 0.196714639664
At 0.274338185787 0.170078232884 0.334181249142 0.181190118194
as 0.227272734046 0.515151500702 1.0 0.0843373462558
bs 0.0 0.133333340287 0.0 0.370370358229
ds 0.361842095852 0.758064508438 0.934426248074 0.3125
gs 0.513513505459 0.428571432829 0.333333343267 0.828571438789
ts 0.0 0.772727251053 0.516666650772 0.0
a 0.211765110493 0.125528201461 0.193195953965 0.199407920241
b 0.161379128695 0.0576338469982 0.0334464497864 0.174268499017
d 0.461798965931 0.587434828281 0.586668133736 0.414734363556
g 0.0765107050538 0.0377119518816 0.0288539733738 0.111616119742
t 0.0885461121798 0.191691175103 0.157835513353 0.0999731048942
h 1.0 1.0 1.0 1.0
c 0.324169367552 0 0 0
Aa 0.599825680256 0.0330399349332 0.504765093327 0.605819940567
Ab 0.481818646193 -0.305023759604 -0.25688290596 0.547296404839
Ad 0.938424229622 0.70325833559 0.98715955019 0.923847556114
Ag 0.157693490386 -0.489222377539 -0.321027308702 0.353804439306
At 0.221140801907 0.216900736094 0.416971772909 0.305960714817
as 0.147727265954 0.757575750351 1.0 0.180722892284
bs 0.0 0.20000000298 0.0 0.592592597008
ds 0.434210538864 0.983870983124 1.0 0.426573425531
gs 0.864864885807 0.444444447756 0.384615391493 1.0
ts 0.0 0.84375 0.649999976158 0.0172413792461
a 0.180450230837 0.122701622546 0.165762126446 0.181337982416
b 0.152915522456 0.0506184510887 0.0314204879105 0.163010731339
d 0.504945516586 0.621947467327 0.620347738266 0.440514117479
g 0.0836724415421 0.0317788943648 0.0247310474515 0.112371072173
t 0.0780162736773 0.172953546047 0.1577385813 0.102766096592
h 1.0 1.0 1.0 1.0
c 0.340869367123 0 0 0
Aa 0.590635240078 0.105189204216 0.515428423882 0.675597310066
Ab 0.518729329109 -0.279352217913 -0.206843942404 0.629324734211
Ad 1.03752231598 0.810092628002 1.08857834339 1.06106829643
Ag 0.256860256195 -0.481522291899 -0.310814350843 0.467763066292
At 0.226463004947 0.254268378019 0.493881046772 0.428958415985
as 0.136363640428 0.969696998596 1.0 0.265060245991
bs 0.159999996424 0.300000011921 0.11627907306 0.925925910473
ds 0.493421047926 1.0 1.0 0.524475514889
gs 1.0 0.451612889767 0.410256415606 1.0
ts 0.0 0.90625 0.783333361149 0.121739126742
a 0.184275597334 0.118860140443 0.144868046045 0.174501076341
b 0.148994281888 0.0466940701008 0.0319351740181 0.165335953236
d 0.512823760509 0.64476364851 0.642150044441 0.437844693661
g 0.0896805599332 0.0280756969005 0.0220413152128 0.119659349322
t 0.0642258003354 0.161606445909 0.15900541842 0.102658927441
h 1.0 1.0 1.0 1.0
c 0.357569366693 0 0 0
Aa 0.644518733025 0.151550427079 0.515428423882 0.719288706779
Ab 0.552220523357 -0.254224091768 -0.141274854541 0.695857942104
Ad 1.08901906013 0.885914742947 1.16209232807 1.1188107729
Ag 0.331749260426 -0.475155264139 -0.302306622267 0.555437266827
At 0.186760485172 0.28497287631 0.555867791176 0.48888733983
as 0.193181812763 1.0 1.0 0.325301200151
bs 0.280000001192 0.366666674614 0.279069781303 1.0
ds 0.532894730568 1.0 1.0 0.566433548927
gs 1.0 0.451612889767 0.435897439718 1.0
ts 0.0 0.951612889767 0.898305058479 0.173913046718
a 0.213811397552 0.117225989699 0.131519705057 0.186709672213
b 0.149044424295 0.0447815321386 0.0334065631032 0.164868250489
d 0.481645822525 0.657240867615 0.655037224293 0.4183203578
g 0.0901536792517 0.0257939305156 0.0205567777157 0.121634267271
t 0.0653446912766 0.154957652092 0.159479737282 0.108467437327
h 1.0 1.0 1.0 1.0
c 0.374269366264 0 0 0
Aa 0.70469635725 0.18678766489 0.515428423882 0.729531526566
Ab 0.547981202602 -0.231137290597 -0.0797306224704 0.675501763821
Ad 1.05739331245 0.935488343239 1.21270358562 1.07987380028
Ag 0.329648941755 -0.470718711615 -0.290607362986 0.543420672417
At 0.18987582624 0.307976782322 0.599143147469 0.493664115667
as 0.261363625526 1.0 1.0 0.337349385023
bs 0.280000001192 0.466666668653 0.418604642153 1.0
ds 0.506578922272 1.0 1.0 0.538461565971
gs 1.0 0.467741936445 0.461538463831 1.0
ts 0.0 1.0 0.983050823212 0.173913046718
a 0.233509942889 0.12168238312 0.123275302351 0.19750931859
b 0.149728566408 0.0439267121255 0.0347049310803 0.163045421243
d 0.458146870136 0.66049259901 0.663291454315 0.398489505053
g 0.090327590704 0.0241892207414 0.0199516452849 0.123673610389
t 0.0682870298624 0.14970909059 0.158776685596 0.117282129824
h 1.0 1.0 1.0 1.0
c 0.390969365835 0 0 0
Aa 0.730531036854 0.230178758502 0.515428423882 0.729531526566
Ab 0.537530303001 -0.212320238352 -0.0350564457476 0.646252572536
Ad 1.02323043346 0.964819014072 1.2462567091 1.03436088562
Ag 0.318046092987 -0.471427083015 -0.275468915701 0.526220977306
At 0.196563899517 0.320199251175 0.625339090824 0.503175795078
as 0.295454531908 1.0 1.0 0.337349385023
bs 0.20000000298 0.533333361149 0.511627912521 0.928571403027
ds 0.486842095852 1.0 1.0 0.503496527672
gs 1.0 0.475409835577 0.487179487944 1.0
ts 0.0 1.0 1.0 0.182608693838
a 0.24852900207 0.121866077185 0.118535012007 0.208079591393
b 0.149147585034 0.044211782515 0.035368848592 0.160231038928
d 0.439772367477 0.665497720242 0.669098556042 0.37818607688
g 0.0901624560356 0.023107085377 0.0199135877192 0.123607374728
t 0.0723885893822 0.145317330956 0.157084017992 0.129895910621
h 1.0 1.0 1.0 1.0
c 0.407669365406 0 0 0
Aa 0.739092826843 0.241836562753 0.515428423882 0.729531526566
Ab 0.517331957817 -0.198508247733 -0.00979730673134 0.616048693657
Ad 0.986943721771 0.979100346565 1.26707184315 0.989007592201
Ag 0.298741489649 -0.480301111937 -0.259268701077 0.503346443176
At 0.203385874629 0.318271189928 0.63771378994 0.524897515774
as 0.306818187237 1.0 1.0 0.337349385023
bs 0.119999997318 0.586206912994 0.581395328045 0.85185188055
ds 0.460526317358 1.0 1.0 0.475524485111
gs 1.0 0.459016382694 0.552631556988 1.0
ts 0.0 1.0 1.0 0.20000000298
a 0.261010974646 0.121647104621 0.115986667573 0.217004790902
b 0.148207336664 0.0452038124204 0.0354953445494 0.159255415201
d 0.424432903528 0.670362710953 0.673309385777 0.358020633459
g 0.0899079889059 0.0221948493272 0.0201222784817 0.121042273939
t 0.0764407739043 0.140591546893 0.155086293817 0.14467689395
h 1.0 1.0 1.0 1.0
c 0.424369364977 0 0 0
Aa 0.739092826843 0.241836562753 0.515428423882 0.729531526566
Ab 0.493303745985 -0.188090160489 0.0011917714728 0.595156431198
Ad 0.950243115425 0.983044624329 1.27923500538 0.946970283985
Ag 0.276232331991 -0.497013002634 -0.245302468538 0.475999325514
At 0.205759122968 0.304694026709 0.641593813896 0.553461432457
as 0.306818187237 1.0 1.0 0.337349385023
bs 0.0399999991059 0.620689630508 0.604651153088 0.777777791023
ds 0.440789461136 1.0 1.0 0.440559446812
gs 1.0 0.426229506731 0.578947365284 1.0
ts 0.0 0.968253970146 1.0 0.226086959243
a 0.26950070262 0.122786000371 0.114722460508 0.222681477666
b 0.146875619888 0.0467073842883 0.0355669744313 0.163552910089
d 0.412193238735 0.673371315002 0.676684916019 0.338449001312
g 0.0885989442468 0.0213932320476 0.0203788448125 0.116115771234
t 0.0828315019608 0.135742083192 0.152646780014 0.15920086205
h 1.0 1.0 1.0 1.0
c 0.44106939435 0 0 0
Aa 0.739092826843 0.241836562753 0.515428423882 0.729531526566
Ab 0.475482672453 -0.177926763892 0.00682691531256 0.595505714417
Ad 0.923633754253 0.980942308903 1.28616654873 0.911340653896
Ag 0.255961477757 -0.517035901546 -0.235040441155 0.446738690138
At 0.226728484035 0.285402208567 0.639467656612 0.583792865276
as 0.306818187237 1.0 1.0 0.337349385023
bs 0.0 0.655172407627 0.604651153088 0.777777791023
ds 0.421052634716 1.0 1.0 0.419580429792
gs 1.0 0.393442630768 0.60526317358 1.0
ts 0.0 0.936507940292 1.0 0.252173900604
a 0.271157175303 0.124199166894 0.113134004176 0.22372174263
b 0.142799556255 0.0482160933316 0.0358614735305 0.174025982618
d 0.405956745148 0.674840390682 0.680753171444 0.321177661419
g 0.084178134799 0.0208223778754 0.020530924201 0.109052166343
t 0.0959083884954 0.131921991706 0.149720445275 0.172022461891
h 1.0 1.0 1.0 1.0
c 0.45756572485 0 0 0
Aa 0.749908566475 0.241836562753 0.512812972069 0.730667173862
Ab 0.471414327621 -0.169090077281 0.0138479433954 0.621573090553
Ad 0.925167262554 0.976918935776 1.29220950603 0.887704312801
Ag 0.241886779666 -0.533751785755 -0.228371709585 0.41859331727
At 0.298544049263 0.268035084009 0.634500920773 0.616544187069
as 0.318181812763 1.0 1.0 0.337349385023
bs 0.0 0.689655184746 0.62790697813 0.884615361691
ds 0.421052634716 1.0 1.0 0.394366204739
gs 0.975609779358 0.366666674614 0.631578922272 1.0
ts 0.0 0.920634925365 0.983870983124 0.278260856867
a 0.286077648401 0.126705631614 0.111016184092 0.217469349504
b 0.125523760915 0.0493222884834 0.0362975783646 0.183706864715
d 0.392039239407 0.673859417439 0.686152935028 0.312075704336
g 0.0709784626961 0.0204764902592 0.020503371954 0.0985881537199
t 0.125380888581 0.129636198282 0.146029919386 0.188159912825
h 1.0 1.0 1.0 1.0
c 0.47385841608 0 0 0
Aa 0.842154085636 0.249777555466 0.510743379593 0.737618565559
Ab 0.484396129847 -0.159975171089 0.0252347402275 0.664345920086
Ad 0.97899967432 0.975550889969 1.30177795887 0.894480466843
Ag 0.236796751618 -0.541762888432 -0.222817629576 0.394045233727
At 0.483901500702 0.259707897902 0.629798948765 0.67474758625
as 0.420454531908 1.0 1.0 0.337349385023
bs 0.0 0.72413790226 0.666666686535 1.0
ds 0.460526317358 1.0 1.0 0.392857134342
gs 0.951219499111 0.366666674614 0.657894730568 1.0
ts 0.138888895512 0.904761910439 0.983870983124 0.330434769392
a 0.319856911898 0.12863971293 0.105240665376 0.255259245634
b 0.0982124581933 0.0496211200953 0.036812376231 0.170705541968
d 0.367748826742 0.672786951065 0.694495081902 0.297208964825
g 0.053257163614 0.0202616900206 0.0203331187367 0.079306781292
t 0.160924643278 0.128690496087 0.143118739128 0.197519466281
h 1.0 1.0 1.0 1.0
c 0.49035474658 0 0 0
Aa 1.02053976059 0.261306464672 0.496532022953 0.882192015648
Ab 0.507750570774 -0.152402073145 0.040342271328 0.707458138466
Ad 1.08113527298 0.979808926582 1.31601762772 0.94827246666
Ag 0.24196203053 -0.541392982006 -0.217447564006 0.374520897865
At 0.722206532955 0.261477828026 0.630044937134 0.770820438862
as 0.625 1.0 1.0 0.51807230711
bs 0.119999997318 0.75 0.714285731316 1.0
ds 0.526315808296 1.0 1.0 0.435714274645
gs 0.975609779358 0.366666674614 0.657894730568 1.0
ts 0.349056601524 0.904761910439 1.0 0.412280708551
a 0.317223936319 0.130844116211 0.0987747013569 0.271468281746
b 0.0791686549783 0.0494707338512 0.0374378710985 0.151764795184
d 0.359440565109 0.672105669975 0.70218873024 0.301312416792
g 0.0417931936681 0.0200895052403 0.0200533140451 0.0634009242058
t 0.202373638749 0.127489939332 0.141545414925 0.21205355227
h 1.0 1.0 1.0 1.0
c 0.506877064705 0 0 0
Aa 1.13430523872 0.275719851255 0.478252053261 0.990976631641
Ab 0.531492590904 -0.146685987711 0.0569174699485 0.738428533077
Ad 1.1885664463 0.986403226852 1.3300601244 1.03627455235
Ag 0.254044890404 -0.538065135479 -0.214207485318 0.359353095293
At 0.939093232155 0.264441549778 0.634502112865 0.883703052998
as 0.75 1.0 1.0 0.650602400303
bs 0.20000000298 0.777777791023 0.738095223904 1.0
ds 0.598684191704 1.0 1.0 0.492857128382
gs 1.0 0.366666674614 0.657894730568 0.978723406792
ts 0.55660378933 0.903225779533 1.0 0.508771955967
a 0.285896152258 0.133008509874 0.0894980877638 0.249080955982
b 0.0688033774495 0.0495559722185 0.0387277305126 0.137774288654
d 0.363219857216 0.672047793865 0.70965719223 0.325527191162
g 0.0360144674778 0.0200760867447 0.0198733042926 0.0541059374809
t 0.246066138148 0.125311613083 0.142243683338 0.23351162672
h 1.0 1.0 1.0 1.0
c 0.523044109344 0 0 0
Aa 1.16608095169 0.284321278334 0.436579406261 1.00969326496
Ab 0.547482311726 -0.144462123513 0.0727876797318 0.752520978451
Ad 1.27004218102 0.987842023373 1.33581423759 1.12594008446
Ag 0.266349583864 -0.536879062653 -0.216964289546 0.346597701311
At 1.10092449188 0.258433192968 0.637798666954 0.981661260128
as 0.784090936184 1.0 0.897959172726 0.674698770046
bs 0.239999994636 0.777777791023 0.785714268684 1.0
ds 0.651315808296 1.0 1.0 0.557142853737
gs 1.0 0.366666674614 0.657894730568 0.936170220375
ts 0.707547187805 0.903225779533 1.0 0.596491217613
a 0.264275103807 0.136645227671 0.0875708535314 0.228393256664
b 0.062356762588 0.0506457053125 0.0408466346562 0.126210838556
d 0.360866636038 0.66895121336 0.708665072918 0.347782224417
g 0.0327207259834 0.0205083508044 0.0198355019093 0.0482014752924
t 0.279780745506 0.123249478638 0.143081918359 0.249412208796
h 1.0 1.0 1.0 1.0
c 0.539033472538 0 0 0
Aa 1.18024432659 0.284321278334 0.417529076338 1.00969326496
Ab 0.55307161808 -0.146730557084 0.0863257870078 0.752106666565
Ad 1.31553483009 0.974121272564 1.32561051846 1.1923173666
Ag 0.273010969162 -0.539342403412 -0.227387309074 0.334070324898
At 1.20500588417 0.2395118922 0.630754292011 1.04792773724
as 0.806818187237 1.0 0.877551019192 0.674698770046
bs 0.280000001192 0.807692289352 0.809523820877 1.0
ds 0.673333346844 1.0 1.0 0.611510813236
gs 1.0 0.366666674614 0.631578922272 0.914893627167
ts 0.798076927662 0.868852436543 0.983870983124 0.654867231846
a 0.248643830419 0.145724385977 0.0880208238959 0.21326893568
b 0.0569280609488 0.0530163943768 0.0441601425409 0.117623575032
d 0.353226989508 0.656745433807 0.704349339008 0.361411690712
g 0.0300438664854 0.0216412823647 0.0203115977347 0.0416618399322
t 0.311157256365 0.122872523963 0.143158078194 0.26603397727
h 1.0 1.0 1.0 1.0
c 0.554489850998 0 0 0
Aa 1.18637013435 0.284321278334 0.393491744995 1.00651490688
Ab 0.546118915081 -0.154800772667 0.093936778605 0.748081684113
Ad 1.33884632587 0.938186109066 1.29669439793 1.23558950424
Ag 0.268548309803 -0.543927967548 -0.243349596858 0.297325789928
At 1.28377234936 0.210243836045 0.604722201824 1.10252439976
as 0.806818187237 1.0 0.81632655859 0.662650585175
bs 0.239999994636 0.769230782986 0.833333313465 1.0
ds 0.697986602783 1.0 1.0 0.64028775692
gs 1.0 0.34999999404 0.578947365284 0.851063847542
ts 0.875 0.819672107697 0.93548387289 0.707964599133
a 0.240522071719 0.161187067628 0.0939098000526 0.207843542099
b 0.0542996227741 0.0566742867231 0.0480612553656 0.112521074712
d 0.346464812756 0.632234156132 0.695935547352 0.366284787655
g 0.0281712953001 0.023631522432 0.0214496608824 0.0369776114821
t 0.330542206764 0.126273006201 0.14064373076 0.276372969151
h 1.0 1.0 1.0 1.0
c 0.568859100342 0 0 0
Aa 1.18637013435 0.284321278334 0.380956351757 1.00395560265
Ab 0.540012061596 -0.169622823596 0.0900405570865 0.737452983856
Ad 1.34487438202 0.877869069576 1.25081443787 1.25003790855
Ag 0.25502204895 -0.549517154694 -0.260334134102 0.254157930613
At 1.32444214821 0.178301602602 0.556365787983 1.12771463394
as 0.806818187237 1.0 0.8125 0.662650585175
bs 0.239999994636 0.730769217014 0.833333313465 1.0
ds 0.697986602783 1.0 1.0 0.654676258564
gs 0.976190447807 0.355932205915 0.552631556988 0.744680821896
ts 0.913461565971 0.770491778851 0.854838728905 0.725663721561
a 0.23827560246 0.178800210357 0.100545935333 0.208407923579
b 0.0532119162381 0.061460994184 0.0518708154559 0.109943978488
d 0.341702312231 0.59865128994 0.688647389412 0.366073220968
g 0.0266071036458 0.0264391396195 0.0233720317483 0.0332290045917
t 0.340203076601 0.134648367763 0.135563805699 0.282345861197
h 1.0 1.0 1.0 1.0
c 0.581942498684 0 0 0
Aa 1.18637013435 0.272565186024 0.358099967241 1.00337040424
Ab 0.535299479961 -0.191203251481 0.0706585124135 0.725627660751
Ad 1.34293854237 0.797371089458 1.19373238087 1.24802410603
Ag 0.234288200736 -0.557555496693 -0.275568068027 0.205973505974
At 1.34102880955 0.149398267269 0.487879186869 1.13523757458
as 0.8045976758 1.0 0.770833313465 0.662650585175
bs 0.208333328366 0.653846144676 0.804878056049 1.0
ds 0.691780805588 0.896103918552 1.0 0.647482037544
gs 0.928571403027 0.338983058929 0.5 0.638297855854
ts 0.932692289352 0.721311450005 0.758064508438 0.734513282776
a 0.240780889988 0.19551371038 0.105060383677 0.210477158427
b 0.0524688996375 0.0666742697358 0.054938685149 0.108668759465
d 0.337816029787 0.561697781086 0.68444699049 0.365724891424
g 0.0250934138894 0.0296256057918 0.0259160622954 0.0298017133027
t 0.343840777874 0.146488621831 0.129637852311 0.285327464342
h 1.0 1.0 1.0 1.0
c 0.593739926815 0 0 0
Aa 1.19212830067 0.249151363969 0.318221092224 1.00337040424
Ab 0.530408263206 -0.218067571521 0.0366603769362 0.716270148754
Ad 1.33918654919 0.707476854324 1.13212192059 1.24331998825
Ag 0.210066020489 -0.57035857439 -0.289648860693 0.154406666756
At 1.34686362743 0.123778060079 0.40951398015 1.13550901413
as 0.816091954708 1.0 0.6875 0.662650585175
bs 0.208333328366 0.538461565971 0.707317054272 1.0
ds 0.691780805588 0.779220759869 0.933333337307 0.644927561283
gs 0.880952358246 0.322033911943 0.473684221506 0.531914889812
ts 0.932038843632 0.672131121159 0.629032254219 0.734513282776
a 0.24118925631 0.217227473855 0.107678383589 0.211912661791
b 0.0519788525999 0.0706453695893 0.0570495389402 0.108076557517
d 0.335786342621 0.523071229458 0.681984961033 0.366916894913
g 0.0237863603979 0.0321618951857 0.0285599194467 0.026623962447
t 0.347259193659 0.156894028187 0.124727211893 0.286469936371
h 1.0 1.0 1.0 1.0
c 0.604052662849 0 0 0
Aa 1.1922134161 0.241189658642 0.271372616291 1.00337040424
Ab 0.525682151318 -0.246641397476 -0.00450375815853 0.710945010185
Ad 1.33591842651 0.622835755348 1.0730189085 1.24178123474
Ag 0.186183407903 -0.588383495808 -0.304998904467 0.102486215532
At 1.35050916672 0.0998813211918 0.335205316544 1.13429260254
as 0.816091954708 1.0 0.583333313465 0.662650585175
bs 0.166666671634 0.423076927662 0.609756112099 1.0
ds 0.684931516647 0.675324678421 0.896551728249 0.644927561283
gs 0.809523820877 0.293103456497 0.421052634716 0.425531923771
ts 0.950980365276 0.639344274998 0.5 0.734513282776
a 0.241730719805 0.229123771191 0.105525150895 0.213031962514
b 0.0511080622673 0.073919378221 0.0591080449522 0.107985779643
d 0.334174484015 0.497366070747 0.681363582611 0.369187891483
g 0.0227093808353 0.0339718423784 0.0309039130807 0.0240159202367
t 0.350277364254 0.165618926287 0.123099334538 0.285778462887
h 1.0 1.0 1.0 1.0
c 0.604052662849 0 0 0
Aa 1.19353067875 0.219313427806 0.211530327797 1.00337040424
Ab 0.518688201904 -0.271998405457 -0.0401790775359 0.708292245865
Ad 1.33417212963 0.555919408798 1.02155327797 1.24217307568
Ag 0.166404083371 -0.609637618065 -0.321812182665 0.0554248839617
At 1.35461080074 0.078353241086 0.278430044651 1.13095510006
as 0.816091954708 0.95454543829 0.458333343267 0.662650585175
bs 0.166666671634 0.346153855324 0.536585390568 1.0
ds 0.682758629322 0.584415555 0.839080452919 0.644927561283
gs 0.761904776096 0.258620679379 0.405405402184 0.326086968184
ts 0.950980365276 0.616666674614 0.419354826212 0.741071403027
a 0.241254106164 0.22274813056 0.0854055285454 0.214346244931
b 0.0504877530038 0.0769601836801 0.0627192482352 0.108242750168
d 0.33257701993 0.490683495998 0.691557824612 0.371410578489
g 0.021989826113 0.0352094992995 0.0330442003906 0.0222396012396
t 0.35369130969 0.174398675561 0.12727317214 0.283760845661
h 1.0 1.0 1.0 1.0
c 0.604052662849 0 0 0
Aa 1.19353067875 0.169915184379 0.0727254897356 1.00337040424
Ab 0.514241993427 -0.291632771492 -0.061359629035 0.706653356552
Ad 1.33294820786 0.51290255785 0.981068015099 1.24210882187
Ag 0.153277724981 -0.631239056587 -0.339665234089 0.0193815454841
At 1.35968029499 0.0636443123221 0.245976373553 1.12520694733
as 0.816091954708 0.840909063816 0.166666671634 0.662650585175
bs 0.125 0.280000001192 0.47499999404 0.96875
ds 0.682758629322 0.532467544079 0.793103456497 0.644927561283
gs 0.738095223904 0.224137932062 0.351351350546 0.260869562626
ts 0.960784316063 0.583333313465 0.360655725002 0.732142865658
a 0.240380585194 0.198997229338 0.0728876292706 0.216059237719
b 0.0504836589098 0.0798322483897 0.0666111186147 0.108118087053
d 0.330775886774 0.500576794147 0.694796144962 0.373415201902
g 0.0215899609029 0.0360125415027 0.0341543443501 0.0213283691555
t 0.356769919395 0.184581160545 0.131550744176 0.281079113483
h 1.0 1.0 1.0 1.0
c 0.604052662849 0 0 0
Aa 1.19353067875 0.0897062644362 -0.0277332309633 1.00337040424
Ab 0.515782058239 -0.306962400675 -0.0668403431773 0.702695906162
Ad 1.33216512203 0.49032998085 0.951470375061 1.24098956585
Ag 0.146883115172 -0.652686953545 -0.356941103935 -0.00224476866424
At 1.36501944065 0.0570466183126 0.228706255555 1.11762607098
as 0.816091954708 0.659090936184 0.0 0.658536612988
bs 0.125 0.20000000298 0.449999988079 0.96875
ds 0.682758629322 0.506493508816 0.758620679379 0.644927561283
gs 0.714285731316 0.189655169845 0.297297298908 0.217391297221
ts 0.960784316063 0.566666662693 0.344262301922 0.723214268684
a 0.239645168185 0.182919427752 0.0674178004265 0.218005672097
b 0.0512035787106 0.0800540372729 0.0699327364564 0.106020227075
d 0.328777581453 0.508595585823 0.693135142326 0.376233577728
g 0.0214099623263 0.0356084182858 0.0345487184823 0.021049760282
t 0.358963698149 0.192822530866 0.134965613484 0.27869078517
h 1.0 1.0 1.0 1.0
c 0.604052662849 0 0 0
Aa 1.19353067875 0.0356688164175 -0.0811974704266 1.00337040424
Ab 0.523262262344 -0.323207765818 -0.0652915015817 0.690291345119
Ad 1.33086419106 0.479781538248 0.930845856667 1.2403601408
Ag 0.144577845931 -0.675038337708 -0.371540099382 -0.0118502099067
At 1.36901247501 0.0585667602718 0.220251083374 1.11002516747
as 0.816091954708 0.522727251053 0.0 0.658536612988
bs 0.166666671634 0.159999996424 0.449999988079 0.9375
ds 0.682758629322 0.493506491184 0.735632181168 0.644927561283
gs 0.714285731316 0.137931033969 0.270270258188 0.195652171969
ts 0.970588207245 0.576271176338 0.327868849039 0.72072070837
a 0.240044802427 0.188783794641 0.0690252184868 0.219530120492
b 0.0524722374976 0.0773889124393 0.0722793787718 0.100175701082
d 0.326236665249 0.50159239769 0.686627805233 0.381381332874
g 0.021363036707 0.0338674969971 0.0347556397319 0.0211770534515
t 0.359883248806 0.198367416859 0.137311965227 0.277735769749
h 1.0 1.0 1.0 1.0
c 0.604052662849 0 0 0
Aa 1.19353067875 0.0480947718024 -0.0834096670151 1.00337040424
Ab 0.533167898655 -0.339191198349 -0.0634030476213 0.66263872385
Ad 1.3267711401 0.472481012344 0.914303958416 1.24323570728
Ag 0.142901286483 -0.698086798191 -0.38139218092 -0.0122581683099
At 1.3693999052 0.0696004033089 0.215290948749 1.10550808907
as 0.816091954708 0.568181812763 0.0 0.658536612988
bs 0.208333328366 0.0799999982119 0.449999988079 0.84375
ds 0.675862073898 0.480519473553 0.712643682957 0.644927561283
gs 0.714285731316 0.103448279202 0.243243247271 0.195652171969
ts 0.970588207245 0.593220353127 0.311475396156 0.711711704731
a 0.244779422879 0.191022112966 0.0716757848859 0.220708504319
b 0.0542460046709 0.0755726099014 0.0738506913185 0.0903475433588
d 0.320720642805 0.49043700099 0.678744852543 0.391116738319
g 0.0215555522591 0.0324519500136 0.0351180322468 0.0216325782239
t 0.358698368073 0.210516318679 0.140610620379 0.276194632053
h 1.0 1.0 1.0 1.0
c 0.604052662849 0 0 0
Aa 1.19353067875 0.0480947718024 -0.0791416168213 1.00337040424
Ab 0.539123475552 -0.354624420404 -0.0661594942212 0.615467727184
Ad 1.31088268757 0.457594364882 0.89719247818 1.25185775757
Ag 0.138314887881 -0.721748054028 -0.388983905315 -0.00534035684541
At 1.35948514938 0.0902968943119 0.213504046202 1.10076653957
as 0.816091954708 0.568181812763 0.0 0.658536612988
bs 0.25 0.0 0.461538463831 0.6875
ds 0.668965518475 0.467532455921 0.689655184746 0.652173936367
gs 0.714285731316 0.0689655169845 0.216216221452 0.195652171969
ts 0.960784316063 0.627118647099 0.311475396156 0.711711704731
a 0.257976382971 0.196031212807 0.076757401228 0.223203003407
b 0.0570177659392 0.0759877339005 0.074973128736 0.0786847621202
d 0.309257090092 0.468154579401 0.669872999191 0.405520439148
g 0.0221053380519 0.0314908996224 0.0354325026274 0.0225055050105
t 0.353643417358 0.228335574269 0.142963975668 0.270086288452
h 1.0 1.0 1.0 1.0
c 0.604052662849 0 0 0
Aa 1.19353067875 0.0480947718024 -0.0640849247575 1.00337040424
Ab 0.537960886955 -0.363486945629 -0.0742995664477 0.550561070442
Ad 1.27227032185 0.426158815622 0.876787245274 1.26268315315
Ag 0.126447811723 -0.746045351028 -0.399803370237 0.00695916544646
At 1.33051621914 0.114343144 0.206021428108 1.08617293835
as 0.816091954708 0.568181812763 0.0 0.658536612988
bs 0.25 0.0 0.435897439718 0.5
ds 0.64137929678 0.415584415197 0.666666686535 0.654411792755
gs 0.666666686535 0.0175438597798 0.189189195633 0.217391297221
ts 0.931372523308 0.661016941071 0.295081973076 0.690909087658
a 0.27934294939 0.20519284904 0.0794982239604 0.229494124651
b 0.0616412684321 0.0794707462192 0.076413936913 0.0683138072491
d 0.294310957193 0.433250963688 0.665220677853 0.421873748302
g 0.0231176335365 0.0311390124261 0.0357277654111 0.0239207427949
t 0.341587215662 0.250946432352 0.143139377236 0.25639757514
h 1.0 1.0 1.0 1.0
c 0.604052662849 0 0 0
Aa 1.18696331978 0.0480947718024 -0.0701767876744 1.00337040424
Ab 0.53069716692 -0.363860160112 -0.0873616337776 0.477107316256
Ad 1.20963203907 0.372672110796 0.852431535721 1.26778137684
Ag 0.10476899147 -0.770762622356 -0.417528361082 0.0213734861463
At 1.27432715893 0.135513544083 0.185224890709 1.0515127182
as 0.8045976758 0.568181812763 0.0 0.658536612988
bs 0.208333328366 0.0 0.410256415606 0.25
ds 0.600000023842 0.346666663885 0.643678188324 0.651851832867
gs 0.619047641754 0.0 0.135135129094 0.260869562626
ts 0.872548997402 0.694915235043 0.26229506731 0.663636386395
a 0.287747204304 0.217757493258 0.077386111021 0.21196860075
b 0.0707848444581 0.08605915308 0.0786185637116 0.064049474895
d 0.287994682789 0.388438671827 0.667683780193 0.451655328274
g 0.0252018328756 0.0313595309854 0.0361147709191 0.0268556922674
t 0.328271448612 0.2763851583 0.14019677043 0.245470896363
h 1.0 1.0 1.0 1.0
c 0.604052662849 0 0 0
Aa 1.13325583935 0.0471378602087 -0.110374070704 0.93115824461
Ab 0.524185061455 -0.356038182974 -0.103512004018 0.411402285099
Ad 1.13362920284 0.298487186432 0.825533747673 1.25969386101
Ag 0.0756768733263 -0.794465661049 -0.441352248192 0.0339230969548
At 1.19047784805 0.150679439306 0.147700890899 0.994886755943
as 0.744186043739 0.568181812763 0.0 0.573170721531
bs 0.166666671634 0.0399999991059 0.35897436738 0.0625
ds 0.544827580452 0.253333330154 0.609195411205 0.651851832867
gs 0.547619044781 0.0 0.0810810774565 0.282608687878
ts 0.794117629528 0.728813588619 0.213114753366 0.609090924263
a 0.296812534332 0.227008596063 0.0755801126361 0.164144635201
b 0.0827841237187 0.0954881235957 0.0814886689186 0.0664042085409
d 0.288851678371 0.342510640621 0.66880607605 0.494040727615
g 0.0272767879069 0.0320572257042 0.0367046929896 0.0315620116889
t 0.304274857044 0.302935421467 0.137420430779 0.24384842813
h 1.0 1.0 1.0 1.0
c 0.593870162964 0 0 0
Aa 1.08132946491 0.0348891764879 -0.152797743678 0.757190287113
Ab 0.52679425478 -0.341203778982 -0.120108045638 0.364159226418
Ad 1.06952214241 0.213520914316 0.794094920158 1.23572635651
Ag 0.044640429318 -0.815227210522 -0.466483682394 0.0411282740533
At 1.09211325645 0.160196915269 0.106846034527 0.929083526134
as 0.686046540737 0.522727251053 0.0 0.358024686575
bs 0.166666671634 0.119999997318 0.333333343267 0.0
ds 0.5 0.133333340287 0.59036141634 0.629629611969
gs 0.47619047761 0.0 0.0 0.304347813129
ts 0.696078419685 0.745762705803 0.131147533655 0.559633016586
a 0.309562951326 0.230319619179 0.0868783146143 0.139295965433
b 0.0932462960482 0.106179058552 0.0837886482477 0.0695300921798
d 0.293475478888 0.306149691343 0.654307961464 0.511162400246
g 0.0279575604945 0.0328477844596 0.0371065624058 0.035196736455
t 0.275757700205 0.324503839016 0.137918546796 0.244814828038
h 1.0 1.0 1.0 1.0
c 0.583290040493 0 0 0
Aa 1.06341362 0.0154165355489 -0.118154250085 0.640968024731
Ab 0.542296171188 -0.320875525475 -0.133880451322 0.339202255011
Ad 1.04023647308 0.139019414783 0.758716583252 1.20558834076
Ag 0.0191639047116 -0.830408334732 -0.487614929676 0.0435318499804
At 1.01319229603 0.164305448532 0.0825570225716 0.88586717844
as 0.662790715694 0.477272719145 0.0 0.222222223878
bs 0.25 0.20000000298 0.282051295042 0.0
ds 0.479166656733 0.0410958901048 0.554216861725 0.607407391071
gs 0.428571432829 0.0 0.0 0.304347813129
ts 0.617647051811 0.745762705803 0.098360657692 0.513761460781
a 0.29384329915 0.229992002249 0.106061771512 0.170095264912
b 0.100426509976 0.115436650813 0.0851404964924 0.0664024204016
d 0.309784442186 0.286101877689 0.624128103256 0.483835279942
g 0.0275016557425 0.0333664566278 0.0370676480234 0.0340856797993
t 0.268444091082 0.335103005171 0.147602006793 0.245581358671
h 1.0 1.0 1.0 1.0
c 0.572368741035 0 0 0
Aa 1.03146314621 0.00102004455402 -0.0460788048804 0.741590261459
Ab 0.565195739269 -0.298348993063 -0.141501486301 0.333081930876
Ad 1.05440700054 0.095828011632 0.723636031151 1.19559550285
Ag 0.00270620873198 -0.837382614613 -0.502642631531 0.0434699952602
At 0.992201209068 0.164485618472 0.0974545925856 0.901093423367
as 0.62790697813 0.454545468092 0.037037037313 0.345679014921
bs 0.333333343267 0.291666656733 0.282051295042 0.0
ds 0.471014499664 0.0 0.506024122238 0.600000023842
gs 0.380952388048 0.0 0.0 0.31111112237
ts 0.598039209843 0.745762705803 0.131147533655 0.542056083679
a 0.258362472057 0.22325155139 0.120963610709 0.213017314672
b 0.101086184382 0.121536083519 0.0852033421397 0.0580705069005
d 0.331553429365 0.287398159504 0.591813325882 0.450275242329
g 0.0257415715605 0.0336595624685 0.036376144737 0.0293131321669
t 0.283256322145 0.334154635668 0.165643572807 0.249323800206
h 1.0 1.0 1.0 1.0
c 0.561248660088 0 0 0
Aa 0.994428753853 -0.0143159087747 0.0103326961398 0.906884253025
Ab 0.586891114712 -0.278405159712 -0.14186540246 0.342424988747
Ad 1.10275280476 0.0953735783696 0.699862718582 1.23194742203
Ag -0.0071656270884 -0.836001932621 -0.511505365372 0.0455315671861
At 1.03437888622 0.160837113857 0.14685253799 0.975233078003
as 0.581395328045 0.409090906382 0.148148149252 0.543209850788
bs 0.416666656733 0.347826093435 0.282051295042 0.0
ds 0.503703713417 0.0 0.481927722692 0.629629611969
gs 0.357142865658 0.0 0.0 0.31111112237
ts 0.63725489378 0.745762705803 0.196721315384 0.607476651669
a 0.235665157437 0.202351212502 0.124329164624 0.243602335453
b 0.0941761508584 0.124569386244 0.0836008489132 0.0486292690039
d 0.347248643637 0.312081664801 0.573749184608 0.433818340302
g 0.0227480921894 0.034108851105 0.0349910184741 0.0240282565355
t 0.300161957741 0.326888889074 0.183329790831 0.249921798706
h 1.0 1.0 1.0 1.0
c 0.549979567528 0 0 0
Aa 1.00096726418 -0.0539429076016 0.0366108231246 1.06122863293
Ab 0.60261285305 -0.264637410641 -0.135751500726 0.361444920301
Ad 1.16931247711 0.134219512343 0.700759887695 1.31185507774
Ag -0.0143831362948 -0.827181637287 -0.514005601406 0.0552694685757
At 1.10602748394 0.154351428151 0.205270841718 1.07235133648
as 0.593023240566 0.318181812763 0.185185179114 0.740740716457
bs 0.5 0.391304343939 0.282051295042 0.0
ds 0.555555582047 0.0405405387282 0.481927722692 0.686567187309
gs 0.31707316637 0.0 0.0 0.333333343267
ts 0.702970325947 0.741379320621 0.295081973076 0.700934588909
a 0.213920459151 0.183400973678 0.121531300247 0.23544575274
b 0.0949097573757 0.122297458351 0.0810876637697 0.0461566746235
d 0.358198553324 0.348384350538 0.569465458393 0.439630419016
g 0.0227489471436 0.0343741588295 0.0337285883725 0.0238736439496
t 0.310222268105 0.31154307723 0.194186970592 0.254893511534
h 1.0 1.0 1.0 1.0
c 0.539285242558 0 0 0
Aa 0.964467167854 -0.0826782882214 0.0514669306576 1.06122863293
Ab 0.611525714397 -0.258662492037 -0.124266423285 0.353572279215
Ad 1.18833863735 0.195978716016 0.722246170044 1.33242547512
Ag -0.00882387720048 -0.809847831726 -0.505223035812 0.067256487906
At 1.12588775158 0.147438198328 0.254998892546 1.09569656849
as 0.546511650085 0.272727280855 0.222222223878 0.75
bs 0.565217375755 0.434782594442 0.307692319155 0.0
ds 0.563909769058 0.121621623635 0.506024122238 0.696969687939
gs 0.341463416815 0.0 0.0 0.377777785063
ts 0.722772300243 0.736842095852 0.366666674614 0.719626188278
a 0.204427167773 0.168792054057 0.120783083141 0.225786924362
b 0.0948872864246 0.117445781827 0.0795378759503 0.0440231226385
d 0.364091038704 0.384743332863 0.568268954754 0.446361988783
g 0.0223296117038 0.0357115752995 0.0341840460896 0.0235540401191
t 0.314264893532 0.293307244778 0.197226047516 0.260273933411
h 1.0 1.0 1.0 1.0
c 0.528980076313 0 0 0
Aa 0.95982915163 -0.0971374958754 0.077737569809 1.06122863293
Ab 0.626498579979 -0.254652053118 -0.103694550693 0.351210683584
Ad 1.21050047874 0.260681629181 0.750285387039 1.35721707344
Ag -0.00182827957906 -0.771680474281 -0.47044506669 0.0795952677727
At 1.14658641815 0.142833322287 0.290695756674 1.12296056747
as 0.546511650085 0.209302321076 0.277777791023 0.75
bs 0.608695626259 0.434782594442 0.35897436738 0.0
ds 0.578947365284 0.216216221452 0.542168676853 0.712121188641
gs 0.365853667259 0.0 0.0 0.40000000596
ts 0.74257427454 0.719298243523 0.433333337307 0.745283007622
a 0.195866271853 0.159002870321 0.117340922356 0.214668691158
b 0.0951836556196 0.113888338208 0.0816630646586 0.0421470664442
d 0.371255844831 0.410518676043 0.56554043293 0.454664170742
g 0.0217597149312 0.0406146012247 0.0382555685937 0.0230245646089
t 0.315934538841 0.275975525379 0.197200030088 0.265495538712
h 1.0 1.0 1.0 1.0
c 0.518827259541 0 0 0
Aa 0.95982915163 -0.0984004661441 0.0927630737424 1.06122863293
Ab 0.646431863308 -0.243326187134 -0.0646607354283 0.354227304459
Ad 1.23754274845 0.313527464867 0.775777220726 1.38715064526
Ag 0.00552271585912 -0.691123247147 -0.39399176836 0.0916513875127
At 1.16746664047 0.141065120697 0.318220555782 1.15351712704
as 0.546511650085 0.209302321076 0.296296298504 0.75
bs 0.695652186871 0.478260874748 0.461538463831 0.0
ds 0.59398496151 0.283783793449 0.566265046597 0.734848499298
gs 0.375 0.137931033969 0.189189195633 0.409090906382
ts 0.762376248837 0.719298243523 0.483333319426 0.773584902287
a 0.186483561993 0.159488111734 0.124330125749 0.202394634485
b 0.0950540006161 0.113380163908 0.0875587612391 0.0403353646398
d 0.380339741707 0.417495548725 0.548281431198 0.464633911848
g 0.0209762807935 0.0505120903254 0.0453418567777 0.0222928915173
t 0.317146420479 0.259124100208 0.194487839937 0.270343184471
h 1.0 1.0 1.0 1.0
c 0.518827259541 0 0 0
Aa 0.95982915163 -0.0699032992125 0.154429137707 1.06122863293
Ab 0.667159020901 -0.218094527721 0.00215236260556 0.36071562767
Ad 1.26936030388 0.348020255566 0.798856258392 1.4221405983
Ag 0.0109170973301 -0.569236278534 -0.283647954464 0.103196069598
At 1.19044840336 0.140876188874 0.348745197058 1.18694508076
as 0.546511650085 0.279069781303 0.407407402992 0.75
bs 0.782608687878 0.636363625526 0.641025662422 0.0
ds 0.624060153961 0.337837845087 0.602409660816 0.765151500702
gs 0.40000000596 0.350877195597 0.486486494541 0.431818187237
ts 0.790000021458 0.719298243523 0.533333361149 0.801886796951
a 0.176651164889 0.16322106123 0.136597290635 0.189741447568
b 0.093540020287 0.117190726101 0.0979236364365 0.038570586592
d 0.390145748854 0.410817325115 0.521453738213 0.475522428751
g 0.0199150945991 0.0655000433326 0.0532939620316 0.0214875880629
t 0.319747954607 0.24327082932 0.19073137641 0.274677962065
h 1.0 1.0 1.0 1.0
c 0.518827259541 0 0 0
Aa 0.95982915163 -0.0355225726962 0.241547986865 1.06122863293
Ab 0.683710098267 -0.179405525327 0.0969934314489 0.369322687387
Ad 1.30393958092 0.365349978209 0.823321700096 1.46023750305
Ag 0.0118950065225 -0.43205717206 -0.167216077447 0.115254119039
At 1.21752047539 0.137791246176 0.386528044939 1.22189021111
as 0.546511650085 0.348837196827 0.584905683994 0.75
bs 0.869565188885 0.818181812763 0.868421077728 0.0
ds 0.646616518497 0.351351350546 0.645569622517 0.79545456171
gs 0.40000000596 0.596491217613 0.810810804367 0.454545468092
ts 0.808080792427 0.719298243523 0.583333313465 0.839622616768
a 0.16669523716 0.157888710499 0.137791275978 0.17804120481
b 0.0904360860586 0.125809848309 0.113476537168 0.0370481200516
d 0.398477882147 0.403564810753 0.498884350061 0.486211717129
g 0.018593352288 0.0843194425106 0.0607510656118 0.0206362400204
t 0.325797468424 0.228417187929 0.189096778631 0.278062731028
h 1.0 1.0 1.0 1.0
c 0.518827259541 0 0 0
Aa 0.958810448647 -0.0360490903258 0.288323074579 1.06122863293
Ab 0.693229019642 -0.134685531259 0.204007416964 0.379474312067
Ad 1.33729147911 0.371513128281 0.847101211548 1.4975335598
Ag 0.00624499283731 -0.308472454548 -0.0673447623849 0.125338673592
At 1.24983501434 0.124328605831 0.425785452127 1.25485086441
as 0.546511650085 0.348837196827 0.67924529314 0.75
bs 0.913043498993 1.0 1.0 0.0303030312061
ds 0.669172942638 0.369863003492 0.679487168789 0.81679391861
gs 0.375 0.807017564774 1.0 0.477272719145
ts 0.848484873772 0.684210538864 0.649999976158 0.867924511433
a 0.157801911235 0.144654110074 0.131714165211 0.169169470668
b 0.0862148627639 0.137781441212 0.13312998414 0.0362095870078
d 0.404417395592 0.402499705553 0.479094535112 0.493426918983
g 0.0169763285667 0.104530036449 0.0672584474087 0.0197246745229
t 0.334589511156 0.210534706712 0.188802868128 0.281469345093
h 1.0 1.0 1.0 1.0
c 0.518827259541 0 0 0
Aa 0.958810448647 -0.0721672773361 0.299088150263 1.06122863293
Ab 0.696280360222 -0.0933073461056 0.303731590509 0.391730248928
Ad 1.36752808094 0.372267514467 0.859876871109 1.52612948418
Ag -0.00945801753551 -0.213256955147 0.00720249675214 0.127916499972
At 1.28521049023 0.0908256545663 0.455464273691 1.28233778477
as 0.546511650085 0.279069781303 0.698113203049 0.75
bs 0.913043498993 1.0 1.0 0.0606060624123
ds 0.692307710648 0.369863003492 0.705128192902 0.839694678783
gs 0.333333343267 0.982142865658 1.0 0.5
ts 0.878787875175 0.631578922272 0.699999988079 0.904761910439
a 0.150056883693 0.126980230212 0.127538576722 0.173936143517
b 0.0820651724935 0.152041703463 0.154929235578 0.0339952744544
d 0.407133817673 0.407177805901 0.454417079687 0.502359211445
g 0.0151101220399 0.124643795192 0.0732767060399 0.0197121910751
t 0.345634013414 0.189156472683 0.189838409424 0.269997179508
h 1.0 1.0 1.0 1.0
c 0.518827259541 0 0 0
Aa 0.958810448647 -0.139334797859 0.299088150263 1.12490439415
Ab 0.696713387966 -0.0611081495881 0.383579969406 0.415933102369
Ad 1.39229166508 0.366713196039 0.850901246071 1.58552885056
Ag -0.0381774939597 -0.147400230169 0.0584125332534 0.179249420762
At 1.3211710453 0.0337503105402 0.471830666065 1.3158737421
as 0.546511650085 0.095238097012 0.698113203049 0.824999988079
bs 0.913043498993 1.0 1.0 0.121212124825
ds 0.715384602547 0.356164395809 0.692307710648 0.884615361691
gs 0.236842110753 1.0 1.0 0.613636374474
ts 0.919191896915 0.526315808296 0.733333349228 0.933333337307
