eeg 845.519897461 843.874938965 820.845214844 848.809875488
eeg 847.164855957 847.164855957 827.425109863 847.164855957
eeg 848.809875488 842.229919434 814.265258789 848.809875488
eeg 850.454833984 847.164855957 825.780151367 845.519897461
eeg 852.09979248 847.164855957 827.425109863 850.454833984
eeg 852.09979248 850.454833984 835.650024414 847.164855957
eeg 855.389770508 843.874938965 820.845214844 855.389770508
eeg 838.940002441 848.809875488 845.519897461 857.034729004
eeg 843.874938965 847.164855957 837.29498291 853.744812012
eeg 842.229919434 843.874938965 822.49017334 855.389770508
eeg 840.584960938 852.09979248 842.229919434 850.454833984
eeg 850.454833984 850.454833984 829.070068359 852.09979248
eeg 845.519897461 852.09979248 829.070068359 852.09979248
eeg 840.584960938 848.809875488 827.425109863 850.454833984
eeg 843.874938965 850.454833984 835.650024414 843.874938965
eeg 840.584960938 843.874938965 832.360046387 850.454833984
eeg 842.229919434 842.229919434 829.070068359 852.09979248
eeg 840.584960938 843.874938965 832.360046387 850.454833984
eeg 845.519897461 843.874938965 834.005004883 850.454833984
a 0.145133674145 0.1523848176 0.208999589086 0.189939662814
b 0.023574154824 0.10524456203 0.125188738108 0.0467476174235
d 0.636286020279 0.462229698896 0.403835147619 0.61506408453
g 0.0163956042379 0.0469726547599 0.139426201582 0.00875246990472
t 0.178610563278 0.233168274164 0.122550331056 0.139496147633
h 1.0 1.0 1.0 1.0
c 0.87969481945
Aa 0.931537032127 -0.0346043594182 0.392867743969 1.05818021297
Ab 0.14220495522 -0.195346415043 0.170287549496 0.449323982
Ad 1.57342123985 0.447311758995 0.678926408291 1.56848490238
Ag -0.0155037408695 -0.545700967312 0.217066705227 -0.278304845095
At 1.02167594433 0.150123402476 0.161036789417 0.92412674427
as 0.727272748947 0.176470592618 0.428571432829 1.0
bs 0.113636367023 0.102941177785 0.257142871618 0.811320781708
ds 0.762589931488 0.235772356391 0.326530605555 0.721428573132
gs 0.54545456171 0.0 0.344827592373 0.103092782199
ts 0.633333325386 0.306451618671 0.195876285434 0.50515460968
eeg 840.584960938 848.809875488 822.49017334 850.454833984
eeg 843.874938965 850.454833984 834.005004883 855.389770508
eeg 845.519897461 848.809875488 827.425109863 852.09979248
eeg 840.584960938 848.809875488 820.845214844 852.09979248
eeg 845.519897461 855.389770508 845.519897461 848.809875488
eeg 845.519897461 853.744812012 832.360046387 848.809875488
eeg 845.519897461 848.809875488 822.49017334 848.809875488
eeg 848.809875488 847.164855957 820.845214844 852.09979248
eeg 847.164855957 850.454833984 832.360046387 852.09979248
eeg 848.809875488 852.09979248 830.715087891 853.744812012
eeg 848.809875488 853.744812012 843.874938965 848.809875488
eeg 848.809875488 847.164855957 829.070068359 850.454833984
eeg 848.809875488 848.809875488 827.425109863 852.09979248
eeg 848.809875488 852.09979248 838.940002441 853.744812012
eeg 843.874938965 852.09979248 832.360046387 850.454833984
eeg 847.164855957 850.454833984 825.780151367 845.519897461
eeg 840.584960938 850.454833984 834.005004883 843.874938965
eeg 840.584960938 848.809875488 819.200195312 843.874938965
eeg 843.874938965 853.744812012 837.29498291 847.164855957
eeg 845.519897461 857.034729004 834.005004883 850.454833984
eeg 848.809875488 852.09979248 820.845214844 857.034729004
eeg 852.09979248 855.389770508 835.650024414 852.09979248
a 0.152978435159 0.152734175324 0.201808348298 0.20008148253
b 0.0245063062757 0.0950295701623 0.121916159987 0.0468909628689
d 0.628347218037 0.481201171875 0.409640133381 0.605114877224
g 0.0165922865272 0.0480567067862 0.133702039719 0.00915223546326
t 0.177575722337 0.222978368402 0.132933303714 0.138760432601
h 1.0 1.0 1.0 1.0
c 0.867904126644
Aa 0.931537032127 -0.015862558037 0.38977894187 1.05818021297
Ab 0.136184617877 -0.221939980984 0.170901089907 0.428062438965
Ad 1.54510653019 0.482527911663 0.697242319584 1.53881108761
Ag -0.033186994493 -0.518044769764 0.210977867246 -0.281499534845
At 0.996290385723 0.148463979363 0.2084736377 0.899238884449
as 0.727272748947 0.194029852748 0.428571432829 1.0
bs 0.0909090936184 0.0735294148326 0.264705896378 0.773584902287
ds 0.741007208824 0.268292695284 0.340206176043 0.707142829895
gs 0.484848499298 0.0 0.344827592373 0.103092782199
ts 0.605042040348 0.308943092823 0.247422680259 0.484536081553
eeg 847.164855957 853.744812012 829.070068359 852.09979248
eeg 847.164855957 852.09979248 834.005004883 850.454833984
eeg 847.164855957 852.09979248 832.360046387 852.09979248
eeg 845.519897461 850.454833984 815.91027832 855.389770508
eeg 847.164855957 853.744812012 830.715087891 852.09979248
eeg 842.229919434 852.09979248 830.715087891 850.454833984
eeg 842.229919434 853.744812012 837.29498291 853.744812012
eeg 842.229919434 853.744812012 843.874938965 850.454833984
eeg 843.874938965 850.454833984 825.780151367 855.389770508
eeg 843.874938965 853.744812012 840.584960938 852.09979248
eeg 843.874938965 853.744812012 848.809875488 848.809875488
eeg 842.229919434 850.454833984 840.584960938 853.744812012
eeg 843.874938965 852.09979248 848.809875488 847.164855957
eeg 843.874938965 850.454833984 837.29498291 847.164855957
eeg 834.005004883 845.519897461 835.650024414 845.519897461
eeg 840.584960938 850.454833984 853.744812012 842.229919434
eeg 840.584960938 848.809875488 835.650024414 847.164855957
eeg 838.940002441 848.809875488 845.519897461 845.519897461
eeg 845.519897461 848.809875488 843.874938965 847.164855957
eeg 842.229919434 850.454833984 837.29498291 847.164855957
eeg 843.874938965 850.454833984 842.229919434 850.454833984
eeg 842.229919434 855.389770508 840.584960938 852.09979248
a 0.161122500896 0.153825834394 0.196722984314 0.210586920381
b 0.0257056187838 0.0883193910122 0.119218125939 0.0469057783484
d 0.620616018772 0.492361158133 0.416012644768 0.595861852169
g 0.016868988052 0.0496124662459 0.127341061831 0.00952163618058
t 0.175686880946 0.215881168842 0.140705168247 0.137123808265
h 1.0 1.0 1.0 1.0
c 0.855774343014
Aa 0.931537032127 -0.00354404933751 0.392421841621 1.05818021297
Ab 0.134408861399 -0.244517251849 0.174909040332 0.405975133181
Ad 1.51720380783 0.501710474491 0.717673301697 1.50989437103
Ag -0.0485301800072 -0.494982481003 0.203535199165 -0.286539644003
At 0.969120144844 0.14364144206 0.24687679112 0.871861696243
as 0.727272748947 0.201492533088 0.428571432829 1.0
bs 0.0909090936184 0.0294117648154 0.264705896378 0.716981112957
ds 0.71942448616 0.286885231733 0.354166656733 0.685714304447
gs 0.454545468092 0.0263157896698 0.310344815254 0.0927835032344
ts 0.588235318661 0.300813019276 0.28125 0.453608244658
eeg 838.940002441 852.09979248 835.650024414 845.519897461
eeg 837.29498291 850.454833984 838.940002441 845.519897461
eeg 838.940002441 850.454833984 840.584960938 842.229919434
eeg 837.29498291 845.519897461 832.360046387 843.874938965
eeg 840.584960938 850.454833984 850.454833984 845.519897461
eeg 842.229919434 847.164855957 840.584960938 845.519897461
eeg 840.584960938 843.874938965 834.005004883 848.809875488
eeg 845.519897461 847.164855957 832.360046387 852.09979248
eeg 843.874938965 847.164855957 830.715087891 853.744812012
eeg 845.519897461 845.519897461 822.49017334 852.09979248
eeg 843.874938965 853.744812012 840.584960938 848.809875488
eeg 843.874938965 848.809875488 817.555236816 845.519897461
eeg 838.940002441 853.744812012 827.425109863 847.164855957
eeg 843.874938965 853.744812012 830.715087891 853.744812012
eeg 845.519897461 852.09979248 834.005004883 848.809875488
eeg 852.09979248 850.454833984 829.070068359 852.09979248
eeg 850.454833984 852.09979248 835.650024414 850.454833984
eeg 848.809875488 850.454833984 834.005004883 853.744812012
eeg 847.164855957 852.09979248 827.425109863 858.679748535
eeg 842.229919434 848.809875488 817.555236816 853.744812012
eeg 847.164855957 848.809875488 817.555236816 853.744812012
eeg 847.164855957 848.809875488 806.040344238 860.324707031
a 0.162504151464 0.152844101191 0.194422230124 0.212701156735
b 0.0260104741901 0.08411693573 0.119140028954 0.0469212047756
d 0.620693743229 0.499756366014 0.419400453568 0.595004081726
g 0.0164497345686 0.0514149516821 0.120809704065 0.00970118120313
t 0.174341872334 0.211867660284 0.146227583289 0.135672390461
h 1.0 1.0 1.0 1.0
c 0.843224585056
Aa 0.931537032127 -0.00347017869353 0.400247603655 1.05818021297
Ab 0.135820835829 -0.262835413218 0.18755941093 0.40177950263
Ad 1.5135499239 0.511039495468 0.734130620956 1.5049302578
Ag -0.063168540597 -0.476629436016 0.193603530526 -0.282765030861
At 0.962074279785 0.138345807791 0.276530981064 0.862901806831
as 0.727272748947 0.201492533088 0.438095241785 1.0
bs 0.0909090936184 0.0149253727868 0.323529422283 0.730769217014
ds 0.71942448616 0.295081973076 0.375 0.678571403027
gs 0.39393940568 0.078947365284 0.275862067938 0.103092782199
ts 0.579831957817 0.300813019276 0.3125 0.4375
eeg 848.809875488 852.09979248 825.780151367 860.324707031
eeg 848.809875488 848.809875488 827.425109863 853.744812012
eeg 847.164855957 850.454833984 832.360046387 852.09979248
eeg 845.519897461 850.454833984 834.005004883 850.454833984
eeg 850.454833984 853.744812012 834.005004883 853.744812012
eeg 852.09979248 852.09979248 820.845214844 857.034729004
eeg 855.389770508 852.09979248 819.200195312 852.09979248
eeg 843.874938965 855.389770508 825.780151367 848.809875488
eeg 840.584960938 857.034729004 838.940002441 847.164855957
eeg 845.519897461 850.454833984 812.620300293 852.09979248
eeg 842.229919434 853.744812012 832.360046387 848.809875488
eeg 850.454833984 847.164855957 817.555236816 848.809875488
eeg 845.519897461 853.744812012 827.425109863 852.09979248
eeg 845.519897461 853.744812012 829.070068359 852.09979248
eeg 840.584960938 853.744812012 824.135131836 852.09979248
eeg 842.229919434 848.809875488 807.68536377 857.034729004
eeg 843.874938965 852.09979248 830.715087891 853.744812012
eeg 843.874938965 847.164855957 822.49017334 850.454833984
eeg 843.874938965 843.874938965 820.845214844 848.809875488
eeg 838.940002441 852.09979248 845.519897461 840.584960938
eeg 843.874938965 848.809875488 827.425109863 840.584960938
eeg 845.519897461 852.09979248 835.650024414 843.874938965
a 0.16384921968 0.152434468269 0.19688539207 0.214704394341
b 0.0263718739152 0.0813231393695 0.121810428798 0.0469342172146
d 0.621531963348 0.504576683044 0.417700737715 0.594788730145
g 0.0160123612732 0.0528964363039 0.114067710936 0.00985323451459
t 0.172234579921 0.208769261837 0.149535730481 0.133719429374
h 1.0 1.0 1.0 1.0
c 0.830421745777
Aa 0.931537032127 -0.00347017869353 0.417376667261 1.05818021297
Ab 0.138233616948 -0.276339232922 0.208847641945 0.397828817368
Ad 1.5105561018 0.516373813152 0.744028389454 1.50070202351
Ag -0.0784519687295 -0.463126957417 0.180325895548 -0.280081927776
At 0.953212976456 0.133113205433 0.297908127308 0.852533817291
as 0.727272748947 0.201492533088 0.447619050741 1.0
bs 0.119047619402 0.0 0.39393940568 0.730769217014
ds 0.71942448616 0.297520667315 0.385416656733 0.676258981228
gs 0.363636374474 0.131578952074 0.24137930572 0.103092782199
ts 0.571428596973 0.295081973076 0.34375 0.427083343267
eeg 842.229919434 848.809875488 830.715087891 847.164855957
eeg 840.584960938 850.454833984 837.29498291 848.809875488
eeg 835.650024414 855.389770508 852.09979248 848.809875488
eeg 835.650024414 855.389770508 857.034729004 843.874938965
eeg 838.940002441 850.454833984 847.164855957 848.809875488
eeg 837.29498291 850.454833984 840.584960938 847.164855957
eeg 843.874938965 855.389770508 848.809875488 848.809875488
eeg 840.584960938 855.389770508 853.744812012 847.164855957
eeg 845.519897461 853.744812012 840.584960938 848.809875488
eeg 838.940002441 855.389770508 824.135131836 852.09979248
eeg 847.164855957 853.744812012 797.815490723 857.034729004
eeg 847.164855957 860.324707031 801.105407715 855.389770508
eeg 850.454833984 858.679748535 799.460449219 852.09979248
eeg 845.519897461 855.389770508 796.170471191 843.874938965
eeg 843.874938965 858.679748535 802.750427246 847.164855957
eeg 852.09979248 853.744812012 792.880554199 847.164855957
eeg 847.164855957 855.389770508 802.750427246 845.519897461
eeg 853.744812012 853.744812012 810.975280762 843.874938965
eeg 850.454833984 853.744812012 812.620300293 840.584960938
eeg 855.389770508 853.744812012 804.395385742 843.874938965
eeg 855.389770508 850.454833984 809.330322266 845.519897461
eeg 857.034729004 855.389770508 807.68536377 852.09979248
a 0.165536344051 0.151949107647 0.197427168489 0.2169033885
b 0.0267604868859 0.0797126665711 0.127053171396 0.0470881387591
d 0.621591985226 0.508543431759 0.414967149496 0.593864738941
g 0.0155779039487 0.0537723638117 0.10787666589 0.0100330952555
t 0.170533299446 0.206022441387 0.15267585218 0.132110640407
h 1.0 1.0 1.0 1.0
c 0.817191958427
Aa 0.931537032127 -0.00495496345684 0.425718784332 1.05818021297
Ab 0.140137642622 -0.285125792027 0.234297350049 0.39482536912
Ad 1.50614905357 0.519674956799 0.748325526714 1.49560141563
Ag -0.0948473289609 -0.456093966961 0.163239359856 -0.276651203632
At 0.944452822208 0.127261415124 0.314082205296 0.842851638794
as 0.724489808083 0.201492533088 0.475247532129 1.0
bs 0.12195122242 0.0 0.454545468092 0.705882370472
ds 0.712230205536 0.305785119534 0.389473676682 0.669064760208
gs 0.3125 0.131578952074 0.172413796186 0.103092782199
ts 0.56302523613 0.295081973076 0.34736841917 0.416666656733
eeg 857.034729004 852.09979248 792.880554199 858.679748535
eeg 850.454833984 855.389770508 809.330322266 850.454833984
eeg 848.809875488 850.454833984 791.235534668 853.744812012
eeg 847.164855957 847.164855957 783.010620117 858.679748535
eeg 845.519897461 852.09979248 801.105407715 850.454833984
eeg 845.519897461 848.809875488 784.655639648 853.744812012
eeg 843.874938965 847.164855957 781.365661621 852.09979248
eeg 840.584960938 847.164855957 778.075683594 847.164855957
eeg 845.519897461 848.809875488 789.590576172 848.809875488
eeg 853.744812012 843.874938965 773.14074707 860.324707031
eeg 842.229919434 850.454833984 791.235534668 850.454833984
eeg 848.809875488 843.874938965 769.850830078 855.389770508
eeg 847.164855957 845.519897461 774.785766602 855.389770508
eeg 848.809875488 850.454833984 771.495788574 852.09979248
eeg 850.454833984 848.809875488 763.270874023 852.09979248
eeg 845.519897461 845.519897461 755.045959473 857.034729004
eeg 847.164855957 845.519897461 761.625915527 850.454833984
eeg 847.164855957 843.874938965 776.430725098 853.744812012
eeg 845.519897461 843.874938965 773.14074707 852.09979248
eeg 837.29498291 843.874938965 761.625915527 853.744812012
eeg 835.650024414 847.164855957 761.625915527 857.034729004
eeg 843.874938965 843.874938965 755.045959473 853.744812012
a 0.168408095837 0.153199970722 0.207652822137 0.220389217138
b 0.0271803494543 0.0785261318088 0.131942406297 0.0473506711423
d 0.618315815926 0.512345194817 0.4046484828 0.590168476105
g 0.0151722934097 0.0538721606135 0.10048225522 0.0102664446458
t 0.17092345655 0.202056512237 0.155274018645 0.13182516396
h 1.0 1.0 1.0 1.0
c 0.80345839262
Aa 0.931537032127 -0.00296072149649 0.460137367249 1.05818021297
Ab 0.139429107308 -0.293205201626 0.263183951378 0.390315979719
Ad 1.49638438225 0.521343290806 0.74987745285 1.48596584797
Ag -0.113774709404 -0.456854999065 0.144888922572 -0.273590058088
At 0.93797570467 0.117253467441 0.333898335695 0.834988176823
as 0.724489808083 0.208955228329 0.514851510525 1.0
bs 0.12195122242 0.0 0.53125 0.72000002861
ds 0.705035984516 0.308333337307 0.387096762657 0.661870479584
gs 0.25 0.135135129094 0.103448279202 0.105263158679
ts 0.56302523613 0.286885231733 0.368421047926 0.40625
eeg 848.809875488 850.454833984 769.850830078 852.09979248
eeg 848.809875488 850.454833984 771.495788574 850.454833984
eeg 853.744812012 850.454833984 756.690979004 857.034729004
eeg 850.454833984 847.164855957 750.111022949 860.324707031
eeg 850.454833984 847.164855957 750.111022949 860.324707031
eeg 847.164855957 847.164855957 755.045959473 853.744812012
eeg 847.164855957 848.809875488 751.75604248 855.389770508
eeg 845.519897461 850.454833984 750.111022949 855.389770508
eeg 850.454833984 845.519897461 745.176086426 853.744812012
eeg 855.389770508 843.874938965 741.886108398 858.679748535
eeg 845.519897461 847.164855957 750.111022949 852.09979248
eeg 855.389770508 848.809875488 755.045959473 858.679748535
eeg 853.744812012 850.454833984 751.75604248 860.324707031
eeg 848.809875488 853.744812012 769.850830078 848.809875488
eeg 850.454833984 852.09979248 773.14074707 850.454833984
eeg 850.454833984 848.809875488 766.560852051 853.744812012
eeg 845.519897461 847.164855957 771.495788574 852.09979248
eeg 848.809875488 843.874938965 751.75604248 853.744812012
eeg 847.164855957 845.519897461 751.75604248 855.389770508
eeg 843.874938965 848.809875488 763.270874023 850.454833984
eeg 852.09979248 845.519897461 764.91583252 853.744812012
eeg 847.164855957 847.164855957 778.075683594 852.09979248
a 0.174004554749 0.156547665596 0.233207345009 0.227489441633
b 0.0280216503888 0.0768925324082 0.132656008005 0.0479301027954
d 0.608807146549 0.516757905483 0.38872396946 0.580768048763
g 0.0148798236623 0.0534547530115 0.0904718711972 0.0106712020934
t 0.174286827445 0.196347132325 0.154940798879 0.133141204715
h 1.0 1.0 1.0 1.0
c 0.789290845394
Aa 0.931537032127 0.00249937758781 0.540744841099 1.05818021297
Ab 0.138470128179 -0.30626308918 0.295729488134 0.381827294827
Ad 1.47545611858 0.521139919758 0.762643933296 1.46522164345
Ag -0.136425808072 -0.464160889387 0.129516169429 -0.270567715168
At 0.932241022587 0.100877329707 0.363168388605 0.825531423092
as 0.724489808083 0.208955228329 0.594059407711 1.0
bs 0.12195122242 0.0 0.625 0.699999988079
ds 0.690647482872 0.308333337307 0.397849470377 0.647482037544
gs 0.1875 0.108108110726 0.0689655169845 0.115789473057
ts 0.55084747076 0.270491808653 0.40000000596 0.395833343267
eeg 852.09979248 845.519897461 773.14074707 855.389770508
eeg 850.454833984 848.809875488 776.430725098 857.034729004
eeg 853.744812012 848.809875488 769.850830078 860.324707031
eeg 853.744812012 848.809875488 776.430725098 858.679748535
eeg 843.874938965 852.09979248 784.655639648 850.454833984
eeg 845.519897461 845.519897461 773.14074707 860.324707031
eeg 842.229919434 852.09979248 792.880554199 855.389770508
eeg 848.809875488 848.809875488 779.720703125 852.09979248
eeg 847.164855957 845.519897461 783.010620117 853.744812012
eeg 847.164855957 850.454833984 784.655639648 857.034729004
eeg 855.389770508 845.519897461 774.785766602 861.969726562
eeg 845.519897461 848.809875488 794.525512695 860.324707031
eeg 855.389770508 847.164855957 796.170471191 860.324707031
eeg 857.034729004 847.164855957 787.945556641 860.324707031
eeg 848.809875488 850.454833984 797.815490723 858.679748535
eeg 852.09979248 848.809875488 781.365661621 861.969726562
eeg 847.164855957 852.09979248 791.235534668 855.389770508
eeg 842.229919434 852.09979248 797.815490723 858.679748535
eeg 847.164855957 848.809875488 791.235534668 858.679748535
eeg 840.584960938 855.389770508 806.040344238 852.09979248
eeg 845.519897461 857.034729004 810.975280762 853.744812012
eeg 848.809875488 850.454833984 794.525512695 855.389770508
a 0.185212358832 0.159884825349 0.276671081781 0.242340832949
b 0.0295211132616 0.0746119171381 0.123476758599 0.0489181280136
d 0.589613139629 0.523595333099 0.376478672028 0.561217188835
g 0.0148667702451 0.0532107241452 0.0758585333824 0.0113417161629
t 0.180786639452 0.188697189093 0.147514984012 0.136182129383
h 1.0 1.0 1.0 1.0
c 0.774340510368
Aa 0.931537032127 0.00280944886617 0.685631811619 1.05818021297
Ab 0.133999794722 -0.328189611435 0.33525326848 0.363223403692
Ad 1.43443417549 0.517997980118 0.819408416748 1.42288458347
Ag -0.163916319609 -0.474998623133 0.12367247045 -0.271567612886
At 0.921033382416 0.0747676342726 0.412504166365 0.807873725891
as 0.724489808083 0.208955228329 0.732673287392 1.0
bs 0.0975609719753 0.0 0.75 0.660000026226
ds 0.661870479584 0.308333337307 0.467391312122 0.618705034256
gs 0.09375 0.0810810774565 0.0344827584922 0.115789473057
ts 0.542372882366 0.239669427276 0.457446813583 0.385416656733
eeg 843.874938965 857.034729004 815.91027832 855.389770508
eeg 848.809875488 855.389770508 804.395385742 857.034729004
eeg 852.09979248 855.389770508 804.395385742 858.679748535
eeg 845.519897461 853.744812012 797.815490723 857.034729004
eeg 838.940002441 855.389770508 804.395385742 852.09979248
eeg 842.229919434 858.679748535 830.715087891 845.519897461
eeg 840.584960938 853.744812012 810.975280762 848.809875488
eeg 835.650024414 853.744812012 807.68536377 847.164855957
eeg 843.874938965 852.09979248 806.040344238 848.809875488
eeg 835.650024414 853.744812012 801.105407715 850.454833984
eeg 837.29498291 860.324707031 817.555236816 845.519897461
eeg 843.874938965 855.389770508 807.68536377 848.809875488
eeg 842.229919434 853.744812012 791.235534668 850.454833984
eeg 843.874938965 857.034729004 797.815490723 852.09979248
eeg 843.874938965 858.679748535 806.040344238 845.519897461
eeg 845.519897461 857.034729004 791.235534668 852.09979248
eeg 842.229919434 855.389770508 796.170471191 847.164855957
eeg 838.940002441 850.454833984 789.590576172 845.519897461
eeg 840.584960938 855.389770508 801.105407715 847.164855957
eeg 837.29498291 855.389770508 796.170471191 848.809875488
eeg 842.229919434 852.09979248 791.235534668 848.809875488
eeg 845.519897461 852.09979248 792.880554199 852.09979248
a 0.206891462207 0.159686148167 0.290588796139 0.271234244108
b 0.0322292633355 0.07267241925 0.108690567315 0.0505147092044
d 0.556805253029 0.534236609936 0.408538490534 0.525910139084
g 0.0154222259298 0.0539302453399 0.0608541704714 0.0124660125002
t 0.188651815057 0.179474577308 0.131327971816 0.139874905348
h 1.0 1.0 1.0 1.0
c 0.758519470692
Aa 0.931537032127 -0.015244089067 0.809230744839 1.05818021297
Ab 0.124044798315 -0.357141703367 0.382143735886 0.328253507614
Ad 1.36149775982 0.509222328663 0.95718485117 1.34574723244
Ag -0.196058511734 -0.486678928137 0.130242228508 -0.279436796904
At 0.891455411911 0.0354916118085 0.464309126139 0.770575463772
as 0.724489808083 0.201550394297 0.861386120319 1.0
bs 0.0731707289815 0.0 0.90625 0.600000023842
ds 0.611510813236 0.300000011921 0.604395627975 0.562043786049
gs 0.0 0.0540540553629 0.0689655169845 0.105263158679
ts 0.516949176788 0.206611573696 0.510638296604 0.34375
eeg 845.519897461 855.389770508 797.815490723 855.389770508
eeg 847.164855957 858.679748535 801.105407715 848.809875488
eeg 845.519897461 857.034729004 789.590576172 858.679748535
eeg 847.164855957 852.09979248 802.750427246 855.389770508
eeg 850.454833984 848.809875488 804.395385742 855.389770508
eeg 845.519897461 848.809875488 806.040344238 850.454833984
eeg 847.164855957 852.09979248 809.330322266 845.519897461
eeg 845.519897461 852.09979248 802.750427246 847.164855957
eeg 837.29498291 850.454833984 794.525512695 848.809875488
eeg 835.650024414 852.09979248 807.68536377 843.874938965
eeg 829.070068359 852.09979248 809.330322266 834.005004883
eeg 842.229919434 852.09979248 797.815490723 837.29498291
eeg 834.005004883 852.09979248 801.105407715 840.584960938
eeg 834.005004883 853.744812012 801.105407715 838.940002441
eeg 838.940002441 853.744812012 801.105407715 847.164855957
eeg 829.070068359 853.744812012 806.040344238 840.584960938
eeg 832.360046387 853.744812012 814.265258789 840.584960938
eeg 835.650024414 853.744812012 804.395385742 843.874938965
eeg 832.360046387 858.679748535 820.845214844 847.164855957
eeg 838.940002441 860.324707031 822.49017334 850.454833984
eeg 847.164855957 857.034729004 817.555236816 852.09979248
eeg 845.519897461 858.679748535 819.200195312 852.09979248
a 0.245996132493 0.149194583297 0.268769472837 0.322377443314
b 0.0370271205902 0.0733603015542 0.092539280653 0.0528545342386
d 0.505747258663 0.550070106983 0.480166733265 0.468870520592
g 0.0169065147638 0.0565795041621 0.0485220961273 0.0142906429246
t 0.194322958589 0.17079551518 0.110002420843 0.141606837511
h 1.0 1.0 1.0 1.0
c 0.742461740971
Aa 0.931537032127 -0.0773872882128 0.891398668289 1.05818021297
Ab 0.109128654003 -0.385679244995 0.428344905376 0.272897779942
Ad 1.2445422411 0.489277690649 1.14341080189 1.22086846828
Ag -0.231337189674 -0.498481214046 0.147958308458 -0.295132696629
At 0.829132854939 -0.0186638701707 0.503421008587 0.700899779797
as 0.724489808083 0.155038759112 0.94059407711 1.0
bs 0.0487804859877 0.0 1.0 0.479999989271
ds 0.525179862976 0.277310937643 0.813186824322 0.47445255518
gs 0.0 0.0270270276815 0.142857149243 0.0769230797887
ts 0.466101706028 0.165289252996 0.553191483021 0.270833343267
eeg 845.519897461 852.09979248 802.750427246 850.454833984
eeg 840.584960938 857.034729004 817.555236816 842.229919434
eeg 832.360046387 853.744812012 804.395385742 848.809875488
eeg 840.584960938 860.324707031 820.845214844 847.164855957
eeg 845.519897461 857.034729004 804.395385742 853.744812012
eeg 852.09979248 861.969726562 810.975280762 857.034729004
eeg 848.809875488 861.969726562 799.460449219 855.389770508
eeg 843.874938965 860.324707031 799.460449219 852.09979248
eeg 840.584960938 861.969726562 802.750427246 843.874938965
eeg 840.584960938 857.034729004 794.525512695 850.454833984
eeg 842.229919434 861.969726562 814.265258789 840.584960938
eeg 847.164855957 855.389770508 801.105407715 848.809875488
eeg 852.09979248 853.744812012 806.040344238 850.454833984
eeg 845.519897461 852.09979248 802.750427246 845.519897461
eeg 848.809875488 852.09979248 814.265258789 853.744812012
eeg 852.09979248 847.164855957 810.975280762 848.809875488
eeg 845.519897461 847.164855957 810.975280762 853.744812012
eeg 850.454833984 847.164855957 812.620300293 858.679748535
eeg 845.519897461 852.09979248 827.425109863 853.744812012
eeg 843.874938965 853.744812012 834.005004883 857.034729004
eeg 852.09979248 857.034729004 840.584960938 860.324707031
eeg 853.744812012 847.164855957 812.620300293 860.324707031
a 0.311085343361 0.136754646897 0.221418887377 0.392262965441
b 0.0452200658619 0.0778478905559 0.0797749906778 0.0570046752691
d 0.431623250246 0.562062323093 0.566102862358 0.393682360649
g 0.0197488311678 0.061102245003 0.0406522117555 0.0174258798361
t 0.192322522402 0.162232920527 0.0920510739088 0.139624089003
h 1.0 1.0 1.0 1.0
c 0.726220548153
Aa 0.931228399277 -0.161988914013 0.909185647964 1.03636920452
Ab 0.0936800464988 -0.406684160233 0.465837776661 0.198702320457
Ad 1.07345366478 0.451853454113 1.31686639786 1.03793776035
Ag -0.266109764576 -0.511873841286 0.173055201769 -0.316013455391
At 0.722378969193 -0.0877920240164 0.52799987793 0.587752223015
as 0.724489808083 0.0930232554674 0.960396051407 0.965116262436
bs 0.0 0.0 1.0 0.340000003576
ds 0.402877688408 0.243697479367 1.0 0.338235288858
gs 0.0 0.0 0.214285716414 0.0549450553954
ts 0.367521375418 0.107438012958 0.580645143986 0.15625
eeg 850.454833984 855.389770508 825.780151367 850.454833984
eeg 850.454833984 850.454833984 807.68536377 853.744812012
eeg 850.454833984 850.454833984 791.235534668 850.454833984
eeg 848.809875488 850.454833984 778.075683594 855.389770508
eeg 853.744812012 852.09979248 789.590576172 857.034729004
eeg 855.389770508 855.389770508 791.235534668 853.744812012
eeg 847.164855957 855.389770508 794.525512695 857.034729004
eeg 848.809875488 853.744812012 789.590576172 850.454833984
eeg 845.519897461 848.809875488 771.495788574 848.809875488
eeg 850.454833984 852.09979248 789.590576172 850.454833984
eeg 853.744812012 848.809875488 799.460449219 857.034729004
eeg 850.454833984 843.874938965 789.590576172 860.324707031
eeg 848.809875488 847.164855957 773.14074707 863.614685059
eeg 850.454833984 843.874938965 764.91583252 858.679748535
eeg 847.164855957 847.164855957 753.401000977 853.744812012
eeg 847.164855957 850.454833984 755.045959473 855.389770508
eeg 845.519897461 855.389770508 758.3359375 858.679748535
eeg 843.874938965 853.744812012 769.850830078 852.09979248
eeg 847.164855957 852.09979248 774.785766602 855.389770508
eeg 845.519897461 857.034729004 796.170471191 858.679748535
eeg 853.744812012 853.744812012 791.235534668 858.679748535
eeg 855.389770508 855.389770508 769.850830078 860.324707031
a 0.372330248356 0.12948012352 0.182643055916 0.443378120661
b 0.0616283118725 0.0869108960032 0.0699783042073 0.0683659687638
d 0.352820694447 0.561378657818 0.63358181715 0.324683338404
g 0.0257038678974 0.0672161877155 0.0357563756406 0.0241140127182
t 0.187516897917 0.155014127493 0.0780404731631 0.139458552003
h 1.0 1.0 1.0 1.0
c 0.709795832634
Aa 0.866403460503 -0.244093060493 0.909185647964 0.928201436996
Ab 0.0852554365993 -0.417221963406 0.492545902729 0.116267174482
Ad 0.843029201031 0.392959713936 1.44938516617 0.792887210846
Ag -0.29452636838 -0.528822302818 0.200936019421 -0.336303323507
At 0.568515598774 -0.165924891829 0.53990238905 0.4258723557
as 0.64948451519 0.0232558138669 1.0 0.848837196827
bs 0.0 0.0 1.0 0.159999996424
ds 0.237410068512 0.193277314305 1.0 0.161764711142
gs 0.0 0.0 0.321428567171 0.0329670347273
ts 0.239316239953 0.0413223132491 0.591397821903 0.0
eeg 857.034729004 853.744812012 758.3359375 861.969726562
eeg 853.744812012 845.519897461 746.821105957 861.969726562
eeg 855.389770508 850.454833984 755.045959473 861.969726562
eeg 855.389770508 855.389770508 774.785766602 863.614685059
eeg 850.454833984 850.454833984 779.720703125 858.679748535
eeg 855.389770508 850.454833984 783.010620117 861.969726562
eeg 853.744812012 853.744812012 797.815490723 855.389770508
eeg 857.034729004 853.744812012 791.235534668 857.034729004
eeg 855.389770508 850.454833984 781.365661621 860.324707031
eeg 845.519897461 850.454833984 786.300598145 852.09979248
eeg 845.519897461 847.164855957 789.590576172 853.744812012
eeg 847.164855957 850.454833984 787.945556641 850.454833984
eeg 853.744812012 850.454833984 786.300598145 847.164855957
eeg 857.034729004 850.454833984 789.590576172 853.744812012
eeg 848.809875488 848.809875488 784.655639648 850.454833984
eeg 847.164855957 848.809875488 810.975280762 850.454833984
eeg 850.454833984 848.809875488 794.525512695 853.744812012
eeg 848.809875488 850.454833984 804.395385742 857.034729004
eeg 852.09979248 847.164855957 804.395385742 857.034729004
eeg 850.454833984 848.809875488 797.815490723 847.164855957
eeg 848.809875488 853.744812012 796.170471191 847.164855957
eeg 855.389770508 852.09979248 794.525512695 852.09979248
a 0.402370423079 0.142808258533 0.158923074603 0.438963711262
b 0.0935613363981 0.0992838442326 0.0635180398822 0.0965398997068
d 0.282013177872 0.535355448723 0.675149381161 0.279334336519
g 0.0376134552062 0.0731063783169 0.0331670790911 0.0390640869737
t 0.184441611171 0.149446040392 0.0692424029112 0.146097943187
h 1.0 1.0 1.0 1.0
c 0.693279325962
Aa 0.721546113491 -0.259603112936 0.909185647964 0.701625406742
Ab 0.0880164727569 -0.417477846146 0.51089578867 0.043903619051
Ad 0.567189455032 0.314285814762 1.53739857674 0.505321085453
Ag -0.307736724615 -0.55040115118 0.22870592773 -0.349025547504
At 0.382778942585 -0.239871993661 0.548370838165 0.223840862513
as 0.50515460968 0.0155038759112 1.0 0.581395328045
bs 0.0 0.0 1.0 0.0204081628472
ds 0.0289855077863 0.127118647099 1.0 0.0
gs 0.0 0.0 0.428571432829 0.0219780225307
ts 0.0769230797887 0.0 0.602150559425 0.0
eeg 852.09979248 850.454833984 804.395385742 843.874938965
eeg 845.519897461 845.519897461 796.170471191 847.164855957
eeg 848.809875488 840.584960938 806.040344238 843.874938965
eeg 837.29498291 847.164855957 806.040344238 838.940002441
eeg 848.809875488 852.09979248 797.815490723 848.809875488
eeg 845.519897461 850.454833984 804.395385742 847.164855957
eeg 837.29498291 847.164855957 797.815490723 843.874938965
eeg 835.650024414 845.519897461 814.265258789 847.164855957
eeg 834.005004883 850.454833984 820.845214844 843.874938965
eeg 835.650024414 843.874938965 812.620300293 847.164855957
eeg 830.715087891 848.809875488 815.91027832 840.584960938
eeg 838.940002441 847.164855957 807.68536377 843.874938965
eeg 830.715087891 845.519897461 815.91027832 848.809875488
eeg 835.650024414 850.454833984 817.555236816 847.164855957
eeg 837.29498291 848.809875488 812.620300293 848.809875488
eeg 838.940002441 845.519897461 807.68536377 850.454833984
eeg 840.584960938 848.809875488 809.330322266 850.454833984
eeg 834.005004883 848.809875488 822.49017334 847.164855957
eeg 842.229919434 845.519897461 820.845214844 853.744812012
eeg 838.940002441 840.584960938 820.845214844 852.09979248
eeg 842.229919434 840.584960938 827.425109863 847.164855957
eeg 845.519897461 835.650024414 801.105407715 853.744812012
a 0.37159845233 0.156643271446 0.145036682487 0.340308785439
b 0.144931569695 0.115861698985 0.0607562065125 0.153162628412
d 0.23567609489 0.496679842472 0.695528507233 0.276777863503
g 0.0579631254077 0.0787971690297 0.0322036631405 0.0686130002141
t 0.189830750227 0.152017995715 0.0664749294519 0.161137700081
h 1.0 1.0 1.0 1.0
c 0.67678552866
Aa 0.507057726383 -0.277489572763 0.909185647964 0.345564514399
Ab 0.0981467813253 -0.40846145153 0.531298458576 -0.0011558191618
Ad 0.309299319983 0.223675206304 1.59002280235 0.255822718143
Ag -0.299864411354 -0.575890719891 0.255613088608 -0.349902242422
At 0.215350329876 -0.290506333113 0.570365667343 0.0208885334432
as 0.270833343267 0.0 1.0 0.152941182256
bs 0.0243902429938 0.0 1.0 0.0
ds 0.0 0.0427350439131 1.0 0.0
gs 0.0 0.0 0.5 0.0246913582087
ts 0.0 0.0 0.62365591526 0.0
eeg 830.715087891 842.229919434 812.620300293 852.09979248
eeg 834.005004883 847.164855957 838.940002441 845.519897461
eeg 837.29498291 845.519897461 825.780151367 852.09979248
eeg 835.650024414 848.809875488 835.650024414 847.164855957
eeg 835.650024414 847.164855957 827.425109863 848.809875488
eeg 838.940002441 843.874938965 812.620300293 848.809875488
eeg 832.360046387 845.519897461 827.425109863 842.229919434
eeg 837.29498291 842.229919434 820.845214844 842.229919434
eeg 838.940002441 845.519897461 817.555236816 843.874938965
eeg 835.650024414 847.164855957 820.845214844 845.519897461
eeg 843.874938965 847.164855957 822.49017334 847.164855957
eeg 838.940002441 848.809875488 820.845214844 838.940002441
eeg 843.874938965 847.164855957 812.620300293 847.164855957
eeg 842.229919434 852.09979248 809.330322266 847.164855957
eeg 837.29498291 852.09979248 810.975280762 845.519897461
eeg 845.519897461 848.809875488 802.750427246 853.744812012
eeg 840.584960938 850.454833984 809.330322266 842.229919434
eeg 843.874938965 845.519897461 801.105407715 848.809875488
eeg 840.584960938 852.09979248 812.620300293 848.809875488
eeg 847.164855957 860.324707031 819.200195312 847.164855957
eeg 847.164855957 857.034729004 809.330322266 847.164855957
eeg 848.809875488 858.679748535 804.395385742 850.454833984
a 0.336377054453 0.181310236454 0.135811045766 0.284602105618
b 0.18325099349 0.132711678743 0.0616212189198 0.190925657749
d 0.213117271662 0.444031000137 0.702128767967 0.280361354351
g 0.0763439759612 0.0811740979552 0.0322134569287 0.0906459763646
t 0.190910711884 0.160772979259 0.068225517869 0.153464943171
h 1.0 1.0 1.0 1.0
c 0.660394787788
Aa 0.370981425047 -0.253901153803 0.909185647964 0.156959012151
Ab 0.107201427221 -0.389414310455 0.56598085165 -0.0164147950709
Ad 0.172773733735 0.135089844465 1.62266731262 0.150439053774
Ag -0.273070126772 -0.602905988693 0.28428786993 -0.339930534363
At 0.12498537451 -0.306110411882 0.610197424889 -0.111269906163
as 0.135416671634 0.0155038759112 1.0 0.0
bs 0.0487804859877 0.0 1.0 0.0
ds 0.0 0.0 1.0 0.0
gs 0.0 0.0 0.607142865658 0.037037037313
ts 0.0 0.0 0.681318700314 0.0
eeg 848.809875488 857.034729004 799.460449219 848.809875488
eeg 845.519897461 860.324707031 815.91027832 842.229919434
eeg 840.584960938 861.969726562 817.555236816 848.809875488
eeg 843.874938965 861.969726562 822.49017334 845.519897461
eeg 845.519897461 858.679748535 814.265258789 850.454833984
eeg 855.389770508 863.614685059 815.91027832 850.454833984
eeg 840.584960938 865.259643555 824.135131836 845.519897461
eeg 838.940002441 861.969726562 820.845214844 843.874938965
eeg 837.29498291 855.389770508 822.49017334 848.809875488
eeg 832.360046387 855.389770508 825.780151367 842.229919434
eeg 845.519897461 852.09979248 810.975280762 845.519897461
eeg 835.650024414 853.744812012 822.49017334 847.164855957
eeg 820.845214844 853.744812012 829.070068359 829.070068359
eeg 829.070068359 853.744812012 825.780151367 837.29498291
eeg 822.49017334 858.679748535 832.360046387 829.070068359
eeg 820.845214844 852.09979248 815.91027832 832.360046387
eeg 812.620300293 855.389770508 830.715087891 829.070068359
eeg 807.68536377 853.744812012 814.265258789 814.265258789
eeg 796.170471191 852.09979248 817.555236816 804.395385742
eeg 794.525512695 857.034729004 820.845214844 807.68536377
eeg 787.945556641 852.09979248 806.040344238 801.105407715
eeg 791.235534668 860.324707031 834.005004883 794.525512695
a 0.290725976229 0.197303086519 0.1278603971 0.30206400156
b 0.195958003402 0.148902446032 0.0653340294957 0.185912400484
d 0.229204490781 0.398766487837 0.701666712761 0.287696391344
g 0.0882415473461 0.0807189196348 0.032716922462 0.090274810791
t 0.195869997144 0.174309074879 0.0724219158292 0.134052395821
h 1.0 1.0 1.0 1.0
c 0.644107103348
Aa 0.279973387718 -0.239349022508 0.909185647964 0.199929356575
Ab 0.108652591705 -0.36158105731 0.617589056492 -0.0108612505719
Ad 0.176712706685 0.0662357732654 1.64858055115 0.178764790297
Ag -0.237837284803 -0.627507567406 0.317222058773 -0.324603021145
At 0.108457498252 -0.29316291213 0.662319600582 -0.152895003557
as 0.0416666679084 0.0310077518225 1.0 0.0337078645825
bs 0.0487804859877 0.0 1.0 0.0
ds 0.0 0.0 1.0 0.0
gs 0.0 0.0 0.714285731316 0.0493827164173
ts 0.0 0.0 0.736263751984 0.0
eeg 791.235534668 857.034729004 817.555236816 792.880554199
eeg 789.590576172 858.679748535 825.780151367 787.945556641
eeg 794.525512695 857.034729004 819.200195312 789.590576172
eeg 787.945556641 855.389770508 812.620300293 789.590576172
eeg 794.525512695 861.969726562 822.49017334 787.945556641
eeg 806.040344238 860.324707031 814.265258789 792.880554199
eeg 802.750427246 858.679748535 814.265258789 796.170471191
eeg 809.330322266 861.969726562 817.555236816 797.815490723
eeg 815.91027832 860.324707031 807.68536377 807.68536377
eeg 812.620300293 857.034729004 820.845214844 817.555236816
eeg 810.975280762 858.679748535 827.425109863 830.715087891
eeg 825.780151367 857.034729004 825.780151367 824.135131836
eeg 827.425109863 855.389770508 829.070068359 819.200195312
eeg 830.715087891 858.679748535 825.780151367 830.715087891
eeg 832.360046387 861.969726562 835.650024414 829.070068359
eeg 838.940002441 858.679748535 825.780151367 837.29498291
eeg 843.874938965 858.679748535 837.29498291 848.809875488
eeg 848.809875488 853.744812012 819.200195312 848.809875488
eeg 853.744812012 855.389770508 829.070068359 855.389770508
eeg 845.519897461 855.389770508 829.070068359 860.324707031
eeg 852.09979248 857.034729004 824.135131836 857.034729004
eeg 850.454833984 855.389770508 824.135131836 860.324707031
a 0.244592219591 0.196098715067 0.119984015822 0.287252873182
b 0.19113047421 0.162501648068 0.0699842870235 0.178190514445
d 0.261476099491 0.374393194914 0.700406074524 0.314918935299
g 0.0948776006699 0.0783307850361 0.033435985446 0.0870561078191
t 0.207923620939 0.188675671816 0.0761896446347 0.132581576705
h 1.0 1.0 1.0 1.0
c 0.62850278616
Aa 0.206676766276 -0.247080206871 0.909185647964 0.207996502519
Ab 0.0995640531182 -0.328697174788 0.675062835217 0.000616702716798
Ad 0.235666111112 0.033772982657 1.67541217804 0.247930899262
Ag -0.20460216701 -0.645622491837 0.354276418686 -0.310468614101
At 0.136137962341 -0.263839066029 0.711958229542 -0.127784669399
as 0.0 0.0234375 1.0 0.0449438206851
bs 0.0243902429938 0.0 1.0 0.0
ds 0.0 0.0 1.0 0.0
gs 0.0571428574622 0.0 0.857142865658 0.074074074626
ts 0.0 0.0 0.791208803654 0.0
eeg 852.09979248 855.389770508 827.425109863 857.034729004
eeg 852.09979248 866.904663086 857.034729004 857.034729004
eeg 865.259643555 863.614685059 845.519897461 858.679748535
eeg 861.969726562 861.969726562 850.454833984 860.324707031
eeg 863.614685059 861.969726562 858.679748535 870.194580078
eeg 875.129516602 857.034729004 861.969726562 873.484558105
eeg 878.419494629 861.969726562 880.064453125 875.129516602
eeg 870.194580078 870.194580078 889.934387207 875.129516602
eeg 871.839599609 861.969726562 871.839599609 871.839599609
eeg 870.194580078 863.614685059 868.549621582 871.839599609
eeg 865.259643555 865.259643555 878.419494629 871.839599609
eeg 880.064453125 861.969726562 866.904663086 873.484558105
eeg 871.839599609 861.969726562 865.259643555 875.129516602
eeg 875.129516602 860.324707031 863.614685059 875.129516602
eeg 876.774536133 857.034729004 858.679748535 878.419494629
eeg 873.484558105 860.324707031 871.839599609 875.129516602
eeg 875.129516602 857.034729004 860.324707031 876.774536133
eeg 873.484558105 858.679748535 868.549621582 871.839599609
eeg 871.839599609 858.679748535 860.324707031 871.839599609
eeg 871.839599609 861.969726562 853.744812012 870.194580078
eeg 878.419494629 861.969726562 865.259643555 873.484558105
eeg 878.419494629 861.969726562 866.904663086 876.774536133
a 0.204082787037 0.181618154049 0.113030895591 0.253173589706
b 0.167899563909 0.169810786843 0.073893584311 0.161260485649
d 0.304877758026 0.373982787132 0.698529362679 0.357406556606
g 0.0920732244849 0.0741776823997 0.0342680066824 0.0784184187651
t 0.231066673994 0.200410589576 0.0802781805396 0.149740964174
h 1.0 1.0 1.0 1.0
c 0.613764703274
Aa 0.167039141059 -0.266968786716 0.909185647964 0.207996502519
Ab 0.0822822898626 -0.2961627841 0.724595248699 0.0121060842648
Ad 0.341358482838 0.0467235818505 1.70017313957 0.35774064064
Ag -0.178633913398 -0.6558547616 0.390877306461 -0.301003783941
At 0.220970064402 -0.224207356572 0.760585963726 -0.0200812723488
as 0.0 0.00793650839478 1.0 0.0449438206851
bs 0.0 0.0285714287311 1.0 0.0
ds 0.0 0.0 1.0 0.0
gs 0.142857149243 0.0 1.0 0.0921052619815
ts 0.0 0.0317460335791 0.846153855324 0.0
eeg 883.354431152 860.324707031 866.904663086 878.419494629
eeg 884.999450684 855.389770508 861.969726562 881.709472656
eeg 881.709472656 857.034729004 860.324707031 883.354431152
eeg 876.774536133 857.034729004 871.839599609 884.999450684
eeg 875.129516602 855.389770508 880.064453125 880.064453125
eeg 866.904663086 850.454833984 870.194580078 880.064453125
eeg 878.419494629 852.09979248 876.774536133 881.709472656
eeg 875.129516602 848.809875488 870.194580078 876.774536133
eeg 873.484558105 850.454833984 858.679748535 880.064453125
eeg 870.194580078 852.09979248 860.324707031 873.484558105
eeg 870.194580078 847.164855957 834.005004883 866.904663086
eeg 871.839599609 848.809875488 837.29498291 868.549621582
eeg 873.484558105 853.744812012 837.29498291 866.904663086
eeg 873.484558105 852.09979248 824.135131836 865.259643555
eeg 875.129516602 852.09979248 827.425109863 868.549621582
eeg 870.194580078 847.164855957 814.265258789 873.484558105
eeg 870.194580078 853.744812012 835.650024414 868.549621582
eeg 870.194580078 852.09979248 815.91027832 873.484558105
eeg 863.614685059 852.09979248 817.555236816 873.484558105
eeg 866.904663086 852.09979248 825.780151367 866.904663086
eeg 865.259643555 847.164855957 814.265258789 871.839599609
eeg 866.904663086 853.744812012 827.425109863 871.839599609
a 0.178579762578 0.174500882626 0.108087204397 0.203449115157
b 0.125170394778 0.166905254126 0.0761879906058 0.125409469008
d 0.36299559474 0.384855806828 0.696960389614 0.424772769213
g 0.0749641209841 0.0677056163549 0.0351217277348 0.060602247715
t 0.258290141821 0.206032440066 0.0836426764727 0.185766384006
h 1.0 1.0 1.0 1.0
c 0.599524617195
Aa 0.217095911503 -0.249554485083 0.909185647964 0.230684876442
Ab 0.0627653002739 -0.268882095814 0.757297933102 0.0205594152212
Ad 0.52516502142 0.0939459428191 1.71861946583 0.550385773182
Ag -0.159882873297 -0.660727381706 0.420987248421 -0.29528221488
At 0.377371490002 -0.177416488528 0.797839283943 0.191196203232
as 0.0 0.023809524253 1.0 0.045977011323
bs 0.0 0.0714285746217 1.0 0.0196078438312
ds 0.0281690135598 0.0 1.0 0.0349650345743
gs 0.20000000298 0.0 1.0 0.0945945978165
ts 0.12096773833 0.0714285746217 0.89010989666 0.0
eeg 873.484558105 848.809875488 812.620300293 866.904663086
eeg 861.969726562 850.454833984 810.975280762 866.904663086
eeg 863.614685059 848.809875488 807.68536377 857.034729004
eeg 855.389770508 843.874938965 797.815490723 870.194580078
eeg 863.614685059 853.744812012 812.620300293 866.904663086
eeg 861.969726562 850.454833984 801.105407715 866.904663086
eeg 855.389770508 853.744812012 825.780151367 866.904663086
eeg 858.679748535 857.034729004 827.425109863 855.389770508
eeg 860.324707031 847.164855957 825.780151367 865.259643555
eeg 857.034729004 848.809875488 830.715087891 855.389770508
eeg 860.324707031 852.09979248 820.845214844 855.389770508
eeg 863.614685059 853.744812012 812.620300293 863.614685059
eeg 866.904663086 852.09979248 814.265258789 866.904663086
eeg 870.194580078 853.744812012 820.845214844 868.549621582
eeg 861.969726562 848.809875488 815.91027832 865.259643555
eeg 861.969726562 848.809875488 806.040344238 858.679748535
eeg 853.744812012 850.454833984 810.975280762 855.389770508
eeg 861.969726562 845.519897461 797.815490723 861.969726562
eeg 860.324707031 843.874938965 814.265258789 855.389770508
eeg 855.389770508 845.519897461 815.91027832 855.389770508
eeg 857.034729004 843.874938965 806.040344238 866.904663086
eeg 855.389770508 845.519897461 809.330322266 863.614685059
a 0.150097772479 0.176692575216 0.104739613831 0.162199780345
b 0.0827149227262 0.156778901815 0.07678347826 0.0833546742797
d 0.439113587141 0.398375511169 0.695324897766 0.496683120728
g 0.0531713888049 0.060387391597 0.0356705524027 0.0402247235179
t 0.27490234375 0.207765609026 0.0874814689159 0.21753770113
h 1.0 1.0 1.0 1.0
c 0.585635840893
Aa 0.305769771338 -0.196035340428 0.909185647964 0.315949469805
Ab 0.0469793900847 -0.247965991497 0.774342477322 0.0268291588873
Ad 0.771972417831 0.157039016485 1.73126244545 0.801978588104
Ag -0.144926458597 -0.662307322025 0.441384524107 -0.289607733488
At 0.568573951721 -0.125679954886 0.830990791321 0.443433701992
as 0.0927835032344 0.0634920671582 1.0 0.12790697813
bs 0.0 0.10000000149 1.0 0.019999999553
ds 0.204225346446 0.0327868834138 1.0 0.209790214896
gs 0.228571429849 0.0 1.0 0.108108110726
ts 0.282258063555 0.112000003457 0.923076927662 0.159292042255
eeg 857.034729004 847.164855957 815.91027832 865.259643555
eeg 850.454833984 848.809875488 824.135131836 861.969726562
eeg 850.454833984 847.164855957 829.070068359 861.969726562
eeg 853.744812012 850.454833984 837.29498291 863.614685059
eeg 852.09979248 847.164855957 820.845214844 861.969726562
eeg 858.679748535 845.519897461 827.425109863 861.969726562
eeg 852.09979248 847.164855957 827.425109863 855.389770508
eeg 850.454833984 848.809875488 830.715087891 853.744812012
eeg 853.744812012 850.454833984 830.715087891 858.679748535
eeg 852.09979248 850.454833984 838.940002441 858.679748535
eeg 850.454833984 848.809875488 838.940002441 858.679748535
eeg 850.454833984 852.09979248 834.005004883 857.034729004
eeg 842.229919434 848.809875488 834.005004883 857.034729004
eeg 847.164855957 850.454833984 838.940002441 857.034729004
eeg 847.164855957 845.519897461 832.360046387 858.679748535
eeg 843.874938965 850.454833984 853.744812012 850.454833984
eeg 848.809875488 855.389770508 842.229919434 852.09979248
eeg 848.809875488 855.389770508 832.360046387 853.744812012
eeg 847.164855957 853.744812012 822.49017334 860.324707031
eeg 842.229919434 853.744812012 834.005004883 858.679748535
eeg 845.519897461 852.09979248 838.940002441 860.324707031
eeg 843.874938965 848.809875488 838.940002441 857.034729004
a 0.111440464854 0.18359272182 0.102596022189 0.131147295237
b 0.0548466406763 0.144514426589 0.0755000934005 0.0545304976404
d 0.523653328419 0.410581916571 0.695153772831 0.558306097984
g 0.0369025655091 0.0537641048431 0.0353493131697 0.026291904971
t 0.273157030344 0.207546815276 0.091400809586 0.22972419858
h 1.0 1.0 1.0 1.0
c 0.5721616745
Aa 0.348244458437 -0.1288716048 0.914683461189 0.416532754898
Ab 0.0403515659273 -0.232815876603 0.781500399113 0.0354128815234
Ad 1.02024543285 0.220672756433 1.74563384056 1.04564583302
Ag -0.131741911173 -0.662234663963 0.451933920383 -0.281404525042
At 0.737613916397 -0.0756109952927 0.864502966404 0.659980177879
as 0.144329890609 0.119047619402 1.0 0.244186043739
bs 0.0 0.128571435809 1.0 0.0399999991059
ds 0.380281686783 0.0826446264982 1.0 0.377622365952
gs 0.264705896378 0.0 1.0 0.121621623635
ts 0.411290317774 0.146341457963 0.966666638851 0.342342346907
eeg 850.454833984 847.164855957 840.584960938 853.744812012
eeg 848.809875488 847.164855957 830.715087891 855.389770508
eeg 848.809875488 852.09979248 842.229919434 855.389770508
eeg 847.164855957 855.389770508 838.940002441 857.034729004
eeg 850.454833984 850.454833984 820.845214844 860.324707031
eeg 853.744812012 850.454833984 824.135131836 853.744812012
eeg 848.809875488 848.809875488 815.91027832 852.09979248
eeg 843.874938965 850.454833984 829.070068359 853.744812012
eeg 847.164855957 852.09979248 830.715087891 850.454833984
eeg 838.940002441 845.519897461 815.91027832 848.809875488
eeg 837.29498291 845.519897461 827.425109863 840.584960938
eeg 847.164855957 847.164855957 827.425109863 842.229919434
eeg 843.874938965 850.454833984 834.005004883 845.519897461
eeg 848.809875488 850.454833984 834.005004883 850.454833984
eeg 845.519897461 853.744812012 834.005004883 847.164855957
eeg 842.229919434 852.09979248 830.715087891 850.454833984
eeg 843.874938965 850.454833984 834.005004883 847.164855957
eeg 845.519897461 852.09979248 842.229919434 843.874938965
eeg 845.519897461 850.454833984 837.29498291 843.874938965
eeg 843.874938965 850.454833984 834.005004883 848.809875488
eeg 855.389770508 852.09979248 832.360046387 858.679748535
eeg 845.519897461 853.744812012 838.940002441 855.389770508
a 0.0807026699185 0.177070245147 0.10491143167 0.10330606997
b 0.0393164381385 0.136094421148 0.0723325833678 0.0391478464007
d 0.594316005707 0.428272455931 0.695626020432 0.609047889709
g 0.0269406661391 0.0494769923389 0.0337237752974 0.0187498927116
t 0.258724212646 0.20908588171 0.0934062004089 0.229748308659
h 1.0 1.0 1.0 1.0
c 0.55904597044
Aa 0.355496346951 -0.107051044703 0.947392344475 0.469597011805
Ab 0.0431825965643 -0.221356317401 0.785903513432 0.0481790453196
Ad 1.22262585163 0.276523500681 1.76894533634 1.24012255669
Ag -0.120983228087 -0.660793364048 0.454505741596 -0.271530002356
At 0.86144554615 -0.0348719358444 0.896945238113 0.816723525524
as 0.144329890609 0.13492064178 1.0 0.313953489065
bs 0.0 0.142857149243 1.0 0.0799999982119
ds 0.521126747131 0.123966939747 1.0 0.51748251915
gs 0.29411765933 0.0 1.0 0.135135129094
ts 0.516129016876 0.178861781955 1.0 0.477477490902
eeg 850.454833984 853.744812012 838.940002441 845.519897461
eeg 863.614685059 853.744812012 840.584960938 857.034729004
eeg 858.679748535 855.389770508 840.584960938 855.389770508
eeg 875.129516602 852.09979248 827.425109863 870.194580078
eeg 870.194580078 852.09979248 847.164855957 876.774536133
eeg 860.324707031 850.454833984 837.29498291 871.839599609
eeg 866.904663086 848.809875488 838.940002441 878.419494629
eeg 870.194580078 847.164855957 840.584960938 884.999450684
eeg 870.194580078 843.874938965 832.360046387 880.064453125
eeg 863.614685059 848.809875488 840.584960938 876.774536133
eeg 865.259643555 848.809875488 840.584960938 875.129516602
eeg 860.324707031 848.809875488 840.584960938 870.194580078
eeg 870.194580078 852.09979248 840.584960938 871.839599609
eeg 873.484558105 850.454833984 843.874938965 875.129516602
eeg 871.839599609 840.584960938 819.200195312 876.774536133
eeg 868.549621582 850.454833984 838.940002441 868.549621582
eeg 861.969726562 855.389770508 834.005004883 868.549621582
eeg 863.614685059 853.744812012 827.425109863 871.839599609
eeg 863.614685059 858.679748535 829.070068359 873.484558105
eeg 861.969726562 852.09979248 842.229919434 878.419494629
eeg 857.034729004 853.744812012 863.614685059 868.549621582
eeg 858.679748535 852.09979248 850.454833984 868.549621582
a 0.0627547055483 0.16649119556 0.109618537128 0.0815934538841
b 0.0310931801796 0.130800306797 0.0685825049877 0.0315208174288
d 0.644037306309 0.446778297424 0.69658613205 0.647216260433
g 0.0213117096573 0.0468463078141 0.0314085409045 0.0149030368775
t 0.240803107619 0.209083899856 0.0938042923808 0.22476644814
h 1.0 1.0 1.0 1.0
c 0.546132981777
Aa 0.355496346951 -0.107051044703 0.993374884129 0.476277142763
Ab 0.0505152158439 -0.211833536625 0.789704203606 0.0632192790508
Ad 1.36676108837 0.32164978981 1.7964656353 1.37567126751
Ag -0.113531634212 -0.65776693821 0.450538605452 -0.262103438377
At 0.939512133598 -0.00812171772122 0.925713598728 0.916353285313
as 0.144329890609 0.13492064178 1.0 0.313953489065
bs 0.0 0.157142862678 1.0 0.10000000149
ds 0.619718313217 0.165289252996 1.0 0.608391582966
gs 0.29411765933 0.0 1.0 0.15942029655
ts 0.580645143986 0.206611573696 1.0 0.567567586899
eeg 860.324707031 850.454833984 847.164855957 868.549621582
eeg 853.744812012 852.09979248 840.584960938 865.259643555
eeg 855.389770508 852.09979248 835.650024414 860.324707031
eeg 855.389770508 857.034729004 853.744812012 861.969726562
eeg 848.809875488 850.454833984 845.519897461 855.389770508
eeg 855.389770508 852.09979248 830.715087891 860.324707031
eeg 855.389770508 857.034729004 847.164855957 863.614685059
eeg 850.454833984 852.09979248 842.229919434 860.324707031
eeg 866.904663086 847.164855957 834.005004883 876.774536133
eeg 858.679748535 850.454833984 827.425109863 865.259643555
eeg 825.780151367 850.454833984 830.715087891 832.360046387
eeg 824.135131836 855.389770508 830.715087891 834.005004883
eeg 810.975280762 855.389770508 820.845214844 817.555236816
eeg 806.040344238 852.09979248 820.845214844 817.555236816
eeg 809.330322266 852.09979248 810.975280762 814.265258789
eeg 792.880554199 848.809875488 824.135131836 797.815490723
eeg 797.815490723 850.454833984 838.940002441 797.815490723
eeg 806.040344238 847.164855957 819.200195312 809.330322266
eeg 814.265258789 843.874938965 825.780151367 819.200195312
eeg 815.91027832 850.454833984 824.135131836 822.49017334
eeg 824.135131836 842.229919434 817.555236816 827.425109863
eeg 825.780151367 847.164855957 830.715087891 829.070068359
a 0.0555657073855 0.159585431218 0.109834745526 0.0730557218194
b 0.026806300506 0.128096684813 0.0664231181145 0.0278396233916
d 0.67371737957 0.460741013288 0.698944866657 0.667701005936
g 0.0183208920062 0.0453577041626 0.0296412017196 0.0129473600537
t 0.225589707494 0.206219181418 0.0951560512185 0.218456268311
h 1.0 1.0 1.0 1.0
c 0.533465623856
Aa 0.373183906078 -0.107051044703 1.01038396358 0.496957540512
Ab 0.0566139146686 -0.202506393194 0.791963517666 0.07796664536
Ad 1.45685482025 0.353412598372 1.81408715248 1.45788538456
Ag -0.108676336706 -0.653393208981 0.441540032625 -0.254515469074
At 0.981696367264 0.00428477954119 0.948080658913 0.972667813301
as 0.164948448539 0.13492064178 1.0 0.337209314108
bs 0.0 0.171428576112 1.0 0.140000000596
ds 0.683098614216 0.191666662693 1.0 0.66901409626
gs 0.323529422283 0.0 1.0 0.15942029655
ts 0.612903237343 0.214876025915 1.0 0.621621608734
eeg 832.360046387 850.454833984 829.070068359 834.005004883
eeg 834.005004883 843.874938965 819.200195312 838.940002441
eeg 837.29498291 843.874938965 825.780151367 843.874938965
eeg 838.940002441 848.809875488 835.650024414 845.519897461
eeg 835.650024414 848.809875488 829.070068359 845.519897461
eeg 842.229919434 848.809875488 834.005004883 850.454833984
eeg 852.09979248 848.809875488 827.425109863 853.744812012
eeg 853.744812012 845.519897461 827.425109863 855.389770508
eeg 852.09979248 850.454833984 847.164855957 853.744812012
eeg 852.09979248 845.519897461 825.780151367 848.809875488
eeg 842.229919434 843.874938965 830.715087891 853.744812012
eeg 847.164855957 847.164855957 834.005004883 853.744812012
eeg 847.164855957 845.519897461 838.940002441 857.034729004
eeg 845.519897461 845.519897461 848.809875488 850.454833984
eeg 847.164855957 845.519897461 843.874938965 850.454833984
eeg 837.29498291 848.809875488 852.09979248 847.164855957
eeg 835.650024414 847.164855957 840.584960938 842.229919434
eeg 835.650024414 845.519897461 843.874938965 838.940002441
eeg 842.229919434 842.229919434 827.425109863 848.809875488
eeg 845.519897461 842.229919434 827.425109863 852.09979248
eeg 845.519897461 843.874938965 840.584960938 848.809875488
eeg 850.454833984 838.940002441 827.425109863 853.744812012
a 0.0516205355525 0.156147241592 0.111296318471 0.0712765902281
b 0.0246691070497 0.128113433719 0.0665339753032 0.0264505762607
d 0.690107584 0.468330323696 0.692930698395 0.674643337727
g 0.0170068908483 0.0449295081198 0.0288988873363 0.0121406661347
t 0.216595903039 0.202479496598 0.100340142846 0.215488836169
h 1.0 1.0 1.0 1.0
c 0.521164894104
Aa 0.379570096731 -0.107051044703 1.01479673386 0.523829698563
Ab 0.0589010305703 -0.192990705371 0.791359484196 0.0933179557323
Ad 1.5056643486 0.369966924191 1.8090057373 1.49995708466
Ag -0.102627493441 -0.648053705692 0.429197102785 -0.244874671102
At 1.00239789486 0.00579567858949 0.969790697098 1.00430762768
as 0.180851057172 0.13492064178 1.0 0.37209302187
bs 0.0 0.185714289546 1.0 0.159999996424
ds 0.718309879303 0.208333328366 1.0 0.704225361347
gs 0.352941185236 0.0 1.0 0.173913046718
ts 0.629032254219 0.214876025915 1.0 0.648648619652
eeg 840.584960938 842.229919434 830.715087891 843.874938965
eeg 842.229919434 843.874938965 840.584960938 852.09979248
eeg 845.519897461 843.874938965 832.360046387 853.744812012
eeg 842.229919434 845.519897461 837.29498291 850.454833984
eeg 847.164855957 847.164855957 845.519897461 848.809875488
eeg 850.454833984 842.229919434 827.425109863 852.09979248
eeg 838.940002441 847.164855957 842.229919434 850.454833984
eeg 843.874938965 850.454833984 838.940002441 852.09979248
eeg 848.809875488 843.874938965 819.200195312 858.679748535
eeg 848.809875488 848.809875488 830.715087891 848.809875488
eeg 853.744812012 847.164855957 835.650024414 857.034729004
eeg 852.09979248 845.519897461 829.070068359 848.809875488
eeg 848.809875488 845.519897461 838.940002441 852.09979248
eeg 857.034729004 847.164855957 843.874938965 860.324707031
eeg 847.164855957 838.940002441 830.715087891 857.034729004
eeg 843.874938965 848.809875488 855.389770508 857.034729004
eeg 852.09979248 845.519897461 840.584960938 855.389770508
eeg 847.164855957 845.519897461 842.229919434 860.324707031
eeg 848.809875488 845.519897461 834.005004883 858.679748535
eeg 845.519897461 848.809875488 842.229919434 853.744812012
eeg 847.164855957 847.164855957 848.809875488 855.389770508
eeg 842.229919434 847.164855957 850.454833984 848.809875488
a 0.0590558238328 0.155708372593 0.11671744287 0.0822277292609
b 0.0236396510154 0.130704388022 0.0690654069185 0.0263601727784
d 0.688207685947 0.468400508165 0.675328075886 0.662831127644
g 0.0164608471096 0.0454197600484 0.0291876830161 0.0118916528299
t 0.212636008859 0.199766978621 0.109701409936 0.216689303517
h 1.0 1.0 1.0 1.0
c 0.509351730347
Aa 0.463291078806 -0.107051044703 1.01682734489 0.612316787243
Ab 0.0656694099307 -0.183072835207 0.788952171803 0.118246741593
Ad 1.52974784374 0.371254324913 1.77920639515 1.51870143414
Ag -0.0915194824338 -0.642118155956 0.414891213179 -0.227459266782
At 1.01966512203 0.00116067309864 0.98990380764 1.03313601017
as 0.265957444906 0.13492064178 1.0 0.476744174957
bs 0.0 0.188405796885 1.0 0.224489793181
ds 0.739436626434 0.208333328366 1.0 0.718309879303
gs 0.382352948189 0.0 1.0 0.202898547053
ts 0.645161271095 0.214876025915 1.0 0.675675690174
eeg 848.809875488 848.809875488 842.229919434 857.034729004
eeg 852.09979248 843.874938965 837.29498291 858.679748535
eeg 852.09979248 845.519897461 830.715087891 860.324707031
eeg 855.389770508 847.164855957 838.940002441 858.679748535
eeg 847.164855957 847.164855957 845.519897461 853.744812012
eeg 843.874938965 852.09979248 850.454833984 855.389770508
eeg 852.09979248 848.809875488 845.519897461 855.389770508
eeg 848.809875488 850.454833984 850.454833984 855.389770508
eeg 852.09979248 847.164855957 837.29498291 860.324707031
eeg 852.09979248 850.454833984 840.584960938 855.389770508
eeg 853.744812012 850.454833984 837.29498291 855.389770508
eeg 852.09979248 853.744812012 840.584960938 857.034729004
eeg 850.454833984 853.744812012 840.584960938 855.389770508
eeg 848.809875488 848.809875488 830.715087891 860.324707031
eeg 848.809875488 855.389770508 855.389770508 857.034729004
eeg 853.744812012 845.519897461 832.360046387 857.034729004
eeg 850.454833984 853.744812012 850.454833984 855.389770508
eeg 848.809875488 857.034729004 842.229919434 847.164855957
eeg 857.034729004 853.744812012 830.715087891 843.874938965
eeg 852.09979248 860.324707031 848.809875488 843.874938965
eeg 847.164855957 852.09979248 829.070068359 847.164855957
eeg 850.454833984 857.034729004 852.09979248 848.809875488
a 0.0881442278624 0.157190293074 0.125053659081 0.105169661343
b 0.0232476126403 0.134922757745 0.0735755637288 0.0271247569472
d 0.662414014339 0.463087320328 0.649004876614 0.634843826294
g 0.0159532986581 0.046546254307 0.0302213933319 0.0118425274268
t 0.210240840912 0.19825334847 0.12214449048 0.221019253135
h 1.0 1.0 1.0 1.0
c 0.498273789883
Aa 0.668940782547 -0.107051044703 1.01682734489 0.749784231186
Ab 0.0901252701879 -0.173391535878 0.786464571953 0.161259606481
Ad 1.54487645626 0.362186133862 1.73197889328 1.53056061268
Ag -0.0734026134014 -0.6355920434 0.400045454502 -0.198661834002
At 1.04646396637 -0.00625621946529 1.00660479069 1.07232391834
as 0.489361703396 0.13492064178 1.0 0.639534890652
bs 0.047619048506 0.188405796885 1.0 0.306122452021
ds 0.74647885561 0.193277314305 1.0 0.723404228687
gs 0.411764711142 0.0 0.966666638851 0.261538475752
ts 0.658536612988 0.205128207803 1.0 0.7090908885
eeg 853.744812012 855.389770508 840.584960938 853.744812012
eeg 853.744812012 852.09979248 843.874938965 855.389770508
eeg 848.809875488 858.679748535 845.519897461 853.744812012
eeg 842.229919434 855.389770508 832.360046387 850.454833984
eeg 842.229919434 858.679748535 857.034729004 847.164855957
eeg 845.519897461 857.034729004 843.874938965 848.809875488
eeg 848.809875488 857.034729004 852.09979248 850.454833984
eeg 845.519897461 860.324707031 852.09979248 847.164855957
eeg 850.454833984 858.679748535 832.360046387 848.809875488
eeg 843.874938965 860.324707031 838.940002441 852.09979248
eeg 847.164855957 855.389770508 834.005004883 853.744812012
eeg 845.519897461 852.09979248 832.360046387 850.454833984
eeg 838.940002441 855.389770508 837.29498291 845.519897461
eeg 838.940002441 857.034729004 845.519897461 842.229919434
eeg 838.940002441 857.034729004 842.229919434 842.229919434
eeg 837.29498291 853.744812012 837.29498291 848.809875488
eeg 845.519897461 850.454833984 832.360046387 847.164855957
eeg 840.584960938 853.744812012 842.229919434 848.809875488
eeg 838.940002441 853.744812012 837.29498291 853.744812012
eeg 842.229919434 853.744812012 834.005004883 853.744812012
eeg 842.229919434 855.389770508 832.360046387 848.809875488
eeg 847.164855957 848.809875488 820.845214844 848.809875488
a 0.125529512763 0.159202620387 0.132118403912 0.13890196383
b 0.023574475199 0.138984695077 0.0790126249194 0.0282248295844
d 0.62585401535 0.45799317956 0.621950984001 0.595898211002
g 0.0153503362089 0.0477897003293 0.0314724817872 0.0117296976969
t 0.209691673517 0.196029797196 0.135445505381 0.225245296955
h 1.0 1.0 1.0 1.0
c 0.498273789883
Aa 0.861858546734 -0.107051044703 1.00839722157 0.911463797092
Ab 0.135554790497 -0.166034251451 0.785130441189 0.219386711717
Ad 1.55958580971 0.351857751608 1.68119013309 1.54392743111
Ag -0.0507693663239 -0.629666924477 0.385364919901 -0.161957785487
At 1.08469390869 -0.0166791696101 1.01919853687 1.12141108513
as 0.691489338875 0.13492064178 1.0 0.825581371784
bs 0.142857149243 0.205882355571 1.0 0.428571432829
ds 0.760563373566 0.184873953462 1.0 0.73049646616
gs 0.5 0.0 0.899999976158 0.328125
ts 0.691056907177 0.198275864124 1.0 0.754545450211
eeg 842.229919434 852.09979248 832.360046387 837.29498291
eeg 843.874938965 853.744812012 837.29498291 838.940002441
eeg 845.519897461 850.454833984 829.070068359 845.519897461
eeg 840.584960938 858.679748535 845.519897461 842.229919434
eeg 843.874938965 852.09979248 825.780151367 848.809875488
eeg 835.650024414 855.389770508 837.29498291 850.454833984
eeg 834.005004883 852.09979248 832.360046387 848.809875488
eeg 837.29498291 848.809875488 835.650024414 855.389770508
eeg 838.940002441 845.519897461 830.715087891 853.744812012
eeg 840.584960938 840.584960938 840.584960938 855.389770508
eeg 842.229919434 843.874938965 843.874938965 855.389770508
eeg 847.164855957 848.809875488 837.29498291 855.389770508
eeg 845.519897461 850.454833984 840.584960938 853.744812012
eeg 848.809875488 850.454833984 834.005004883 853.744812012
eeg 850.454833984 845.519897461 824.135131836 857.034729004
eeg 840.584960938 850.454833984 847.164855957 852.09979248
eeg 843.874938965 850.454833984 845.519897461 847.164855957
eeg 842.229919434 850.454833984 835.650024414 848.809875488
eeg 848.809875488 848.809875488 830.715087891 853.744812012
eeg 850.454833984 850.454833984 829.070068359 853.744812012
eeg 848.809875488 855.389770508 832.360046387 853.744812012
eeg 855.389770508 855.389770508 837.29498291 852.09979248
a 0.142511889338 0.1604372859 0.138677239418 0.157083258033
b 0.0247755851597 0.14071598649 0.0833777859807 0.0297562051564
d 0.602938473225 0.459987670183 0.60065215826 0.569267809391
g 0.0149773461744 0.0486687868834 0.0323626212776 0.0117060085759
t 0.214796692133 0.190190285444 0.14493021369 0.232186719775
h 1.0 1.0 1.0 1.0
c 0.498273789883
Aa 0.948760092258 -0.107051044703 1.00282728672 1.00059211254
Ab 0.188932925463 -0.164012908936 0.78187251091 0.278039753437
Ad 1.57518196106 0.350389838219 1.63944518566 1.55977880955
Ag -0.0296561382711 -0.625105798244 0.370865851641 -0.1271289289
At 1.12693655491 -0.0331680178642 1.02198112011 1.17029964924
as 0.787234067917 0.13492064178 0.990566015244 0.930232584476
bs 0.285714298487 0.208955228329 1.0 0.551020383835
ds 0.767605662346 0.184873953462 1.0 0.744680821896
gs 0.558823525906 0.0 0.866666674614 0.375
ts 0.723577260971 0.181034475565 1.0 0.800000011921
eeg 852.09979248 857.034729004 837.29498291 853.744812012
eeg 857.034729004 850.454833984 824.135131836 858.679748535
eeg 861.969726562 852.09979248 830.715087891 857.034729004
eeg 847.164855957 852.09979248 840.584960938 853.744812012
eeg 853.744812012 847.164855957 837.29498291 861.969726562
eeg 847.164855957 850.454833984 840.584960938 860.324707031
eeg 843.874938965 850.454833984 840.584960938 861.969726562
eeg 847.164855957 855.389770508 848.809875488 863.614685059
eeg 850.454833984 853.744812012 840.584960938 861.969726562
eeg 845.519897461 855.389770508 840.584960938 857.034729004
eeg 853.744812012 852.09979248 827.425109863 863.614685059
eeg 845.519897461 850.454833984 835.650024414 855.389770508
eeg 848.809875488 855.389770508 857.034729004 847.164855957
eeg 853.744812012 852.09979248 847.164855957 852.09979248
eeg 853.744812012 852.09979248 837.29498291 855.389770508
eeg 852.09979248 850.454833984 827.425109863 857.034729004
eeg 848.809875488 850.454833984 829.070068359 860.324707031
eeg 848.809875488 852.09979248 834.005004883 852.09979248
eeg 840.584960938 852.09979248 842.229919434 853.744812012
eeg 852.09979248 848.809875488 838.940002441 857.034729004
eeg 840.584960938 845.519897461 829.070068359 857.034729004
eeg 842.229919434 850.454833984 842.229919434 855.389770508
a 0.141203075647 0.160142347217 0.143718227744 0.151957929134
b 0.0263389628381 0.138603568077 0.0854333266616 0.031686000526
d 0.594533324242 0.472410351038 0.588148713112 0.562057435513
g 0.0148074720055 0.0489080362022 0.0328993685544 0.011852662079
t 0.223117157817 0.179935708642 0.149800360203 0.24244594574
h 1.0 1.0 1.0 1.0
c 0.498273789883
Aa 0.964019417763 -0.107051044703 0.995149433613 1.0060544014
Ab 0.23477396369 -0.169782817364 0.769264876842 0.325198501348
Ad 1.58835148811 0.362762153149 1.60712468624 1.57411181927
Ag -0.0153438122943 -0.622177004814 0.354825109243 -0.10185302794
At 1.16270828247 -0.0564399063587 1.01315045357 1.20894598961
as 0.797872364521 0.13492064178 0.981132090092 0.930232584476
bs 0.380952388048 0.208955228329 1.0 0.632653057575
ds 0.774647891521 0.193277314305 0.982905983925 0.751773059368
gs 0.588235318661 0.0204081628472 0.800000011921 0.421875
ts 0.76229506731 0.166666671634 1.0 0.836363613605
eeg 843.874938965 848.809875488 829.070068359 853.744812012
eeg 842.229919434 853.744812012 827.425109863 853.744812012
eeg 850.454833984 853.744812012 832.360046387 853.744812012
eeg 852.09979248 850.454833984 820.845214844 860.324707031
eeg 850.454833984 853.744812012 835.650024414 855.389770508
eeg 850.454833984 850.454833984 830.715087891 855.389770508
eeg 853.744812012 847.164855957 825.780151367 857.034729004
eeg 853.744812012 855.389770508 838.940002441 853.744812012
eeg 852.09979248 852.09979248 819.200195312 858.679748535
eeg 850.454833984 852.09979248 820.845214844 860.324707031
eeg 850.454833984 853.744812012 827.425109863 858.679748535
eeg 850.454833984 850.454833984 817.555236816 860.324707031
eeg 850.454833984 853.744812012 822.49017334 861.969726562
eeg 848.809875488 855.389770508 820.845214844 858.679748535
eeg 847.164855957 853.744812012 820.845214844 855.389770508
eeg 838.940002441 850.454833984 824.135131836 853.744812012
eeg 840.584960938 848.809875488 824.135131836 857.034729004
eeg 840.584960938 852.09979248 824.135131836 858.679748535
eeg 848.809875488 853.744812012 834.005004883 855.389770508
eeg 858.679748535 855.389770508 835.650024414 860.324707031
eeg 853.744812012 855.389770508 834.005004883 855.389770508
eeg 857.034729004 850.454833984 829.070068359 860.324707031
a 0.137717559934 0.160006701946 0.150878876448 0.147695571184
b 0.0275756381452 0.133157476783 0.0846746638417 0.0331558734179
d 0.590251326561 0.490438997746 0.579800188541 0.558059334755
g 0.0145997488871 0.0486015491188 0.0332458466291 0.01186666172
t 0.22985573113 0.167795285583 0.151400461793 0.249222531915
h 1.0 1.0 1.0 1.0
c 0.498273789883
Aa 0.964019417763 -0.102685019374 0.991945803165 1.0060544014
Ab 0.265555649996 -0.182457640767 0.74107080698 0.357247412205
Ad 1.59606707096 0.383761823177 1.57659566402 1.58336734772
Ag -0.0106245372444 -0.620173096657 0.335054755211 -0.0889844894409
At 1.18648540974 -0.0820434316993 0.993444561958 1.23327422142
as 0.842696607113 0.142857149243 0.981132090092 0.930232584476
bs 0.452380955219 0.194029852748 1.0 0.693877577782
ds 0.781690120697 0.210084035993 0.957264959812 0.758865237236
gs 0.617647051811 0.0204081628472 0.733333349228 0.428571432829
ts 0.778688549995 0.149122804403 1.0 0.854545474052
eeg 850.454833984 852.09979248 829.070068359 855.389770508
eeg 850.454833984 848.809875488 838.940002441 853.744812012
eeg 847.164855957 845.519897461 825.780151367 857.034729004
eeg 840.584960938 852.09979248 842.229919434 850.454833984
eeg 843.874938965 850.454833984 827.425109863 853.744812012
eeg 842.229919434 852.09979248 832.360046387 855.389770508
eeg 835.650024414 850.454833984 835.650024414 857.034729004
eeg 830.715087891 848.809875488 842.229919434 855.389770508
eeg 837.29498291 850.454833984 832.360046387 853.744812012
eeg 840.584960938 847.164855957 837.29498291 853.744812012
eeg 845.519897461 850.454833984 847.164855957 853.744812012
eeg 848.809875488 843.874938965 830.715087891 855.389770508
eeg 845.519897461 845.519897461 834.005004883 848.809875488
eeg 842.229919434 848.809875488 830.715087891 847.164855957
eeg 847.164855957 842.229919434 806.040344238 852.09979248
eeg 837.29498291 845.519897461 815.91027832 857.034729004
eeg 834.005004883 850.454833984 847.164855957 855.389770508
eeg 837.29498291 847.164855957 838.940002441 842.229919434
eeg 835.650024414 840.584960938 817.555236816 847.164855957
eeg 832.360046387 845.519897461 830.715087891 843.874938965
eeg 837.29498291 840.584960938 817.555236816 843.874938965
eeg 837.29498291 843.874938965 825.780151367 848.809875488
a 0.136392399669 0.157916471362 0.156248033047 0.145888805389
b 0.0285552851856 0.12754046917 0.0824012979865 0.0343734435737
d 0.587579786777 0.508211255074 0.57371366024 0.555659174919
g 0.0143306162208 0.0482010506094 0.0338284112513 0.0118155395612
t 0.233141899109 0.158130764961 0.153808563948 0.252263039351
h 1.0 1.0 1.0 1.0
c 0.498273789883
Aa 0.964019417763 -0.104933604598 0.974891841412 1.0060544014
Ab 0.284915775061 -0.197712987661 0.697011291981 0.378255516291
Ad 1.59829616547 0.402683258057 1.53977251053 1.58684098721
Ag -0.0145058911294 -0.620304524899 0.31035888195 -0.0855139791965
At 1.19684958458 -0.104344651103 0.96805781126 1.24388611317
as 0.842696607113 0.13492064178 0.962264180183 0.930232584476
bs 0.5 0.164179101586 1.0 0.755102038383
ds 0.781690120697 0.22689075768 0.939655184746 0.758865237236
gs 0.588235318661 0.0204081628472 0.666666686535 0.428571432829
ts 0.786885261536 0.115044251084 0.980000019073 0.862385332584
eeg 840.584960938 847.164855957 827.425109863 848.809875488
eeg 845.519897461 847.164855957 807.68536377 853.744812012
eeg 843.874938965 850.454833984 810.975280762 855.389770508
eeg 843.874938965 853.744812012 822.49017334 857.034729004
eeg 842.229919434 848.809875488 810.975280762 852.09979248
eeg 842.229919434 847.164855957 814.265258789 853.744812012
eeg 848.809875488 845.519897461 807.68536377 858.679748535
eeg 843.874938965 845.519897461 809.330322266 860.324707031
eeg 847.164855957 848.809875488 825.780151367 855.389770508
eeg 848.809875488 847.164855957 820.845214844 857.034729004
eeg 843.874938965 847.164855957 822.49017334 847.164855957
eeg 843.874938965 848.809875488 825.780151367 845.519897461
eeg 842.229919434 853.744812012 822.49017334 843.874938965
eeg 845.519897461 857.034729004 827.425109863 843.874938965
eeg 852.09979248 852.09979248 810.975280762 850.454833984
eeg 848.809875488 857.034729004 830.715087891 848.809875488
eeg 852.09979248 852.09979248 812.620300293 855.389770508
eeg 848.809875488 855.389770508 817.555236816 850.454833984
eeg 848.809875488 860.324707031 832.360046387 857.034729004
eeg 850.454833984 855.389770508 817.555236816 857.034729004
eeg 848.809875488 857.034729004 827.425109863 855.389770508
eeg 843.874938965 860.324707031 830.715087891 857.034729004
a 0.137064024806 0.152682080865 0.165995910764 0.14626686275
b 0.0297559127212 0.125009790063 0.0788136422634 0.0356758199632
d 0.586413562298 0.521707117558 0.565892279148 0.553943157196
g 0.0140878017992 0.0484299734235 0.0343747921288 0.0118045490235
t 0.232678696513 0.152171045542 0.154923409224 0.252309590578
h 1.0 1.0 1.0 1.0
c 0.498273789883
Aa 0.964019417763 -0.124103434384 0.96728426218 1.0060544014
Ab 0.30066922307 -0.210947483778 0.643788218498 0.393282443285
Ad 1.59529995918 0.409535229206 1.49992060661 1.58437371254
Ag -0.0240608174354 -0.622777283192 0.283426910639 -0.0870421379805
At 1.19385254383 -0.125559523702 0.937303900719 1.24284219742
as 0.842696607113 0.112000003457 0.952830195427 0.929411768913
bs 0.56097561121 0.149253726006 0.946428596973 0.775510191917
ds 0.781690120697 0.235294118524 0.913043498993 0.758865237236
gs 0.558823525906 0.0204081628472 0.566666662693 0.428571432829
ts 0.786885261536 0.097345136106 0.939999997616 0.862385332584
eeg 853.744812012 863.614685059 827.425109863 855.389770508
eeg 848.809875488 858.679748535 817.555236816 852.09979248
eeg 848.809875488 858.679748535 824.135131836 850.454833984
eeg 847.164855957 858.679748535 819.200195312 848.809875488
eeg 838.940002441 865.259643555 837.29498291 843.874938965
eeg 847.164855957 860.324707031 824.135131836 848.809875488
eeg 842.229919434 860.324707031 819.200195312 847.164855957
eeg 845.519897461 863.614685059 827.425109863 843.874938965
eeg 847.164855957 857.034729004 810.975280762 845.519897461
eeg 843.874938965 860.324707031 819.200195312 845.519897461
eeg 843.874938965 855.389770508 814.265258789 845.519897461
eeg 840.584960938 857.034729004 815.91027832 843.874938965
eeg 842.229919434 858.679748535 825.780151367 845.519897461
eeg 847.164855957 860.324707031 834.005004883 847.164855957
eeg 847.164855957 855.389770508 825.780151367 852.09979248
eeg 848.809875488 850.454833984 819.200195312 857.034729004
eeg 842.229919434 858.679748535 832.360046387 850.454833984
eeg 840.584960938 857.034729004 827.425109863 848.809875488
eeg 847.164855957 855.389770508 819.200195312 853.744812012
eeg 843.874938965 861.969726562 840.584960938 852.09979248
eeg 847.164855957 857.034729004 829.070068359 850.454833984
eeg 853.744812012 863.614685059 837.29498291 848.809875488
a 0.140454113483 0.142881169915 0.177081987262 0.149722546339
b 0.0319085121155 0.127421200275 0.0751978158951 0.0375527068973
d 0.584992289543 0.530750751495 0.557088494301 0.550650835037
g 0.0140644386411 0.049911275506 0.0348564572632 0.0119837010279
t 0.228580653667 0.149035573006 0.155775219202 0.250090181828
h 1.0 1.0 1.0 1.0
c 0.498273789883
Aa 0.964019417763 -0.169682636857 0.967274665833 1.0060544014
Ab 0.320391505957 -0.219415977597 0.595305502415 0.40540844202
Ad 1.58363509178 0.400232970715 1.46502447128 1.57164347172
Ag -0.0353926457465 -0.626459002495 0.261383503675 -0.0906418338418
At 1.17552447319 -0.151367709041 0.911598622799 1.22886383533
as 0.842696607113 0.0799999982119 0.952830195427 0.929411768913
bs 0.609756112099 0.134328365326 0.857142865658 0.795918345451
ds 0.774647891521 0.22689075768 0.878260850906 0.751773059368
gs 0.515151500702 0.0 0.5 0.428571432829
ts 0.768595039845 0.0796460211277 0.920000016689 0.853210985661
eeg 848.809875488 860.324707031 832.360046387 847.164855957
eeg 852.09979248 855.389770508 815.91027832 853.744812012
eeg 852.09979248 853.744812012 827.425109863 857.034729004
eeg 853.744812012 855.389770508 837.29498291 858.679748535
eeg 850.454833984 852.09979248 825.780151367 861.969726562
eeg 848.809875488 850.454833984 827.425109863 860.324707031
eeg 847.164855957 848.809875488 825.780151367 863.614685059
