eeg 858.679748535 834.005004883 531.328674316 838.940002441
eeg 809.330322266 807.68536377 531.328674316 850.454833984
eeg 858.679748535 912.964111328 952.443603516 842.229919434
eeg 871.839599609 886.64440918 741.886108398 848.809875488
eeg 835.650024414 886.64440918 741.886108398 852.09979248
eeg 861.969726562 886.64440918 741.886108398 850.454833984
eeg 812.620300293 860.324707031 531.328674316 865.259643555
eeg 819.200195312 886.64440918 741.886108398 858.679748535
eeg 875.129516602 939.283752441 952.443603516 860.324707031
eeg 835.650024414 834.005004883 741.886108398 866.904663086
eeg 917.899047852 912.964111328 952.443603516 873.484558105
eeg 848.809875488 807.68536377 531.328674316 881.709472656
eeg 835.650024414 807.68536377 531.328674316 878.419494629
eeg 878.419494629 860.324707031 741.886108398 870.194580078
eeg 875.129516602 834.005004883 741.886108398 876.774536133
a 0.153492093086 0.160208582878 nan 0.126760363579
b 0.343735277653 0.169646114111 nan 0.0605565197766
d 0.00961261615157 0.228620141745 nan 0.667503356934
g 0.48066598177 0.291222542524 nan 0.0216170493513
t 0.0124940304086 0.150302618742 nan 0.123562730849
h 1.0 2.0 4.0 1.0
c 0.0
Aa 1.22002089024 1.208537817 0.0 0.879672169685
Ab 1.57015895844 1.23339605331 0.0 0.55884963274
Ad 0.0167764797807 1.36296653748 0.0 1.60114216805
Ag 1.71577823162 1.46807706356 0.0 0.111485101283
At 0.130637422204 1.18081855774 0.0 0.868576169014
as 0.714285731316 0.846153855324 1.0 0.301204830408
bs 0.736842095852 0.292682915926 1.0 0.379999995232
ds 0.0 0.927536249161 1.0 1.0
gs 1.0 0.552631556988 1.0 0.0
ts 0.0 0.978494644165 1.0 0.739726006985
eeg 848.809875488 834.005004883 741.886108398 871.839599609
eeg 891.579345703 860.324707031 531.328674316 876.774536133
eeg 840.584960938 781.365661621 110.213684082 873.484558105
eeg 861.969726562 886.64440918 531.328674316 861.969726562
eeg 845.519897461 834.005004883 320.771179199 860.324707031
eeg 845.519897461 860.324707031 531.328674316 847.164855957
eeg 822.49017334 834.005004883 320.771179199 850.454833984
eeg 807.68536377 860.324707031 741.886108398 840.584960938
eeg 843.874938965 886.64440918 741.886108398 848.809875488
eeg 866.904663086 860.324707031 741.886108398 847.164855957
eeg 894.86932373 886.64440918 741.886108398 842.229919434
eeg 830.715087891 807.68536377 320.771179199 852.09979248
eeg 838.940002441 834.005004883 741.886108398 855.389770508
eeg 870.194580078 886.64440918 952.443603516 853.744812012
eeg 863.614685059 834.005004883 741.886108398 847.164855957
eeg 825.780151367 807.68536377 531.328674316 852.09979248
eeg 820.845214844 807.68536377 531.328674316 853.744812012
eeg 815.91027832 801.105407715 531.328674316 855.389770508
eeg 822.49017334 868.549621582 1057.72241211 855.389770508
eeg 873.484558105 875.129516602 847.164855957 853.744812012
eeg 871.839599609 799.460449219 426.04989624 857.034729004
eeg 858.679748535 852.09979248 847.164855957 865.259643555
a 0.153492093086 0.160208582878 nan 0.125595137477
b 0.343735277653 0.169646114111 nan 0.0569259338081
d 0.00961261615157 0.228620141745 nan 0.678383052349
g 0.48066598177 0.291222542524 nan 0.0218541603535
t 0.0124940304086 0.150302618742 nan 0.117241688073
h 1.0 2.0 4.0 1.0
c 0.0
Aa 1.22002089024 1.208537817 0.0 0.879672169685
Ab 1.57015895844 1.23339605331 0.0 0.53600949049
Ad 0.0167764797807 1.36296653748 0.0 1.61217427254
Ag 1.71577823162 1.46807706356 0.0 0.120233431458
At 0.130637422204 1.18081855774 0.0 0.849781394005
as 0.714285731316 0.846153855324 1.0 0.301204830408
bs 0.736842095852 0.292682915926 1.0 0.319999992847
ds 0.0 0.927536249161 1.0 1.0
gs 1.0 0.552631556988 1.0 0.0163934417069
ts 0.0 0.978494644165 1.0 0.712328791618
eeg 829.070068359 829.070068359 636.607421875 866.904663086
eeg 840.584960938 855.389770508 847.164855957 870.194580078
eeg 840.584960938 845.519897461 741.886108398 863.614685059
eeg 840.584960938 832.360046387 741.886108398 863.614685059
eeg 891.579345703 919.544006348 952.443603516 848.809875488
eeg 876.774536133 858.679748535 847.164855957 852.09979248
eeg 868.549621582 830.715087891 636.607421875 852.09979248
eeg 802.750427246 825.780151367 847.164855957 848.809875488
eeg 819.200195312 847.164855957 847.164855957 848.809875488
eeg 855.389770508 861.969726562 847.164855957 845.519897461
eeg 883.354431152 884.999450684 847.164855957 843.874938965
eeg 820.845214844 787.945556641 215.492431641 840.584960938
eeg 804.395385742 820.845214844 215.492431641 843.874938965
eeg 807.68536377 857.034729004 426.04989624 847.164855957
eeg 812.620300293 827.425109863 426.04989624 845.519897461
eeg 829.070068359 883.354431152 636.607421875 845.519897461
eeg 868.549621582 861.969726562 426.04989624 837.29498291
eeg 834.005004883 807.68536377 426.04989624 848.809875488
eeg 884.999450684 896.514282227 636.607421875 860.324707031
eeg 903.094238281 873.484558105 636.607421875 855.389770508
eeg 875.129516602 847.164855957 636.607421875 850.454833984
eeg 858.679748535 827.425109863 636.607421875 852.09979248
a 0.153492093086 0.160208582878 nan 0.127805992961
b 0.343735277653 0.169646114111 nan 0.0550858788192
d 0.00961261615157 0.228620141745 nan 0.681512057781
g 0.48066598177 0.291222542524 nan 0.0229081157595
t 0.0124940304086 0.150302618742 nan 0.112687930465
h 1.0 2.0 4.0 1.0
c 0.0
Aa 1.22002089024 1.208537817 0.0 0.879672169685
Ab 1.57015895844 1.23339605331 0.0 0.514161229134
Ad 0.0167764797807 1.36296653748 0.0 1.60659456253
Ag 1.71577823162 1.46807706356 0.0 0.133110299706
At 0.130637422204 1.18081855774 0.0 0.824998319149
as 0.714285731316 0.846153855324 1.0 0.292682915926
bs 0.736842095852 0.292682915926 1.0 0.280000001192
ds 0.0 0.927536249161 1.0 1.0
gs 1.0 0.552631556988 1.0 0.0333333350718
ts 0.0 0.978494644165 1.0 0.671232879162
eeg 794.525512695 830.715087891 636.607421875 852.09979248
eeg 810.975280762 824.135131836 636.607421875 857.034729004
eeg 845.519897461 873.484558105 847.164855957 845.519897461
eeg 865.259643555 852.09979248 636.607421875 848.809875488
eeg 794.525512695 745.176086426 215.492431641 848.809875488
eeg 807.68536377 847.164855957 952.443603516 853.744812012
eeg 847.164855957 881.709472656 1057.72241211 843.874938965
eeg 801.105407715 801.105407715 952.443603516 850.454833984
eeg 809.330322266 829.070068359 952.443603516 853.744812012
eeg 812.620300293 809.330322266 847.164855957 861.969726562
eeg 787.945556641 787.945556641 952.443603516 857.034729004
eeg 799.460449219 870.194580078 1268.27978516 840.584960938
eeg 801.105407715 804.395385742 952.443603516 850.454833984
eeg 843.874938965 845.519897461 1057.72241211 850.454833984
eeg 847.164855957 830.715087891 847.164855957 852.09979248
eeg 802.750427246 766.560852051 531.328674316 860.324707031
eeg 820.845214844 838.940002441 952.443603516 858.679748535
eeg 855.389770508 855.389770508 952.443603516 860.324707031
eeg 820.845214844 802.750427246 847.164855957 861.969726562
eeg 825.780151367 825.780151367 847.164855957 858.679748535
eeg 847.164855957 832.360046387 847.164855957 857.034729004
eeg 868.549621582 830.715087891 705.696594238 857.034729004
a 0.153492093086 0.160208582878 nan 0.134769558907
b 0.343735277653 0.169646114111 nan 0.0546244494617
d 0.00961261615157 0.228620141745 nan 0.676450014114
g 0.48066598177 0.291222542524 nan 0.0243268534541
t 0.0124940304086 0.150302618742 nan 0.109829105437
h 1.0 4.0 4.0 1.0
c 0.0
Aa 1.22002089024 1.208537817 0.0 0.886844098568
Ab 1.57015895844 1.23339605331 0.0 0.494639366865
Ad 0.0167764797807 1.36296653748 0.0 1.58748805523
Ag 1.71577823162 1.46807706356 0.0 0.143338248134
At 0.130637422204 1.18081855774 0.0 0.797969758511
as 0.714285731316 0.846153855324 1.0 0.28395062685
bs 0.736842095852 0.292682915926 1.0 0.239999994636
ds 0.0 0.927536249161 1.0 1.0
gs 1.0 0.552631556988 1.0 0.0500000007451
ts 0.0 0.978494644165 1.0 0.643835604191
eeg 835.650024414 817.555236816 810.975280762 857.034729004
eeg 845.519897461 827.425109863 916.25402832 853.744812012
eeg 858.679748535 847.164855957 1021.53277588 857.034729004
eeg 858.679748535 837.29498291 1021.53277588 855.389770508
eeg 801.105407715 778.075683594 600.41784668 865.259643555
eeg 822.49017334 817.555236816 600.41784668 863.614685059
eeg 835.650024414 814.265258789 495.139068604 870.194580078
eeg 810.975280762 857.034729004 1021.53277588 868.549621582
eeg 873.484558105 909.674133301 1126.81152344 853.744812012
eeg 858.679748535 810.975280762 705.696594238 866.904663086
eeg 878.419494629 847.164855957 705.696594238 860.324707031
eeg 838.940002441 801.105407715 389.860351562 868.549621582
eeg 824.135131836 807.68536377 389.860351562 871.839599609
eeg 848.809875488 880.064453125 705.696594238 850.454833984
eeg 850.454833984 834.005004883 705.696594238 845.519897461
eeg 832.360046387 840.584960938 600.41784668 852.09979248
eeg 830.715087891 845.519897461 810.975280762 848.809875488
eeg 860.324707031 870.194580078 916.25402832 848.809875488
eeg 858.679748535 837.29498291 916.25402832 858.679748535
eeg 825.780151367 861.969726562 916.25402832 835.650024414
eeg 810.975280762 825.780151367 810.975280762 840.584960938
eeg 750.111022949 806.040344238 810.975280762 842.229919434
a 0.153492093086 0.160208582878 nan 0.171018496156
b 0.343735277653 0.169646114111 nan 0.0532493889332
d 0.00961261615157 0.228620141745 nan 0.645505845547
g 0.48066598177 0.291222542524 nan 0.0248817801476
t 0.0124940304086 0.150302618742 nan 0.105344511569
h 1.0 2.0 4.0 1.0
c 0.0
Aa 1.22002089024 1.208537817 0.0 0.98408216238
Ab 1.57015895844 1.23339605331 0.0 0.477353721857
Ad 0.0167764797807 1.36296653748 0.0 1.56093931198
Ag 1.71577823162 1.46807706356 0.0 0.146920546889
At 0.130637422204 1.18081855774 0.0 0.773651003838
as 0.714285731316 0.846153855324 1.0 0.407407402992
bs 0.736842095852 0.292682915926 1.0 0.20000000298
ds 0.0 0.927536249161 1.0 1.0
gs 1.0 0.552631556988 1.0 0.0508474558592
ts 0.0 0.978494644165 1.0 0.597222208977
eeg 812.620300293 940.928771973 1442.64770508 832.360046387
eeg 873.484558105 917.899047852 1126.81152344 840.584960938
eeg 830.715087891 819.200195312 810.975280762 843.874938965
eeg 830.715087891 850.454833984 1021.53277588 835.650024414
eeg 796.170471191 819.200195312 600.41784668 838.940002441
eeg 776.430725098 829.070068359 916.25402832 850.454833984
eeg 843.874938965 945.863708496 1337.36901855 838.940002441
eeg 820.845214844 832.360046387 810.975280762 840.584960938
eeg 786.300598145 829.070068359 916.25402832 847.164855957
eeg 830.715087891 881.709472656 916.25402832 832.360046387
eeg 853.744812012 865.259643555 600.41784668 837.29498291
eeg 829.070068359 852.09979248 495.139068604 845.519897461
eeg 817.555236816 847.164855957 389.860351562 845.519897461
eeg 824.135131836 878.419494629 600.41784668 850.454833984
eeg 857.034729004 865.259643555 495.139068604 847.164855957
eeg 835.650024414 845.519897461 389.860351562 850.454833984
eeg 838.940002441 847.164855957 389.860351562 850.454833984
eeg 791.235534668 789.590576172 179.302856445 857.034729004
eeg 824.135131836 899.804260254 916.25402832 850.454833984
eeg 886.64440918 934.348815918 1021.53277588 838.940002441
eeg 875.129516602 837.29498291 600.41784668 843.874938965
eeg 853.744812012 824.135131836 600.41784668 848.809875488
a 0.153492093086 0.160208582878 nan 0.21107019484
b 0.343735277653 0.169646114111 nan 0.0519320629537
d 0.00961261615157 0.228620141745 nan 0.610322594643
g 0.48066598177 0.291222542524 nan 0.0249556805938
t 0.0124940304086 0.150302618742 nan 0.101719431579
h 1.0 2.0 4.0 1.0
c 0.0
Aa 1.22002089024 1.208537817 0.0 1.07169830799
Ab 1.57015895844 1.23339605331 0.0 0.462707012892
Ad 0.0167764797807 1.36296653748 0.0 1.5328309536
Ag 1.71577823162 1.46807706356 0.0 0.144440859556
At 0.130637422204 1.18081855774 0.0 0.754675388336
as 0.714285731316 0.846153855324 1.0 0.518518507481
bs 0.736842095852 0.292682915926 1.0 0.180000007153
ds 0.0 0.927536249161 1.0 1.0
gs 1.0 0.552631556988 1.0 0.051724139601
ts 0.0 0.978494644165 1.0 0.569444417953
eeg 812.620300293 827.425109863 600.41784668 850.454833984
eeg 781.365661621 817.555236816 705.696594238 850.454833984
eeg 848.809875488 896.514282227 1021.53277588 843.874938965
eeg 863.614685059 848.809875488 810.975280762 840.584960938
eeg 815.91027832 848.809875488 600.41784668 843.874938965
eeg 806.040344238 875.129516602 916.25402832 847.164855957
eeg 847.164855957 901.44921875 916.25402832 840.584960938
eeg 834.005004883 848.809875488 916.25402832 843.874938965
eeg 820.845214844 848.809875488 916.25402832 850.454833984
eeg 814.265258789 822.49017334 705.696594238 848.809875488
eeg 789.590576172 822.49017334 705.696594238 855.389770508
eeg 852.09979248 901.44921875 1021.53277588 860.324707031
eeg 835.650024414 848.809875488 810.975280762 865.259643555
eeg 868.549621582 875.129516602 1021.53277588 873.484558105
eeg 878.419494629 875.129516602 810.975280762 860.324707031
eeg 827.425109863 848.809875488 600.41784668 855.389770508
eeg 830.715087891 875.129516602 810.975280762 857.034729004
eeg 865.259643555 875.129516602 810.975280762 853.744812012
eeg 855.389770508 848.809875488 810.975280762 857.034729004
eeg 865.259643555 875.129516602 1021.53277588 855.389770508
eeg 838.940002441 789.590576172 600.41784668 852.09979248
eeg 834.005004883 802.750427246 705.696594238 853.744812012
a 0.153492093086 0.160208582878 nan 0.229315415025
b 0.343735277653 0.169646114111 nan 0.0521751083434
d 0.00961261615157 0.228620141745 nan 0.591569662094
g 0.48066598177 0.291222542524 nan 0.0254778023809
t 0.0124940304086 0.150302618742 nan 0.101461991668
h 1.0 4.0 4.0 1.0
c 0.0
Aa 1.22002089024 1.208537817 0.0 1.09424436092
Ab 1.57015895844 1.23339605331 0.0 0.451274424791
Ad 0.0167764797807 1.36296653748 0.0 1.50581693649
Ag 1.71577823162 1.46807706356 0.0 0.139973044395
At 0.130637422204 1.18081855774 0.0 0.740114450455
as 0.714285731316 0.846153855324 1.0 0.543209850788
bs 0.736842095852 0.292682915926 1.0 0.159999996424
ds 0.0 0.927536249161 1.0 0.973913013935
gs 1.0 0.552631556988 1.0 0.051724139601
ts 0.0 0.978494644165 1.0 0.555555582047
eeg 850.454833984 835.650024414 705.696594238 853.744812012
eeg 815.91027832 783.010620117 600.41784668 855.389770508
eeg 835.650024414 829.070068359 810.975280762 855.389770508
eeg 815.91027832 789.590576172 810.975280762 865.259643555
eeg 843.874938965 842.229919434 810.975280762 855.389770508
eeg 820.845214844 802.750427246 810.975280762 861.969726562
eeg 888.289367676 861.969726562 810.975280762 853.744812012
eeg 847.164855957 783.010620117 705.696594238 860.324707031
eeg 819.200195312 776.430725098 495.139068604 868.549621582
eeg 832.360046387 802.750427246 600.41784668 868.549621582
eeg 858.679748535 809.330322266 495.139068604 884.999450684
eeg 853.744812012 809.330322266 495.139068604 870.194580078
eeg 834.005004883 796.170471191 495.139068604 868.549621582
eeg 881.709472656 848.809875488 705.696594238 861.969726562
eeg 860.324707031 806.040344238 810.975280762 865.259643555
eeg 847.164855957 812.620300293 916.25402832 866.904663086
eeg 840.584960938 797.815490723 916.25402832 860.324707031
eeg 814.265258789 773.14074707 705.696594238 853.744812012
eeg 832.360046387 838.940002441 1021.53277588 848.809875488
eeg 861.969726562 873.484558105 1126.81152344 838.940002441
eeg 848.809875488 797.815490723 600.41784668 834.005004883
eeg 807.68536377 783.010620117 705.696594238 834.005004883
a 0.143505781889 0.160208582878 nan 0.234746009111
b 0.3140424788 0.169646114111 nan 0.0522511489689
d 0.0821776986122 0.228620141745 nan 0.586299419403
g 0.387683987617 0.291222542524 nan 0.0264650173485
t 0.0725900605321 0.150302618742 nan 0.100238397717
h 1.0 2.0 4.0 1.0
c 0.0
Aa 1.21691632271 1.208537817 0.0 1.08622300625
Ab 1.55703532696 1.23339605331 0.0 0.433720678091
Ad 0.974800944328 1.36296653748 0.0 1.48374426365
Ag 1.6485247612 1.46807706356 0.0 0.138297021389
At 0.920924127102 1.18081855774 0.0 0.716658949852
as 0.690476179123 0.846153855324 1.0 0.530864179134
bs 0.631578922272 0.292682915926 1.0 0.119999997318
ds 0.851063847542 0.927536249161 1.0 0.956521749496
gs 0.782608687878 0.552631556988 1.0 0.0526315793395
ts 0.777777791023 0.978494644165 1.0 0.513888895512
eeg 845.519897461 878.419494629 1021.53277588 824.135131836
eeg 888.289367676 886.64440918 1021.53277588 829.070068359
eeg 876.774536133 824.135131836 810.975280762 843.874938965
eeg 853.744812012 807.68536377 916.25402832 852.09979248
eeg 794.525512695 806.040344238 916.25402832 857.034729004
eeg 814.265258789 830.715087891 1021.53277588 860.324707031
eeg 868.549621582 873.484558105 1021.53277588 858.679748535
eeg 861.969726562 810.975280762 705.696594238 860.324707031
eeg 822.49017334 768.205810547 389.860351562 868.549621582
eeg 829.070068359 840.584960938 916.25402832 870.194580078
eeg 812.620300293 819.200195312 810.975280762 870.194580078
eeg 786.300598145 824.135131836 1126.81152344 865.259643555
eeg 888.289367676 901.44921875 1021.53277588 853.744812012
eeg 822.49017334 745.176086426 600.41784668 853.744812012
eeg 878.419494629 857.034729004 810.975280762 855.389770508
eeg 908.029174805 870.194580078 810.975280762 861.969726562
eeg 881.709472656 847.164855957 916.25402832 870.194580078
eeg 898.159240723 843.874938965 705.696594238 861.969726562
eeg 855.389770508 815.91027832 705.696594238 866.904663086
eeg 812.620300293 801.105407715 705.696594238 863.614685059
eeg 838.940002441 857.034729004 1021.53277588 848.809875488
eeg 891.579345703 896.514282227 1021.53277588 843.874938965
a 0.154010534286 0.160208582878 nan 0.239802822471
b 0.314654946327 0.169646114111 nan 0.053311958909
d 0.0778592377901 0.228620141745 nan 0.579545736313
g 0.36876475811 0.291222542524 nan 0.0280843302608
t 0.0847105160356 0.150302618742 nan 0.0992551520467
h 1.0 4.0 4.0 1.0
c 0.0
Aa 1.25306856632 1.208537817 0.0 1.07292032242
Ab 1.56335270405 1.23339605331 0.0 0.419890671968
Ad 0.95682823658 1.36296653748 0.0 1.45615375042
Ag 1.63226759434 1.46807706356 0.0 0.141530096531
At 0.993455469608 1.18081855774 0.0 0.689819097519
as 0.824999988079 0.846153855324 1.0 0.512499988079
bs 0.684210538864 0.292682915926 1.0 0.10000000149
ds 0.827956974506 0.927536249161 1.0 0.930434763432
gs 0.772727251053 0.552631556988 1.0 0.0535714291036
ts 0.875 0.978494644165 1.0 0.486111104488
eeg 852.09979248 791.235534668 389.860351562 847.164855957
eeg 815.91027832 787.945556641 389.860351562 855.389770508
eeg 868.549621582 889.934387207 758.3359375 843.874938965
eeg 863.614685059 845.519897461 653.057189941 843.874938965
eeg 838.940002441 838.940002441 495.139068604 835.650024414
eeg 834.005004883 835.650024414 600.41784668 842.229919434
eeg 815.91027832 834.005004883 653.057189941 850.454833984
eeg 830.715087891 866.904663086 810.975280762 838.940002441
eeg 852.09979248 861.969726562 810.975280762 834.005004883
eeg 853.744812012 829.070068359 758.3359375 838.940002441
eeg 904.739196777 870.194580078 758.3359375 834.005004883
eeg 843.874938965 796.170471191 547.778442383 840.584960938
eeg 838.940002441 812.620300293 547.778442383 842.229919434
eeg 876.774536133 866.904663086 758.3359375 829.070068359
eeg 881.709472656 832.360046387 705.696594238 835.650024414
eeg 875.129516602 860.324707031 863.614685059 847.164855957
eeg 884.999450684 847.164855957 758.3359375 850.454833984
eeg 830.715087891 750.111022949 231.942230225 852.09979248
eeg 863.614685059 866.904663086 819.200195312 837.29498291
eeg 822.49017334 789.590576172 292.806488037 840.584960938
eeg 815.91027832 838.940002441 713.921447754 842.229919434
eeg 871.839599609 873.484558105 608.642700195 845.519897461
a 0.15494479239 0.160208582878 nan 0.243898376822
b 0.309869766235 0.169646114111 nan 0.0545403137803
d 0.0870363712311 0.228620141745 nan 0.573037147522
g 0.339099735022 0.291222542524 nan 0.0302597619593
t 0.109049335122 0.150302618742 nan 0.0982644185424
h 1.0 4.0 4.0 1.0
c 0.0
Aa 1.26108241081 1.208537817 0.0 1.05458343029
Ab 1.56208467484 1.23339605331 0.0 0.404092222452
Ad 1.0106061697 1.36296653748 0.0 1.42555737495
Ag 1.60123288631 1.46807706356 0.0 0.148240074515
At 1.10852849483 1.18081855774 0.0 0.659770846367
as 0.850000023842 0.846153855324 1.0 0.487500011921
bs 0.684210538864 0.292682915926 1.0 0.0599999986589
ds 0.892473101616 0.927536249161 1.0 0.904347836971
gs 0.636363625526 0.552631556988 1.0 0.0727272704244
ts 1.0 0.978494644165 1.0 0.436619728804
eeg 825.780151367 794.525512695 503.363983154 843.874938965
eeg 837.29498291 847.164855957 608.642700195 834.005004883
eeg 820.845214844 814.265258789 503.363983154 843.874938965
eeg 796.170471191 799.460449219 608.642700195 847.164855957
eeg 827.425109863 889.934387207 924.478942871 834.005004883
eeg 845.519897461 837.29498291 503.363983154 834.005004883
eeg 889.934387207 861.969726562 503.363983154 829.070068359
eeg 861.969726562 829.070068359 503.363983154 830.715087891
eeg 822.49017334 794.525512695 187.527755737 837.29498291
eeg 830.715087891 848.809875488 608.642700195 832.360046387
eeg 880.064453125 883.354431152 608.642700195 827.425109863
eeg 843.874938965 814.265258789 398.085235596 830.715087891
eeg 817.555236816 812.620300293 398.085235596 837.29498291
eeg 832.360046387 842.229919434 503.363983154 830.715087891
eeg 850.454833984 848.809875488 503.363983154 834.005004883
eeg 832.360046387 852.09979248 503.363983154 838.940002441
eeg 838.940002441 840.584960938 503.363983154 840.584960938
eeg 810.975280762 806.040344238 503.363983154 847.164855957
eeg 812.620300293 843.874938965 713.921447754 843.874938965
eeg 814.265258789 868.549621582 819.200195312 838.940002441
eeg 783.010620117 801.105407715 608.642700195 845.519897461
eeg 837.29498291 866.904663086 819.200195312 834.005004883
a 0.160575002432 0.160208582878 nan 0.25441968441
b 0.310911387205 0.169646114111 nan 0.0546321384609
d 0.0828645825386 0.228620141745 nan 0.561409652233
g 0.330686509609 0.291222542524 nan 0.0325298793614
t 0.114962503314 0.150302618742 nan 0.0970086380839
h 1.0 2.0 4.0 1.0
c 0.0
Aa 1.27019929886 1.208537817 0.0 1.05063819885
Ab 1.55715799332 1.23339605331 0.0 0.382535636425
Ad 0.982890248299 1.36296653748 0.0 1.39436733723
Ag 1.58393776417 1.46807706356 0.0 0.15736989677
At 1.12507748604 1.18081855774 0.0 0.631897866726
as 0.875 0.846153855324 1.0 0.487500011921
bs 0.631578922272 0.292682915926 1.0 0.0
ds 0.860215067863 0.927536249161 1.0 0.876106202602
gs 0.54545456171 0.552631556988 1.0 0.0909090936184
ts 1.0 0.978494644165 1.0 0.394366204739
eeg 860.324707031 837.29498291 398.085235596 848.809875488
eeg 819.200195312 774.785766602 292.806488037 850.454833984
eeg 871.839599609 883.354431152 608.642700195 845.519897461
eeg 857.034729004 814.265258789 503.363983154 855.389770508
eeg 834.005004883 838.940002441 503.363983154 853.744812012
eeg 843.874938965 814.265258789 292.806488037 853.744812012
eeg 832.360046387 807.68536377 292.806488037 863.614685059
eeg 842.229919434 860.324707031 292.806488037 857.034729004
eeg 865.259643555 860.324707031 82.2490158081 850.454833984
eeg 848.809875488 860.324707031 292.806488037 845.519897461
eeg 881.709472656 860.324707031 82.2490158081 830.715087891
eeg 824.135131836 807.68536377 82.2490158081 842.229919434
eeg 837.29498291 886.64440918 292.806488037 843.874938965
eeg 819.200195312 834.005004883 292.806488037 853.744812012
eeg 784.655639648 834.005004883 292.806488037 858.679748535
eeg 866.904663086 965.60345459 924.478942871 852.09979248
eeg 883.354431152 912.964111328 713.921447754 857.034729004
eeg 855.389770508 860.324707031 503.363983154 870.194580078
eeg 842.229919434 860.324707031 503.363983154 855.389770508
eeg 796.170471191 834.005004883 292.806488037 861.969726562
eeg 804.395385742 886.64440918 924.478942871 857.034729004
eeg 886.64440918 939.283752441 924.478942871 852.09979248
a 0.164680570364 0.160208582878 nan 0.271519571543
b 0.318628996611 0.169646114111 nan 0.0538376234472
d 0.0839326381683 0.228620141745 nan 0.543065130711
g 0.307609468699 0.291222542524 nan 0.0347474366426
t 0.125148326159 0.150302618742 nan 0.0968301966786
h 1.0 2.0 4.0 1.0
c 0.0
Aa 1.26942980289 1.208537817 0.0 1.06245934963
Ab 1.55607283115 1.23339605331 0.0 0.359744131565
Ad 0.976718306541 1.36296653748 0.0 1.36351013184
Ag 1.54078722 1.46807706356 0.0 0.169581010938
At 1.15021252632 1.18081855774 0.0 0.614669084549
as 0.875 0.846153855324 1.0 0.506329119205
bs 0.631578922272 0.292682915926 1.0 0.0
ds 0.849462389946 0.927536249161 1.0 0.848214268684
gs 0.333333343267 0.552631556988 1.0 0.111111111939
ts 1.0 0.978494644165 1.0 0.366197168827
eeg 847.164855957 834.005004883 503.363983154 857.034729004
eeg 812.620300293 837.29498291 398.085235596 852.09979248
eeg 858.679748535 909.674133301 608.642700195 853.744812012
eeg 866.904663086 881.709472656 398.085235596 855.389770508
eeg 845.519897461 868.549621582 398.085235596 847.164855957
eeg 853.744812012 881.709472656 503.363983154 845.519897461
eeg 825.780151367 830.715087891 292.806488037 847.164855957
eeg 855.389770508 880.064453125 503.363983154 847.164855957
eeg 855.389770508 883.354431152 398.085235596 845.519897461
eeg 855.389770508 870.194580078 503.363983154 848.809875488
eeg 919.544006348 916.25402832 503.363983154 843.874938965
eeg 853.744812012 840.584960938 503.363983154 850.454833984
eeg 863.614685059 858.679748535 398.085235596 853.744812012
eeg 884.999450684 884.999450684 608.642700195 843.874938965
eeg 880.064453125 868.549621582 503.363983154 837.29498291
eeg 853.744812012 857.034729004 503.363983154 845.519897461
eeg 858.679748535 857.034729004 503.363983154 842.229919434
eeg 889.934387207 886.64440918 608.642700195 840.584960938
eeg 868.549621582 852.09979248 713.921447754 845.519897461
eeg 858.679748535 868.549621582 713.921447754 835.650024414
eeg 858.679748535 855.389770508 766.560852051 835.650024414
eeg 884.999450684 878.419494629 713.921447754 832.360046387
a 0.170194521546 0.160208582878 nan 0.294798135757
b 0.342745184898 0.169646114111 nan 0.0534300692379
d 0.0662991479039 0.228620141745 nan 0.515003800392
g 0.298945248127 0.291222542524 nan 0.0371844135225
t 0.121815904975 0.150302618742 nan 0.0995836108923
h 1.0 4.0 4.0 1.0
c 0.0
Aa 1.26013505459 1.208537817 0.0 1.08441543579
Ab 1.56416082382 1.23339605331 0.0 0.342676490545
Ad 0.850697398186 1.36296653748 0.0 1.32670116425
Ag 1.50478112698 1.46807706356 0.0 0.185251668096
At 1.11489343643 1.18081855774 0.0 0.613078594208
as 0.850000023842 0.846153855324 1.0 0.538461565971
bs 0.684210538864 0.292682915926 1.0 0.0
ds 0.70454543829 0.927536249161 1.0 0.8125
gs 0.142857149243 0.552631556988 1.0 0.134615391493
ts 1.0 0.978494644165 1.0 0.366197168827
eeg 863.614685059 847.164855957 713.921447754 832.360046387
eeg 873.484558105 871.839599609 819.200195312 827.425109863
eeg 834.005004883 814.265258789 661.282104492 840.584960938
eeg 807.68536377 820.845214844 713.921447754 843.874938965
eeg 850.454833984 888.289367676 924.478942871 847.164855957
eeg 848.809875488 832.360046387 661.282104492 848.809875488
eeg 894.86932373 853.744812012 661.282104492 838.940002441
eeg 873.484558105 819.200195312 661.282104492 838.940002441
eeg 845.519897461 812.620300293 503.363983154 840.584960938
eeg 847.164855957 820.845214844 713.921447754 848.809875488
eeg 904.739196777 858.679748535 713.921447754 861.969726562
eeg 870.194580078 804.395385742 819.200195312 860.324707031
eeg 830.715087891 791.235534668 819.200195312 848.809875488
eeg 806.040344238 797.815490723 1029.75769043 850.454833984
eeg 812.620300293 810.975280762 924.478942871 848.809875488
eeg 830.715087891 843.874938965 1240.31518555 852.09979248
eeg 891.579345703 881.709472656 1240.31518555 850.454833984
eeg 853.744812012 758.3359375 713.921447754 860.324707031
eeg 863.614685059 840.584960938 1029.75769043 857.034729004
eeg 927.768920898 906.384155273 1240.31518555 857.034729004
eeg 894.86932373 838.940002441 1029.75769043 853.744812012
eeg 886.64440918 814.265258789 713.921447754 837.29498291
a 0.170194521546 0.160208582878 nan 0.314242035151
b 0.342745184898 0.169646114111 nan 0.0558307021856
d 0.0662991479039 0.228620141745 nan 0.482475876808
g 0.298945248127 0.291222542524 nan 0.0408551134169
t 0.121815904975 0.150302618742 nan 0.106596261263
h 1.0 4.0 4.0 1.0
c 0.0
Aa 1.26013505459 1.208537817 0.0 1.08929419518
Ab 1.56416082382 1.23339605331 0.0 0.338902980089
Ad 0.850697398186 1.36296653748 0.0 1.27550554276
Ag 1.50478112698 1.46807706356 0.0 0.203276306391
At 1.11489343643 1.18081855774 0.0 0.619771838188
as 0.918918907642 0.846153855324 1.0 0.551282048225
bs 0.684210538864 0.292682915926 1.0 0.0
ds 0.70454543829 0.927536249161 1.0 0.767857134342
gs 0.142857149243 0.552631556988 1.0 0.173076927662
ts 1.0 0.978494644165 1.0 0.380281686783
eeg 832.360046387 814.265258789 924.478942871 852.09979248
eeg 817.555236816 817.555236816 819.200195312 845.519897461
eeg 865.259643555 855.389770508 819.200195312 837.29498291
eeg 886.64440918 863.614685059 819.200195312 837.29498291
eeg 842.229919434 814.265258789 503.363983154 837.29498291
eeg 825.780151367 820.845214844 713.921447754 843.874938965
eeg 868.549621582 893.224304199 1135.03637695 843.874938965
eeg 873.484558105 840.584960938 1029.75769043 847.164855957
eeg 802.750427246 781.365661621 713.921447754 850.454833984
eeg 829.070068359 827.425109863 819.200195312 848.809875488
eeg 850.454833984 840.584960938 819.200195312 853.744812012
eeg 884.999450684 880.064453125 924.478942871 848.809875488
eeg 876.774536133 840.584960938 713.921447754 860.324707031
eeg 871.839599609 873.484558105 1029.75769043 852.09979248
eeg 883.354431152 866.904663086 819.200195312 847.164855957
eeg 863.614685059 860.324707031 819.200195312 843.874938965
eeg 901.44921875 906.384155273 924.478942871 843.874938965
eeg 835.650024414 807.68536377 503.363983154 853.744812012
eeg 847.164855957 860.324707031 819.200195312 838.940002441
eeg 852.09979248 860.324707031 608.642700195 838.940002441
eeg 829.070068359 840.584960938 713.921447754 838.940002441
eeg 889.934387207 916.25402832 713.921447754 837.29498291
a 0.222567379475 0.160208582878 nan 0.338419377804
b 0.327022731304 0.169646114111 nan 0.0615589283407
d 0.0696109235287 0.228620141745 nan 0.438262909651
g 0.277403980494 0.291222542524 nan 0.0456753410399
t 0.10339499265 0.150302618742 nan 0.116083435714
h 1.0 2.0 4.0 1.0
c 0.0
Aa 1.3970284462 1.208537817 0.0 1.08929419518
Ab 1.56414484978 1.23339605331 0.0 0.349129974842
Ad 0.892244279385 1.36296653748 0.0 1.20157361031
Ag 1.49267959595 1.46807706356 0.0 0.219520717859
At 1.06406641006 1.18081855774 0.0 0.624609172344
as 1.0 0.846153855324 1.0 0.54545456171
bs 0.684210538864 0.292682915926 1.0 0.0
ds 0.75 0.927536249161 1.0 0.702702701092
gs 0.095238097012 0.552631556988 1.0 0.196078434587
ts 0.971014499664 0.978494644165 1.0 0.385714292526
eeg 852.09979248 830.715087891 503.363983154 840.584960938
eeg 837.29498291 838.940002441 292.806488037 835.650024414
eeg 842.229919434 860.324707031 503.363983154 834.005004883
eeg 861.969726562 871.839599609 503.363983154 832.360046387
eeg 837.29498291 857.034729004 503.363983154 850.454833984
eeg 842.229919434 871.839599609 608.642700195 842.229919434
eeg 797.815490723 806.040344238 398.085235596 840.584960938
eeg 804.395385742 840.584960938 608.642700195 838.940002441
eeg 863.614685059 908.029174805 608.642700195 834.005004883
eeg 832.360046387 850.454833984 608.642700195 837.29498291
eeg 899.804260254 911.319091797 608.642700195 840.584960938
eeg 838.940002441 829.070068359 608.642700195 832.360046387
eeg 825.780151367 830.715087891 398.085235596 829.070068359
eeg 865.259643555 878.419494629 713.921447754 837.29498291
eeg 875.129516602 873.484558105 608.642700195 838.940002441
eeg 857.034729004 871.839599609 783.010620117 843.874938965
eeg 881.709472656 894.86932373 993.568115234 850.454833984
eeg 832.360046387 802.750427246 783.010620117 843.874938965
eeg 868.549621582 888.289367676 1098.84692383 837.29498291
eeg 838.940002441 827.425109863 677.731872559 842.229919434
eeg 837.29498291 847.164855957 993.568115234 843.874938965
eeg 827.425109863 819.200195312 677.731872559 852.09979248
a 0.231859698892 0.160208582878 nan 0.369154393673
b 0.325179994106 0.169646114111 nan 0.0702382326126
d 0.0778406858444 0.228620141745 nan 0.38239762187
g 0.27070069313 0.291222542524 nan 0.0510098002851
t 0.0944189205766 0.150302618742 nan 0.127199962735
h 1.0 4.0 4.0 1.0
c 0.0
Aa 1.41647863388 1.208537817 0.0 1.08929419518
Ab 1.56337714195 1.23339605331 0.0 0.368659704924
Ad 0.942460000515 1.36296653748 0.0 1.104601264
Ag 1.48374271393 1.46807706356 0.0 0.229739755392
At 1.02631235123 1.18081855774 0.0 0.626573085785
as 1.0 0.846153855324 1.0 0.54545456171
bs 0.684210538864 0.292682915926 1.0 0.0392156876624
ds 0.806818187237 0.927536249161 1.0 0.612612605095
gs 0.047619048506 0.552631556988 1.0 0.219999998808
ts 0.913043498993 0.978494644165 1.0 0.385714292526
eeg 837.29498291 847.164855957 783.010620117 842.229919434
eeg 824.135131836 827.425109863 572.453186035 842.229919434
eeg 776.430725098 802.750427246 677.731872559 848.809875488
eeg 797.815490723 838.940002441 677.731872559 845.519897461
eeg 771.495788574 835.650024414 783.010620117 848.809875488
eeg 817.555236816 883.354431152 888.289367676 837.29498291
eeg 868.549621582 886.64440918 993.568115234 838.940002441
eeg 898.159240723 881.709472656 888.289367676 834.005004883
eeg 845.519897461 787.945556641 467.174407959 840.584960938
eeg 853.744812012 842.229919434 783.010620117 845.519897461
eeg 893.224304199 871.839599609 783.010620117 842.229919434
eeg 850.454833984 815.91027832 835.650024414 853.744812012
eeg 883.354431152 889.934387207 1098.84692383 847.164855957
eeg 863.614685059 806.040344238 625.092529297 852.09979248
eeg 820.845214844 774.785766602 677.731872559 853.744812012
eeg 848.809875488 857.034729004 783.010620117 843.874938965
eeg 832.360046387 804.395385742 677.731872559 848.809875488
eeg 838.940002441 827.425109863 835.650024414 853.744812012
eeg 824.135131836 807.68536377 835.650024414 857.034729004
eeg 873.484558105 871.839599609 993.568115234 850.454833984
eeg 884.999450684 845.519897461 940.928771973 852.09979248
eeg 881.709472656 809.330322266 625.092529297 853.744812012
a 0.231859698892 0.160208582878 nan 0.400801390409
b 0.325179994106 0.169646114111 nan 0.0801683291793
d 0.0778406858444 0.228620141745 nan 0.323949873447
g 0.27070069313 0.291222542524 nan 0.0557869374752
t 0.0944189205766 0.150302618742 nan 0.139293476939
h 1.0 2.0 4.0 1.0
c 0.0
Aa 1.41647863388 1.208537817 0.0 1.08929419518
Ab 1.56337714195 1.23339605331 0.0 0.390367776155
Ad 0.942460000515 1.36296653748 0.0 0.996842741966
Ag 1.48374271393 1.46807706356 0.0 0.23289744556
At 1.02631235123 1.18081855774 0.0 0.630295693874
as 1.0 0.846153855324 1.0 0.54545456171
bs 0.684210538864 0.292682915926 1.0 0.0599999986589
ds 0.806818187237 0.927536249161 1.0 0.513513505459
gs 0.047619048506 0.552631556988 1.0 0.219999998808
ts 0.913043498993 0.978494644165 1.0 0.40000000596
eeg 835.650024414 804.395385742 783.010620117 858.679748535
eeg 804.395385742 797.815490723 835.650024414 861.969726562
eeg 850.454833984 834.005004883 835.650024414 853.744812012
eeg 883.354431152 848.809875488 835.650024414 845.519897461
eeg 832.360046387 781.365661621 519.813781738 852.09979248
eeg 814.265258789 768.205810547 519.813781738 858.679748535
eeg 893.224304199 876.774536133 940.928771973 843.874938965
eeg 858.679748535 806.040344238 940.928771973 850.454833984
eeg 850.454833984 829.070068359 940.928771973 853.744812012
eeg 848.809875488 819.200195312 940.928771973 861.969726562
eeg 806.040344238 787.945556641 835.650024414 876.774536133
eeg 837.29498291 840.584960938 940.928771973 861.969726562
eeg 829.070068359 796.170471191 625.092529297 845.519897461
eeg 853.744812012 842.229919434 940.928771973 866.904663086
eeg 875.129516602 857.034729004 835.650024414 868.549621582
eeg 834.005004883 832.360046387 940.928771973 873.484558105
eeg 891.579345703 888.289367676 1046.20751953 870.194580078
eeg 852.09979248 786.300598145 625.092529297 881.709472656
eeg 837.29498291 812.620300293 835.650024414 884.999450684
eeg 850.454833984 838.940002441 519.813781738 871.839599609
eeg 834.005004883 832.360046387 572.453186035 881.709472656
eeg 896.514282227 911.319091797 730.371276855 871.839599609
a 0.231859698892 0.160208582878 nan 0.424798756838
b 0.325179994106 0.169646114111 nan 0.0889491811395
d 0.0778406858444 0.228620141745 nan 0.276303738356
g 0.27070069313 0.291222542524 nan 0.059028994292
t 0.0944189205766 0.150302618742 nan 0.1509193331
h 1.0 2.0 4.0 1.0
c 0.0
Aa 1.41647863388 1.208537817 0.0 1.08929419518
Ab 1.56337714195 1.23339605331 0.0 0.410252869129
Ad 0.942460000515 1.36296653748 0.0 0.902497708797
Ag 1.48374271393 1.46807706356 0.0 0.232176303864
At 1.02631235123 1.18081855774 0.0 0.639855802059
as 1.0 0.846153855324 1.0 0.54545456171
bs 0.684210538864 0.292682915926 1.0 0.10000000149
ds 0.802325606346 0.927536249161 1.0 0.432432442904
gs 0.047619048506 0.552631556988 1.0 0.224489793181
ts 0.913043498993 0.978494644165 1.0 0.414285719395
eeg 835.650024414 832.360046387 730.371276855 881.709472656
eeg 853.744812012 878.419494629 835.650024414 889.934387207
eeg 845.519897461 838.940002441 783.010620117 883.354431152
eeg 852.09979248 858.679748535 783.010620117 876.774536133
eeg 858.679748535 871.839599609 677.731872559 880.064453125
eeg 812.620300293 832.360046387 572.453186035 857.034729004
eeg 870.194580078 911.319091797 835.650024414 843.874938965
eeg 834.005004883 858.679748535 783.010620117 857.034729004
eeg 797.815490723 858.679748535 730.371276855 863.614685059
eeg 799.460449219 858.679748535 783.010620117 860.324707031
eeg 848.809875488 924.478942871 940.928771973 855.389770508
eeg 861.969726562 884.999450684 730.371276855 863.614685059
eeg 822.49017334 845.519897461 467.174407959 876.774536133
eeg 804.395385742 852.09979248 467.174407959 853.744812012
eeg 751.75604248 825.780151367 467.174407959 832.360046387
eeg 827.425109863 957.378540039 993.568115234 814.265258789
eeg 843.874938965 931.058898926 993.568115234 810.975280762
eeg 791.235534668 878.419494629 888.289367676 802.750427246
eeg 797.815490723 904.739196777 888.289367676 799.460449219
eeg 732.016235352 852.09979248 677.731872559 796.170471191
eeg 761.625915527 904.739196777 888.289367676 791.235534668
eeg 758.3359375 878.419494629 467.174407959 791.235534668
a 0.231859698892 0.160208582878 nan 0.43606197834
b 0.325179994106 0.169646114111 nan 0.0949574559927
d 0.0778406858444 0.228620141745 nan 0.2499255687
g 0.27070069313 0.291222542524 nan 0.0605867430568
t 0.0944189205766 0.150302618742 nan 0.158468261361
h 1.0 2.0 4.0 1.0
c 0.0
Aa 1.41647863388 1.208537817 0.0 1.08929419518
Ab 1.56337714195 1.23339605331 0.0 0.427275002003
Ad 0.942460000515 1.36296653748 0.0 0.847556591034
Ag 1.48374271393 1.46807706356 0.0 0.232123538852
At 1.02631235123 1.18081855774 0.0 0.649688184261
as 1.0 0.846153855324 1.0 0.54545456171
bs 0.684210538864 0.292682915926 1.0 0.119999997318
ds 0.802325606346 0.927536249161 1.0 0.381818175316
gs 0.047619048506 0.552631556988 1.0 0.224489793181
ts 0.911764681339 0.978494644165 1.0 0.420289844275
eeg 764.91583252 904.739196777 783.010620117 783.010620117
eeg 735.306213379 878.419494629 467.174407959 791.235534668
eeg 787.945556641 931.058898926 783.010620117 791.235534668
eeg 827.425109863 931.058898926 677.731872559 801.105407715
eeg 745.176086426 852.09979248 572.453186035 801.105407715
eeg 781.365661621 878.419494629 572.453186035 802.750427246
eeg 830.715087891 904.739196777 677.731872559 809.330322266
eeg 824.135131836 878.419494629 677.731872559 819.200195312
eeg 787.945556641 880.064453125 625.092529297 825.780151367
eeg 817.555236816 888.289367676 625.092529297 827.425109863
eeg 845.519897461 894.86932373 572.453186035 825.780151367
eeg 825.780151367 871.839599609 625.092529297 829.070068359
eeg 827.425109863 883.354431152 625.092529297 832.360046387
eeg 801.105407715 840.584960938 519.813781738 845.519897461
eeg 769.850830078 824.135131836 467.174407959 848.809875488
eeg 819.200195312 922.833984375 888.289367676 842.229919434
eeg 855.389770508 916.25402832 888.289367676 834.005004883
eeg 848.809875488 876.774536133 835.650024414 837.29498291
eeg 840.584960938 866.904663086 783.010620117 847.164855957
eeg 840.584960938 852.09979248 519.813781738 853.744812012
eeg 827.425109863 853.744812012 677.731872559 866.904663086
eeg 888.289367676 912.964111328 730.371276855 853.744812012
a 0.231859698892 0.160208582878 nan 0.43329256773
b 0.325179994106 0.169646114111 nan 0.0973681211472
d 0.0778406858444 0.228620141745 nan 0.247403100133
g 0.27070069313 0.291222542524 nan 0.0604542009532
t 0.0944189205766 0.150302618742 nan 0.161482006311
h 1.0 2.0 4.0 1.0
c 0.0
Aa 1.41647863388 1.208537817 0.0 1.08929419518
Ab 1.56337714195 1.23339605331 0.0 0.440929681063
Ad 0.942460000515 1.36296653748 0.0 0.845918059349
Ag 1.48374271393 1.46807706356 0.0 0.233939394355
At 1.02631235123 1.18081855774 0.0 0.660637021065
as 1.0 0.846153855324 1.0 0.54545456171
bs 0.684210538864 0.292682915926 1.0 0.159999996424
ds 0.802325606346 0.927536249161 1.0 0.381818175316
gs 0.047619048506 0.552631556988 1.0 0.229166671634
ts 0.911764681339 0.978494644165 1.0 0.434782594442
eeg 852.09979248 845.519897461 730.371276855 853.744812012
eeg 812.620300293 829.070068359 467.174407959 842.229919434
