eeg 773.14074707 743.53112793 778.075683594 868.549621582
eeg 863.614685059 743.53112793 988.633178711 855.389770508
eeg 845.519897461 690.891723633 778.075683594 871.839599609
eeg 899.804260254 743.53112793 988.633178711 865.259643555
eeg 837.29498291 690.891723633 567.518188477 843.874938965
eeg 830.715087891 690.891723633 567.518188477 845.519897461
eeg 817.555236816 690.891723633 356.960723877 845.519897461
eeg 792.880554199 690.891723633 567.518188477 847.164855957
eeg 847.164855957 743.53112793 778.075683594 842.229919434
eeg 822.49017334 690.891723633 567.518188477 840.584960938
eeg 861.969726562 743.53112793 988.633178711 832.360046387
eeg 883.354431152 743.53112793 567.518188477 840.584960938
a 0.198783382773 0.134430080652 nan 0.318987339735
b 0.30555832386 0.260460615158 nan 0.0758304744959
d 0.124301768839 0.0805781930685 nan 0.352697998285
g 0.327821016312 0.48361608386 nan 0.0591409467161
t 0.043535489589 0.0409150272608 nan 0.193343251944
h 1.0 1.0 4.0 1.0
c 0.313885182142
Aa 1.32395243645 1.03279733658 0.0 1.11615431309
Ab 1.5106664896 1.32004284859 0.0 0.492224633694
Ad 1.12004959583 0.810518324375 0.0 1.15978384018
Ag 1.54120910168 1.58880150318 0.0 0.384269118309
At 0.66441577673 0.516183674335 0.0 0.898709893227
as 0.630434811115 0.537037014961 1.0 0.560000002384
bs 0.4375 0.787878811359 1.0 0.0645161271095
ds 1.0 0.22499999404 1.0 0.522935807705
gs 0.409090906382 1.0 1.0 0.283018857241
ts 0.375 0.229885056615 1.0 0.466666668653
eeg 843.874938965 743.53112793 567.518188477 857.034729004
eeg 843.874938965 796.170471191 778.075683594 850.454833984
eeg 863.614685059 796.170471191 778.075683594 857.034729004
eeg 837.29498291 796.170471191 778.075683594 852.09979248
eeg 827.425109863 801.105407715 725.436340332 853.744812012
eeg 820.845214844 822.49017334 778.075683594 850.454833984
eeg 850.454833984 834.005004883 778.075683594 843.874938965
eeg 834.005004883 810.975280762 672.796936035 852.09979248
eeg 847.164855957 820.845214844 672.796936035 843.874938965
eeg 797.815490723 769.850830078 462.239471436 861.969726562
eeg 837.29498291 847.164855957 830.715087891 853.744812012
eeg 903.094238281 880.064453125 778.075683594 847.164855957
eeg 886.64440918 830.715087891 567.518188477 853.744812012
eeg 855.389770508 820.845214844 620.157592773 857.034729004
eeg 822.49017334 814.265258789 620.157592773 865.259643555
eeg 840.584960938 829.070068359 830.715087891 865.259643555
eeg 837.29498291 865.259643555 988.633178711 855.389770508
eeg 880.064453125 868.549621582 883.354431152 857.034729004
eeg 860.324707031 834.005004883 778.075683594 857.034729004
eeg 842.229919434 830.715087891 778.075683594 853.744812012
eeg 861.969726562 870.194580078 988.633178711 855.389770508
eeg 848.809875488 829.070068359 830.715087891 857.034729004
a 0.20330542326 0.131196439266 nan 0.275040328503
b 0.29621937871 0.254690736532 nan 0.069654032588
d 0.144144713879 0.0889348611236 nan 0.412109196186
g 0.311057448387 0.486832588911 nan 0.055492810905
t 0.0452730171382 0.0383453927934 nan 0.187703639269
h 1.0 1.0 4.0 1.0
c 0.302899837494
Aa 1.34865927696 1.03279733658 0.0 1.1016831398
Ab 1.51212382317 1.32088840008 0.0 0.505232989788
Ad 1.19930899143 0.863947272301 0.0 1.27729904652
Ag 1.53335094452 1.60225486755 0.0 0.406523495913
At 0.696349740028 0.498588442802 0.0 0.935759425163
as 0.695652186871 0.537037014961 1.0 0.546666681767
bs 0.4375 0.787878811359 1.0 0.0819672122598
ds 1.0 0.278481006622 1.0 0.623853206635
gs 0.363636374474 1.0 1.0 0.32075470686
ts 0.428571432829 0.218390807509 1.0 0.506666660309
eeg 848.809875488 837.29498291 830.715087891 853.744812012
eeg 843.874938965 848.809875488 883.354431152 848.809875488
eeg 850.454833984 853.744812012 830.715087891 845.519897461
eeg 842.229919434 830.715087891 830.715087891 850.454833984
eeg 866.904663086 848.809875488 883.354431152 847.164855957
eeg 810.975280762 787.945556641 409.600097656 853.744812012
eeg 783.010620117 789.590576172 462.239471436 857.034729004
eeg 863.614685059 901.44921875 935.993835449 848.809875488
eeg 899.804260254 899.804260254 935.993835449 848.809875488
eeg 860.324707031 799.460449219 409.600097656 848.809875488
eeg 850.454833984 860.324707031 1093.9119873 842.229919434
eeg 829.070068359 815.91027832 620.157592773 840.584960938
eeg 797.815490723 797.815490723 672.796936035 850.454833984
eeg 835.650024414 866.904663086 935.993835449 835.650024414
eeg 873.484558105 853.744812012 830.715087891 843.874938965
eeg 832.360046387 809.330322266 935.993835449 852.09979248
eeg 861.969726562 884.999450684 1146.55126953 847.164855957
eeg 838.940002441 822.49017334 830.715087891 848.809875488
eeg 848.809875488 840.584960938 830.715087891 848.809875488
eeg 860.324707031 834.005004883 830.715087891 852.09979248
eeg 797.815490723 771.495788574 409.600097656 860.324707031
eeg 834.005004883 860.324707031 1041.27258301 853.744812012
a 0.206647947431 0.12733861804 nan 0.251544773579
b 0.291002780199 0.251085907221 nan 0.065556652844
d 0.15419138968 0.095654502511 nan 0.449557691813
g 0.302516251802 0.489176481962 nan 0.0515828989446
t 0.0456416420639 0.0367445014417 nan 0.181758001447
h 1.0 1.0 4.0 1.0
c 0.292126595974
Aa 1.36442303658 1.03279733658 0.0 1.10055029392
Ab 1.51308906078 1.32765948772 0.0 0.516551792622
Ad 1.2372521162 0.908542573452 0.0 1.35272049904
Ag 1.52994072437 1.61730265617 0.0 0.412440776825
At 0.708553195 0.493029534817 0.0 0.959428608418
as 0.717391312122 0.537037014961 1.0 0.546666681767
bs 0.4375 0.787878811359 1.0 0.098360657692
ds 1.0 0.346153855324 1.0 0.697247684002
gs 0.363636374474 1.0 1.0 0.346153855324
ts 0.464285701513 0.206896558404 1.0 0.546666681767
eeg 866.904663086 875.129516602 935.993835449 843.874938965
eeg 830.715087891 840.584960938 1041.27258301 838.940002441
eeg 896.514282227 912.964111328 1146.55126953 835.650024414
eeg 842.229919434 787.945556641 725.436340332 840.584960938
eeg 840.584960938 829.070068359 830.715087891 843.874938965
eeg 842.229919434 860.324707031 935.993835449 825.780151367
eeg 853.744812012 827.425109863 830.715087891 830.715087891
eeg 901.44921875 860.324707031 830.715087891 843.874938965
eeg 893.224304199 857.034729004 620.157592773 834.005004883
eeg 820.845214844 824.135131836 620.157592773 830.715087891
eeg 870.194580078 880.064453125 725.436340332 829.070068359
eeg 853.744812012 827.425109863 409.600097656 830.715087891
eeg 840.584960938 834.005004883 409.600097656 834.005004883
eeg 787.945556641 794.525512695 304.321350098 834.005004883
eeg 834.005004883 886.64440918 1041.27258301 830.715087891
eeg 904.739196777 909.674133301 935.993835449 822.49017334
eeg 863.614685059 804.395385742 304.321350098 835.650024414
eeg 848.809875488 824.135131836 409.600097656 843.874938965
eeg 825.780151367 814.265258789 304.321350098 848.809875488
eeg 827.425109863 850.454833984 620.157592773 848.809875488
eeg 866.904663086 912.964111328 1041.27258301 834.005004883
eeg 871.839599609 853.744812012 725.436340332 847.164855957
a 0.205686926842 0.12733861804 nan 0.241267696023
b 0.288953214884 0.251085907221 nan 0.0642450377345
d 0.156074494123 0.095654502511 nan 0.469045609236
g 0.304003715515 0.489176481962 nan 0.0487198717892
t 0.0452816523612 0.0367445014417 nan 0.176721781492
h 1.0 1.0 4.0 1.0
c 0.281082570553
Aa 1.36442303658 1.03279733658 0.0 1.10055029392
Ab 1.51204383373 1.32765948772 0.0 0.525890767574
Ad 1.24454832077 0.908542573452 0.0 1.38926625252
Ag 1.53409528732 1.61730265617 0.0 0.405757278204
At 0.707138597965 0.493029534817 0.0 0.96534126997
as 0.717391312122 0.537037014961 1.0 0.546666681767
bs 0.4375 0.787878811359 1.0 0.114754095674
ds 1.0 0.346153855324 1.0 0.733944952488
gs 0.363636374474 1.0 1.0 0.313725501299
ts 0.433962255716 0.206896558404 1.0 0.546666681767
eeg 838.940002441 810.975280762 620.157592773 840.584960938
eeg 819.200195312 837.29498291 830.715087891 845.519897461
eeg 853.744812012 881.709472656 935.993835449 843.874938965
eeg 855.389770508 837.29498291 830.715087891 838.940002441
eeg 820.845214844 817.555236816 830.715087891 843.874938965
eeg 769.850830078 797.815490723 620.157592773 842.229919434
eeg 774.785766602 815.91027832 725.436340332 848.809875488
eeg 838.940002441 909.674133301 1146.55126953 843.874938965
eeg 896.514282227 883.354431152 725.436340332 852.09979248
eeg 819.200195312 778.075683594 304.321350098 860.324707031
eeg 804.395385742 832.360046387 620.157592773 857.034729004
eeg 855.389770508 883.354431152 725.436340332 853.744812012
eeg 840.584960938 852.09979248 620.157592773 853.744812012
eeg 792.880554199 810.975280762 620.157592773 873.484558105
eeg 806.040344238 866.904663086 1041.27258301 875.129516602
eeg 830.715087891 871.839599609 1041.27258301 868.549621582
eeg 871.839599609 881.709472656 1041.27258301 857.034729004
eeg 896.514282227 886.64440918 935.993835449 850.454833984
eeg 855.389770508 799.460449219 514.878845215 838.940002441
eeg 835.650024414 815.91027832 830.715087891 848.809875488
eeg 866.904663086 894.86932373 1146.55126953 848.809875488
eeg 886.64440918 857.034729004 935.993835449 845.519897461
a 0.194704934955 0.12733861804 nan 0.237609222531
b 0.294837534428 0.251085907221 nan 0.0648373514414
d 0.165887832642 0.095654502511 nan 0.477755248547
g 0.297061830759 0.489176481962 nan 0.0468233935535
t 0.0475078783929 0.0367445014417 nan 0.172974765301
h 1.0 1.0 4.0 1.0
c 0.269495278597
Aa 1.33780539036 1.03279733658 0.0 1.09824752808
Ab 1.51801121235 1.32765948772 0.0 0.534209609032
Ad 1.26824295521 0.908542573452 0.0 1.40158975124
Ag 1.52127528191 1.61730265617 0.0 0.392847180367
At 0.725194036961 0.493029534817 0.0 0.960367083549
as 0.652173936367 0.537037014961 1.0 0.55405408144
bs 0.4375 0.787878811359 1.0 0.131147533655
ds 1.0 0.346153855324 1.0 0.745283007622
gs 0.318181812763 1.0 1.0 0.29411765933
ts 0.471698105335 0.206896558404 1.0 0.546666681767
eeg 853.744812012 812.620300293 725.436340332 858.679748535
eeg 838.940002441 834.005004883 725.436340332 858.679748535
eeg 792.880554199 787.945556641 514.878845215 861.969726562
eeg 812.620300293 843.874938965 830.715087891 870.194580078
eeg 850.454833984 873.484558105 830.715087891 875.129516602
eeg 817.555236816 815.91027832 620.157592773 873.484558105
eeg 857.034729004 875.129516602 935.993835449 866.904663086
eeg 891.579345703 875.129516602 935.993835449 866.904663086
eeg 898.159240723 852.09979248 935.993835449 870.194580078
eeg 870.194580078 840.584960938 725.436340332 866.904663086
eeg 822.49017334 814.265258789 725.436340332 873.484558105
eeg 838.940002441 845.519897461 725.436340332 858.679748535
eeg 838.940002441 843.874938965 830.715087891 852.09979248
eeg 889.934387207 922.833984375 1146.55126953 858.679748535
eeg 847.164855957 843.874938965 620.157592773 852.09979248
eeg 825.780151367 843.874938965 725.436340332 866.904663086
eeg 852.09979248 896.514282227 1041.27258301 865.259643555
eeg 850.454833984 870.194580078 935.993835449 871.839599609
eeg 838.940002441 843.874938965 830.715087891 871.839599609
eeg 860.324707031 843.874938965 830.715087891 871.839599609
eeg 809.330322266 817.555236816 514.878845215 886.64440918
eeg 838.940002441 843.874938965 725.436340332 878.419494629
a 0.190371334553 0.12733861804 nan 0.232384383678
b 0.299263089895 0.251085907221 nan 0.0667263939977
d 0.176127567887 0.095654502511 nan 0.483308494091
g 0.284094840288 0.489176481962 nan 0.045845925808
t 0.0501431412995 0.0367445014417 nan 0.171734809875
h 1.0 1.0 4.0 1.0
c 0.256985157728
Aa 1.32760858536 1.03279733658 0.0 1.08534789085
Ab 1.52406024933 1.32765948772 0.0 0.543438673019
Ad 1.29383444786 0.908542573452 0.0 1.40336549282
Ag 1.50147044659 1.61730265617 0.0 0.380441755056
At 0.748218595982 0.493029534817 0.0 0.953999340534
as 0.630434811115 0.537037014961 1.0 0.527027010918
bs 0.5 0.787878811359 1.0 0.147540986538
ds 1.0 0.346153855324 1.0 0.745283007622
gs 0.227272734046 1.0 1.0 0.274509817362
ts 0.528301894665 0.206896558404 1.0 0.533333361149
eeg 883.354431152 870.194580078 725.436340332 878.419494629
eeg 848.809875488 843.874938965 725.436340332 876.774536133
eeg 876.774536133 896.514282227 935.993835449 870.194580078
eeg 837.29498291 817.555236816 620.157592773 880.064453125
eeg 817.555236816 817.555236816 725.436340332 875.129516602
eeg 824.135131836 843.874938965 830.715087891 865.259643555
eeg 855.389770508 843.874938965 830.715087891 861.969726562
eeg 830.715087891 809.330322266 725.436340332 861.969726562
eeg 850.454833984 843.874938965 778.075683594 850.454833984
eeg 850.454833984 843.874938965 830.715087891 847.164855957
eeg 834.005004883 824.135131836 830.715087891 837.29498291
eeg 858.679748535 842.229919434 725.436340332 847.164855957
eeg 825.780151367 807.68536377 567.518188477 852.09979248
eeg 783.010620117 779.720703125 356.960723877 853.744812012
eeg 827.425109863 865.259643555 830.715087891 852.09979248
eeg 842.229919434 855.389770508 778.075683594 850.454833984
eeg 822.49017334 830.715087891 830.715087891 863.614685059
eeg 870.194580078 866.904663086 830.715087891 865.259643555
eeg 835.650024414 781.365661621 567.518188477 883.354431152
eeg 866.904663086 845.519897461 778.075683594 881.709472656
eeg 855.389770508 843.874938965 725.436340332 858.679748535
eeg 830.715087891 837.29498291 830.715087891 855.389770508
a 0.189865708351 0.12733861804 nan 0.222166970372
b 0.301259636879 0.251085907221 nan 0.0692172050476
d 0.18782967329 0.095654502511 nan 0.490840315819
g 0.268233984709 0.489176481962 nan 0.0454830750823
t 0.0528110191226 0.0367445014417 nan 0.17229244113
h 1.0 4.0 4.0 1.0
c 0.243172675371
Aa 1.32760858536 1.03279733658 0.0 1.06115365028
Ab 1.52810311317 1.32765948772 0.0 0.554688215256
Ad 1.32292628288 0.908542573452 0.0 1.40541434288
Ag 1.47767591476 1.61730265617 0.0 0.372323989868
At 0.771886646748 0.493029534817 0.0 0.950740396976
as 0.630434811115 0.537037014961 1.0 0.5
bs 0.5 0.787878811359 1.0 0.166666671634
ds 1.0 0.346153855324 1.0 0.745283007622
gs 0.0909090936184 1.0 1.0 0.254901975393
ts 0.566037714481 0.206896558404 1.0 0.533333361149
eeg 852.09979248 847.164855957 725.436340332 857.034729004
eeg 815.91027832 820.845214844 778.075683594 853.744812012
eeg 852.09979248 875.129516602 935.993835449 850.454833984
eeg 861.969726562 853.744812012 830.715087891 848.809875488
eeg 860.324707031 853.744812012 883.354431152 834.005004883
eeg 834.005004883 824.135131836 567.518188477 834.005004883
eeg 802.750427246 829.070068359 620.157592773 830.715087891
eeg 866.904663086 889.934387207 725.436340332 832.360046387
eeg 845.519897461 852.09979248 778.075683594 834.005004883
eeg 863.614685059 884.999450684 935.993835449 832.360046387
eeg 852.09979248 845.519897461 778.075683594 835.650024414
eeg 835.650024414 832.360046387 725.436340332 838.940002441
eeg 834.005004883 838.940002441 778.075683594 852.09979248
eeg 852.09979248 861.969726562 883.354431152 850.454833984
eeg 863.614685059 845.519897461 883.354431152 845.519897461
eeg 868.549621582 847.164855957 883.354431152 850.454833984
eeg 868.549621582 853.744812012 830.715087891 848.809875488
eeg 847.164855957 835.650024414 830.715087891 852.09979248
eeg 853.744812012 837.29498291 778.075683594 855.389770508
eeg 865.259643555 847.164855957 883.354431152 850.454833984
eeg 830.715087891 840.584960938 883.354431152 857.034729004
eeg 840.584960938 850.454833984 935.993835449 853.744812012
a 0.194647014141 0.12733861804 nan 0.197782844305
b 0.294463992119 0.251085907221 nan 0.0728376805782
d 0.185258746147 0.095654502511 nan 0.508858561516
g 0.269162774086 0.489176481962 nan 0.0459030717611
t 0.0564674437046 0.0367445014417 nan 0.174617871642
h 1.0 2.0 4.0 1.0
c 0.229739740491
Aa 1.3446034193 1.03279733658 0.0 1.00388371944
Ab 1.52438783646 1.32765948772 0.0 0.570051252842
Ad 1.32313430309 0.908542573452 0.0 1.4142922163
Ag 1.48537063599 1.61730265617 0.0 0.369536906481
At 0.807153761387 0.493029534817 0.0 0.949783802032
as 0.666666686535 0.537037014961 1.0 0.418918907642
bs 0.5 0.787878811359 1.0 0.20000000298
ds 1.0 0.346153855324 1.0 0.754716992378
gs 0.136363640428 1.0 1.0 0.254901975393
ts 0.622641503811 0.206896558404 1.0 0.533333361149
eeg 858.679748535 855.389770508 883.354431152 845.519897461
eeg 863.614685059 837.29498291 725.436340332 847.164855957
eeg 802.750427246 779.720703125 409.600097656 855.389770508
eeg 842.229919434 865.259643555 883.354431152 850.454833984
eeg 861.969726562 873.484558105 883.354431152 847.164855957
eeg 847.164855957 853.744812012 883.354431152 847.164855957
eeg 875.129516602 873.484558105 883.354431152 835.650024414
eeg 857.034729004 834.005004883 778.075683594 838.940002441
eeg 911.319091797 880.064453125 830.715087891 835.650024414
eeg 837.29498291 791.235534668 356.960723877 845.519897461
eeg 825.780151367 850.454833984 830.715087891 848.809875488
eeg 850.454833984 875.129516602 830.715087891 843.874938965
eeg 829.070068359 834.005004883 830.715087891 835.650024414
eeg 881.709472656 914.609069824 1146.55126953 837.29498291
eeg 822.49017334 815.91027832 725.436340332 838.940002441
eeg 810.975280762 845.519897461 830.715087891 835.650024414
eeg 789.590576172 832.360046387 620.157592773 838.940002441
eeg 764.91583252 827.425109863 620.157592773 838.940002441
eeg 812.620300293 919.544006348 1041.27258301 835.650024414
eeg 806.040344238 873.484558105 935.993835449 838.940002441
eeg 810.975280762 906.384155273 1146.55126953 835.650024414
eeg 820.845214844 899.804260254 1041.27258301 835.650024414
a 0.19289816916 0.12733861804 nan 0.176282599568
b 0.28945800662 0.251085907221 nan 0.076084703207
d 0.18396243453 0.095654502511 nan 0.527701795101
g 0.272155791521 0.489176481962 nan 0.0461575165391
t 0.0615255907178 0.0367445014417 nan 0.173773378134
h 1.0 1.0 4.0 1.0
c 0.216686353087
Aa 1.34501385689 1.03279733658 0.0 0.953865289688
Ab 1.521271348 1.32765948772 0.0 0.588953137398
Ad 1.32441484928 0.908542573452 0.0 1.43004441261
Ag 1.49450337887 1.61730265617 0.0 0.371898263693
At 0.848741531372 0.493029534817 0.0 0.9476390481
as 0.666666686535 0.537037014961 1.0 0.351351350546
bs 0.5 0.787878811359 1.0 0.233333334327
ds 1.0 0.346153855324 1.0 0.773584902287
gs 0.181818187237 1.0 1.0 0.254901975393
ts 0.716981112957 0.206896558404 1.0 0.519999980927
eeg 802.750427246 852.09979248 725.436340332 843.874938965
eeg 806.040344238 911.319091797 935.993835449 842.229919434
eeg 784.655639648 922.833984375 935.993835449 834.005004883
eeg 779.720703125 894.86932373 830.715087891 829.070068359
eeg 779.720703125 906.384155273 830.715087891 837.29498291
eeg 801.105407715 944.218688965 830.715087891 830.715087891
eeg 824.135131836 950.79864502 725.436340332 830.715087891
eeg 819.200195312 942.573730469 725.436340332 838.940002441
eeg 840.584960938 949.153686523 725.436340332 834.005004883
eeg 787.945556641 893.224304199 304.321350098 840.584960938
eeg 797.815490723 942.573730469 514.878845215 848.809875488
eeg 857.034729004 1006.72796631 725.436340332 837.29498291
eeg 832.360046387 931.058898926 514.878845215 840.584960938
eeg 853.744812012 978.763305664 830.715087891 840.584960938
eeg 848.809875488 950.79864502 725.436340332 840.584960938
eeg 843.874938965 931.058898926 725.436340332 842.229919434
eeg 860.324707031 978.763305664 935.993835449 838.940002441
eeg 858.679748535 952.443603516 830.715087891 840.584960938
eeg 842.229919434 922.833984375 830.715087891 847.164855957
eeg 837.29498291 921.188964844 830.715087891 843.874938965
eeg 807.68536377 901.44921875 620.157592773 845.519897461
eeg 842.229919434 931.058898926 759.980895996 838.940002441
a 0.182283163071 0.12733861804 nan 0.184004113078
b 0.282537043095 0.251085907221 nan 0.0768274068832
d 0.197872802615 0.095654502511 nan 0.530237615108
g 0.273337006569 0.489176481962 nan 0.0449514612556
t 0.0639699921012 0.0367445014417 nan 0.163979381323
h 1.0 2.0 4.0 1.0
c 0.204222083092
Aa 1.32330787182 1.03279733658 0.0 0.989994287491
Ab 1.51363670826 1.32765948772 0.0 0.610682964325
Ad 1.35894739628 0.908542573452 0.0 1.44963729382
Ag 1.49925971031 1.61730265617 0.0 0.377910584211
At 0.868537604809 0.493029534817 0.0 0.939956009388
as 0.613636374474 0.537037014961 1.0 0.397260278463
bs 0.4375 0.787878811359 1.0 0.266666680574
ds 1.0 0.346153855324 1.0 0.792452812195
gs 0.227272734046 1.0 1.0 0.280000001192
ts 0.754716992378 0.206896558404 1.0 0.527027010918
eeg 878.419494629 957.378540039 865.259643555 835.650024414
eeg 878.419494629 945.863708496 865.259643555 834.005004883
eeg 884.999450684 931.058898926 970.538391113 842.229919434
eeg 857.034729004 888.289367676 865.259643555 852.09979248
eeg 886.64440918 922.833984375 970.538391113 847.164855957
eeg 858.679748535 865.259643555 549.423461914 847.164855957
eeg 814.265258789 835.650024414 549.423461914 850.454833984
eeg 876.774536133 919.544006348 865.259643555 832.360046387
eeg 875.129516602 903.094238281 970.538391113 832.360046387
eeg 842.229919434 847.164855957 759.980895996 843.874938965
eeg 853.744812012 857.034729004 865.259643555 843.874938965
eeg 889.934387207 870.194580078 759.980895996 842.229919434
eeg 815.91027832 789.590576172 759.980895996 850.454833984
eeg 819.200195312 835.650024414 759.980895996 842.229919434
eeg 838.940002441 850.454833984 970.538391113 845.519897461
eeg 876.774536133 863.614685059 970.538391113 847.164855957
eeg 891.579345703 835.650024414 970.538391113 840.584960938
eeg 904.739196777 850.454833984 1181.0958252 843.874938965
eeg 868.549621582 766.560852051 970.538391113 845.519897461
eeg 868.549621582 773.14074707 1075.81713867 845.519897461
eeg 843.874938965 761.625915527 865.259643555 842.229919434
eeg 861.969726562 763.270874023 865.259643555 845.519897461
a 0.173560887575 0.12733861804 nan 0.205195307732
b 0.273556321859 0.251085907221 nan 0.0761885121465
d 0.211284473538 0.095654502511 nan 0.524811804295
g 0.275470882654 0.489176481962 nan 0.0433162339032
t 0.0661274269223 0.0367445014417 nan 0.1504881531
h 1.0 4.0 4.0 1.0
c 0.192137360573
Aa 1.30900168419 1.03279733658 0.0 1.06055319309
Ab 1.50659668446 1.32765948772 0.0 0.630275249481
Ad 1.39441740513 0.908542573452 0.0 1.4683893919
Ag 1.50962555408 1.61730265617 0.0 0.385036468506
At 0.889931499958 0.493029534817 0.0 0.925888061523
as 0.590909063816 0.537037014961 1.0 0.493150681257
bs 0.375 0.787878811359 1.0 0.300000011921
ds 1.0 0.346153855324 1.0 0.801886796951
gs 0.272727280855 1.0 1.0 0.280000001192
ts 0.792452812195 0.206896558404 1.0 0.5
eeg 896.514282227 801.105407715 865.259643555 848.809875488
eeg 847.164855957 769.850830078 865.259643555 840.584960938
eeg 884.999450684 838.940002441 1181.0958252 834.005004883
eeg 850.454833984 766.560852051 865.259643555 838.940002441
eeg 880.064453125 791.235534668 865.259643555 842.229919434
eeg 858.679748535 766.560852051 759.980895996 855.389770508
eeg 852.09979248 776.430725098 865.259643555 857.034729004
eeg 860.324707031 787.945556641 865.259643555 852.09979248
eeg 829.070068359 753.401000977 865.259643555 853.744812012
eeg 888.289367676 835.650024414 970.538391113 848.809875488
eeg 829.070068359 766.560852051 759.980895996 850.454833984
eeg 837.29498291 779.720703125 707.341552734 848.809875488
eeg 852.09979248 801.105407715 759.980895996 845.519897461
eeg 857.034729004 829.070068359 917.899047852 840.584960938
eeg 855.389770508 796.170471191 707.341552734 840.584960938
eeg 855.389770508 804.395385742 707.341552734 838.940002441
eeg 829.070068359 787.945556641 549.423461914 837.29498291
eeg 809.330322266 766.560852051 496.784057617 838.940002441
eeg 880.064453125 857.034729004 812.620300293 827.425109863
eeg 852.09979248 807.68536377 812.620300293 830.715087891
eeg 876.774536133 848.809875488 759.980895996 827.425109863
eeg 847.164855957 810.975280762 759.980895996 830.715087891
a 0.167730942369 0.12733861804 nan 0.2158126086
b 0.265082925558 0.251085907221 nan 0.0759862363338
d 0.22287003696 0.095654502511 nan 0.526251375675
g 0.276333063841 0.489176481962 nan 0.0424889810383
t 0.0679830163717 0.0367445014417 nan 0.139460831881
h 1.0 4.0 4.0 1.0
c 0.180599182844
Aa 1.30451273918 1.03279733658 0.0 1.09487974644
Ab 1.5032813549 1.32765948772 0.0 0.641537845135
Ad 1.4279512167 0.908542573452 0.0 1.48199617863
Ag 1.52133250237 1.61730265617 0.0 0.389079213142
At 0.912300050259 0.493029534817 0.0 0.905255138874
as 0.568181812763 0.537037014961 1.0 0.534246563911
bs 0.375 0.787878811359 1.0 0.316666662693
ds 1.0 0.346153855324 1.0 0.82075470686
gs 0.318181812763 1.0 1.0 0.300000011921
ts 0.830188691616 0.206896558404 1.0 0.47297295928
eeg 834.005004883 817.555236816 759.980895996 830.715087891
eeg 852.09979248 825.780151367 759.980895996 832.360046387
eeg 847.164855957 840.584960938 970.538391113 837.29498291
eeg 857.034729004 829.070068359 865.259643555 842.229919434
eeg 881.709472656 847.164855957 654.702148438 842.229919434
eeg 848.809875488 797.815490723 233.587203979 850.454833984
eeg 809.330322266 787.945556641 233.587203979 847.164855957
eeg 852.09979248 860.324707031 444.144683838 847.164855957
eeg 830.715087891 807.68536377 444.144683838 848.809875488
eeg 819.200195312 815.91027832 233.587203979 843.874938965
eeg 807.68536377 797.815490723 233.587203979 850.454833984
eeg 871.839599609 880.064453125 444.144683838 845.519897461
eeg 878.419494629 855.389770508 444.144683838 847.164855957
eeg 858.679748535 825.780151367 444.144683838 848.809875488
eeg 845.519897461 835.650024414 654.702148438 845.519897461
eeg 820.845214844 794.525512695 444.144683838 842.229919434
eeg 834.005004883 845.519897461 865.259643555 837.29498291
eeg 873.484558105 878.419494629 865.259643555 835.650024414
eeg 843.874938965 797.815490723 654.702148438 845.519897461
eeg 840.584960938 817.555236816 865.259643555 852.09979248
eeg 850.454833984 857.034729004 865.259643555 850.454833984
eeg 852.09979248 834.005004883 759.980895996 850.454833984
a 0.163780942559 0.12733861804 nan 0.221785485744
b 0.259899228811 0.251085907221 nan 0.0761191993952
d 0.230344161391 0.095654502511 nan 0.529522001743
g 0.276887357235 0.489176481962 nan 0.0421309992671
t 0.0690882876515 0.0367445014417 nan 0.130442321301
h 1.0 2.0 4.0 1.0
c 0.169150844216
Aa 1.30451273918 1.03279733658 0.0 1.10575854778
Ab 1.50505435467 1.32765948772 0.0 0.641319572926
Ad 1.45262658596 0.908542573452 0.0 1.48370933533
Ag 1.5325524807 1.61730265617 0.0 0.384427130222
At 0.929653823376 0.493029534817 0.0 0.875243902206
as 0.568181812763 0.537037014961 1.0 0.547945201397
bs 0.40000000596 0.787878811359 1.0 0.316666662693
ds 1.0 0.346153855324 1.0 0.819047629833
gs 0.363636374474 1.0 1.0 0.26530611515
ts 0.86274510622 0.206896558404 1.0 0.432432442904
eeg 855.389770508 830.715087891 654.702148438 852.09979248
eeg 886.64440918 850.454833984 654.702148438 852.09979248
eeg 810.975280762 745.176086426 23.0297241211 860.324707031
eeg 819.200195312 830.715087891 654.702148438 855.389770508
eeg 858.679748535 871.839599609 654.702148438 860.324707031
eeg 817.555236816 802.750427246 549.423461914 857.034729004
eeg 827.425109863 840.584960938 759.980895996 855.389770508
eeg 873.484558105 860.324707031 759.980895996 860.324707031
eeg 888.289367676 852.09979248 759.980895996 848.809875488
eeg 871.839599609 824.135131836 549.423461914 855.389770508
eeg 847.164855957 829.070068359 759.980895996 858.679748535
eeg 819.200195312 801.105407715 654.702148438 857.034729004
eeg 829.070068359 827.425109863 865.259643555 860.324707031
eeg 857.034729004 878.419494629 1181.0958252 853.744812012
eeg 870.194580078 812.620300293 654.702148438 858.679748535
eeg 834.005004883 786.300598145 654.702148438 858.679748535
eeg 855.389770508 832.360046387 759.980895996 858.679748535
eeg 871.839599609 838.940002441 759.980895996 852.09979248
eeg 857.034729004 799.460449219 654.702148438 855.389770508
eeg 873.484558105 812.620300293 759.980895996 858.679748535
eeg 820.845214844 779.720703125 444.144683838 858.679748535
eeg 796.170471191 773.14074707 549.423461914 865.259643555
a 0.161559849977 0.12733861804 nan 0.232507243752
b 0.259465783834 0.251085907221 nan 0.0772955194116
d 0.229111522436 0.095654502511 nan 0.525981068611
g 0.280673056841 0.489176481962 nan 0.0421382747591
t 0.0691897720098 0.0367445014417 nan 0.122077874839
h 1.0 2.0 4.0 1.0
c 0.157545343041
Aa 1.30451273918 1.03279733658 0.0 1.10856080055
Ab 1.51025938988 1.32765948772 0.0 0.630278587341
Ad 1.45622622967 0.908542573452 0.0 1.46309435368
Ag 1.54438006878 1.61730265617 0.0 0.366801023483
At 0.936221241951 0.493029534817 0.0 0.828761219978
as 0.581395328045 0.537037014961 1.0 0.569444417953
bs 0.466666668653 0.787878811359 1.0 0.300000011921
ds 1.0 0.346153855324 1.0 0.800000011921
gs 0.380952388048 1.0 1.0 0.229166671634
ts 0.86274510622 0.206896558404 1.0 0.378378391266
eeg 853.744812012 878.419494629 1286.37463379 860.324707031
eeg 901.44921875 865.259643555 970.538391113 857.034729004
eeg 873.484558105 806.040344238 865.259643555 861.969726562
eeg 914.609069824 871.839599609 970.538391113 861.969726562
eeg 901.44921875 806.040344238 549.423461914 860.324707031
eeg 889.934387207 819.200195312 549.423461914 860.324707031
eeg 850.454833984 779.720703125 338.865936279 866.904663086
eeg 860.324707031 819.200195312 654.702148438 861.969726562
eeg 865.259643555 822.49017334 759.980895996 868.549621582
eeg 878.419494629 853.744812012 970.538391113 861.969726562
eeg 888.289367676 855.389770508 970.538391113 860.324707031
eeg 852.09979248 789.590576172 549.423461914 865.259643555
eeg 843.874938965 809.330322266 759.980895996 868.549621582
eeg 789.590576172 778.075683594 444.144683838 875.129516602
eeg 858.679748535 847.164855957 759.980895996 863.614685059
eeg 873.484558105 834.005004883 654.702148438 863.614685059
eeg 848.809875488 832.360046387 759.980895996 858.679748535
eeg 893.224304199 878.419494629 970.538391113 865.259643555
eeg 834.005004883 786.300598145 654.702148438 870.194580078
eeg 850.454833984 812.620300293 759.980895996 868.549621582
eeg 866.904663086 843.874938965 759.980895996 866.904663086
eeg 857.034729004 820.845214844 759.980895996 858.679748535
a 0.159130886197 0.12733861804 nan 0.253801852465
b 0.264602780342 0.251085907221 nan 0.0808408632874
d 0.21464946866 0.095654502511 nan 0.509239792824
g 0.293256849051 0.489176481962 nan 0.0428224131465
t 0.0683600082994 0.0367445014417 nan 0.113295093179
h 1.0 2.0 4.0 1.0
c 0.146213203669
Aa 1.29456031322 1.03279733658 0.0 1.10856080055
Ab 1.51540029049 1.32765948772 0.0 0.611696958542
Ad 1.42453575134 0.908542573452 0.0 1.41098833084
Ag 1.5600540638 1.61730265617 0.0 0.335737109184
At 0.927607953548 0.493029534817 0.0 0.758277118206
as 0.536585390568 0.537037014961 1.0 0.594202876091
bs 0.466666668653 0.787878811359 1.0 0.266666680574
ds 1.0 0.346153855324 1.0 0.75238096714
gs 0.47619047761 1.0 1.0 0.166666671634
ts 0.843137264252 0.206896558404 1.0 0.283783793449
eeg 866.904663086 822.49017334 759.980895996 865.259643555
eeg 866.904663086 822.49017334 759.980895996 870.194580078
eeg 871.839599609 838.940002441 759.980895996 866.904663086
eeg 863.614685059 817.555236816 759.980895996 868.549621582
eeg 876.774536133 810.975280762 654.702148438 861.969726562
eeg 861.969726562 824.135131836 759.980895996 858.679748535
eeg 866.904663086 830.715087891 759.980895996 861.969726562
eeg 860.324707031 819.200195312 759.980895996 861.969726562
eeg 850.454833984 824.135131836 865.259643555 852.09979248
eeg 806.040344238 792.880554199 549.423461914 857.034729004
eeg 799.460449219 802.750427246 549.423461914 863.614685059
eeg 896.514282227 924.478942871 1075.81713867 855.389770508
eeg 886.64440918 855.389770508 759.980895996 868.549621582
eeg 837.29498291 819.200195312 759.980895996 875.129516602
eeg 857.034729004 861.969726562 970.538391113 871.839599609
eeg 832.360046387 837.29498291 865.259643555 878.419494629
eeg 875.129516602 876.774536133 865.259643555 875.129516602
eeg 906.384155273 893.224304199 970.538391113 873.484558105
eeg 894.86932373 852.09979248 595.482910156 888.289367676
eeg 834.005004883 840.584960938 806.040344238 878.419494629
eeg 855.389770508 896.514282227 806.040344238 868.549621582
eeg 838.940002441 865.259643555 806.040344238 866.904663086
a 0.159819096327 0.12733861804 nan 0.289020091295
b 0.272829025984 0.251085907221 nan 0.0872764363885
d 0.18284343183 0.095654502511 nan 0.475905030966
g 0.317474931479 0.489176481962 nan 0.0444941781461
t 0.0670335069299 0.0367445014417 nan 0.10330427438
h 1.0 2.0 4.0 1.0
c 0.134980455041
Aa 1.28473985195 1.03279733658 0.0 1.10856080055
Ab 1.51700186729 1.32765948772 0.0 0.588529706001
Ad 1.3431905508 0.908542573452 0.0 1.3251529932
Ag 1.58282065392 1.61730265617 0.0 0.295935928822
At 0.907403171062 0.493029534817 0.0 0.661751031876
as 0.512195110321 0.537037014961 1.0 0.594202876091
bs 0.466666668653 0.787878811359 1.0 0.233333334327
ds 1.0 0.346153855324 1.0 0.666666686535
gs 0.571428596973 1.0 1.0 0.0833333358169
ts 0.803921580315 0.206896558404 1.0 0.148648649454
eeg 845.519897461 878.419494629 806.040344238 863.614685059
eeg 848.809875488 861.969726562 858.679748535 868.549621582
eeg 778.075683594 824.135131836 648.122253418 871.839599609
eeg 819.200195312 866.904663086 806.040344238 861.969726562
eeg 861.969726562 894.86932373 806.040344238 858.679748535
eeg 855.389770508 863.614685059 700.76159668 861.969726562
eeg 822.49017334 842.229919434 700.76159668 852.09979248
eeg 884.999450684 889.934387207 753.401000977 857.034729004
eeg 876.774536133 855.389770508 753.401000977 853.744812012
eeg 880.064453125 889.934387207 911.319091797 852.09979248
eeg 896.514282227 893.224304199 911.319091797 848.809875488
eeg 855.389770508 822.49017334 648.122253418 852.09979248
eeg 876.774536133 855.389770508 806.040344238 852.09979248
eeg 884.999450684 860.324707031 490.20413208 852.09979248
eeg 861.969726562 842.229919434 595.482910156 857.034729004
eeg 865.259643555 858.679748535 595.482910156 860.324707031
eeg 850.454833984 847.164855957 595.482910156 861.969726562
eeg 866.904663086 875.129516602 806.040344238 853.744812012
eeg 857.034729004 835.650024414 700.76159668 853.744812012
eeg 873.484558105 845.519897461 700.76159668 858.679748535
eeg 824.135131836 820.845214844 700.76159668 857.034729004
eeg 806.040344238 799.460449219 595.482910156 853.744812012
a 0.1612200737 0.12733861804 nan 0.333090424538
b 0.281488537788 0.251085907221 nan 0.0954112708569
d 0.135128229856 0.095654502511 nan 0.43171402812
g 0.354914039373 0.489176481962 nan 0.0471546687186
t 0.0672491341829 0.0367445014417 nan 0.0926296114922
h 1.0 2.0 4.0 1.0
c 0.124244742095
Aa 1.27184581757 1.03279733658 0.0 1.10533463955
Ab 1.5138875246 1.32765948772 0.0 0.562372207642
Ad 1.19517290592 0.908542573452 0.0 1.21796870232
Ag 1.61454987526 1.61730265617 0.0 0.256297230721
At 0.892113447189 0.493029534817 0.0 0.549522399902
as 0.487804889679 0.537037014961 1.0 0.579710125923
bs 0.466666668653 0.787878811359 1.0 0.183333337307
ds 0.863157868385 0.346153855324 1.0 0.561904788017
gs 0.714285731316 1.0 1.0 0.0
ts 0.784313738346 0.206896558404 1.0 0.0
eeg 843.874938965 863.614685059 911.319091797 850.454833984
eeg 863.614685059 868.549621582 911.319091797 843.874938965
eeg 838.940002441 807.68536377 700.76159668 847.164855957
eeg 832.360046387 822.49017334 911.319091797 847.164855957
eeg 924.478942871 916.25402832 1227.15539551 834.005004883
eeg 908.029174805 810.975280762 595.482910156 840.584960938
eeg 865.259643555 807.68536377 700.76159668 852.09979248
eeg 857.034729004 824.135131836 806.040344238 858.679748535
eeg 806.040344238 753.401000977 806.040344238 865.259643555
eeg 845.519897461 870.194580078 1332.43408203 861.969726562
eeg 868.549621582 840.584960938 1227.15539551 858.679748535
eeg 850.454833984 778.075683594 806.040344238 865.259643555
eeg 842.229919434 791.235534668 911.319091797 865.259643555
eeg 794.525512695 773.14074707 806.040344238 861.969726562
eeg 835.650024414 814.265258789 911.319091797 858.679748535
eeg 850.454833984 809.330322266 806.040344238 858.679748535
eeg 845.519897461 799.460449219 806.040344238 857.034729004
eeg 886.64440918 840.584960938 1016.59783936 858.679748535
eeg 838.940002441 778.075683594 806.040344238 868.549621582
eeg 840.584960938 786.300598145 806.040344238 870.194580078
eeg 868.549621582 817.555236816 806.040344238 868.549621582
eeg 858.679748535 799.460449219 806.040344238 866.904663086
a 0.1612200737 0.12733861804 nan 0.375979810953
b 0.281488537788 0.251085907221 nan 0.101518712938
d 0.135128229856 0.095654502511 nan 0.38966101408
g 0.354914039373 0.489176481962 nan 0.0498136729002
t 0.0672491341829 0.0367445014417 nan 0.0830267742276
h 1.0 4.0 4.0 1.0
c 0.11350902915
Aa 1.27184581757 1.03279733658 0.0 1.10381019115
Ab 1.5138875246 1.32765948772 0.0 0.535191833973
Ad 1.19517290592 0.908542573452 0.0 1.11933267117
Ag 1.61454987526 1.61730265617 0.0 0.225994244218
At 0.892113447189 0.493029534817 0.0 0.447863847017
as 0.487804889679 0.537037014961 1.0 0.579710125923
bs 0.466666668653 0.787878811359 1.0 0.135593220592
ds 0.863157868385 0.346153855324 1.0 0.471153855324
gs 0.714285731316 1.0 1.0 0.0
ts 0.784313738346 0.206896558404 1.0 0.0
eeg 830.715087891 792.880554199 806.040344238 866.904663086
eeg 852.09979248 792.880554199 700.76159668 860.324707031
eeg 812.620300293 746.821105957 69.0891723633 868.549621582
eeg 786.300598145 755.045959473 384.925415039 866.904663086
eeg 908.029174805 911.319091797 911.319091797 855.389770508
eeg 837.29498291 768.205810547 490.20413208 865.259643555
eeg 825.780151367 817.555236816 806.040344238 855.389770508
eeg 881.709472656 829.070068359 700.76159668 858.679748535
eeg 830.715087891 758.3359375 595.482910156 866.904663086
eeg 870.194580078 847.164855957 911.319091797 863.614685059
eeg 880.064453125 829.070068359 911.319091797 866.904663086
eeg 840.584960938 761.625915527 595.482910156 861.969726562
eeg 857.034729004 806.040344238 806.040344238 860.324707031
eeg 875.129516602 825.780151367 700.76159668 858.679748535
eeg 838.940002441 791.235534668 806.040344238 861.969726562
eeg 852.09979248 807.68536377 700.76159668 858.679748535
eeg 855.389770508 806.040344238 700.76159668 860.324707031
eeg 861.969726562 820.845214844 911.319091797 863.614685059
eeg 853.744812012 799.460449219 911.319091797 858.679748535
eeg 857.034729004 796.170471191 911.319091797 853.744812012
eeg 857.034729004 814.265258789 911.319091797 848.809875488
eeg 840.584960938 799.460449219 911.319091797 847.164855957
a 0.1612200737 0.12733861804 nan 0.400347262621
b 0.281488537788 0.251085907221 nan 0.102690167725
d 0.135128229856 0.095654502511 nan 0.367771655321
g 0.354914039373 0.489176481962 nan 0.0513011515141
t 0.0672491341829 0.0367445014417 nan 0.0778897628188
h 1.0 2.0 4.0 1.0
c 0.102773316205
Aa 1.27184581757 1.03279733658 0.0 1.10062909126
Ab 1.5138875246 1.32765948772 0.0 0.50972110033
Ad 1.19517290592 0.908542573452 0.0 1.06377053261
Ag 1.61454987526 1.61730265617 0.0 0.208319336176
At 0.892113447189 0.493029534817 0.0 0.389672607183
as 0.487804889679 0.537037014961 1.0 0.573529422283
bs 0.466666668653 0.787878811359 1.0 0.103448279202
ds 0.863157868385 0.346153855324 1.0 0.407766997814
gs 0.714285731316 1.0 1.0 0.0
ts 0.784313738346 0.206896558404 1.0 0.0
eeg 850.454833984 814.265258789 911.319091797 855.389770508
eeg 853.744812012 796.170471191 911.319091797 853.744812012
eeg 796.170471191 756.690979004 595.482910156 860.324707031
eeg 830.715087891 804.395385742 806.040344238 860.324707031
eeg 906.384155273 904.739196777 1332.43408203 855.389770508
eeg 896.514282227 809.330322266 806.040344238 861.969726562
eeg 845.519897461 773.14074707 700.76159668 853.744812012
eeg 834.005004883 809.330322266 911.319091797 855.389770508
eeg 820.845214844 792.880554199 700.76159668 860.324707031
eeg 858.679748535 842.229919434 911.319091797 847.164855957
eeg 853.744812012 824.135131836 911.319091797 853.744812012
eeg 850.454833984 799.460449219 700.76159668 853.744812012
eeg 845.519897461 791.235534668 806.040344238 848.809875488
eeg 848.809875488 855.389770508 1016.59783936 852.09979248
eeg 863.614685059 819.200195312 806.040344238 853.744812012
eeg 855.389770508 802.750427246 595.482910156 853.744812012
eeg 829.070068359 814.265258789 700.76159668 853.744812012
eeg 792.880554199 776.430725098 595.482910156 860.324707031
eeg 850.454833984 848.809875488 806.040344238 857.034729004
eeg 848.809875488 829.070068359 806.040344238 857.034729004
eeg 861.969726562 838.940002441 806.040344238 850.454833984
eeg 866.904663086 842.229919434 911.319091797 848.809875488
a 0.1612200737 0.12733861804 nan 0.405853450298
b 0.281488537788 0.251085907221 nan 0.0995501428843
d 0.135128229856 0.095654502511 nan 0.366298079491
g 0.354914039373 0.489176481962 nan 0.0513736754656
t 0.0672491341829 0.0367445014417 nan 0.0769246667624
h 1.0 2.0 4.0 1.0
c 0.0920376032591
Aa 1.27184581757 1.03279733658 0.0 1.0980027914
Ab 1.5138875246 1.32765948772 0.0 0.487675517797
Ad 1.19517290592 0.908542573452 0.0 1.05346822739
Ag 1.61454987526 1.61730265617 0.0 0.200374260545
At 0.892113447189 0.493029534817 0.0 0.375699222088
as 0.487804889679 0.537037014961 1.0 0.558823525906
bs 0.466666668653 0.787878811359 1.0 0.0689655169845
ds 0.863157868385 0.346153855324 1.0 0.398058265448
gs 0.714285731316 1.0 1.0 0.0
ts 0.784313738346 0.206896558404 1.0 0.0
eeg 838.940002441 804.395385742 806.040344238 852.09979248
eeg 857.034729004 824.135131836 911.319091797 850.454833984
eeg 870.194580078 842.229919434 806.040344238 852.09979248
eeg 857.034729004 824.135131836 806.040344238 848.809875488
eeg 898.159240723 860.324707031 806.040344238 845.519897461
eeg 863.614685059 825.780151367 700.76159668 852.09979248
eeg 838.940002441 820.845214844 753.401000977 840.584960938
eeg 866.904663086 840.584960938 753.401000977 835.650024414
eeg 840.584960938 802.750427246 648.122253418 838.940002441
eeg 827.425109863 824.135131836 700.76159668 837.29498291
eeg 817.555236816 810.975280762 595.482910156 843.874938965
eeg 857.034729004 853.744812012 700.76159668 835.650024414
eeg 852.09979248 829.070068359 700.76159668 843.874938965
eeg 891.579345703 870.194580078 648.122253418 842.229919434
eeg 845.519897461 832.360046387 700.76159668 853.744812012
eeg 860.324707031 838.940002441 542.843505859 857.034729004
eeg 852.09979248 842.229919434 700.76159668 858.679748535
eeg 858.679748535 875.129516602 963.958496094 866.904663086
eeg 868.549621582 837.29498291 700.76159668 863.614685059
eeg 870.194580078 832.360046387 753.401000977 863.614685059
eeg 888.289367676 860.324707031 595.482910156 861.969726562
eeg 840.584960938 838.940002441 384.925415039 845.519897461
a 0.1612200737 0.12733861804 nan 0.403644293547
b 0.281488537788 0.251085907221 nan 0.0952170863748
d 0.135128229856 0.095654502511 nan 0.372575819492
g 0.354914039373 0.489176481962 nan 0.0507192760706
t 0.0672491341829 0.0367445014417 nan 0.0778435245156
h 1.0 2.0 4.0 1.0
c 0.0813018903136
Aa 1.27184581757 1.03279733658 0.0 1.09752595425
Ab 1.5138875246 1.32765948772 0.0 0.470241993666
Ad 1.19517290592 0.908542573452 0.0 1.06274175644
Ag 1.61454987526 1.61730265617 0.0 0.196700140834
At 0.892113447189 0.493029534817 0.0 0.3827496171
as 0.487804889679 0.537037014961 1.0 0.558823525906
bs 0.466666668653 0.787878811359 1.0 0.0344827584922
ds 0.863157868385 0.346153855324 1.0 0.407766997814
gs 0.714285731316 1.0 1.0 0.0
ts 0.784313738346 0.206896558404 1.0 0.0
eeg 855.389770508 908.029174805 806.040344238 845.519897461
eeg 853.744812012 858.679748535 595.482910156 835.650024414
eeg 758.3359375 769.850830078 384.925415039 848.809875488
eeg 843.874938965 884.999450684 595.482910156 840.584960938
eeg 876.774536133 889.934387207 595.482910156 840.584960938
eeg 842.229919434 868.549621582 806.040344238 843.874938965
eeg 834.005004883 861.969726562 595.482910156 845.519897461
eeg 845.519897461 876.774536133 806.040344238 848.809875488
eeg 889.934387207 926.123962402 806.040344238 850.454833984
eeg 825.780151367 845.519897461 595.482910156 853.744812012
eeg 825.780151367 876.774536133 806.040344238 850.454833984
eeg 829.070068359 878.419494629 806.040344238 848.809875488
eeg 842.229919434 878.419494629 806.040344238 845.519897461
eeg 880.064453125 927.768920898 1016.59783936 840.584960938
eeg 873.484558105 886.64440918 806.040344238 847.164855957
eeg 817.555236816 807.68536377 429.339874268 853.744812012
eeg 871.839599609 914.609069824 903.094238281 843.874938965
eeg 883.354431152 896.514282227 745.176086426 852.09979248
eeg 857.034729004 860.324707031 639.897338867 863.614685059
eeg 875.129516602 860.324707031 639.897338867 857.034729004
eeg 845.519897461 853.744812012 587.257995605 855.389770508
eeg 796.170471191 822.49017334 481.979248047 857.034729004
a 0.1612200737 0.12733861804 nan 0.399411052465
b 0.281488537788 0.251085907221 nan 0.0927267000079
d 0.135128229856 0.095654502511 nan 0.377514272928
g 0.354914039373 0.489176481962 nan 0.0504428483546
t 0.0672491341829 0.0367445014417 nan 0.079905115068
h 1.0 2.0 4.0 1.0
c 0.0705661773682
Aa 1.27184581757 1.03279733658 0.0 1.09103238583
Ab 1.5138875246 1.32765948772 0.0 0.456817120314
Ad 1.19517290592 0.908542573452 0.0 1.06654572487
Ag 1.61454987526 1.61730265617 0.0 0.192411899567
At 0.892113447189 0.493029534817 0.0 0.392186909914
as 0.487804889679 0.537037014961 1.0 0.558823525906
bs 0.466666668653 0.787878811359 1.0 0.0
ds 0.863157868385 0.346153855324 1.0 0.407766997814
gs 0.714285731316 1.0 1.0 0.0
ts 0.784313738346 0.206896558404 1.0 0.0
eeg 840.584960938 908.029174805 903.094238281 855.389770508
eeg 875.129516602 894.86932373 745.176086426 855.389770508
eeg 853.744812012 855.389770508 639.897338867 853.744812012
eeg 838.940002441 860.324707031 639.897338867 853.744812012
eeg 858.679748535 868.549621582 639.897338867 857.034729004
eeg 852.09979248 863.614685059 692.536743164 866.904663086
eeg 881.709472656 903.094238281 850.454833984 858.679748535
eeg 857.034729004 861.969726562 745.176086426 850.454833984
eeg 835.650024414 834.005004883 639.897338867 848.809875488
eeg 865.259643555 878.419494629 692.536743164 847.164855957
eeg 863.614685059 865.259643555 745.176086426 853.744812012
eeg 842.229919434 855.389770508 797.815490723 850.454833984
eeg 852.09979248 842.229919434 903.094238281 848.809875488
eeg 863.614685059 858.679748535 745.176086426 845.519897461
eeg 838.940002441 830.715087891 745.176086426 848.809875488
eeg 848.809875488 845.519897461 639.897338867 852.09979248
eeg 830.715087891 832.360046387 745.176086426 852.09979248
eeg 783.010620117 810.975280762 639.897338867 857.034729004
eeg 853.744812012 870.194580078 745.176086426 853.744812012
eeg 845.519897461 840.584960938 692.536743164 852.09979248
eeg 858.679748535 860.324707031 745.176086426 863.614685059
eeg 873.484558105 863.614685059 850.454833984 870.194580078
a 0.1612200737 0.12733861804 nan 0.405822962523
b 0.281488537788 0.251085907221 nan 0.0913780555129
d 0.135128229856 0.095654502511 nan 0.370370775461
g 0.354914039373 0.489176481962 nan 0.0502137616277
t 0.0672491341829 0.0367445014417 nan 0.0822144597769
h 1.0 2.0 4.0 1.0
c 0.0598304606974
Aa 1.27184581757 1.03279733658 0.0 1.09103238583
Ab 1.5138875246 1.32765948772 0.0 0.443537682295
Ad 1.19517290592 0.908542573452 0.0 1.05133247375
Ag 1.61454987526 1.61730265617 0.0 0.183518543839
At 0.892113447189 0.493029534817 0.0 0.397643983364
as 0.487804889679 0.537037014961 1.0 0.567164182663
bs 0.466666668653 0.787878811359 1.0 0.0
ds 0.863157868385 0.346153855324 1.0 0.398058265448
gs 0.714285731316 1.0 1.0 0.0
ts 0.784313738346 0.206896558404 1.0 0.0
eeg 847.164855957 845.519897461 955.733581543 868.549621582
eeg 875.129516602 845.519897461 850.454833984 865.259643555
eeg 820.845214844 792.880554199 797.815490723 868.549621582
eeg 838.940002441 835.650024414 850.454833984 868.549621582
eeg 827.425109863 781.365661621 587.257995605 878.419494629
eeg 868.549621582 834.005004883 850.454833984 883.354431152
eeg 855.389770508 820.845214844 639.897338867 868.549621582
eeg 815.91027832 791.235534668 692.536743164 858.679748535
eeg 850.454833984 835.650024414 692.536743164 857.034729004
eeg 806.040344238 789.590576172 639.897338867 863.614685059
eeg 817.555236816 822.49017334 797.815490723 865.259643555
eeg 855.389770508 835.650024414 797.815490723 863.614685059
eeg 842.229919434 807.68536377 903.094238281 860.324707031
eeg 878.419494629 843.874938965 745.176086426 860.324707031
eeg 832.360046387 791.235534668 745.176086426 863.614685059
eeg 840.584960938 822.49017334 745.176086426 865.259643555
eeg 837.29498291 809.330322266 745.176086426 863.614685059
eeg 850.454833984 822.49017334 692.536743164 858.679748535
eeg 835.650024414 796.170471191 639.897338867 863.614685059
eeg 848.809875488 819.200195312 639.897338867 858.679748535
eeg 850.454833984 822.49017334 692.536743164 858.679748535
eeg 840.584960938 824.135131836 850.454833984 850.454833984
a 0.1612200737 0.12733861804 nan 0.420403212309
b 0.281488537788 0.251085907221 nan 0.0915157720447
d 0.135128229856 0.095654502511 nan 0.352979570627
g 0.354914039373 0.489176481962 nan 0.0500585846603
t 0.0672491341829 0.0367445014417 nan 0.0850428491831
h 1.0 2.0 4.0 1.0
c 0.0490947440267
Aa 1.27184581757 1.03279733658 0.0 1.09103238583
Ab 1.5138875246 1.32765948772 0.0 0.428862303495
Ad 1.19517290592 0.908542573452 0.0 1.01511597633
Ag 1.61454987526 1.61730265617 0.0 0.166844934225
At 0.892113447189 0.493029534817 0.0 0.397004127502
as 0.487804889679 0.537037014961 1.0 0.575757563114
bs 0.466666668653 0.787878811359 1.0 0.0
ds 0.863157868385 0.346153855324 1.0 0.359223306179
gs 0.714285731316 1.0 1.0 0.0
ts 0.784313738346 0.206896558404 1.0 0.0
eeg 845.519897461 822.49017334 850.454833984 857.034729004
eeg 860.324707031 814.265258789 850.454833984 863.614685059
eeg 809.330322266 781.365661621 692.536743164 860.324707031
eeg 842.229919434 810.975280762 692.536743164 855.389770508
eeg 880.064453125 843.874938965 745.176086426 861.969726562
eeg 820.845214844 789.590576172 745.176086426 865.259643555
eeg 797.815490723 783.010620117 534.618591309 863.614685059
eeg 860.324707031 847.164855957 797.815490723 858.679748535
eeg 858.679748535 822.49017334 587.257995605 853.744812012
eeg 870.194580078 845.519897461 692.536743164 850.454833984
eeg 871.839599609 840.584960938 745.176086426 857.034729004
eeg 815.91027832 797.815490723 745.176086426 860.324707031
eeg 845.519897461 819.200195312 745.176086426 860.324707031
eeg 860.324707031 837.29498291 692.536743164 850.454833984
eeg 832.360046387 809.330322266 797.815490723 852.09979248
eeg 835.650024414 815.91027832 692.536743164 847.164855957
eeg 858.679748535 832.360046387 745.176086426 842.229919434
eeg 852.09979248 820.845214844 639.897338867 850.454833984
eeg 822.49017334 809.330322266 797.815490723 852.09979248
eeg 863.614685059 838.940002441 692.536743164 847.164855957
eeg 810.975280762 781.365661621 587.257995605 847.164855957
eeg 797.815490723 799.460449219 692.536743164 847.164855957
a 0.159847050905 0.12733861804 nan 0.442567139864
b 0.465435296297 0.251085907221 nan 0.0924001261592
d 0.0231098849326 0.095654502511 nan 0.326780885458
g 0.299290895462 0.489176481962 nan 0.0497338473797
t 0.0523168742657 0.0367445014417 nan 0.0885179936886
h 1.0 2.0 4.0 1.0
c 0.0323947444558
Aa 1.16732561588 1.03279733658 0.0 1.09103238583
Ab 1.63148033619 1.32765948772 0.0 0.410725772381
Ad 0.327418744564 0.908542573452 0.0 0.959309875965
Ag 1.43971443176 1.61730265617 0.0 0.141705274582
At 0.682262778282 0.493029534817 0.0 0.392084777355
as 0.20000000298 0.537037014961 1.0 0.575757563114
bs 1.0 0.787878811359 1.0 0.0
ds 0.0 0.346153855324 1.0 0.310679614544
gs 0.0 1.0 1.0 0.0
ts 0.372549027205 0.206896558404 1.0 0.0
eeg 876.774536133 853.744812012 692.536743164 842.229919434
eeg 835.650024414 806.040344238 797.815490723 840.584960938
eeg 893.224304199 866.904663086 745.176086426 834.005004883
eeg 843.874938965 809.330322266 745.176086426 830.715087891
eeg 842.229919434 824.135131836 745.176086426 830.715087891
eeg 860.324707031 834.005004883 797.815490723 832.360046387
eeg 850.454833984 829.070068359 692.536743164 830.715087891
eeg 829.070068359 822.49017334 850.454833984 834.005004883
eeg 848.809875488 843.874938965 797.815490723 834.005004883
eeg 858.679748535 832.360046387 745.176086426 838.940002441
eeg 863.614685059 847.164855957 850.454833984 834.005004883
eeg 870.194580078 838.940002441 745.176086426 848.809875488
eeg 880.064453125 832.360046387 797.815490723 852.09979248
eeg 802.750427246 806.040344238 797.815490723 847.164855957
eeg 824.135131836 825.780151367 745.176086426 834.005004883
eeg 852.09979248 840.584960938 745.176086426 835.650024414
eeg 840.584960938 830.715087891 797.815490723 837.29498291
eeg 855.389770508 840.584960938 639.897338867 832.360046387
eeg 807.68536377 814.265258789 903.094238281 835.650024414
eeg 837.29498291 850.454833984 797.815490723 830.715087891
eeg 845.519897461 838.940002441 692.536743164 825.780151367
eeg 868.549621582 870.194580078 850.454833984 832.360046387
a 0.166054025292 0.12733861804 nan 0.469401240349
b 0.460889965296 0.251085907221 nan 0.0935438126326
d 0.0214094668627 0.095654502511 nan 0.29674449563
g 0.299587100744 0.489176481962 nan 0.0488402955234
t 0.0520594455302 0.0367445014417 nan 0.0914701670408
h 1.0 1.0 4.0 1.0
c 0.015694744885
Aa 1.16732561588 1.03279733658 0.0 1.09248423576
Ab 1.61067342758 1.32765948772 0.0 0.391955137253
Ad 0.277682036161 0.908542573452 0.0 0.893322706223
Ag 1.42359924316 1.61730265617 0.0 0.109718330204
At 0.663575708866 0.493029534817 0.0 0.382219523191
as 0.20000000298 0.537037014961 1.0 0.5625
bs 1.0 0.787878811359 1.0 0.0
ds 0.0 0.346153855324 1.0 0.235294118524
gs 0.0 1.0 1.0 0.0
ts 0.333333343267 0.206896558404 1.0 0.0
eeg 880.064453125 873.484558105 903.094238281 837.29498291
eeg 899.804260254 873.484558105 850.454833984 827.425109863
eeg 817.555236816 814.265258789 745.176086426 837.29498291
eeg 850.454833984 870.194580078 797.815490723 840.584960938
eeg 861.969726562 834.005004883 481.979248047 837.29498291
eeg 815.91027832 850.454833984 850.454833984 834.005004883
eeg 853.744812012 889.934387207 745.176086426 834.005004883
eeg 806.040344238 850.454833984 797.815490723 834.005004883
eeg 840.584960938 893.224304199 797.815490723 824.135131836
eeg 814.265258789 853.744812012 639.897338867 830.715087891
eeg 779.720703125 853.744812012 639.897338867 835.650024414
eeg 848.809875488 899.804260254 639.897338867 834.005004883
eeg 825.780151367 886.64440918 745.176086426 838.940002441
eeg 866.904663086 939.283752441 692.536743164 834.005004883
eeg 842.229919434 903.094238281 692.536743164 837.29498291
eeg 825.780151367 909.674133301 692.536743164 842.229919434
eeg 845.519897461 916.25402832 797.815490723 852.09979248
eeg 850.454833984 916.25402832 639.897338867 855.389770508
eeg 819.200195312 899.804260254 797.815490723 848.809875488
eeg 834.005004883 914.609069824 745.176086426 842.229919434
eeg 830.715087891 901.44921875 692.536743164 838.940002441
eeg 829.070068359 917.899047852 797.815490723 840.584960938
a 0.172410547733 0.12733861804 nan 0.479631990194
b 0.456735610962 0.251085907221 nan 0.0975828021765
d 0.0210738442838 0.095654502511 nan 0.278108149767
g 0.298389256001 0.489176481962 nan 0.0487328469753
t 0.051390722394 0.0367445014417 nan 0.0959442332387
h 1.0 2.0 4.0 1.0
c 0.0
Aa 1.16732561588 1.03279733658 0.0 1.07024013996
Ab 1.59042668343 1.32765948772 0.0 0.378705352545
Ad 0.254505515099 0.908542573452 0.0 0.833545744419
Ag 1.40554499626 1.61730265617 0.0 0.0771538391709
At 0.641646504402 0.493029534817 0.0 0.371350944042
as 0.20000000298 0.537037014961 1.0 0.53125
bs 0.9375 0.787878811359 1.0 0.0
ds 0.0 0.346153855324 1.0 0.178217828274
gs 0.0 1.0 1.0 0.0
ts 0.29411765933 0.206896558404 1.0 0.0
eeg 825.780151367 912.964111328 797.815490723 843.874938965
eeg 842.229919434 917.899047852 797.815490723 842.229919434
eeg 771.495788574 878.419494629 797.815490723 845.519897461
eeg 786.300598145 898.159240723 797.815490723 842.229919434
eeg 834.005004883 931.058898926 850.454833984 835.650024414
eeg 845.519897461 940.928771973 1061.0123291 842.229919434
eeg 861.969726562 926.123962402 955.733581543 842.229919434
eeg 858.679748535 911.319091797 955.733581543 843.874938965
eeg 835.650024414 886.64440918 850.454833984 847.164855957
eeg 852.09979248 908.029174805 903.094238281 840.584960938
eeg 857.034729004 909.674133301 903.094238281 842.229919434
eeg 850.454833984 880.064453125 692.536743164 843.874938965
eeg 842.229919434 855.389770508 751.75604248 843.874938965
eeg 827.425109863 876.774536133 646.477294922 847.164855957
eeg 832.360046387 871.839599609 646.477294922 843.874938965
eeg 863.614685059 919.544006348 962.313476562 845.519897461
eeg 863.614685059 868.549621582 751.75604248 845.519897461
eeg 815.91027832 830.715087891 646.477294922 847.164855957
eeg 840.584960938 860.324707031 646.477294922 840.584960938
eeg 855.389770508 853.744812012 541.198547363 835.650024414
eeg 843.874938965 857.034729004 751.75604248 848.809875488
eeg 876.774536133 889.934387207 857.034729004 838.940002441
a 0.17852601409 0.12733861804 nan 0.445929199457
b 0.452893942595 0.251085907221 nan 0.107543997467
d 0.0218933261931 0.095654502511 nan 0.29109454155
g 0.296584457159 0.489176481962 nan 0.0514403060079
t 0.0501022450626 0.0367445014417 nan 0.103991933167
h 1.0 2.0 4.0 1.0
c 0.0
Aa 1.16732561588 1.03279733658 0.0 0.990684509277
Ab 1.57162058353 1.32765948772 0.0 0.373004764318
Ad 0.255935817957 0.908542573452 0.0 0.805452644825
Ag 1.38777244091 1.61730265617 0.0 0.0527221336961
At 0.615481257439 0.493029534817 0.0 0.358418256044
as 0.20000000298 0.537037014961 1.0 0.40625
bs 0.8125 0.787878811359 1.0 0.0
ds 0.0 0.346153855324 1.0 0.148514851928
gs 0.0 1.0 1.0 0.0
ts 0.235294118524 0.206896558404 1.0 0.0
eeg 863.614685059 845.519897461 857.034729004 845.519897461
eeg 898.159240723 871.839599609 857.034729004 848.809875488
eeg 835.650024414 789.590576172 541.198547363 847.164855957
eeg 820.845214844 819.200195312 751.75604248 853.744812012
eeg 830.715087891 815.91027832 646.477294922 852.09979248
eeg 837.29498291 817.555236816 857.034729004 850.454833984
eeg 878.419494629 847.164855957 646.477294922 853.744812012
eeg 820.845214844 789.590576172 699.116638184 866.904663086
eeg 840.584960938 819.200195312 699.116638184 863.614685059
eeg 847.164855957 806.040344238 699.116638184 860.324707031
eeg 857.034729004 827.425109863 804.395385742 861.969726562
eeg 820.845214844 791.235534668 751.75604248 850.454833984
eeg 840.584960938 791.235534668 751.75604248 850.454833984
eeg 799.460449219 773.14074707 751.75604248 853.744812012
eeg 815.91027832 784.655639648 699.116638184 845.519897461
eeg 865.259643555 809.330322266 699.116638184 855.389770508
eeg 853.744812012 804.395385742 804.395385742 857.034729004
eeg 868.549621582 797.815490723 435.919799805 847.164855957
eeg 768.205810547 722.146362305 435.919799805 855.389770508
eeg 842.229919434 875.129516602 1330.7890625 842.229919434
eeg 860.324707031 797.815490723 699.116638184 840.584960938
eeg 853.744812012 815.91027832 1120.23156738 840.584960938
a 0.183894231915 0.12733861804 nan 0.387091010809
b 0.448663592339 0.251085907221 nan 0.11717453599
d 0.0233843401074 0.095654502511 nan 0.331344753504
g 0.295536994934 0.489176481962 nan 0.0546320304275
t 0.0485208705068 0.0367445014417 nan 0.10975766927
h 1.0 2.0 4.0 1.0
c 0.0
Aa 1.16732561588 1.03279733658 0.0 0.892857849598
Ab 1.55467832088 1.32765948772 0.0 0.373878061771
Ad 0.271682590246 0.908542573452 0.0 0.825324892998
Ag 1.37336933613 1.61730265617 0.0 0.0424921326339
At 0.588686108589 0.493029534817 0.0 0.345479667187
as 0.20000000298 0.537037014961 1.0 0.238095238805
bs 0.6875 0.787878811359 1.0 0.0
ds 0.0 0.346153855324 1.0 0.159999996424
gs 0.0 1.0 1.0 0.0
ts 0.196078434587 0.206896558404 1.0 0.0
eeg 889.934387207 830.715087891 909.674133301 830.715087891
eeg 876.774536133 784.655639648 593.837890625 834.005004883
eeg 837.29498291 776.430725098 488.559173584 838.940002441
eeg 815.91027832 756.690979004 383.280426025 847.164855957
eeg 863.614685059 832.360046387 699.116638184 840.584960938
eeg 830.715087891 773.14074707 699.116638184 845.519897461
eeg 815.91027832 810.975280762 909.674133301 842.229919434
eeg 845.519897461 807.68536377 699.116638184 835.650024414
eeg 825.780151367 774.785766602 593.837890625 843.874938965
eeg 834.005004883 807.68536377 699.116638184 842.229919434
eeg 868.549621582 848.809875488 909.674133301 835.650024414
eeg 827.425109863 784.655639648 804.395385742 840.584960938
eeg 842.229919434 789.590576172 804.395385742 843.874938965
eeg 865.259643555 830.715087891 804.395385742 835.650024414
eeg 845.519897461 799.460449219 804.395385742 838.940002441
eeg 838.940002441 806.040344238 804.395385742 840.584960938
eeg 840.584960938 804.395385742 804.395385742 835.650024414
eeg 852.09979248 819.200195312 804.395385742 837.29498291
eeg 837.29498291 810.975280762 909.674133301 842.229919434
eeg 881.709472656 858.679748535 1014.95288086 843.874938965
eeg 824.135131836 769.850830078 804.395385742 843.874938965
eeg 827.425109863 825.780151367 1014.95288086 840.584960938
a 0.187526151538 0.12733861804 nan 0.347936093807
b 0.444088995457 0.251085907221 nan 0.118026420474
d 0.0260275676847 0.095654502511 nan 0.371688246727
g 0.295066207647 0.489176481962 nan 0.0549282357097
t 0.047291085124 0.0367445014417 nan 0.107420995831
h 1.0 2.0 4.0 1.0
c 0.0
Aa 1.16732561588 1.03279733658 0.0 0.847471356392
Ab 1.54173374176 1.32765948772 0.0 0.377951085567
Ad 0.309697329998 0.908542573452 0.0 0.876150667667
Ag 1.36418318748 1.61730265617 0.0 0.045767519623
At 0.569042980671 0.493029534817 0.0 0.337061017752
as 0.20000000298 0.537037014961 1.0 0.15873016417
bs 0.625 0.787878811359 1.0 0.0
ds 0.0 0.346153855324 1.0 0.209999993443
gs 0.0 1.0 1.0 0.0
ts 0.156862750649 0.206896558404 1.0 0.0
eeg 847.164855957 809.330322266 699.116638184 840.584960938
eeg 834.005004883 791.235534668 699.116638184 837.29498291
eeg 809.330322266 814.265258789 699.116638184 847.164855957
eeg 819.200195312 815.91027832 699.116638184 848.809875488
eeg 894.86932373 884.999450684 909.674133301 838.940002441
eeg 871.839599609 824.135131836 804.395385742 847.164855957
eeg 843.874938965 801.105407715 488.559173584 848.809875488
eeg 797.815490723 776.430725098 488.559173584 853.744812012
eeg 819.200195312 840.584960938 804.395385742 850.454833984
eeg 837.29498291 830.715087891 804.395385742 842.229919434
eeg 855.389770508 845.519897461 909.674133301 838.940002441
eeg 850.454833984 824.135131836 804.395385742 847.164855957
eeg 834.005004883 797.815490723 593.837890625 852.09979248
eeg 871.839599609 863.614685059 751.75604248 848.809875488
eeg 843.874938965 817.555236816 646.477294922 855.389770508
eeg 840.584960938 837.29498291 699.116638184 848.809875488
eeg 837.29498291 810.975280762 699.116638184 848.809875488
eeg 794.525512695 815.91027832 751.75604248 855.389770508
eeg 863.614685059 865.259643555 751.75604248 845.519897461
eeg 896.514282227 860.324707031 751.75604248 850.454833984
eeg 875.129516602 824.135131836 699.116638184 858.679748535
eeg 829.070068359 797.815490723 541.198547363 857.034729004
a 0.188878521323 0.12733861804 nan 0.317464590073
b 0.438934504986 0.251085907221 nan 0.115979783237
d 0.0295780226588 0.095654502511 nan 0.408057004213
g 0.295059502125 0.489176481962 nan 0.0546183772385
t 0.0475494340062 0.0367445014417 nan 0.103880248964
h 1.0 2.0 4.0 1.0
c 0.0
Aa 1.16732561588 1.03279733658 0.0 0.821404933929
Ab 1.53354275227 1.32765948772 0.0 0.384091973305
Ad 0.362112134695 0.908542573452 0.0 0.930430531502
Ag 1.36105263233 1.61730265617 0.0 0.0570484623313
At 0.568288385868 0.493029534817 0.0 0.336242645979
as 0.20000000298 0.537037014961 1.0 0.126984134316
bs 0.5625 0.787878811359 1.0 0.0
ds 0.0399999991059 0.346153855324 1.0 0.275510191917
gs 0.0 1.0 1.0 0.0
ts 0.156862750649 0.206896558404 1.0 0.0
eeg 820.845214844 817.555236816 857.034729004 861.969726562
eeg 827.425109863 830.715087891 751.75604248 861.969726562
eeg 857.034729004 843.874938965 699.116638184 847.164855957
eeg 850.454833984 830.715087891 804.395385742 850.454833984
eeg 824.135131836 806.040344238 646.477294922 850.454833984
eeg 838.940002441 830.715087891 751.75604248 853.744812012
eeg 860.324707031 853.744812012 646.477294922 861.969726562
eeg 838.940002441 810.975280762 593.837890625 858.679748535
eeg 853.744812012 834.005004883 593.837890625 858.679748535
eeg 814.265258789 801.105407715 699.116638184 861.969726562
eeg 796.170471191 809.330322266 646.477294922 855.389770508
eeg 850.454833984 837.29498291 593.837890625 850.454833984
eeg 852.09979248 835.650024414 593.837890625 852.09979248
eeg 861.969726562 855.389770508 646.477294922 850.454833984
eeg 857.034729004 845.519897461 751.75604248 852.09979248
eeg 840.584960938 829.070068359 751.75604248 855.389770508
eeg 848.809875488 819.200195312 804.395385742 857.034729004
eeg 857.034729004 853.744812012 804.395385742 857.034729004
eeg 857.034729004 843.874938965 857.034729004 852.09979248
eeg 894.86932373 868.549621582 909.674133301 842.229919434
eeg 858.679748535 812.620300293 751.75604248 843.874938965
eeg 827.425109863 812.620300293 857.034729004 852.09979248
a 0.188275337219 0.12733861804 nan 0.301159501076
b 0.433386176825 0.251085907221 nan 0.114174559712
d 0.0329292789102 0.095654502511 nan 0.427697867155
g 0.295860737562 0.489176481962 nan 0.0542671903968
t 0.0495484732091 0.0367445014417 nan 0.102700889111
h 1.0 2.0 4.0 1.0
c 0.0
Aa 1.16732561588 1.03279733658 0.0 0.813329398632
Ab 1.52940714359 1.32765948772 0.0 0.392102181911
Ad 0.410114347935 0.908542573452 0.0 0.965669929981
Ag 1.36361944675 1.61730265617 0.0 0.0690701827407
At 0.587562382221 0.493029534817 0.0 0.346107035875
as 0.20000000298 0.537037014961 1.0 0.111111111939
bs 0.5625 0.787878811359 1.0 0.0
ds 0.0900000035763 0.346153855324 1.0 0.306122452021
gs 0.0 1.0 1.0 0.0
ts 0.176470592618 0.206896558404 1.0 0.0
eeg 857.034729004 817.555236816 646.477294922 858.679748535
eeg 835.650024414 807.68536377 646.477294922 863.614685059
eeg 875.129516602 858.679748535 699.116638184 858.679748535
eeg 860.324707031 829.070068359 699.116638184 858.679748535
eeg 857.034729004 842.229919434 751.75604248 858.679748535
eeg 858.679748535 824.135131836 751.75604248 857.034729004
eeg 797.815490723 812.620300293 751.75604248 861.969726562
eeg 840.584960938 838.940002441 751.75604248 858.679748535
eeg 842.229919434 822.49017334 593.837890625 858.679748535
eeg 853.744812012 843.874938965 751.75604248 853.744812012
eeg 866.904663086 842.229919434 593.837890625 842.229919434
eeg 829.070068359 824.135131836 751.75604248 850.454833984
eeg 870.194580078 860.324707031 751.75604248 850.454833984
eeg 865.259643555 840.584960938 646.477294922 850.454833984
eeg 848.809875488 842.229919434 751.75604248 848.809875488
eeg 835.650024414 837.29498291 804.395385742 845.519897461
eeg 852.09979248 843.874938965 909.674133301 835.650024414
eeg 861.969726562 850.454833984 751.75604248 829.070068359
eeg 835.650024414 822.49017334 751.75604248 838.940002441
eeg 863.614685059 858.679748535 751.75604248 834.005004883
eeg 822.49017334 814.265258789 751.75604248 835.650024414
eeg 796.170471191 822.49017334 751.75604248 847.164855957
a 0.189723983407 0.12733861804 nan 0.294409543276
b 0.426099836826 0.251085907221 nan 0.114444442093
d 0.0349098704755 0.095654502511 nan 0.431912183762
g 0.29724869132 0.489176481962 nan 0.0541690066457
t 0.0520176179707 0.0367445014417 nan 0.105064831674
h 1.0 2.0 4.0 1.0
c 0.0
Aa 1.17551517487 1.03279733658 0.0 0.811446249485
Ab 1.52690434456 1.32765948772 0.0 0.401089072227
Ad 0.440341234207 0.908542573452 0.0 0.977889835835
Ag 1.37051296234 1.61730265617 0.0 0.0762452557683
At 0.613543450832 0.493029534817 0.0 0.363951742649
as 0.22499999404 0.537037014961 1.0 0.111111111939
bs 0.5 0.787878811359 1.0 0.0
ds 0.111111111939 0.346153855324 1.0 0.309278339148
gs 0.0 1.0 1.0 0.0
ts 0.235294118524 0.206896558404 1.0 0.0
eeg 858.679748535 876.774536133 804.395385742 845.519897461
eeg 899.804260254 899.804260254 804.395385742 858.679748535
eeg 857.034729004 837.29498291 541.198547363 863.614685059
eeg 858.679748535 863.614685059 751.75604248 861.969726562
eeg 835.650024414 835.650024414 488.559173584 858.679748535
eeg 824.135131836 848.809875488 751.75604248 858.679748535
eeg 847.164855957 921.188964844 962.313476562 857.034729004
eeg 848.809875488 881.709472656 804.395385742 843.874938965
eeg 830.715087891 858.679748535 699.116638184 842.229919434
eeg 875.129516602 911.319091797 791.235534668 834.005004883
eeg 835.650024414 870.194580078 580.678039551 834.005004883
eeg 820.845214844 901.44921875 1001.79302979 840.584960938
eeg 845.519897461 919.544006348 896.514282227 835.650024414
eeg 779.720703125 863.614685059 791.235534668 838.940002441
eeg 792.880554199 909.674133301 896.514282227 842.229919434
eeg 845.519897461 926.123962402 791.235534668 840.584960938
eeg 807.68536377 894.86932373 896.514282227 848.809875488
eeg 824.135131836 931.058898926 791.235534668 840.584960938
eeg 812.620300293 908.029174805 791.235534668 845.519897461
eeg 810.975280762 916.25402832 896.514282227 853.744812012
eeg 815.91027832 931.058898926 896.514282227 843.874938965
eeg 776.430725098 888.289367676 685.956787109 837.29498291
a 0.190780103207 0.12733861804 nan 0.292749643326
b 0.418697059155 0.251085907221 nan 0.116544097662
d 0.0352479629219 0.095654502511 nan 0.427715778351
g 0.301142007113 0.489176481962 nan 0.0541969724
t 0.0541328676045 0.0367445014417 nan 0.108793511987
h 1.0 2.0 4.0 1.0
c 0.0
Aa 1.18198263645 1.03279733658 0.0 0.809726417065
Ab 1.52334940434 1.32765948772 0.0 0.409720301628
Ad 0.448583543301 0.908542573452 0.0 0.974385261536
Ag 1.38022089005 1.61730265617 0.0 0.0772050321102
At 0.634910523891 0.493029534817 0.0 0.379833012819
as 0.25 0.537037014961 1.0 0.0967741906643
bs 0.5 0.787878811359 1.0 0.0
ds 0.121212124825 0.346153855324 1.0 0.309278339148
gs 0.0333333350718 1.0 1.0 0.0
ts 0.274509817362 0.206896558404 1.0 0.0
eeg 837.29498291 944.218688965 896.514282227 832.360046387
eeg 893.224304199 970.538391113 896.514282227 838.940002441
eeg 868.549621582 891.579345703 580.678039551 847.164855957
eeg 838.940002441 896.514282227 791.235534668 852.09979248
eeg 807.68536377 880.064453125 817.555236816 861.969726562
eeg 840.584960938 899.804260254 764.91583252 852.09979248
eeg 875.129516602 924.478942871 764.91583252 843.874938965
eeg 838.940002441 894.86932373 791.235534668 840.584960938
eeg 847.164855957 901.44921875 685.956787109 829.070068359
eeg 815.91027832 868.549621582 817.555236816 834.005004883
eeg 802.750427246 893.224304199 764.91583252 837.29498291
eeg 843.874938965 908.029174805 712.276489258 834.005004883
eeg 838.940002441 908.029174805 738.596191406 825.780151367
eeg 860.324707031 916.25402832 659.637145996 824.135131836
eeg 861.969726562 917.899047852 817.555236816 830.715087891
eeg 820.845214844 891.579345703 738.596191406 829.070068359
eeg 853.744812012 899.804260254 764.91583252 834.005004883
eeg 873.484558105 931.058898926 791.235534668 842.229919434
eeg 843.874938965 888.289367676 738.596191406 840.584960938
eeg 838.940002441 891.579345703 712.276489258 840.584960938
eeg 853.744812012 904.739196777 817.555236816 837.29498291
eeg 840.584960938 886.64440918 712.276489258 835.650024414
a 0.192064300179 0.12733861804 nan 0.288086116314
b 0.410553246737 0.251085907221 nan 0.120579741895
d 0.0347010456026 0.095654502511 nan 0.425239264965
g 0.307661086321 0.489176481962 nan 0.0545313209295
t 0.055020339787 0.0367445014417 nan 0.111563563347
h 1.0 2.0 4.0 1.0
c 0.0
Aa 1.18721747398 1.03279733658 0.0 0.796703875065
Ab 1.51714038849 1.32765948772 0.0 0.418455868959
Ad 0.444113403559 0.908542573452 0.0 0.965814888477
Ag 1.39184343815 1.61730265617 0.0 0.0738275498152
At 0.644294083118 0.493029534817 0.0 0.38470390439
as 0.25 0.537037014961 1.0 0.0645161271095
bs 0.4375 0.787878811359 1.0 0.0
ds 0.111111111939 0.346153855324 1.0 0.302083343267
gs 0.0666666701436 1.0 1.0 0.0
ts 0.29411765933 0.206896558404 1.0 0.0
eeg 840.584960938 889.934387207 817.555236816 825.780151367
eeg 860.324707031 888.289367676 712.276489258 815.91027832
eeg 802.750427246 835.650024414 712.276489258 814.265258789
eeg 789.590576172 850.454833984 712.276489258 820.845214844
eeg 845.519897461 891.579345703 817.555236816 817.555236816
eeg 853.744812012 880.064453125 817.555236816 822.49017334
eeg 875.129516602 884.999450684 817.555236816 829.070068359
eeg 852.09979248 860.324707031 817.555236816 834.005004883
eeg 835.650024414 838.940002441 712.276489258 848.809875488
eeg 863.614685059 865.259643555 817.555236816 847.164855957
eeg 868.549621582 848.809875488 712.276489258 848.809875488
eeg 857.034729004 835.650024414 817.555236816 852.09979248
eeg 855.389770508 829.070068359 712.276489258 853.744812012
eeg 855.389770508 834.005004883 712.276489258 853.744812012
eeg 853.744812012 847.164855957 764.91583252 852.09979248
eeg 840.584960938 829.070068359 764.91583252 861.969726562
eeg 852.09979248 820.845214844 764.91583252 858.679748535
eeg 857.034729004 827.425109863 764.91583252 857.034729004
eeg 837.29498291 801.105407715 738.596191406 857.034729004
eeg 870.194580078 822.49017334 738.596191406 850.454833984
eeg 829.070068359 774.785766602 791.235534668 855.389770508
eeg 809.330322266 792.880554199 870.194580078 860.324707031
a 0.191775351763 0.12733861804 nan 0.280499398708
b 0.401592373848 0.251085907221 nan 0.12544053793
d 0.0348621755838 0.095654502511 nan 0.428728073835
g 0.316557735205 0.489176481962 nan 0.0550759099424
t 0.0552123747766 0.0367445014417 nan 0.110256098211
h 1.0 2.0 4.0 1.0
c 0.0
Aa 1.18721747398 1.03279733658 0.0 0.77765339613
Ab 1.50821018219 1.32765948772 0.0 0.428159326315
Ad 0.446779191494 0.908542573452 0.0 0.961903393269
Ag 1.40487766266 1.61730265617 0.0 0.0706831291318
At 0.646461129189 0.493029534817 0.0 0.37212407589
as 0.230769231915 0.537037014961 1.0 0.0322580635548
bs 0.375 0.787878811359 1.0 0.0
ds 0.111111111939 0.346153855324 1.0 0.302083343267
gs 0.10000000149 1.0 1.0 0.0
ts 0.29411765933 0.206896558404 1.0 0.0
eeg 870.194580078 819.200195312 764.91583252 860.324707031
eeg 842.229919434 776.430725098 633.317443848 855.389770508
eeg 861.969726562 817.555236816 791.235534668 855.389770508
eeg 871.839599609 806.040344238 764.91583252 860.324707031
eeg 850.454833984 792.880554199 791.235534668 861.969726562
eeg 843.874938965 796.170471191 791.235534668 852.09979248
eeg 863.614685059 812.620300293 764.91583252 855.389770508
eeg 834.005004883 781.365661621 738.596191406 858.679748535
eeg 857.034729004 817.555236816 738.596191406 855.389770508
eeg 886.64440918 825.780151367 738.596191406 861.969726562
eeg 873.484558105 796.170471191 528.038696289 858.679748535
eeg 870.194580078 806.040344238 738.596191406 858.679748535
eeg 886.64440918 819.200195312 633.317443848 863.614685059
eeg 824.135131836 759.980895996 633.317443848 865.259643555
eeg 820.845214844 797.815490723 738.596191406 860.324707031
eeg 894.86932373 825.780151367 633.317443848 861.969726562
eeg 861.969726562 787.945556641 738.596191406 868.549621582
eeg 884.999450684 827.425109863 738.596191406 863.614685059
eeg 870.194580078 812.620300293 843.874938965 866.904663086
eeg 884.999450684 835.650024414 843.874938965 868.549621582
eeg 881.709472656 801.105407715 843.874938965 866.904663086
eeg 812.620300293 768.205810547 738.596191406 871.839599609
a 0.156498685479 0.12733861804 nan 0.285080939531
b 0.402147501707 0.251085907221 nan 0.128215268254
d 0.038782838732 0.095654502511 nan 0.429207146168
g 0.344159394503 0.489176481962 nan 0.0547327660024
t 0.0584115795791 0.0367445014417 nan 0.102763868868
h 1.0 2.0 4.0 1.0
c 0.0
Aa 1.07315552235 1.03279733658 0.0 0.789688467979
Ab 1.4830302 1.32765948772 0.0 0.442660033703
Ad 0.467284411192 0.908542573452 0.0 0.967387199402
Ag 1.41540443897 1.61730265617 0.0 0.0729676783085
At 0.64514374733 0.493029534817 0.0 0.346560716629
as 0.0 0.537037014961 1.0 0.0645161271095
bs 0.25 0.787878811359 1.0 0.0181818176061
ds 0.13131313026 0.346153855324 1.0 0.302083343267
gs 0.133333340287 1.0 1.0 0.0
ts 0.300000011921 0.206896558404 1.0 0.0
eeg 840.584960938 814.265258789 738.596191406 863.614685059
eeg 830.715087891 786.300598145 633.317443848 863.614685059
eeg 866.904663086 837.29498291 738.596191406 863.614685059
eeg 852.09979248 817.555236816 738.596191406 855.389770508
eeg 835.650024414 812.620300293 791.235534668 850.454833984
eeg 861.969726562 815.91027832 738.596191406 850.454833984
eeg 825.780151367 799.460449219 633.317443848 847.164855957
eeg 819.200195312 794.525512695 528.038696289 852.09979248
eeg 850.454833984 848.809875488 843.874938965 845.519897461
eeg 875.129516602 860.324707031 843.874938965 845.519897461
eeg 873.484558105 835.650024414 738.596191406 842.229919434
eeg 835.650024414 820.845214844 896.514282227 845.519897461
eeg 845.519897461 820.845214844 738.596191406 852.09979248
eeg 866.904663086 829.070068359 738.596191406 857.034729004
eeg 870.194580078 838.940002441 791.235534668 868.549621582
eeg 848.809875488 827.425109863 791.235534668 866.904663086
eeg 852.09979248 824.135131836 791.235534668 865.259643555
eeg 873.484558105 847.164855957 843.874938965 866.904663086
eeg 855.389770508 814.265258789 633.317443848 866.904663086
eeg 888.289367676 866.904663086 843.874938965 861.969726562
eeg 842.229919434 794.525512695 738.596191406 863.614685059
eeg 804.395385742 820.845214844 949.153686523 858.679748535
a 0.150311246514 0.12733861804 nan 0.29630446434
b 0.383282899857 0.251085907221 nan 0.129456236959
d 0.0459976866841 0.095654502511 nan 0.426415532827
g 0.360555827618 0.489176481962 nan 0.0537977218628
t 0.0598523430526 0.0367445014417 nan 0.0940260514617
h 1.0 2.0 4.0 1.0
c 0.0
Aa 1.04951238632 1.03279733658 0.0 0.823917090893
Ab 1.45604026318 1.32765948772 0.0 0.464301884174
Ad 0.53525686264 0.908542573452 0.0 0.982011914253
Ag 1.42949342728 1.61730265617 0.0 0.0829427689314
At 0.649601995945 0.493029534817 0.0 0.325427085161
as 0.0 0.537037014961 1.0 0.112903222442
bs 0.0625 0.787878811359 1.0 0.0555555559695
ds 0.202020198107 0.346153855324 1.0 0.322916656733
gs 0.20000000298 1.0 1.0 0.0
ts 0.319999992847 0.206896558404 1.0 0.0
eeg 835.650024414 830.715087891 843.874938965 852.09979248
eeg 817.555236816 781.365661621 633.317443848 848.809875488
eeg 807.68536377 806.040344238 738.596191406 834.005004883
eeg 776.430725098 783.010620117 738.596191406 837.29498291
eeg 829.070068359 838.940002441 949.153686523 834.005004883
eeg 838.940002441 822.49017334 843.874938965 838.940002441
eeg 827.425109863 807.68536377 843.874938965 853.744812012
eeg 855.389770508 845.519897461 843.874938965 842.229919434
eeg 843.874938965 801.105407715 633.317443848 843.874938965
eeg 868.549621582 857.034729004 1054.43237305 843.874938965
eeg 881.709472656 838.940002441 738.596191406 835.650024414
eeg 812.620300293 791.235534668 843.874938965 838.940002441
eeg 832.360046387 829.070068359 840.584960938 838.940002441
eeg 850.454833984 822.49017334 735.306213379 842.229919434
eeg 843.874938965 829.070068359 787.945556641 847.164855957
eeg 840.584960938 819.200195312 799.460449219 853.744812012
eeg 863.614685059 834.005004883 791.235534668 857.034729004
eeg 807.68536377 787.945556641 769.850830078 866.904663086
eeg 855.389770508 850.454833984 875.129516602 865.259643555
eeg 899.804260254 850.454833984 842.229919434 865.259643555
eeg 876.774536133 819.200195312 875.129516602 861.969726562
eeg 842.229919434 796.170471191 554.358398438 861.969726562
a 0.155922994018 0.12733861804 nan 0.306083589792
b 0.358099639416 0.251085907221 nan 0.129420235753
d 0.0556294955313 0.095654502511 nan 0.423602163792
g 0.36952355504 0.489176481962 nan 0.0523511916399
t 0.0608243197203 0.0367445014417 nan 0.088542804122
h 1.0 2.0 4.0 1.0
c 0.0
Aa 1.07041060925 1.03279733658 0.0 0.865091264248
Ab 1.43150436878 1.32765948772 0.0 0.491253405809
Ad 0.622805595398 0.908542573452 0.0 1.00620937347
Ag 1.44514262676 1.61730265617 0.0 0.0981777831912
At 0.661577701569 0.493029534817 0.0 0.326404511929
as 0.0 0.537037014961 1.0 0.177419349551
bs 0.0 0.787878811359 1.0 0.111111111939
ds 0.295918375254 0.346153855324 1.0 0.336842119694
gs 0.233333334327 1.0 1.0 0.0
ts 0.326530605555 0.206896558404 1.0 0.0
eeg 796.170471191 773.14074707 572.453186035 863.614685059
eeg 812.620300293 829.070068359 820.845214844 858.679748535
eeg 838.940002441 834.005004883 735.306213379 853.744812012
eeg 845.519897461 837.29498291 899.804260254 860.324707031
eeg 825.780151367 804.395385742 728.726318359 855.389770508
eeg 812.620300293 799.460449219 699.116638184 857.034729004
eeg 807.68536377 817.555236816 774.785766602 860.324707031
eeg 824.135131836 825.780151367 774.785766602 861.969726562
eeg 863.614685059 837.29498291 722.146362305 857.034729004
eeg 850.454833984 827.425109863 827.425109863 853.744812012
eeg 863.614685059 863.614685059 880.064453125 837.29498291
eeg 843.874938965 822.49017334 827.425109863 842.229919434
eeg 850.454833984 847.164855957 932.703857422 850.454833984
eeg 842.229919434 817.555236816 722.146362305 853.744812012
eeg 812.620300293 809.330322266 774.785766602 850.454833984
eeg 880.064453125 863.614685059 880.064453125 845.519897461
eeg 857.034729004 820.845214844 774.785766602 852.09979248
eeg 894.86932373 866.904663086 774.785766602 840.584960938
eeg 852.09979248 810.975280762 669.507019043 855.389770508
eeg 875.129516602 870.194580078 985.343200684 857.034729004
eeg 865.259643555 809.330322266 827.425109863 858.679748535
eeg 825.780151367 778.075683594 406.310150146 871.839599609
a 0.158656552434 0.12733861804 nan 0.304990530014
b 0.337271362543 0.251085907221 nan 0.128830328584
d 0.066951058805 0.095654502511 nan 0.427840203047
g 0.375508576632 0.489176481962 nan 0.050701983273
t 0.0616124533117 0.0367445014417 nan 0.0876369550824
h 1.0 2.0 4.0 1.0
c 0.0
Aa 1.0853484869 1.03279733658 0.0 0.892340004444
Ab 1.41286993027 1.32765948772 0.0 0.518071770668
Ad 0.710647881031 0.908542573452 0.0 1.03933525085
Ag 1.45951032639 1.61730265617 0.0 0.11307862401
At 0.674558997154 0.493029534817 0.0 0.350740939379
as 0.0243902429938 0.537037014961 1.0 0.225806444883
bs 0.0 0.787878811359 1.0 0.166666671634
ds 0.395833343267 0.346153855324 1.0 0.378947377205
gs 0.310344815254 1.0 1.0 0.0
ts 0.346938788891 0.206896558404 1.0 0.0
eeg 817.555236816 778.075683594 406.310150146 871.839599609
eeg 868.549621582 878.419494629 827.425109863 861.969726562
eeg 855.389770508 832.360046387 669.507019043 853.744812012
eeg 843.874938965 860.324707031 932.703857422 850.454833984
eeg 824.135131836 819.200195312 722.146362305 853.744812012
eeg 819.200195312 801.105407715 564.228271484 850.454833984
eeg 801.105407715 820.845214844 827.425109863 837.29498291
eeg 835.650024414 845.519897461 932.703857422 837.29498291
eeg 843.874938965 812.620300293 722.146362305 845.519897461
eeg 825.780151367 807.68536377 827.425109863 852.09979248
eeg 865.259643555 860.324707031 774.785766602 850.454833984
eeg 832.360046387 825.780151367 880.064453125 850.454833984
eeg 848.809875488 837.29498291 774.785766602 847.164855957
eeg 871.839599609 855.389770508 774.785766602 852.09979248
eeg 866.904663086 853.744812012 774.785766602 863.614685059
eeg 824.135131836 832.360046387 774.785766602 855.389770508
eeg 825.780151367 855.389770508 774.785766602 835.650024414
eeg 840.584960938 871.839599609 774.785766602 835.650024414
eeg 820.845214844 853.744812012 722.146362305 830.715087891
eeg 881.709472656 909.674133301 880.064453125 843.874938965
eeg 832.360046387 847.164855957 774.785766602 855.389770508
eeg 728.726318359 807.68536377 616.867614746 858.679748535
a 0.176542058587 0.12733861804 nan 0.311203896999
b 0.316101163626 0.251085907221 nan 0.125444442034
d 0.0766348838806 0.095654502511 nan 0.428232043982
g 0.370456159115 0.489176481962 nan 0.0478690303862
t 0.0602657273412 0.0367445014417 nan 0.0872505903244
h 1.0 2.0 4.0 1.0
c 0.0
Aa 1.1487660408 1.03279733658 0.0 0.934954047203
Ab 1.40174388885 1.32765948772 0.0 0.540360450745
Ad 0.786344349384 0.908542573452 0.0 1.07358813286
Ag 1.47065460682 1.61730265617 0.0 0.121963664889
At 0.681988239288 0.493029534817 0.0 0.382677406073
as 0.195121943951 0.537037014961 1.0 0.290322571993
bs 0.0 0.787878811359 1.0 0.203703701496
ds 0.46875 0.346153855324 1.0 0.410526305437
gs 0.344827592373 1.0 1.0 0.0
ts 0.367346942425 0.206896558404 1.0 0.0
eeg 819.200195312 896.514282227 722.146362305 848.809875488
eeg 843.874938965 883.354431152 616.867614746 853.744812012
eeg 812.620300293 875.129516602 774.785766602 870.194580078
eeg 827.425109863 908.029174805 827.425109863 873.484558105
eeg 827.425109863 886.64440918 774.785766602 860.324707031
eeg 829.070068359 891.579345703 774.785766602 871.839599609
eeg 888.289367676 935.993835449 827.425109863 863.614685059
eeg 852.09979248 888.289367676 774.785766602 861.969726562
eeg 819.200195312 884.999450684 827.425109863 870.194580078
eeg 858.679748535 926.123962402 932.703857422 860.324707031
eeg 858.679748535 906.384155273 722.146362305 850.454833984
eeg 820.845214844 880.064453125 827.425109863 845.519897461
eeg 829.070068359 911.319091797 932.703857422 843.874938965
eeg 834.005004883 894.86932373 932.703857422 829.070068359
eeg 835.650024414 911.319091797 932.703857422 812.620300293
eeg 820.845214844 904.739196777 985.343200684 810.975280762
eeg 829.070068359 893.224304199 774.785766602 802.750427246
eeg 766.560852051 853.744812012 774.785766602 802.750427246
eeg 794.525512695 906.384155273 880.064453125 799.460449219
eeg 893.224304199 950.79864502 880.064453125 796.170471191
eeg 848.809875488 883.354431152 880.064453125 812.620300293
eeg 830.715087891 884.999450684 669.507019043 819.200195312
a 0.219122096896 0.12733861804 nan 0.344223439693
b 0.29151263833 0.251085907221 nan 0.118574909866
d 0.0816215798259 0.095654502511 nan 0.410513520241
g 0.35163256526 0.489176481962 nan 0.0433694534004
t 0.0561111196876 0.0367445014417 nan 0.0833186656237
h 1.0 2.0 4.0 1.0
c 0.0
Aa 1.27360904217 1.03279733658 0.0 1.0217653513
Ab 1.397580266 1.32765948772 0.0 0.558917701244
Ad 0.844727814198 0.908542573452 0.0 1.09825229645
Ag 1.47901189327 1.61730265617 0.0 0.12210880965
At 0.681971788406 0.493029534817 0.0 0.405667155981
as 0.487804889679 0.537037014961 1.0 0.43548387289
bs 0.0 0.787878811359 1.0 0.24074074626
ds 0.53125 0.346153855324 1.0 0.442105263472
gs 0.379310339689 1.0 1.0 0.0
ts 0.367346942425 0.206896558404 1.0 0.0227272734046
eeg 791.235534668 840.584960938 564.228271484 829.070068359
eeg 806.040344238 889.934387207 880.064453125 827.425109863
eeg 857.034729004 903.094238281 827.425109863 824.135131836
eeg 855.389770508 888.289367676 880.064453125 832.360046387
eeg 830.715087891 860.324707031 880.064453125 834.005004883
eeg 820.845214844 827.425109863 669.507019043 837.29498291
eeg 848.809875488 876.774536133 880.064453125 837.29498291
eeg 834.005004883 850.454833984 880.064453125 853.744812012
eeg 843.874938965 848.809875488 880.064453125 863.614685059
eeg 835.650024414 824.135131836 880.064453125 866.904663086
eeg 804.395385742 820.845214844 985.343200684 865.259643555
eeg 853.744812012 853.744812012 985.343200684 863.614685059
eeg 829.070068359 794.525512695 880.064453125 866.904663086
eeg 799.460449219 794.525512695 985.343200684 871.839599609
eeg 792.880554199 792.880554199 880.064453125 873.484558105
eeg 806.040344238 806.040344238 985.343200684 871.839599609
eeg 860.324707031 832.360046387 880.064453125 863.614685059
eeg 888.289367676 837.29498291 985.343200684 858.679748535
eeg 878.419494629 834.005004883 985.343200684 863.614685059
eeg 857.034729004 769.850830078 774.785766602 863.614685059
eeg 871.839599609 824.135131836 985.343200684 855.389770508
eeg 866.904663086 797.815490723 774.785766602 861.969726562
a 0.259090423584 0.12733861804 nan 0.383130043745
b 0.272054195404 0.251085907221 nan 0.113903030753
d 0.0834100916982 0.095654502511 nan 0.383634597063
g 0.333507269621 0.489176481962 nan 0.0394862107933
t 0.0519380122423 0.0367445014417 nan 0.0798461139202
h 1.0 2.0 4.0 1.0
c 0.0
Aa 1.37741374969 1.03279733658 0.0 1.10398793221
Ab 1.39861774445 1.32765948772 0.0 0.57717692852
Ad 0.885180950165 0.908542573452 0.0 1.10455942154
Ag 1.48706758022 1.61730265617 0.0 0.117087110877
At 0.679447650909 0.493029534817 0.0 0.422895461321
as 0.731707334518 0.537037014961 1.0 0.56451612711
bs 0.0 0.787878811359 1.0 0.25925925374
ds 0.572916686535 0.346153855324 1.0 0.442105263472
gs 0.357142865658 1.0 1.0 0.0
ts 0.367346942425 0.206896558404 1.0 0.0454545468092
eeg 834.005004883 768.205810547 774.785766602 857.034729004
eeg 850.454833984 814.265258789 880.064453125 855.389770508
eeg 871.839599609 810.975280762 880.064453125 865.259643555
eeg 801.105407715 708.98651123 143.113296509 871.839599609
eeg 829.070068359 784.655639648 669.507019043 884.999450684
eeg 901.44921875 866.904663086 774.785766602 873.484558105
eeg 771.495788574 728.726318359 564.228271484 853.744812012
eeg 842.229919434 876.774536133 1090.62194824 829.070068359
eeg 825.780151367 774.785766602 564.228271484 827.425109863
eeg 809.330322266 797.815490723 880.064453125 819.200195312
eeg 858.679748535 834.005004883 774.785766602 817.555236816
eeg 784.655639648 771.495788574 774.785766602 802.750427246
eeg 791.235534668 807.68536377 774.785766602 783.010620117
eeg 820.845214844 820.845214844 880.064453125 794.525512695
eeg 819.200195312 801.105407715 774.785766602 794.525512695
eeg 804.395385742 799.460449219 880.064453125 806.040344238
eeg 819.200195312 796.170471191 722.146362305 815.91027832
eeg 840.584960938 812.620300293 827.425109863 807.68536377
eeg 842.229919434 814.265258789 880.064453125 810.975280762
eeg 861.969726562 812.620300293 827.425109863 817.555236816
eeg 845.519897461 771.495788574 669.507019043 827.425109863
eeg 802.750427246 776.430725098 722.146362305 842.229919434
a 0.281634181738 0.12733861804 nan 0.420936316252
b 0.260805219412 0.251085907221 nan 0.112643331289
d 0.0838297083974 0.095654502511 nan 0.347068428993
g 0.324152857065 0.489176481962 nan 0.0368503108621
t 0.0495780259371 0.0367445014417 nan 0.0825016126037
h 1.0 2.0 4.0 1.0
c 0.0
Aa 1.43543374538 1.03279733658 0.0 1.17175519466
Ab 1.40206468105 1.32765948772 0.0 0.599244236946
Ad 0.909146249294 0.908542573452 0.0 1.08795380592
Ag 1.49649822712 1.61730265617 0.0 0.113979920745
At 0.681037545204 0.493029534817 0.0 0.464001208544
as 0.87804877758 0.537037014961 1.0 0.672131121159
bs 0.0 0.787878811359 1.0 0.314814805984
ds 0.604166686535 0.346153855324 1.0 0.414893627167
gs 0.392857134342 1.0 1.0 0.0
ts 0.367346942425 0.206896558404 1.0 0.0909090936184
eeg 863.614685059 829.070068359 722.146362305 843.874938965
eeg 901.44921875 847.164855957 722.146362305 830.715087891
eeg 863.614685059 797.815490723 722.146362305 834.005004883
eeg 840.584960938 806.040344238 669.507019043 842.229919434
eeg 814.265258789 799.460449219 774.785766602 850.454833984
eeg 807.68536377 794.525512695 722.146362305 842.229919434
eeg 838.940002441 822.49017334 722.146362305 845.519897461
eeg 842.229919434 834.005004883 932.703857422 830.715087891
eeg 820.845214844 792.880554199 722.146362305 832.360046387
eeg 847.164855957 827.425109863 827.425109863 840.584960938
eeg 866.904663086 835.650024414 827.425109863 829.070068359
eeg 842.229919434 792.880554199 827.425109863 827.425109863
eeg 855.389770508 835.650024414 932.703857422 827.425109863
eeg 824.135131836 779.720703125 827.425109863 829.070068359
eeg 804.395385742 830.715087891 1037.98254395 820.845214844
eeg 843.874938965 829.070068359 827.425109863 820.845214844
eeg 825.780151367 802.750427246 827.425109863 817.555236816
eeg 860.324707031 855.389770508 827.425109863 817.555236816
eeg 832.360046387 801.105407715 722.146362305 820.845214844
eeg 838.940002441 835.650024414 932.703857422 824.135131836
eeg 843.874938965 807.68536377 827.425109863 827.425109863
eeg 855.389770508 835.650024414 827.425109863 825.780151367
a 0.2980902493 0.12733861804 nan 0.44233956933
b 0.251587718725 0.251085907221 nan 0.114320106804
d 0.082717910409 0.095654502511 nan 0.307050526142
g 0.319265037775 0.489176481962 nan 0.035559989512
t 0.048339061439 0.0367445014417 nan 0.10072979331
h 1.0 2.0 4.0 1.0
c 0.0
Aa 1.47747600079 1.03279733658 0.0 1.21440851688
Ab 1.40381765366 1.32765948772 0.0 0.626775324345
Ad 0.920727729797 0.908542573452 0.0 1.05586254597
Ag 1.50727951527 1.61730265617 0.0 0.119614288211
At 0.687426388264 0.493029534817 0.0 0.571810662746
as 0.975609779358 0.537037014961 1.0 0.73770493269
bs 0.0 0.787878811359 1.0 0.351851850748
ds 0.614583313465 0.346153855324 1.0 0.382978737354
gs 0.428571432829 1.0 1.0 0.0172413792461
ts 0.367346942425 0.206896558404 1.0 0.218390807509
eeg 832.360046387 820.845214844 827.425109863 822.49017334
eeg 830.715087891 822.49017334 827.425109863 835.650024414
eeg 870.194580078 870.194580078 1037.98254395 838.940002441
eeg 832.360046387 794.525512695 544.488464355 850.454833984
eeg 840.584960938 834.005004883 860.324707031 860.324707031
eeg 837.29498291 814.265258789 544.488464355 850.454833984
eeg 815.91027832 807.68536377 544.488464355 845.519897461
eeg 829.070068359 850.454833984 649.767211914 857.034729004
eeg 861.969726562 845.519897461 649.767211914 852.09979248
eeg 870.194580078 853.744812012 649.767211914 853.744812012
eeg 825.780151367 820.845214844 649.767211914 855.389770508
eeg 858.679748535 863.614685059 755.045959473 855.389770508
eeg 868.549621582 843.874938965 649.767211914 861.969726562
eeg 883.354431152 884.999450684 965.60345459 866.904663086
eeg 886.64440918 842.229919434 544.488464355 866.904663086
eeg 881.709472656 861.969726562 860.324707031 866.904663086
eeg 896.514282227 865.259643555 649.767211914 871.839599609
eeg 863.614685059 820.845214844 649.767211914 880.064453125
eeg 838.940002441 861.969726562 649.767211914 861.969726562
eeg 820.845214844 863.614685059 860.324707031 861.969726562
eeg 838.940002441 866.904663086 860.324707031 861.969726562
eeg 863.614685059 891.579345703 860.324707031 861.969726562
a 0.333380550146 0.12733861804 nan 0.448430001736
b 0.234984830022 0.251085907221 nan 0.113837599754
d 0.0783314034343 0.095654502511 nan 0.26331871748
g 0.30689689517 0.489176481962 nan 0.0343549437821
t 0.0464063212276 0.0367445014417 nan 0.140058740973
h 1.0 2.0 4.0 1.0
c 0.0
Aa 1.55298578739 1.03279733658 0.0 1.25426757336
Ab 1.40108537674 1.32765948772 0.0 0.658858597279
Ad 0.923981487751 0.908542573452 0.0 1.02305459976
Ag 1.51703798771 1.61730265617 0.0 0.138562127948
At 0.696622669697 0.493029534817 0.0 0.748883068562
as 1.0 0.537037014961 1.0 0.803278684616
bs 0.0 0.787878811359 1.0 0.425925940275
ds 0.614583313465 0.346153855324 1.0 0.344086021185
gs 0.464285701513 1.0 1.0 0.051724139601
ts 0.387755095959 0.206896558404 1.0 0.425287365913
eeg 850.454833984 881.709472656 860.324707031 871.839599609
eeg 853.744812012 870.194580078 860.324707031 875.129516602
eeg 835.650024414 855.389770508 860.324707031 863.614685059
eeg 812.620300293 876.774536133 965.60345459 861.969726562
eeg 866.904663086 893.224304199 860.324707031 855.389770508
eeg 835.650024414 863.614685059 755.045959473 853.744812012
eeg 875.129516602 934.348815918 860.324707031 860.324707031
eeg 835.650024414 858.679748535 439.209747314 863.614685059
eeg 835.650024414 924.478942871 965.60345459 865.259643555
eeg 861.969726562 939.283752441 965.60345459 865.259643555
eeg 861.969726562 927.768920898 965.60345459 865.259643555
eeg 837.29498291 891.579345703 860.324707031 866.904663086
eeg 845.519897461 919.544006348 860.324707031 868.549621582
eeg 870.194580078 944.218688965 965.60345459 861.969726562
eeg 843.874938965 911.319091797 860.324707031 853.744812012
eeg 868.549621582 942.573730469 1070.88220215 848.809875488
eeg 896.514282227 935.993835449 860.324707031 845.519897461
eeg 822.49017334 870.194580078 860.324707031 858.679748535
eeg 840.584960938 945.863708496 1176.16088867 852.09979248
eeg 853.744812012 904.739196777 860.324707031 855.389770508
eeg 834.005004883 899.804260254 860.324707031 858.679748535
eeg 806.040344238 893.224304199 860.324707031 853.744812012
a 0.357775688171 0.12733861804 nan 0.452567100525
b 0.221926793456 0.251085907221 nan 0.106533899903
d 0.0752961263061 0.095654502511 nan 0.221270039678
g 0.299106299877 0.489176481962 nan 0.0320750512183
t 0.0458950772882 0.0367445014417 nan 0.187553927302
h 1.0 2.0 4.0 1.0
c 0.0
Aa 1.60076451302 1.03279733658 0.0 1.32169735432
Ab 1.3933634758 1.32765948772 0.0 0.693502128124
Ad 0.92392629385 0.908542573452 0.0 1.01093697548
Ag 1.52297925949 1.61730265617 0.0 0.172181680799
At 0.708919763565 0.493029534817 0.0 0.939140498638
as 1.0 0.537037014961 1.0 0.918032765388
bs 0.0 0.787878811359 1.0 0.481481492519
ds 0.614583313465 0.346153855324 1.0 0.340659350157
gs 0.5 1.0 1.0 0.103448279202
ts 0.4375 0.206896558404 1.0 0.643678188324
eeg 835.650024414 935.993835449 860.324707031 853.744812012
eeg 820.845214844 875.129516602 649.767211914 853.744812012
eeg 873.484558105 949.153686523 1070.88220215 855.389770508
eeg 860.324707031 870.194580078 439.209747314 863.614685059
eeg 820.845214844 873.484558105 860.324707031 866.904663086
eeg 843.874938965 896.514282227 755.045959473 865.259643555
eeg 860.324707031 889.934387207 755.045959473 868.549621582
eeg 838.940002441 861.969726562 649.767211914 871.839599609
