a 0.212934032083 0.0845554620028 0.223184511065 0.126602724195
b 0.162494778633 0.111654952168 0.110518105328 0.218299180269
d 0.360119640827 0.354141592979 0.268472313881 0.388932526112
g 0.0775475949049 0.0590226426721 0.0370851494372 0.108068823814
t 0.186903953552 0.390625327826 0.360739946365 0.15809674561
h 1.0 1.0 1.0 1.0
c 0.288707703352 0 0 0
Aa 0.17960819602 -0.627720594406 -0.322560071945 -0.0159348417073
Ab 0.0622025132179 -0.506984293461 -0.627790689468 0.220674216747
Ad 0.407809913158 -0.0056853457354 -0.242324635386 0.471496403217
Ag -0.259068548679 -0.783843636513 -1.10202407837 -0.0846774503589
At 0.122981585562 0.0368981100619 -0.11402989924 0.0805450677872
as 0.254901975393 0.0 0.233333334327 0.0204081628472
bs 0.366666674614 0.0 0.10000000149 0.739130437374
ds 0.419999986887 0.10000000149 0.115384615958 0.524590134621
gs 0.514285743237 0.444444447756 0.0 0.720930218697
ts 0.166666671634 0.419753074646 0.356521725655 0.133333340287
a 0.222964167595 0.0912722349167 0.219089597464 0.129665955901
b 0.168934300542 0.106127947569 0.10780954361 0.203771829605
d 0.344171077013 0.347715705633 0.268945425749 0.397373944521
g 0.0791391283274 0.0542614385486 0.0363425761461 0.103914223611
t 0.184791326523 0.400622665882 0.367812842131 0.165274038911
h 1.0 1.0 1.0 1.0
c 0.298827588558 0 0 0
Aa 0.188991382718 -0.575962305069 -0.31286033988 -0.00326828402467
Ab 0.0684741660953 -0.510471224785 -0.620824873447 0.193049892783
Ad 0.377530694008 0.00492330268025 -0.223817929626 0.483105123043
Ag -0.260852426291 -0.801809668541 -1.09306645393 -0.0994192734361
At 0.107437908649 0.0664345026016 -0.0878552049398 0.102110378444
as 0.285714298487 0.0 0.247191011906 0.0408163256943
bs 0.40000000596 0.0 0.133333340287 0.688888907433
ds 0.360000014305 0.109243698418 0.121794871986 0.540983617306
gs 0.514285743237 0.388888895512 0.0 0.697674393654
ts 0.148936167359 0.46250000596 0.382608681917 0.169491529465
a 0.230013549328 0.0968566164374 0.21525593102 0.129931792617
b 0.173783704638 0.103442236781 0.108653895557 0.188867524266
d 0.331098824739 0.34423327446 0.270640313625 0.407420039177
g 0.0800620540977 0.0508520752192 0.0370082035661 0.102983437479
t 0.185041859746 0.404615789652 0.368441641331 0.170797213912
h 1.0 1.0 1.0 1.0
c 0.298827588558 0 0 0
Aa 0.195256263018 -0.539507210255 -0.314409822226 -0.00311963097192
Ab 0.0735118836164 -0.510938584805 -0.61131966114 0.159322217107
Ad 0.353460460901 0.0112163340673 -0.21497246623 0.49320730567
Ag -0.263070464134 -0.819327831268 -1.07906699181 -0.104067675769
At 0.100772820413 0.0814063102007 -0.0809962749481 0.115645699203
as 0.285714298487 0.0 0.235955059528 0.021276595071
bs 0.40000000596 0.0 0.166666671634 0.62222224474
ds 0.300000011921 0.118644066155 0.128205135465 0.557377040386
gs 0.514285743237 0.277777791023 0.0 0.674418628216
ts 0.127659574151 0.487500011921 0.391304343939 0.186440676451
a 0.227025732398 0.107497274876 0.213664546609 0.130657151341
b 0.179361343384 0.102316051722 0.112909406424 0.176481336355
d 0.324430644512 0.34246763587 0.270192354918 0.416236817837
g 0.0814406275749 0.0483635812998 0.0387780927122 0.105248875916
t 0.187741667032 0.399355471134 0.364455610514 0.1713758111
h 1.0 1.0 1.0 1.0
c 0.308947443962 0 0 0
Aa 0.183599427342 -0.485030770302 -0.321730107069 -0.00311963097192
Ab 0.0812531858683 -0.50648444891 -0.598732411861 0.127445951104
Ad 0.338646203279 0.0181913021952 -0.219789519906 0.500087678432
Ag -0.261634558439 -0.831909775734 -1.06287610531 -0.0970353707671
At 0.101085007191 0.0849314033985 -0.0898179262877 0.11469668895
as 0.26530611515 0.0 0.235955059528 0.0217391308397
bs 0.433333337307 0.0 0.20000000298 0.555555582047
ds 0.280000001192 0.127118647099 0.128205135465 0.573770463467
gs 0.514285743237 0.222222223878 0.0344827584922 0.697674393654
ts 0.127659574151 0.487500011921 0.382608681917 0.172413796186
a 0.217722639441 0.142994254827 0.213283926249 0.131826639175
b 0.18581597507 0.0990763455629 0.118760831654 0.168986022472
d 0.320951521397 0.332497090101 0.265309154987 0.420472383499
g 0.0834731981158 0.0455479845405 0.0409677065909 0.109487272799
t 0.192036673427 0.379884302616 0.361678361893 0.169227674603
h 1.0 1.0 1.0 1.0
c 0.319261491299 0 0 0
Aa 0.162453666329 -0.336682826281 -0.329156696796 -0.00311963097192
Ab 0.0936331376433 -0.496031463146 -0.5834415555 0.104727976024
Ad 0.330989509821 0.0297864340246 -0.234362572432 0.500614702702
Ag -0.253902852535 -0.833532273769 -1.04567313194 -0.0837591439486
At 0.107934258878 0.0876499265432 -0.0997922867537 0.105348609388
as 0.234042555094 0.0 0.215909093618 0.0217391308397
bs 0.466666668653 0.0416666679084 0.266666680574 0.477272719145
ds 0.259999990463 0.135593220592 0.109677419066 0.566666662693
gs 0.514285743237 0.222222223878 0.0689655169845 0.720930218697
ts 0.148936167359 0.5 0.373913049698 0.155172407627
a 0.210352003574 0.163202270865 0.212187483907 0.13378469646
b 0.192571222782 0.0970861837268 0.123673893511 0.166483387351
d 0.314417362213 0.327772736549 0.259131014347 0.418454736471
g 0.085949704051 0.0445318967104 0.0426406674087 0.114173255861
t 0.196709692478 0.367406904697 0.362366944551 0.167103931308
h 1.0 1.0 1.0 1.0
c 0.330441057682 0 0 0
Aa 0.148496851325 -0.255089819431 -0.329156696796 -0.00311963097192
Ab 0.110141597688 -0.480658590794 -0.563598394394 0.0918448343873
Ad 0.323056727648 0.0477568358183 -0.242357060313 0.492122411728
Ag -0.240205422044 -0.819144785404 -1.02605247498 -0.0719616636634
At 0.119375959039 0.0973313078284 -0.0967278555036 0.0934606045485
as 0.212765961885 0.0819672122598 0.215909093618 0.0217391308397
bs 0.533333361149 0.125 0.300000011921 0.454545468092
ds 0.239999994636 0.152542367578 0.109677419066 0.550000011921
gs 0.571428596973 0.277777791023 0.137931033969 0.767441868782
ts 0.170212760568 0.512499988079 0.373913049698 0.137931033969
a 0.209096983075 0.158992826939 0.20154646039 0.137005284429
b 0.199056223035 0.0974021703005 0.125304207206 0.167048484087
d 0.300195515156 0.329420238733 0.261237025261 0.410017311573
g 0.0888316482306 0.0460751466453 0.0428376421332 0.118546836078
t 0.202819630504 0.368109613657 0.369074672461 0.167382091284
h 1.0 1.0 1.0 1.0
c 0.34200656414 0 0 0
Aa 0.148496851325 -0.24976375699 -0.329156696796 -0.00311963097192
Ab 0.12712483108 -0.462572664022 -0.535566210747 0.0829856023192
Ad 0.305553287268 0.0666089877486 -0.216497153044 0.472945272923
Ag -0.223283201456 -0.787674546242 -1.00170636177 -0.0659669563174
At 0.135259062052 0.114835850894 -0.0664176270366 0.0838520675898
as 0.212765961885 0.098360657692 0.215909093618 0.0217391308397
bs 0.566666662693 0.217391297221 0.40000000596 0.431818187237
ds 0.20000000298 0.161016955972 0.122580647469 0.516666650772
gs 0.617647051811 0.444444447756 0.24137930572 0.767441868782
ts 0.191489368677 0.524999976158 0.40000000596 0.122807018459
a 0.209557309747 0.156196281314 0.188610732555 0.141408517957
b 0.206359341741 0.0982164293528 0.120437957346 0.168628707528
d 0.27981749177 0.325224578381 0.281173825264 0.396508485079
g 0.0925508439541 0.0489170886576 0.0405808500946 0.122943609953
t 0.211714997888 0.37144562602 0.369196653366 0.170510679483
h 1.0 1.0 1.0 1.0
c 0.353981375694 0 0 0
Aa 0.148496851325 -0.240880042315 -0.305553019047 -0.00397252244875
Ab 0.141818150878 -0.442366600037 -0.500356078148 0.0724833831191
Ad 0.274068892002 0.0776326060295 -0.132144570351 0.443804353476
Ag -0.206425592303 -0.745090126991 -0.972798287868 -0.0647421553731
At 0.152945637703 0.135344520211 -0.0138616878539 0.0773034840822
as 0.212765961885 0.114754095674 0.229885056615 0.0217391308397
bs 0.633333325386 0.304347813129 0.533333361149 0.409090906382
ds 0.140000000596 0.177966102958 0.175324678421 0.466666668653
gs 0.666666686535 0.666666686535 0.344827592373 0.767441868782
ts 0.234042555094 0.550000011921 0.44736841321 0.122807018459
a 0.211012557149 0.153698191047 0.179231762886 0.149195149541
b 0.213062822819 0.100487075746 0.110786750913 0.168712407351
d 0.256531774998 0.315984338522 0.316021114588 0.379792958498
g 0.0967216938734 0.0526041053236 0.0366544909775 0.127518489957
t 0.22267113626 0.377226322889 0.357305884361 0.174781009555
h 1.0 1.0 1.0 1.0
c 0.366462230682 0 0 0
Aa 0.148496851325 -0.234891757369 -0.253532379866 0.00458145048469
Ab 0.152696207166 -0.419450283051 -0.462459504604 0.0579737536609
Ad 0.233329713345 0.0781050547957 -0.00723121641204 0.410373657942
Ag -0.190287575126 -0.700540840626 -0.942820131779 -0.0636000856757
At 0.171852454543 0.155041486025 0.0460928156972 0.0733209773898
as 0.212765961885 0.114754095674 0.287356317043 0.0434782616794
bs 0.666666686535 0.391304343939 0.666666686535 0.386363625526
ds 0.0599999986589 0.177966102958 0.253246754408 0.416666656733
gs 0.727272748947 0.944444417953 0.448275864124 0.767441868782
ts 0.27659574151 0.582278490067 0.5 0.105263158679
a 0.212454989552 0.150185346603 0.160135105252 0.174754366279
b 0.217020526528 0.104386307299 0.102553039789 0.162739440799
d 0.235377833247 0.303170830011 0.358078211546 0.35620957613
g 0.100556075573 0.056253105402 0.0333965681493 0.129416450858
t 0.234590575099 0.386004418135 0.345837086439 0.176880151033
h 1.0 1.0 1.0 1.0
c 0.379390329123 0 0 0
Aa 0.150192379951 -0.236183047295 -0.236269935966 0.0712218880653
Ab 0.159426257014 -0.39416706562 -0.429807931185 0.0402866750956
Ad 0.194691032171 0.0688768103719 0.113221399486 0.38049942255
Ag -0.174666240811 -0.662664115429 -0.917054653168 -0.0592166595161
At 0.193236023188 0.173781692982 0.0981150567532 0.0764729306102
as 0.212765961885 0.10000000149 0.310344815254 0.20000000298
bs 0.689655184746 0.478260874748 0.766666650772 0.340909093618
ds 0.0 0.170940175653 0.331168830395 0.366666674614
gs 0.757575750351 1.0 0.517241358757 0.790697693825
ts 0.319148927927 0.607594907284 0.552631556988 0.105263158679
a 0.195923686028 0.145554080606 0.155820116401 0.176273360848
b 0.199702531099 0.10893303901 0.0951512604952 0.145006239414
d 0.265426129103 0.289493054152 0.38121175766 0.370500832796
g 0.0952915847301 0.0589325167239 0.030686493963 0.121747031808
t 0.243656083941 0.397087305784 0.337130367756 0.186472535133
h 1.0 1.0 1.0 1.0
c 0.392824470997 0 0 0
Aa 0.150192379951 -0.244061306119 -0.194042831659 0.105266660452
Ab 0.158488988876 -0.369926065207 -0.408251821995 0.0204666741192
Ad 0.28204908967 0.0545524694026 0.194499894977 0.427869141102
Ag -0.162840023637 -0.636730730534 -0.899719119072 -0.0554616563022
At 0.244882687926 0.19180034101 0.14113150537 0.129694849253
as 0.212765961885 0.0833333358169 0.356321841478 0.266666680574
bs 0.689655184746 0.608695626259 0.833333313465 0.295454531908
ds 0.159999996424 0.153846159577 0.383116871119 0.449999988079
gs 0.818181812763 1.0 0.586206912994 0.790697693825
ts 0.425531923771 0.632911384106 0.584070801735 0.210526317358
a 0.195736959577 0.148438423872 0.143596351147 0.173364639282
b 0.200480416417 0.111591942608 0.0889132022858 0.14152815938
d 0.259782671928 0.276478737593 0.397453248501 0.371724665165
g 0.0968055054545 0.0596774145961 0.0287750996649 0.122711092234
t 0.247194439173 0.403813481331 0.341262102127 0.190671443939
h 1.0 1.0 1.0 1.0
c 0.406452804804 0 0 0
Aa 0.150192379951 -0.228417083621 -0.190922394395 0.101137377322
Ab 0.160591512918 -0.352330595255 -0.399099588394 0.0130197191611
Ad 0.273129731417 0.0416983067989 0.251220226288 0.43239825964
Ag -0.155580386519 -0.62415343523 -0.889048993587 -0.048939306289
At 0.251558244228 0.20621740818 0.185022249818 0.142462536693
as 0.222222223878 0.101694911718 0.367816090584 0.266666680574
bs 0.689655184746 0.695652186871 0.896551728249 0.272727280855
ds 0.140000000596 0.14529915154 0.422077924013 0.440677970648
gs 0.818181812763 1.0 0.620689630508 0.813953459263
ts 0.446808516979 0.645569622517 0.619469046593 0.228070169687
a 0.195125460625 0.1538721174 0.126897186041 0.169541046023
b 0.197562813759 0.111792236567 0.0771277993917 0.137818038464
d 0.259828418493 0.270347297192 0.426188737154 0.376417398453
g 0.097940005362 0.0590844452381 0.0253713037819 0.122338548303
t 0.249543294311 0.404903918505 0.344414979219 0.193884968758
h 1.0 1.0 1.0 1.0
c 0.420334160328 0 0 0
Aa 0.150192379951 -0.206697434187 -0.182008072734 0.0970885232091
Ab 0.155583664775 -0.345445722342 -0.39824911952 0.00711974874139
Ad 0.27456510067 0.0380646623671 0.344141900539 0.443483352661
Ag -0.149161428213 -0.622384190559 -0.881117284298 -0.0446230061352
At 0.257024377584 0.213494613767 0.251621991396 0.155357807875
as 0.227272734046 0.135593220592 0.383720934391 0.244444444776
bs 0.655172407627 0.695652186871 0.896551728249 0.272727280855
ds 0.140000000596 0.137931033969 0.480519473553 0.457627117634
gs 0.848484873772 1.0 0.655172407627 0.813953459263
ts 0.446808516979 0.675324678421 0.681415915489 0.245614036918
a 0.194607824087 0.168150022626 0.109989888966 0.163967385888
b 0.191870734096 0.107954472303 0.0581606663764 0.135550960898
d 0.263451784849 0.274660497904 0.480197519064 0.382407695055
g 0.0988289117813 0.0569841340184 0.0195804983377 0.122698761523
t 0.251240730286 0.392250865698 0.332071423531 0.195375189185
h 1.0 1.0 1.0 1.0
c 0.434409707785 0 0 0
Aa 0.150192379951 -0.157284572721 -0.122905693948 0.0850676596165
Ab 0.144040808082 -0.349740862846 -0.399629056454 0.00241278856993
Ad 0.281733244658 0.0558147057891 0.517161428928 0.452836841345
Ag -0.144083887339 -0.627227544785 -0.872434675694 -0.0408496260643
At 0.261122137308 0.21058242023 0.356973052025 0.161179617047
as 0.232558146119 0.220338985324 0.453488379717 0.227272734046
bs 0.620689630508 0.695652186871 0.896551728249 0.25
ds 0.159999996424 0.146551728249 0.588235318661 0.47457626462
gs 0.848484873772 1.0 0.689655184746 0.837209284306
ts 0.456521749496 0.675324678421 0.769911527634 0.263157904148
a 0.193887367845 0.180935204029 0.0908538028598 0.151921883225
b 0.185036897659 0.101697854698 0.040664292872 0.136046141386
d 0.267769604921 0.294151812792 0.54541683197 0.391555190086
g 0.0996799767017 0.0540630370378 0.0139564583078 0.126636117697
t 0.253626167774 0.369152098894 0.309108614922 0.193840682507
h 1.0 1.0 1.0 1.0
c 0.448738276958 0 0 0
Aa 0.150192379951 -0.110380887985 -0.0499038733542 0.0458122342825
Ab 0.129901185632 -0.360592156649 -0.399033784866 -0.00212186924182
Ad 0.290404140949 0.100667566061 0.728481531143 0.456984877586
Ag -0.138749226928 -0.635003507137 -0.863471746445 -0.0332504995167
At 0.26683691144 0.199301362038 0.481864124537 0.151636838913
as 0.232558146119 0.305084735155 0.534883737564 0.139534890652
bs 0.586206912994 0.652173936367 0.896551728249 0.25
ds 0.183673471212 0.189655169845 0.732026159763 0.47457626462
gs 0.878787875175 1.0 0.714285731316 0.837209284306
ts 0.456521749496 0.662337660789 0.884955763817 0.254545450211
a 0.182752326131 0.188921675086 0.0693464949727 0.141307711601
b 0.18032091856 0.0946599766612 0.0294401664287 0.137137159705
d 0.275100529194 0.325101852417 0.601194083691 0.403401404619
g 0.101663537323 0.0504810772836 0.0101952180266 0.133365944028
t 0.260162681341 0.340835422277 0.289824068546 0.184787780046
h 1.0 1.0 1.0 1.0
c 0.463708251715 0 0 0
Aa 0.124267272651 -0.0711523815989 -0.0239822492003 0.00505200028419
Ab 0.118450455368 -0.371267795563 -0.396066516638 -0.00795868691057
Ad 0.30189576745 0.164585277438 0.914007902145 0.460623562336
Ag -0.130430430174 -0.64430552721 -0.856610238552 -0.0200689099729
At 0.277649343014 0.185110569 0.59712767601 0.121559381485
as 0.162790700793 0.372881352901 0.558139562607 0.047619048506
bs 0.551724135876 0.608695626259 0.896551728249 0.227272734046
ds 0.204081639647 0.24137930572 0.849673211575 0.491525411606
gs 0.909090936184 1.0 0.740740716457 0.883720934391
ts 0.5 0.631578922272 0.982300877571 0.20000000298
a 0.171050608158 0.185705915093 0.0546380132437 0.135179504752
b 0.175827592611 0.0895192846656 0.0230396352708 0.136745229363
d 0.281796783209 0.3609161973 0.638916313648 0.417815804482
g 0.10343015939 0.0471646115184 0.00800132006407 0.14013235271
t 0.267894864082 0.31669396162 0.275404721498 0.170127093792
h 1.0 1.0 1.0 1.0
c 0.479125440121 0 0 0
Aa 0.101203985512 -0.0593855939806 -0.0192811340094 -0.02173916623
Ab 0.113166384399 -0.376294732094 -0.394300431013 -0.0167378541082
Ad 0.318015396595 0.229195043445 1.04866790771 0.468334823847
Ag -0.117273442447 -0.654595077038 -0.853614389896 -0.00611161580309
At 0.296043723822 0.172428458929 0.683195352554 0.0781234651804
as 0.119047619402 0.389830499887 0.569767415524 0.0
bs 0.517241358757 0.565217375755 0.896551728249 0.204545453191
ds 0.244897961617 0.301724135876 0.941176474094 0.508474588394
gs 0.939393937588 1.0 0.777777791023 0.906976759434
ts 0.521739125252 0.635135114193 1.0 0.127272725105
a 0.163158357143 0.179599821568 0.0452085658908 0.134157806635
b 0.170477196574 0.0871778205037 0.0195772014558 0.132869362831
d 0.286685973406 0.390007704496 0.662264585495 0.434537082911
g 0.104464799166 0.0445392765105 0.00682130269706 0.142739906907
t 0.275213688612 0.298675358295 0.266128331423 0.155695840716
h 1.0 1.0 1.0 1.0
c 0.495242893696 0 0 0
Aa 0.0942215919495 -0.0593855939806 -0.0334458686411 -0.0269848685712
Ab 0.113278582692 -0.373285502195 -0.396916002035 -0.0311759505421
Ad 0.339018702507 0.277381688356 1.13236498833 0.483426004648
Ag -0.0994177535176 -0.664948344231 -0.85479927063 -5.53865284019e-05
At 0.321282297373 0.161507889628 0.736424505711 0.0376762077212
as 0.095238097012 0.389830499887 0.552941203117 0.0
bs 0.517241358757 0.608695626259 0.896551728249 0.181818187237
ds 0.285714298487 0.344827592373 0.993377506733 0.525423705578
gs 1.0 1.0 0.740740716457 0.930232584476
ts 0.586956501007 0.621621608734 1.0 0.037037037313
a 0.145661205053 0.177168652415 0.041263949126 0.1325045228
b 0.166383907199 0.087290212512 0.0176907069981 0.125862076879
d 0.29488414526 0.406226366758 0.674777150154 0.4521946311
g 0.106482692063 0.0429610274732 0.00625443598256 0.139629855752
t 0.286588072777 0.286353737116 0.260013729334 0.14980892837
h 1.0 1.0 1.0 1.0
c 0.511166155338 0 0 0
Aa 0.0568654611707 -0.0593855939806 -0.0376663058996 -0.0313942581415
Ab 0.114632874727 -0.366806894541 -0.405491918325 -0.0537300892174
Ad 0.363172978163 0.300995647907 1.17592322826 0.501700401306
Ag -0.0791994035244 -0.674697816372 -0.857048988342 -0.00864665396512
At 0.350779682398 0.149130403996 0.761759161949 0.0219127200544
as 0.0 0.389830499887 0.552941203117 0.0
bs 0.517241358757 0.608695626259 0.86206895113 0.113636367023
ds 0.326530605555 0.36206895113 1.0 0.559322059155
gs 1.0 0.947368443012 0.740740716457 0.906976759434
ts 0.652173936367 0.608108103275 1.0 0.0
a 0.128337875009 0.179054364562 0.0399945005774 0.128984555602
b 0.160325065255 0.0889218226075 0.0166213102639 0.116502389312
d 0.305401235819 0.411332190037 0.681073069572 0.468312978745
g 0.107765220106 0.0423022769392 0.00606596656144 0.13156375289
t 0.298170596361 0.278389334679 0.256245195866 0.154636308551
h 1.0 1.0 1.0 1.0
c 0.526872098446 0 0 0
Aa 0.0156613998115 -0.0593855939806 -0.0376663058996 -0.0399078316987
Ab 0.112307973206 -0.363362163305 -0.419001340866 -0.0841106921434
Ad 0.392177343369 0.301822185516 1.19352710247 0.520090699196
Ag -0.0602148398757 -0.686006784439 -0.856766581535 -0.0313092656434
At 0.38177138567 0.132282048464 0.768989145756 0.0388659201562
as 0.0 0.389830499887 0.547619044781 0.0
bs 0.517241358757 0.652173936367 0.827586233616 0.0454545468092
ds 0.375 0.36206895113 1.0 0.593220353127
gs 1.0 0.944444417953 0.740740716457 0.880952358246
ts 0.717391312122 0.575342476368 1.0 0.037037037313
a 0.111642748117 0.183855414391 0.0397474057972 0.125448912382
b 0.151092752814 0.0907037854195 0.015856795013 0.105857886374
d 0.32130163908 0.411654055119 0.683882296085 0.479948669672
g 0.107026875019 0.0419092439115 0.00605772295967 0.121024101973
t 0.30893599987 0.271877497435 0.254455775023 0.167720422149
h 1.0 1.0 1.0 1.0
c 0.541981637478 0 0 0
Aa -0.0282228700817 -0.0600400902331 -0.0376663058996 -0.0442698299885
Ab 0.103190235794 -0.366891086102 -0.436759650707 -0.118013516068
Ad 0.430859535933 0.290015906096 1.19800627232 0.538458049297
Ag -0.0465605482459 -0.702206671238 -0.854665696621 -0.0598648637533
At 0.413815110922 0.109856769443 0.768637239933 0.0818491950631
as 0.0 0.389830499887 0.547619044781 0.0
bs 0.482758611441 0.636363625526 0.758620679379 0.0
ds 0.458333343267 0.353448271751 1.0 0.627118647099
gs 1.0 0.888888895512 0.740740716457 0.809523820877
ts 0.782608687878 0.555555582047 1.0 0.113207548857
a 0.0900883972645 0.181018993258 0.0398587398231 0.120259702206
b 0.139092952013 0.0923569202423 0.0149415815249 0.095514446497
d 0.35080358386 0.417654305696 0.686082422733 0.48882445693
g 0.103388860822 0.0413731560111 0.00606712047011 0.1105466187
t 0.316626191139 0.267596632242 0.253050118685 0.184854790568
h 1.0 1.0 1.0 1.0
c 0.556693553925 0 0 0
Aa -0.100802369416 -0.0850381329656 -0.0376663058996 -0.0462837889791
Ab 0.0878339186311 -0.377292841673 -0.463793307543 -0.146334856749
Ad 0.489592820406 0.278054684401 1.19818639755 0.562749028206
Ag -0.0409974902868 -0.726043641567 -0.855207264423 -0.0828584432602
At 0.445075601339 0.0847183465958 0.765016615391 0.140426799655
as 0.0 0.338983058929 0.547619044781 0.0
bs 0.448275864124 0.590909063816 0.655172407627 0.0
ds 0.583333313465 0.344827592373 1.0 0.661016941071
gs 1.0 0.722222208977 0.740740716457 0.761904776096
ts 0.866666674614 0.521126747131 1.0 0.226415097713
a 0.0900883972645 0.184749811888 0.0399172753096 0.120259702206
b 0.139092952013 0.0909896418452 0.013636674732 0.095514446497
d 0.35080358386 0.425328314304 0.687972128391 0.48882445693
g 0.103388860822 0.0394553989172 0.00595683045685 0.1105466187
t 0.316626191139 0.259476810694 0.252517133951 0.184854790568
h 1.0 1.0 1.0 1.0
c 0.571405410767 0 0 0
Aa -0.100802369416 -0.0853009074926 -0.0376663058996 -0.0462837889791
Ab 0.0878339186311 -0.392892986536 -0.504118680954 -0.146334856749
Ad 0.489592820406 0.276839375496 1.19874370098 0.562749028206
Ag -0.0409974902868 -0.755778491497 -0.863811910152 -0.0828584432602
At 0.445075601339 0.0622136443853 0.763463675976 0.140426799655
as 0.0 0.338983058929 0.547619044781 0.0
bs 0.448275864124 0.54545456171 0.517241358757 0.0
ds 0.583333313465 0.336206883192 1.0 0.661016941071
gs 1.0 0.555555582047 0.740740716457 0.761904776096
ts 0.866666674614 0.5 1.0 0.226415097713
a 0.0900883972645 0.184249103069 0.0392223633826 0.120259702206
b 0.139092952013 0.0868269279599 0.0119208702818 0.095514446497
d 0.35080358386 0.443210601807 0.691854298115 0.48882445693
g 0.103388860822 0.0366258025169 0.00565006351098 0.1105466187
t 0.316626191139 0.249087572098 0.25135242939 0.184854790568
h 1.0 1.0 1.0 1.0
c 0.586117327213 0 0 0
Aa -0.100802369416 -0.0853009074926 -0.0376881361008 -0.0462837889791
Ab 0.0878339186311 -0.41205188632 -0.554913938046 -0.146334856749
Ad 0.489592820406 0.29590383172 1.20879280567 0.562749028206
Ag -0.0409974902868 -0.786919116974 -0.879168510437 -0.0828584432602
At 0.445075601339 0.0456457622349 0.769061207771 0.140426799655
as 0.0 0.338983058929 0.547619044781 0.0
bs 0.448275864124 0.454545468092 0.344827592373 0.0
ds 0.583333313465 0.353448271751 1.0 0.661016941071
gs 1.0 0.388888895512 0.666666686535 0.761904776096
ts 0.866666674614 0.471428573132 1.0 0.226415097713
a 0.0900883972645 0.177224695683 0.0358774624765 0.120259702206
b 0.139092952013 0.079559288919 0.0100714499131 0.095514446497
d 0.35080358386 0.472532629967 0.701788663864 0.48882445693
g 0.103388860822 0.0332887023687 0.0051500685513 0.1105466187
t 0.316626191139 0.237394690514 0.247112363577 0.184854790568
h 1.0 1.0 1.0 1.0
c 0.60082924366 0 0 0
Aa -0.100802369416 -0.0853009074926 -0.0503065399826 -0.0462837889791
Ab 0.0878339186311 -0.433134257793 -0.602036237717 -0.146334856749
Ad 0.489592820406 0.340606659651 1.24107813835 0.562749028206
Ag -0.0409974902868 -0.811528265476 -0.893315255642 -0.0828584432602
At 0.445075601339 0.0416458509862 0.787766218185 0.140426799655
as 0.0 0.338983058929 0.535714268684 0.0
bs 0.448275864124 0.363636374474 0.206896558404 0.0
ds 0.583333313465 0.394736856222 1.0 0.661016941071
gs 1.0 0.277777791023 0.629629611969 0.761904776096
ts 0.866666674614 0.471428573132 1.0 0.226415097713
a 0.0900883972645 0.163432225585 0.0315494574606 0.120259702206
b 0.139092952013 0.0700798779726 0.00854563433677 0.095514446497
d 0.35080358386 0.513641357422 0.718280434608 0.48882445693
g 0.103388860822 0.0299723818898 0.00457297638059 0.1105466187
t 0.316626191139 0.222874194384 0.237051531672 0.184854790568
h 1.0 1.0 1.0 1.0
c 0.615541160107 0 0 0
Aa -0.100802369416 -0.0853009074926 -0.0577889457345 -0.0462837889791
Ab 0.0878339186311 -0.453045248985 -0.625036478043 -0.146334856749
Ad 0.489592820406 0.412021368742 1.29951322079 0.562749028206
Ag -0.0409974902868 -0.821917295456 -0.896581828594 -0.0828584432602
At 0.445075601339 0.0494211837649 0.818061947823 0.140426799655
as 0.0 0.338983058929 0.523809552193 0.0
bs 0.448275864124 0.272727280855 0.0714285746217 0.0
ds 0.583333313465 0.456140339375 1.0 0.661016941071
gs 1.0 0.222222223878 0.592592597008 0.761904776096
ts 0.866666674614 0.485714286566 1.0 0.226415097713
a 0.0900883972645 0.145653754473 0.0276686344296 0.120259702206
b 0.139092952013 0.0606494583189 0.00767295341939 0.095514446497
d 0.35080358386 0.56044113636 0.737533688545 0.48882445693
g 0.103388860822 0.0271434541792 0.00406941352412 0.1105466187
t 0.316626191139 0.206112161279 0.223055332899 0.184854790568
h 1.0 1.0 1.0 1.0
c 0.630253076553 0 0 0
Aa -0.100802369416 -0.0853009074926 -0.0567214973271 -0.0462837889791
Ab 0.0878339186311 -0.465795636177 -0.613746702671 -0.146334856749
Ad 0.489592820406 0.499907433987 1.3690725565 0.562749028206
Ag -0.0409974902868 -0.814957439899 -0.889177441597 -0.0828584432602
At 0.445075601339 0.0654810443521 0.849703371525 0.140426799655
as 0.0 0.338983058929 0.523809552193 0.0
bs 0.448275864124 0.181818187237 0.107142858207 0.0
ds 0.583333313465 0.535087704659 1.0 0.661016941071
gs 1.0 0.222222223878 0.629629611969 0.761904776096
ts 0.866666674614 0.5 1.0 0.226415097713
a 0.0900883972645 0.135668590665 0.024810956791 0.120259702206
b 0.139092952013 0.0530125275254 0.00742164812982 0.095514446497
d 0.35080358386 0.600156664848 0.755273640156 0.48882445693
g 0.103388860822 0.0248962193727 0.00372673035599 0.1105466187
t 0.316626191139 0.186265990138 0.208767041564 0.184854790568
h 1.0 1.0 1.0 1.0
c 0.644964933395 0 0 0
Aa -0.100802369416 -0.0585627630353 -0.0567214973271 -0.0462837889791
Ab 0.0878339186311 -0.466663569212 -0.580864608288 -0.146334856749
Ad 0.489592820406 0.587222576141 1.42673933506 0.562749028206
Ag -0.0409974902868 -0.794908702374 -0.880037009716 -0.0828584432602
At 0.445075601339 0.0790914669633 0.868296921253 0.140426799655
as 0.0 0.389830499887 0.523809552193 0.0
bs 0.448275864124 0.181818187237 0.25 0.0
ds 0.583333313465 0.60526317358 1.0 0.661016941071
gs 1.0 0.333333343267 0.666666686535 0.761904776096
ts 0.866666674614 0.528571426868 1.0 0.226415097713
a 0.0900883972645 0.13040356338 0.0236415974796 0.120259702206
b 0.139092952013 0.0485346764326 0.00764174666256 0.095514446497
d 0.35080358386 0.629571914673 0.769613206387 0.48882445693
g 0.103388860822 0.0234944839031 0.00355780217797 0.1105466187
t 0.316626191139 0.167995363474 0.195545643568 0.184854790568
h 1.0 1.0 1.0 1.0
c 0.659676849842 0 0 0
Aa -0.100802369416 -0.0269114524126 -0.0567214973271 -0.0462837889791
Ab 0.0878339186311 -0.456148773432 -0.547205686569 -0.146334856749
Ad 0.489592820406 0.656844437122 1.45587420464 0.562749028206
Ag -0.0409974902868 -0.771234989166 -0.879216492176 -0.0828584432602
At 0.445075601339 0.0830963775516 0.86084985733 0.140426799655
as 0.0 0.440677970648 0.523809552193 0.0
bs 0.448275864124 0.227272734046 0.357142865658 0.0
ds 0.583333313465 0.666666686535 1.0 0.661016941071
gs 1.0 0.5 0.666666686535 0.761904776096
ts 0.866666674614 0.528571426868 1.0 0.226415097713
a 0.0900883972645 0.128453373909 0.0242295525968 0.120259702206
b 0.139092952013 0.046971000731 0.00824561901391 0.095514446497
d 0.35080358386 0.646969437599 0.780127584934 0.48882445693
g 0.103388860822 0.0228733289987 0.00356924603693 0.1105466187
t 0.316626191139 0.154732868075 0.183828011155 0.184854790568
h 1.0 1.0 1.0 1.0
c 0.674388766289 0 0 0
Aa -0.100802369416 -0.00336196832359 -0.0572921186686 -0.0462837889791
Ab 0.0878339186311 -0.440277665854 -0.525414288044 -0.146334856749
Ad 0.489592820406 0.698776304722 1.45052814484 0.562749028206
Ag -0.0409974902868 -0.752778112888 -0.889061033726 -0.0828584432602
At 0.445075601339 0.0774750709534 0.822774171829 0.140426799655
as 0.0 0.47457626462 0.523809552193 0.0
bs 0.448275864124 0.318181812763 0.428571432829 0.0
ds 0.583333313465 0.710526287556 1.0 0.661016941071
gs 1.0 0.611111104488 0.629629611969 0.761904776096
ts 0.866666674614 0.521739125252 1.0 0.226415097713
a 0.0900883972645 0.142412215471 0.0260248202831 0.120259702206
b 0.139092952013 0.0464969426394 0.00917328894138 0.095514446497
d 0.35080358386 0.641780138016 0.787817716599 0.48882445693
g 0.103388860822 0.0224684868008 0.0037757193204 0.1105466187
t 0.316626191139 0.146842211485 0.173208460212 0.184854790568
h 1.0 1.0 1.0 1.0
c 0.689100682735 0 0 0
Aa -0.100802369416 0.0605957470834 -0.0647767335176 -0.0462837889791
Ab 0.0878339186311 -0.425527125597 -0.517639398575 -0.146334856749
Ad 0.489592820406 0.714434742928 1.41626131535 0.562749028206
Ag -0.0409974902868 -0.741377711296 -0.903164803982 -0.0828584432602
At 0.445075601339 0.073899410665 0.758404612541 0.140426799655
as 0.0 0.593220353127 0.51807230711 0.0
bs 0.448275864124 0.363636374474 0.464285701513 0.0
ds 0.583333313465 0.719298243523 1.0 0.661016941071
gs 1.0 0.666666686535 0.592592597008 0.761904776096
ts 0.866666674614 0.507246375084 0.992063462734 0.226415097713
a 0.0900883972645 0.160339891911 0.0245291665196 0.120259702206
b 0.139092952013 0.0454115457833 0.0103754624724 0.095514446497
d 0.35080358386 0.623991191387 0.796043097973 0.48882445693
g 0.103388860822 0.0218474511057 0.00420390535146 0.1105466187
t 0.316626191139 0.148409917951 0.164848387241 0.184854790568
h 1.0 1.0 1.0 1.0
c 0.703812599182 0 0 0
Aa -0.100802369416 0.132357701659 -0.143761113286 -0.0462837889791
Ab 0.0878339186311 -0.415517628193 -0.517436444759 -0.146334856749
Ad 0.489592820406 0.722494542599 1.36749267578 0.562749028206
Ag -0.0409974902868 -0.733283102512 -0.909790992737 -0.0828584432602
At 0.445075601339 0.0987790226936 0.683640778065 0.140426799655
as 0.0 0.711864411831 0.421686738729 0.0
bs 0.448275864124 0.409090906382 0.464285701513 0.0
ds 0.583333313465 0.72807019949 1.0 0.661016941071
gs 1.0 0.722222208977 0.555555582047 0.761904776096
ts 0.866666674614 0.550724625587 0.928571403027 0.226415097713
a 0.0900883972645 0.174356624484 0.0229057129472 0.120259702206
b 0.139092952013 0.041507858783 0.0116044161841 0.095514446497
d 0.35080358386 0.606343448162 0.801071882248 0.48882445693
g 0.103388860822 0.0202433560044 0.00478587625548 0.1105466187
t 0.316626191139 0.157548740506 0.159632086754 0.184854790568
h 1.0 1.0 1.0 1.0
c 0.718524456024 0 0 0
Aa -0.100802369416 0.210930690169 -0.221636503935 -0.0462837889791
Ab 0.0878339186311 -0.412377417088 -0.516957044601 -0.146334856749
Ad 0.489592820406 0.752210915089 1.32209122181 0.562749028206
Ag -0.0409974902868 -0.724225282669 -0.90161883831 -0.0828584432602
At 0.445075601339 0.166907161474 0.621539831161 0.140426799655
as 0.0 0.847457647324 0.329268306494 0.0
bs 0.448275864124 0.454545468092 0.464285701513 0.0
ds 0.583333313465 0.754385948181 1.0 0.661016941071
gs 1.0 0.722222208977 0.592592597008 0.761904776096
ts 0.866666674614 0.637681186199 0.880952358246 0.226415097713
a 0.0900883972645 0.188540160656 0.0203175805509 0.120259702206
b 0.139092952013 0.0347806364298 0.0125700337812 0.095514446497
d 0.35080358386 0.595626056194 0.803783476353 0.48882445693
g 0.103388860822 0.0175390318036 0.00534556573257 0.1105466187
t 0.316626191139 0.163514122367 0.157983332872 0.184854790568
h 1.0 1.0 1.0 1.0
c 0.733236372471 0 0 0
Aa -0.100802369416 0.320407927036 -0.303753316402 -0.0462837889791
Ab 0.0878339186311 -0.413658410311 -0.512288808823 -0.146334856749
Ad 0.489592820406 0.819977760315 1.29351377487 0.562749028206
Ag -0.0409974902868 -0.710990309715 -0.883631646633 -0.0828584432602
At 0.445075601339 0.258559316397 0.586985945702 0.140426799655
as 0.0 1.0 0.230769231915 0.0
bs 0.448275864124 0.409090906382 0.5 0.0
ds 0.583333313465 0.815789461136 0.993865013123 0.661016941071
gs 1.0 0.833333313465 0.666666686535 0.761904776096
ts 0.866666674614 0.782608687878 0.847999989986 0.226415097713
a 0.0900883972645 0.183983772993 0.0210118591785 0.120259702206
b 0.139092952013 0.0286298282444 0.013178604655 0.095514446497
d 0.35080358386 0.60729932785 0.802212357521 0.48882445693
g 0.103388860822 0.0150690227747 0.00566578656435 0.1105466187
t 0.316626191139 0.165018066764 0.157931387424 0.184854790568
h 1.0 1.0 1.0 1.0
c 0.747948288918 0 0 0
Aa -0.100802369416 0.39099240303 -0.297941833735 -0.0462837889791
Ab 0.0878339186311 -0.416968405247 -0.50053691864 -0.146334856749
Ad 0.489592820406 0.909615635872 1.28388297558 0.562749028206
Ag -0.0409974902868 -0.695702075958 -0.867146134377 -0.0828584432602
At 0.445075601339 0.343744337559 0.5780621171 0.140426799655
as 0.0 1.0 0.243589743972 0.0
bs 0.448275864124 0.428571432829 0.535714268684 0.0
ds 0.583333313465 0.89473682642 0.987654328346 0.661016941071
gs 1.0 0.888888895512 0.703703701496 0.761904776096
ts 0.866666674614 0.898550748825 0.847999989986 0.226415097713
a 0.0900883972645 0.172215878963 0.0208810009062 0.120259702206
b 0.139092952013 0.0242830142379 0.0135191725567 0.095514446497
d 0.35080358386 0.628725171089 0.802868127823 0.48882445693
g 0.103388860822 0.0132010579109 0.00571777392179 0.1105466187
t 0.316626191139 0.161574870348 0.157013893127 0.184854790568
h 1.0 1.0 1.0 1.0
c 0.762660205364 0 0 0
Aa -0.100802369416 0.434217900038 -0.297941833735 -0.0462837889791
Ab 0.0878339186311 -0.416552722454 -0.486743032932 -0.146334856749
Ad 0.489592820406 0.99660551548 1.28695106506 0.562749028206
Ag -0.0409974902868 -0.681246578693 -0.860466182232 -0.0828584432602
At 0.445075601339 0.406518518925 0.57824498415 0.140426799655
as 0.0 1.0 0.233766227961 0.0
bs 0.448275864124 0.428571432829 0.571428596973 0.0
ds 0.583333313465 0.964912295341 0.987654328346 0.661016941071
gs 1.0 1.0 0.740740716457 0.761904776096
ts 0.866666674614 0.985507249832 0.847999989986 0.226415097713
a 0.0900883972645 0.155598685145 0.020998660475 0.120259702206
b 0.139092952013 0.021804632619 0.013730908744 0.095514446497
d 0.35080358386 0.653945207596 0.805405318737 0.48882445693
g 0.103388860822 0.0119783841074 0.00558270793408 0.1105466187
t 0.316626191139 0.156673103571 0.15428237617 0.184854790568
h 1.0 1.0 1.0 1.0
c 0.777372121811 0 0 0
Aa -0.100802369416 0.443560928106 -0.287760168314 -0.0462837889791
Ab 0.0878339186311 -0.409896224737 -0.472252488136 -0.146334856749
Ad 0.489592820406 1.06709635258 1.2960627079 0.562749028206
Ag -0.0409974902868 -0.670046746731 -0.863106846809 -0.0828584432602
At 0.445075601339 0.446549475193 0.578364551067 0.140426799655
as 0.0 1.0 0.246753245592 0.0
bs 0.448275864124 0.47619047761 0.666666686535 0.0
ds 0.583333313465 1.0 0.993827164173 0.661016941071
gs 1.0 1.0 0.740740716457 0.761904776096
ts 0.866666674614 1.0 0.847999989986 0.226415097713
a 0.0900883972645 0.140721023083 0.0214981101453 0.120259702206
b 0.139092952013 0.0205160211772 0.0138952620327 0.095514446497
d 0.35080358386 0.67657917738 0.811458051205 0.48882445693
g 0.103388860822 0.0110551472753 0.00542330555618 0.1105466187
t 0.316626191139 0.151128649712 0.147725254297 0.184854790568
h 1.0 1.0 1.0 1.0
c 0.792083978653 0 0 0
Aa -0.100802369416 0.443560928106 -0.2663166821 -0.0462837889791
Ab 0.0878339186311 -0.392704874277 -0.455850213766 -0.146334856749
Ad 0.489592820406 1.12552058697 1.31054913998 0.562749028206
Ag -0.0409974902868 -0.66123354435 -0.864452838898 -0.0828584432602
At 0.445075601339 0.474548786879 0.57073777914 0.140426799655
as 0.0 1.0 0.272727280855 0.0
bs 0.448275864124 0.571428596973 0.703703701496 0.0
ds 0.583333313465 1.0 1.0 0.661016941071
gs 1.0 1.0 0.703703701496 0.761904776096
ts 0.866666674614 1.0 0.839999973774 0.226415097713
a 0.0900883972645 0.127346605062 0.0213713701814 0.120259702206
b 0.139092952013 0.0198138337582 0.0139982644469 0.095514446497
d 0.35080358386 0.697201013565 0.822204589844 0.48882445693
g 0.103388860822 0.0103388270363 0.00536017073318 0.1105466187
t 0.316626191139 0.145299747586 0.137065589428 0.184854790568
h 1.0 1.0 1.0 1.0
c 0.8067958951 0 0 0
Aa -0.100802369416 0.443560928106 -0.257152616978 -0.0462837889791
Ab 0.0878339186311 -0.364457935095 -0.440910816193 -0.146334856749
Ad 0.489592820406 1.18193149567 1.32799494267 0.562749028206
Ag -0.0409974902868 -0.646955132484 -0.857806384563 -0.0828584432602
At 0.445075601339 0.500838398933 0.549943447113 0.140426799655
as 0.0 1.0 0.285714298487 0.0
bs 0.448275864124 0.666666686535 0.777777791023 0.0
ds 0.583333313465 1.0 1.0 0.661016941071
gs 1.0 1.0 0.740740716457 0.761904776096
ts 0.866666674614 1.0 0.822580635548 0.226415097713
a 0.0900883972645 0.114848852158 0.0214588083327 0.120259702206
b 0.139092952013 0.0194175522774 0.0141306780279 0.095514446497
d 0.35080358386 0.7177952528 0.837092459202 0.48882445693
g 0.103388860822 0.00989780761302 0.00543269049376 0.1105466187
t 0.316626191139 0.138040527701 0.121885359287 0.184854790568
h 1.0 1.0 1.0 1.0
c 0.821507811546 0 0 0
Aa -0.100802369416 0.443560928106 -0.248757302761 -0.0462837889791
Ab 0.0878339186311 -0.32837125659 -0.430199891329 -0.146334856749
Ad 0.489592820406 1.23943483829 1.34241056442 0.562749028206
Ag -0.0409974902868 -0.621026694775 -0.845347940922 -0.0828584432602
At 0.445075601339 0.523440897465 0.505588650703 0.140426799655
as 0.0 1.0 0.298701286316 0.0
bs 0.448275864124 0.850000023842 0.814814805984 0.0
ds 0.583333313465 1.0 1.0 0.661016941071
gs 1.0 1.0 0.777777791023 0.761904776096
ts 0.866666674614 1.0 0.782258093357 0.226415097713
a 0.0900883972645 0.104467384517 0.0221384745091 0.120259702206
b 0.139092952013 0.0193353183568 0.0143729690462 0.095514446497
d 0.35080358386 0.736332297325 0.854675233364 0.48882445693
g 0.103388860822 0.00983569025993 0.00563475256786 0.1105466187
t 0.316626191139 0.130029320717 0.103178590536 0.184854790568
h 1.0 1.0 1.0 1.0
c 0.836219727993 0 0 0
Aa -0.100802369416 0.443560928106 -0.240013241768 -0.0462837889791
Ab 0.0878339186311 -0.289068460464 -0.427614450455 -0.146334856749
Ad 0.489592820406 1.29165410995 1.34664022923 0.562749028206
Ag -0.0409974902868 -0.582614958286 -0.834286093712 -0.0828584432602
At 0.445075601339 0.538621485233 0.428428649902 0.140426799655
as 0.0 1.0 0.311688303947 0.0
bs 0.448275864124 1.0 0.814814805984 0.0
ds 0.583333313465 1.0 1.0 0.661016941071
gs 1.0 1.0 0.814814805984 0.761904776096
ts 0.866666674614 1.0 0.725806474686 0.226415097713
a 0.0900883972645 0.0973385944963 0.0224465727806 0.120259702206
b 0.139092952013 0.01933872886 0.0147297894582 0.095514446497
d 0.35080358386 0.750013172626 0.873830258846 0.48882445693
g 0.103388860822 0.0100580006838 0.00595650169998 0.1105466187
t 0.316626191139 0.123251527548 0.0830368697643 0.184854790568
h 1.0 1.0 1.0 1.0
c 0.85093164444 0 0 0
Aa -0.100802369416 0.443560928106 -0.252614945173 -0.0462837889791
Ab 0.0878339186311 -0.258296251297 -0.435568451881 -0.146334856749
Ad 0.489592820406 1.33034467697 1.33766210079 0.562749028206
Ag -0.0409974902868 -0.542212486267 -0.828773736954 -0.0828584432602
At 0.445075601339 0.546068131924 0.315505951643 0.140426799655
as 0.0 1.0 0.298701286316 0.0
bs 0.448275864124 1.0 0.777777791023 0.0
ds 0.583333313465 1.0 1.0 0.661016941071
gs 1.0 1.0 0.85185188055 0.761904776096
ts 0.866666674614 1.0 0.629032254219 0.226415097713
a 0.0900883972645 0.0962523445487 0.0239065233618 0.120259702206
b 0.139092952013 0.0194773133844 0.0151206115261 0.095514446497
d 0.35080358386 0.755525827408 0.89024066925 0.48882445693
g 0.103388860822 0.0103886816651 0.00637356005609 0.1105466187
t 0.316626191139 0.118355803192 0.0643586590886 0.184854790568
h 1.0 1.0 1.0 1.0
c 0.865643501282 0 0 0
Aa -0.100802369416 0.457344740629 -0.252614945173 -0.0462837889791
Ab 0.0878339186311 -0.236537545919 -0.4515619874 -0.146334856749
Ad 0.489592820406 1.35218274593 1.3183760643 0.562749028206
Ag -0.0409974902868 -0.509506165981 -0.826749265194 -0.0828584432602
At 0.445075601339 0.547122955322 0.177475616336 0.140426799655
as 0.0 1.0 0.30263158679 0.0
bs 0.448275864124 1.0 0.740740716457 0.0
ds 0.583333313465 1.0 0.993865013123 0.661016941071
gs 1.0 1.0 0.85185188055 0.761904776096
ts 0.866666674614 1.0 0.524193525314 0.226415097713
a 0.0900883972645 0.0974070131779 0.0253520645201 0.120259702206
b 0.139092952013 0.0197290442884 0.0153784723952 0.095514446497
d 0.35080358386 0.755256056786 0.90090161562 0.48882445693
g 0.103388860822 0.0106565738097 0.00679728575051 0.1105466187
t 0.316626191139 0.116951338947 0.0515705645084 0.184854790568
h 1.0 1.0 1.0 1.0
c 0.880355417728 0 0 0
Aa -0.100802369416 0.471155881882 -0.252614945173 -0.0462837889791
Ab 0.0878339186311 -0.222328305244 -0.469715088606 -0.146334856749
Ad 0.489592820406 1.36065983772 1.29804909229 0.562749028206
Ag -0.0409974902868 -0.489816755056 -0.824292719364 -0.0828584432602
At 0.445075601339 0.550570845604 0.0557735897601 0.140426799655
as 0.0 1.0 0.30263158679 0.0
bs 0.448275864124 1.0 0.666666686535 0.0
ds 0.583333313465 1.0 0.975460112095 0.661016941071
gs 1.0 1.0 0.846153855324 0.761904776096
ts 0.866666674614 1.0 0.419354826212 0.226415097713
a 0.0900883972645 0.0991274490952 0.0289790909737 0.120259702206
b 0.139092952013 0.0199232809246 0.0153471035883 0.095514446497
d 0.35080358386 0.750504791737 0.899251163006 0.48882445693
g 0.103388860822 0.0107002416626 0.00703264446929 0.1105466187
t 0.316626191139 0.119744263589 0.0493899956346 0.184854790568
h 1.0 1.0 1.0 1.0
c 0.895067334175 0 0 0
Aa -0.100802369416 0.485621362925 -0.204089984298 -0.0462837889791
Ab 0.0878339186311 -0.211211726069 -0.48014831543 -0.146334856749
Ad 0.489592820406 1.36478090286 1.28770625591 0.562749028206
Ag -0.0409974902868 -0.481178998947 -0.819056093693 -0.0828584432602
At 0.445075601339 0.567682147026 0.0274642519653 0.140426799655
as 0.0 1.0 0.355263143778 0.0
bs 0.448275864124 1.0 0.629629611969 0.0
ds 0.583333313465 1.0 0.969325125217 0.661016941071
gs 1.0 1.0 0.884615361691 0.761904776096
ts 0.866666674614 1.0 0.401639342308 0.226415097713
a 0.0900883972645 0.0979029759765 0.0329629220068 0.120259702206
b 0.139092952013 0.0198844950646 0.0151366405189 0.095514446497
d 0.35080358386 0.745047330856 0.886468112469 0.48882445693
g 0.103388860822 0.0104875620455 0.00693564489484 0.1105466187
t 0.316626191139 0.126677647233 0.0584966614842 0.184854790568
h 1.0 1.0 1.0 1.0
c 0.909779250622 0 0 0
Aa -0.100802369416 0.492083519697 -0.136290043592 -0.0462837889791
Ab 0.0878339186311 -0.200197800994 -0.474286258221 -0.146334856749
Ad 0.489592820406 1.37347149849 1.2933473587 0.562749028206
Ag -0.0409974902868 -0.478037834167 -0.813228905201 -0.0828584432602
At 0.445075601339 0.603987574577 0.112815320492 0.140426799655
as 0.0 1.0 0.44736841321 0.0
bs 0.448275864124 1.0 0.629629611969 0.0
ds 0.583333313465 1.0 0.981481492519 0.661016941071
gs 1.0 1.0 0.923076927662 0.761904776096
ts 0.866666674614 1.0 0.467213124037 0.226415097713
a 0.0900883972645 0.0942795500159 0.0409638732672 0.120259702206
b 0.139092952013 0.0195527486503 0.0148739423603 0.095514446497
d 0.35080358386 0.741044521332 0.86430388689 0.48882445693
g 0.103388860822 0.0101376250386 0.0064845662564 0.1105466187
t 0.316626191139 0.134985566139 0.073373734951 0.184854790568
h 1.0 1.0 1.0 1.0
c 0.924491167068 0 0 0
Aa -0.100802369416 0.492937892675 -0.0116172246635 -0.0462837889791
Ab 0.0878339186311 -0.190271764994 -0.45159214735 -0.146334856749
Ad 0.489592820406 1.38836467266 1.31264817715 0.562749028206
Ag -0.0409974902868 -0.475543379784 -0.812137305737 -0.0828584432602
At 0.445075601339 0.648807764053 0.24152238667 0.140426799655
as 0.0 1.0 0.618421077728 0.0
bs 0.448275864124 1.0 0.740740716457 0.0
ds 0.583333313465 1.0 0.993827164173 0.661016941071
gs 1.0 1.0 0.923076927662 0.761904776096
ts 0.866666674614 1.0 0.573770463467 0.226415097713
a 0.0900883972645 0.0923053622246 0.0492537729442 0.120259702206
b 0.139092952013 0.0191262923181 0.0146263288334 0.095514446497
d 0.35080358386 0.737067043781 0.842995047569 0.48882445693
g 0.103388860822 0.00981173105538 0.00585400033742 0.1105466187
t 0.316626191139 0.141689583659 0.0872708261013 0.184854790568
h 1.0 1.0 1.0 1.0
c 0.939203023911 0 0 0
Aa -0.100802369416 0.500934481621 0.106029190123 -0.0462837889791
Ab 0.0878339186311 -0.182661652565 -0.421274960041 -0.146334856749
Ad 0.489592820406 1.40321457386 1.33941471577 0.562749028206
Ag -0.0409974902868 -0.47254678607 -0.818957567215 -0.0828584432602
At 0.445075601339 0.687045454979 0.354458779097 0.140426799655
as 0.0 1.0 0.763157904148 0.0
bs 0.448275864124 1.0 0.85185188055 0.0
ds 0.583333313465 1.0 1.0 0.661016941071
gs 1.0 1.0 0.884615361691 0.761904776096
ts 0.866666674614 1.0 0.663934409618 0.226415097713
a 0.0900883972645 0.0940475463867 0.059015378356 0.120259702206
b 0.139092952013 0.0188475362957 0.0143878320232 0.095514446497
d 0.35080358386 0.731005370617 0.823815762997 0.48882445693
g 0.103388860822 0.00963488314301 0.00520466826856 0.1105466187
t 0.316626191139 0.146464690566 0.0975763276219 0.184854790568
h 1.0 1.0 1.0 1.0
c 0.953914940357 0 0 0
Aa -0.100802369416 0.520271360874 0.222197055817 -0.0462837889791
Ab 0.0878339186311 -0.177821546793 -0.390772759914 -0.146334856749
Ad 0.489592820406 1.41084444523 1.36706197262 0.562749028206
Ag -0.0409974902868 -0.469229638577 -0.832375109196 -0.0828584432602
At 0.445075601339 0.712656795979 0.440576344728 0.140426799655
as 0.0 1.0 0.932432413101 0.0
bs 0.448275864124 1.0 0.962962985039 0.0
ds 0.583333313465 1.0 1.0 0.661016941071
gs 1.0 1.0 0.846153855324 0.761904776096
ts 0.866666674614 1.0 0.73770493269 0.226415097713
a 0.0900883972645 0.0896236896515 0.0608001388609 0.120259702206
b 0.139092952013 0.0189704094082 0.0141809172928 0.095514446497
d 0.35080358386 0.728956699371 0.814960002899 0.48882445693
g 0.103388860822 0.00968180969357 0.00467541115358 0.1105466187
t 0.316626191139 0.152767404914 0.105383515358 0.184854790568
h 1.0 1.0 1.0 1.0
c 0.968626856804 0 0 0
Aa -0.100802369416 0.499233394861 0.264106869698 -0.0462837889791
Ab 0.0878339186311 -0.175112709403 -0.368093371391 -0.146334856749
Ad 0.489592820406 1.40951228142 1.39133858681 0.562749028206
Ag -0.0409974902868 -0.467232853174 -0.849977910519 -0.0828584432602
At 0.445075601339 0.73084127903 0.50297498703 0.140426799655
as 0.0 1.0 0.986486494541 0.0
bs 0.448275864124 1.0 1.0 0.0
ds 0.583333313465 1.0 1.0 0.661016941071
gs 1.0 1.0 0.769230782986 0.761904776096
ts 0.866666674614 1.0 0.785123944283 0.226415097713
a 0.0900883972645 0.0863758996129 0.0651286318898 0.120259702206
b 0.139092952013 0.0192097332329 0.0139531893656 0.095514446497
d 0.35080358386 0.721579670906 0.803364872932 0.48882445693
g 0.103388860822 0.00977093633264 0.00424438016489 0.1105466187
t 0.316626191139 0.16306373477 0.113308951259 0.184854790568
h 1.0 1.0 1.0 1.0
c 0.983338773251 0 0 0
Aa -0.100802369416 0.480305969715 0.319135516882 -0.0462837889791
Ab 0.0878339186311 -0.172565311193 -0.349962979555 -0.146334856749
Ad 0.489592820406 1.40219771862 1.41027641296 0.562749028206
Ag -0.0409974902868 -0.466150432825 -0.866822183132 -0.0828584432602
At 0.445075601339 0.756270766258 0.559627771378 0.140426799655
as 0.0 1.0 1.0 0.0
bs 0.448275864124 1.0 1.0 0.0
ds 0.583333313465 1.0 1.0 0.661016941071
gs 1.0 1.0 0.692307710648 0.761904776096
ts 0.866666674614 1.0 0.834710717201 0.226415097713
a 0.0900883972645 0.0838805437088 0.0689501687884 0.120259702206
b 0.139092952013 0.0193105246872 0.0138144856319 0.095514446497
d 0.35080358386 0.707979738712 0.789053738117 0.48882445693
g 0.103388860822 0.00978514552116 0.0039334455505 0.1105466187
t 0.316626191139 0.179044038057 0.124248161912 0.184854790568
h 1.0 1.0 1.0 1.0
c 0.998050689697 0 0 0
Aa -0.100802369416 0.467613935471 0.36402323842 -0.0462837889791
Ab 0.0878339186311 -0.170253202319 -0.33417737484 -0.146334856749
Ad 0.489592820406 1.39397358894 1.42259442806 0.562749028206
Ag -0.0409974902868 -0.465479999781 -0.879738986492 -0.0828584432602
At 0.445075601339 0.796912550926 0.619777858257 0.140426799655
as 0.0 1.0 1.0 0.0
bs 0.448275864124 1.0 1.0 0.0
ds 0.583333313465 1.0 1.0 0.661016941071
gs 1.0 1.0 0.653846144676 0.761904776096
ts 0.866666674614 1.0 0.884297549725 0.226415097713
a 0.188933134079 0.0828686654568 0.0729476064444 0.113635078073
b 0.24868260324 0.0192011278123 0.0138699179515 0.0469441078603
d 0.319830775261 0.690485835075 0.771632909775 0.629333555698
g 0.0979935005307 0.00971628725529 0.00371186807752 0.0446339175105
t 0.144559979439 0.197728052735 0.137837678194 0.165453329682
h 1.0 1.0 1.0 1.0
c 1.0 0 0 0
Aa 0.300484627485 0.464821696281 0.401064932346 0.355597227812
Ab 0.419821888208 -0.17024192214 -0.319872230291 -0.0283341091126
Ad 0.529096722603 1.38558614254 1.42546463013 1.09896564484
Ag 0.0153737375513 -0.466068327427 -0.892353594303 -0.0502501875162
At 0.184224531054 0.842499613762 0.677421808243 0.51876026392
as 0.604651153088 1.0 1.0 0.904761910439
bs 1.0 1.0 1.0 0.20000000298
ds 0.666666686535 1.0 1.0 1.0
gs 1.0 1.0 0.615384638309 0.833333313465
ts 0.288888901472 1.0 0.925619840622 0.94339621067
a 0.196414679289 0.0854733288288 0.078069485724 0.120252981782
b 0.241899743676 0.0191619228572 0.0143345044926 0.0497225560248
d 0.314368665218 0.669310986996 0.75040858984 0.621641159058
g 0.104982763529 0.00959961675107 0.003574361559 0.0462676286697
t 0.142334148288 0.216454163194 0.153613045812 0.162115648389
h 1.0 1.0 1.0 1.0
c 1.0 0 0 0
Aa 0.300484627485 0.477343708277 0.431140422821 0.355597227812
Ab 0.390946090221 -0.17204785347 -0.304958194494 -0.027945196256
Ad 0.504749953747 1.37114095688 1.41395688057 1.06904113293
Ag 0.0284286923707 -0.47223302722 -0.908142387867 -0.0592213906348
At 0.16061976552 0.880879044533 0.725087225437 0.485326290131
as 0.604651153088 1.0 1.0 0.904761910439
bs 1.0 1.0 1.0 0.20000000298
ds 0.604166686535 1.0 1.0 1.0
gs 1.0 1.0 0.538461565971 0.809523820877
ts 0.227272734046 1.0 0.966942131519 0.867924511433
a 0.204610139132 0.0880679115653 0.0859413966537 0.126663982868
b 0.232629746199 0.019334230572 0.0152466539294 0.0519187003374
d 0.310036182404 0.647886157036 0.723879575729 0.608573794365
g 0.11232855171 0.00945076718926 0.00353295565583 0.0472030155361
t 0.140395373106 0.235260903835 0.171399384737 0.165640518069
h 1.0 1.0 1.0 1.0
c 1.0 0 0 0
Aa 0.300484627485 0.47922244668 0.458419710398 0.355597227812
Ab 0.356222748756 -0.179268330336 -0.292608141899 -0.031732108444
Ad 0.480969876051 1.34590351582 1.38388359547 1.03725731373
Ag 0.0400476269424 -0.490128159523 -0.9276445508 -0.0730861723423
At 0.136910289526 0.905954539776 0.758226573467 0.472110658884
as 0.619047641754 1.0 1.0 0.904761910439
bs 1.0 1.0 1.0 0.20000000298
ds 0.5625 0.986206889153 1.0 1.0
gs 1.0 1.0 0.461538463831 0.761904776096
ts 0.162790700793 1.0 1.0 0.849056601524
a 0.212432458997 0.0923050642014 0.0943907275796 0.133530721068
b 0.222388833761 0.0197132397443 0.0168052893132 0.0537353046238
d 0.307795315981 0.624828457832 0.692887246609 0.592918395996
g 0.117759227753 0.00917935371399 0.00363021483645 0.0475560724735
t 0.139624163508 0.253973901272 0.192286506295 0.172259509563
h 1.0 1.0 1.0 1.0
c 1.0 0 0 0
Aa 0.300484627485 0.47922244668 0.468359768391 0.355597227812
Ab 0.320376724005 -0.191245079041 -0.281123548746 -0.0397242642939
Ad 0.461525768042 1.3097577095 1.33409297466 1.00301098824
Ag 0.0442587174475 -0.523190975189 -0.94663721323 -0.0927779972553
At 0.118224322796 0.918785989285 0.777379214764 0.466199219227
as 0.619047641754 1.0 1.0 0.904761910439
bs 1.0 1.0 1.0 0.162790700793
ds 0.520833313465 0.965517222881 0.981818199158 1.0
gs 1.0 1.0 0.384615391493 0.738095223904
ts 0.139534890652 1.0 1.0 0.830188691616
a 0.219530448318 0.0977443531156 0.104092463851 0.141015648842
b 0.212298348546 0.0202926658094 0.0189623311162 0.055919457227
d 0.306639224291 0.601247012615 0.656592190266 0.576400101185
g 0.11992701143 0.00878994259983 0.00388352945447 0.0475368872285
t 0.141604959965 0.271926015615 0.216469466686 0.179127916694
h 1.0 1.0 1.0 1.0
c 1.0 0 0 0
Aa 0.300484627485 0.47922244668 0.469205290079 0.355597227812
Ab 0.285936504602 -0.203530147672 -0.270322263241 -0.0461071319878
Ad 0.445617586374 1.26818370819 1.26908171177 0.967053949833
Ag 0.0379068925977 -0.566883206367 -0.958987414837 -0.116639338434
At 0.110068358481 0.923581540585 0.787182629108 0.45949319005
as 0.619047641754 1.0 1.0 0.904761910439
bs 1.0 1.0 1.0 0.139534890652
ds 0.479166656733 0.931034505367 0.945454537868 1.0
gs 1.0 1.0 0.346153855324 0.666666686535
ts 0.11627907306 1.0 1.0 0.830188691616
a 0.225777864456 0.103096067905 0.114706456661 0.149019822478
b 0.203449204564 0.0207531955093 0.0213582124561 0.0598120167851
d 0.305107593536 0.57991963625 0.618471026421 0.559305667877
g 0.118951566517 0.008374966681 0.00424525747076 0.0474382080138
t 0.146713763475 0.287856161594 0.241219073534 0.184424266219
h 1.0 1.0 1.0 1.0
c 1.0 0 0 0
Aa 0.300484627485 0.47922244668 0.469205290079 0.355597227812
Ab 0.255259245634 -0.216934680939 -0.260817676783 -0.0408583842218
Ad 0.43125629425 1.22934818268 1.20093679428 0.930002391338
Ag 0.0221734438092 -0.611036539078 -0.962478578091 -0.141518548131
At 0.113274127245 0.925155878067 0.792029082775 0.44817122817
as 0.619047641754 1.0 1.0 0.904761910439
bs 0.965517222881 0.965517222881 1.0 0.162790700793
ds 0.468085110188 0.910344839096 0.903030276299 1.0
gs 1.0 0.857142865658 0.346153855324 0.619047641754
ts 0.11627907306 1.0 1.0 0.811320781708
a 0.231146082282 0.107367686927 0.123963862658 0.156661748886
b 0.196670472622 0.0209105294198 0.0235121175647 0.0661076828837
d 0.303258121014 0.565048575401 0.586396157742 0.542452216148
g 0.11603961885 0.00811048503965 0.00464900117368 0.0475888885558
t 0.152885705233 0.298562705517 0.261478871107 0.187189459801
h 1.0 1.0 1.0 1.0
c 1.0 0 0 0
Aa 0.300484627485 0.47922244668 0.469205290079 0.355597227812
Ab 0.230337232351 -0.231286108494 -0.252798050642 -0.0191138386726
Ad 0.418410509825 1.20043468475 1.14410126209 0.894995748997
Ag 0.00120435783174 -0.642604291439 -0.956730127335 -0.161860212684
At 0.120964951813 0.923384428024 0.793346822262 0.432915627956
as 0.619047641754 1.0 1.0 0.904761910439
bs 0.896551728249 0.931034505367 1.0 0.209302321076
ds 0.446808516979 0.889655172825 0.866666674614 0.946666657925
gs 1.0 0.75 0.346153855324 0.571428596973
ts 0.139534890652 1.0 1.0 0.773584902287
a 0.24501979351 0.110814794898 0.130918607116 0.164104580879
b 0.189788118005 0.0208398364484 0.0252008214593 0.0741377174854
d 0.297925412655 0.558290421963 0.566052556038 0.526503145695
g 0.111220419407 0.0081662517041 0.0050531742163 0.0480560846627
t 0.156046256423 0.301888734102 0.272774815559 0.187198460102
h 1.0 1.0 1.0 1.0
c 1.0 0 0 0
Aa 0.323523700237 0.47922244668 0.469205290079 0.358729720116
Ab 0.212591543794 -0.246480986476 -0.246381416917 0.0136482538655
Ad 0.408430069685 1.18148481846 1.1050606966 0.865010023117
Ag -0.0194929465652 -0.653352558613 -0.94423186779 -0.174642577767
At 0.127575844526 0.914471566677 0.788008153439 0.415911287069
as 0.666666686535 1.0 1.0 0.928571403027
bs 0.827586233616 0.86206895113 1.0 0.279069781303
ds 0.425531923771 0.875862061977 0.842424213886 0.918918907642
gs 1.0 0.714285731316 0.40000000596 0.523809552193
ts 0.166666671634 1.0 1.0 0.73584908247
a 0.297910481691 0.114898256958 0.137473121285 0.171101868153
b 0.162393584847 0.0209485497326 0.0266826804727 0.079114459455
d 0.279424935579 0.556452095509 0.554176092148 0.501115500927
g 0.0927313417196 0.00862905289978 0.00551726296544 0.046036105603
t 0.167539656162 0.299072027206 0.276150822639 0.202632054687
h 1.0 1.0 1.0 1.0
c 1.0 0 0 0
Aa 0.473005235195 0.47922244668 0.469205290079 0.396708786488
Ab 0.209488332272 -0.259937018156 -0.242783069611 0.0617099218071
Ad 0.445184618235 1.16433680058 1.07463526726 0.863391876221
Ag -0.0338539965451 -0.645127892494 -0.92728883028 -0.17344738543
At 0.223037064075 0.894684791565 0.772133827209 0.470162183046
as 1.0 1.0 1.0 1.0
bs 0.827586233616 0.827586233616 1.0 0.395348846912
ds 0.489361703396 0.861111104488 0.824242413044 0.918918907642
gs 1.0 0.714285731316 0.458333343267 0.523809552193
ts 0.380952388048 1.0 1.0 0.882352948189
a 0.297910481691 0.117464475334 0.146222636104 0.171101868153
b 0.162393584847 0.0215638615191 0.0282212421298 0.079114459455
d 0.279424935579 0.557478010654 0.543739497662 0.501115500927
g 0.0927313417196 0.00948913395405 0.00612466456369 0.046036105603
t 0.167539656162 0.294004499912 0.275691926479 0.202632054687
h 1.0 1.0 1.0 1.0
c 1.0 0 0 0
Aa 0.473005235195 0.464406400919 0.469205290079 0.396708786488
Ab 0.209488332272 -0.271773606539 -0.245233178139 0.0617099218071
Ad 0.445184618235 1.1407276392 1.03958153725 0.863391876221
Ag -0.0338539965451 -0.6282736063 -0.908726990223 -0.17344738543
At 0.223037064075 0.862853825092 0.744614779949 0.470162183046
as 1.0 0.972972989082 1.0 1.0
bs 0.827586233616 0.793103456497 1.0 0.404761910439
ds 0.489361703396 0.847222208977 0.806060612202 0.918918907642
gs 1.0 0.785714268684 0.541666686535 0.523809552193
ts 0.380952388048 1.0 0.975409865379 0.882352948189
a 0.297910481691 0.120644658804 0.158276408911 0.171101868153
b 0.162393584847 0.0227368641645 0.030036687851 0.079114459455
d 0.279424935579 0.556940495968 0.529773175716 0.501115500927
g 0.0927313417196 0.0106830447912 0.00691628083587 0.046036105603
t 0.167539656162 0.288994938135 0.274997413158 0.202632054687
h 1.0 1.0 1.0 1.0
c 1.0 0 0 0
Aa 0.473005235195 0.445878297091 0.469205290079 0.396708786488
Ab 0.209488332272 -0.278899222612 -0.252558857203 0.0617099218071
Ad 0.445184618235 1.11017906666 0.993879079819 0.863391876221
Ag -0.0338539965451 -0.606934726238 -0.890338301659 -0.17344738543
At 0.223037064075 0.825260460377 0.70911771059 0.470162183046
as 1.0 0.94594591856 1.0 1.0
bs 0.827586233616 0.758620679379 1.0 0.404761910439
ds 0.489361703396 0.826388895512 0.775757551193 0.957746505737
gs 1.0 0.857142865658 0.625 0.523809552193
ts 0.380952388048 0.963963985443 0.950819671154 0.879999995232
a 0.297910481691 0.127664983273 0.172278612852 0.171101868153
b 0.162393584847 0.0240778625011 0.0319586731493 0.079114459455
d 0.279424935579 0.551567196846 0.511996030807 0.501115500927
g 0.0927313417196 0.0119489366189 0.00788632687181 0.046036105603
t 0.167539656162 0.284741014242 0.275880336761 0.202632054687
h 1.0 1.0 1.0 1.0
c 1.0 0 0 0
Aa 0.473005235195 0.442647963762 0.4667096138 0.396708786488
Ab 0.209488332272 -0.281805902719 -0.264933019876 0.0617099218071
Ad 0.445184618235 1.07817459106 0.939744889736 0.863391876221
Ag -0.0338539965451 -0.586094558239 -0.872646987438 -0.17344738543
At 0.223037064075 0.791026234627 0.671198964119 0.470162183046
as 1.0 0.94594591856 1.0 1.0
bs 0.857142865658 0.758620679379 1.0 0.404761910439
ds 0.489361703396 0.805555582047 0.745454549789 0.957746505737
gs 1.0 0.928571403027 0.708333313465 0.523809552193
ts 0.380952388048 0.936936914921 0.918032765388 0.879999995232
a 0.300531983376 0.131443843246 0.185826897621 0.165141373873
b 0.155697375536 0.0255225300789 0.0339866876602 0.0877096578479
d 0.282854616642 0.545623362064 0.493039876223 0.497977048159
g 0.0926309674978 0.0132035091519 0.00903217773885 0.049129653722
t 0.16828507185 0.284206748009 0.27811434865 0.200042262673
h 1.0 1.0 1.0 1.0
c 1.0 0 0 0
Aa 0.469248265028 0.43118211627 0.459456443787 0.336125344038
Ab 0.183638855815 -0.280634373426 -0.278343319893 0.0613168515265
Ad 0.442920833826 1.04933488369 0.883229911327 0.815478742123
Ag -0.0418862141669 -0.566868722439 -0.85385966301 -0.190386846662
At 0.217403158545 0.766076266766 0.634571254253 0.419391185045
as 1.0 0.932432413101 1.0 0.857142865658
bs 0.75 0.785714268684 1.0 0.404761910439
ds 0.489361703396 0.784722208977 0.707317054272 0.887323915958
gs 1.0 1.0 0.75 0.5
ts 0.380952388048 0.926605522633 0.884297549725 0.77999997139
a 0.294288724661 0.135974735022 0.201856255531 0.170578584075
b 0.148065268993 0.0269301626831 0.0359803438187 0.0956408679485
d 0.285089671612 0.539774239063 0.475913763046 0.476401209831
g 0.0958364680409 0.0143484501168 0.0103232059628 0.0501908585429
t 0.176719859242 0.282972425222 0.275926411152 0.207188472152
h 1.0 1.0 1.0 1.0
c 1.0 0 0 0
Aa 0.4414678514 0.424389898777 0.456722587347 0.323657512665
Ab 0.143147438765 -0.278829336166 -0.29225435853 0.0723765343428
Ad 0.42767572403 1.02314388752 0.829208612442 0.769705891609
Ag -0.0457749553025 -0.552263319492 -0.834505081177 -0.207642346621
At 0.219979599118 0.74267578125 0.592473626137 0.408098608255
as 0.928571403027 0.918918907642 1.0 0.833333313465
bs 0.607142865658 0.785714268684 1.0 0.428571432829
ds 0.468085110188 0.769230782986 0.676829278469 0.83098590374
gs 0.972972989082 1.0 0.833333313465 0.452380955219
ts 0.380952388048 0.907407402992 0.851239681244 0.775510191917
a 0.2914249897 0.143819585443 0.219319179654 0.176555782557
b 0.138292431831 0.028729069978 0.0382494777441 0.103313460946
d 0.28346273303 0.536173403263 0.466088235378 0.444093227386
g 0.099009051919 0.0155184343457 0.0117686912417 0.0501567274332
t 0.187810793519 0.275759488344 0.264574438334 0.225880801678
h 1.0 1.0 1.0 1.0
c 1.0 0 0 0
Aa 0.419317632914 0.423579633236 0.45241650939 0.319553852081
Ab 0.0955892503262 -0.275916814804 -0.306034564972 0.0868288129568
Ad 0.407286792994 0.99506688118 0.779808044434 0.72014605999
Ag -0.0495342500508 -0.543390512466 -0.817931890488 -0.226998880506
At 0.22851139307 0.7062920928 0.533887803555 0.426551222801
as 0.880952358246 0.918918907642 1.0 0.833333313465
bs 0.428571432829 0.785714268684 1.0 0.452380955219
ds 0.404255330563 0.748251736164 0.646341443062 0.760563373566
gs 0.972972989082 1.0 0.916666686535 0.404761910439
ts 0.404761910439 0.870370388031 0.801652908325 0.795918345451
a 0.28137871623 0.14518237114 0.227416053414 0.183758631349
b 0.128897979856 0.031620208174 0.0414671823382 0.110987134278
d 0.287816613913 0.540311396122 0.469107180834 0.411343693733
g 0.100493878126 0.0171294789761 0.0135828657076 0.0493689067662
t 0.201412841678 0.265756547451 0.2484267205 0.24454164505
h 1.0 1.0 1.0 1.0
c 1.0 0 0 0
Aa 0.386419683695 0.388240695 0.41756722331 0.319553852081
Ab 0.0473745688796 -0.273708492517 -0.321549355984 0.100578725338
Ad 0.396244317293 0.95897090435 0.732018232346 0.669510960579
Ag -0.0607319287956 -0.53992909193 -0.806262493134 -0.25124040246
At 0.241215616465 0.650810778141 0.455944418907 0.443658947945
as 0.785714268684 0.878378391266 1.0 0.833333313465
bs 0.25925925374 0.785714268684 0.969696998596 0.5
ds 0.391304343939 0.727272748947 0.615853667259 0.690140843391
gs 0.94594591856 1.0 0.958333313465 0.357142865658
ts 0.428571432829 0.824074089527 0.735537171364 0.836734712124
a 0.269170105457 0.131978556514 0.213769584894 0.190780803561
b 0.120820313692 0.0356656722724 0.0459998510778 0.119401358068
d 0.295554280281 0.557188510895 0.492080956697 0.378669112921
g 0.097520545125 0.0194561574608 0.0159986428916 0.0481353141367
t 0.216934755445 0.255711138248 0.232150956988 0.263013392687
h 1.0 1.0 1.0 1.0
c 1.0 0 0 0
Aa 0.356395483017 0.29045343399 0.325640499592 0.319553852081
Ab 0.00850860774517 -0.277799546719 -0.341549009085 0.116028465331
Ad 0.397005915642 0.915952205658 0.687731146812 0.617279052734
Ag -0.0845352038741 -0.540992856026 -0.800222277641 -0.278516978025
At 0.262697786093 0.57769972086 0.361465036869 0.458997070789
as 0.714285731316 0.743243217468 0.895348846912 0.833333313465
bs 0.111111111939 0.785714268684 0.909090936184 0.523809552193
ds 0.391304343939 0.690140843391 0.591463387012 0.605633795261
gs 0.864864885807 1.0 1.0 0.285714298487
ts 0.47619047761 0.759259283543 0.661157011986 0.877551019192
