a 0.197017893195 0.0700792223215 0.243458420038 0.174717858434
b 0.269908279181 0.386264890432 0.172876939178 0.252113640308
d 0.130099460483 0.205174550414 0.300722897053 0.240097343922
g 0.228294283152 0.237893626094 0.133954197168 0.233242124319
t 0.174680069089 0.100587718189 0.148987561464 0.0998290479183
h 1.0 1.0 1.0 1.0
c 0.0972179323435 0 0 0
Aa 0.500454485416 0.165011778474 0.501601755619 0.431076318026
Ab 0.63716506958 0.906307756901 0.352914005518 0.590335309505
Ad 0.32022434473 0.631545960903 0.593343436718 0.569126367569
Ag 0.56444388628 0.695805311203 0.242133289576 0.556545972824
At 0.448192179203 0.321967452765 0.288327008486 0.187995910645
as 0.33750000596 0.45588234067 1.0 0.246575340629
bs 0.638888895512 0.657894730568 0.138888895512 0.59375
ds 0.0984848514199 0.137614682317 0.135802462697 0.0
gs 0.774999976158 0.0606060624123 0.0 0.780487775803
ts 0.416666656733 0.359649121761 0.308641970158 0.0
a 0.20277325809 0.0762049555779 0.26121199131 0.197108656168
b 0.269244760275 0.416654884815 0.200593367219 0.239276438951
d 0.135511621833 0.173294067383 0.265668570995 0.227966278791
g 0.229548245668 0.243932753801 0.139633700252 0.225704997778
t 0.162922099233 0.0899133384228 0.132892355323 0.10994361341
h 1.0 1.0 1.0 1.0
c 0.109997503459 0 0 0
Aa 0.500454485416 0.165011778474 0.493795543909 0.490817129612
Ab 0.623591065407 0.902805030346 0.37911900878 0.575011372566
Ad 0.325420379639 0.521812260151 0.50114262104 0.553982019424
Ag 0.554317772388 0.670298695564 0.221792668104 0.549652636051
At 0.405423790216 0.236852690578 0.200302407146 0.237281441689
as 0.33750000596 0.45588234067 0.982456147671 0.319444447756
bs 0.611111104488 0.657894730568 0.222222223878 0.53125
ds 0.0984848514199 0.0366972461343 0.0246913582087 0.0
gs 0.75 0.0 0.0 0.780487775803
ts 0.375 0.280701756477 0.20000000298 0.0104166669771
a 0.210017621517 0.0840598866343 0.246940732002 0.202632978559
b 0.270750015974 0.446003913879 0.238911628723 0.245368018746
d 0.14066170156 0.137111067772 0.246197253466 0.208029925823
g 0.234692826867 0.258366405964 0.15371209383 0.234543517232
t 0.143877863884 0.0744587108493 0.114238299429 0.109425544739
h 1.0 1.0 1.0 1.0
c 0.122568324208 0 0 0
Aa 0.496210902929 0.165011778474 0.418865829706 0.490125000477
Ab 0.606523633003 0.88976162672 0.404510378838 0.573232829571
Ad 0.322131037712 0.377495497465 0.41755631566 0.501540660858
Ag 0.544454991817 0.652658998966 0.212981149554 0.553638279438
At 0.331949144602 0.112338490784 0.0840848535299 0.222533553839
as 0.324999988079 0.45588234067 0.857142865658 0.319444447756
bs 0.555555582047 0.631578922272 0.277777791023 0.53125
ds 0.0984848514199 0.0 0.0 0.0
gs 0.725000023842 0.0 0.0 0.780487775803
ts 0.316666662693 0.175438597798 0.0500000007451 0.0
a 0.209178552032 0.0840683653951 0.184176310897 0.205926984549
b 0.277018100023 0.471072018147 0.283304959536 0.251167207956
d 0.145529910922 0.108444333076 0.255903840065 0.190295517445
g 0.246593102813 0.277780324221 0.173596292734 0.240576803684
t 0.121680356562 0.0586349330842 0.103018581867 0.112033508718
h 1.0 1.0 1.0 1.0
c 0.135294377804 0 0 0
Aa 0.467029690742 0.126712962985 0.243482872844 0.488432556391
Ab 0.58902066946 0.875167667866 0.430503308773 0.574682235718
Ad 0.309464812279 0.237287223339 0.386325955391 0.454147845507
Ag 0.538493454456 0.645781874657 0.217789560556 0.555973052979
At 0.231733009219 -0.0297632273287 -0.00883530825377 0.224067211151
as 0.278481006622 0.397058814764 0.535714268684 0.319444447756
bs 0.527777791023 0.578947365284 0.361111104488 0.53125
ds 0.0909090936184 0.0 0.0 0.0
gs 0.743589758873 0.0 0.0 0.780487775803
ts 0.233333334327 0.0526315793395 0.0 0.0
a 0.193428590894 0.0773125365376 0.106074869633 0.208177998662
b 0.288695991039 0.48452270031 0.30641078949 0.255974173546
d 0.14936606586 0.0985941812396 0.301139980555 0.175959020853
g 0.267305135727 0.290730327368 0.18203535676 0.243767023087
t 0.10120421648 0.0488402359188 0.104338996112 0.116121768951
h 1.0 1.0 1.0 1.0
c 0.148020416498 0 0 0
Aa 0.398484110832 0.072861738503 -0.00321452878416 0.488432556391
Ab 0.572404205799 0.869925916195 0.457477033138 0.578193902969
Ad 0.286215394735 0.178463086486 0.449941366911 0.415409266949
Ag 0.538970768452 0.648102164268 0.231328696012 0.556972682476
At 0.117162048817 -0.126610442996 -0.010380375199 0.234911367297
as 0.202531650662 0.323529422283 0.0892857164145 0.309859156609
bs 0.472222208977 0.578947365284 0.444444447756 0.5625
ds 0.0681818202138 0.0 0.0 0.0
gs 0.743589758873 0.0 0.0 0.780487775803
ts 0.141666665673 0.0 0.0 0.0103092780337
a 0.175435885787 0.0651771128178 0.0687706619501 0.208145007491
b 0.29886212945 0.486984223127 0.292702883482 0.257375866175
d 0.14852194488 0.109614387155 0.353602409363 0.16903296113
g 0.292601019144 0.290129721165 0.168545588851 0.244119316339
t 0.0845790281892 0.0480945557356 0.116378456354 0.121326826513
h 1.0 1.0 1.0 1.0
c 0.160950124264 0 0 0
Aa 0.324103683233 0.00714414101094 -0.142487898469 0.488432556391
Ab 0.555456101894 0.880563914776 0.486535876989 0.580634355545
Ad 0.251775860786 0.232916593552 0.568624079227 0.398037940264
Ag 0.546261072159 0.655641257763 0.246826276183 0.557668685913
At 0.00724795693532 -0.124855034053 0.0859814658761 0.254023373127
as 0.101265825331 0.235294118524 0.0 0.309859156609
bs 0.416666656733 0.60526317358 0.5 0.5625
ds 0.0454545468092 0.0 0.142857149243 0.0
gs 0.743589758873 0.0 0.0 0.804878056049
ts 0.0500000007451 0.0 0.105882354081 0.03125
a 0.162281617522 0.0607214793563 0.0775653794408 0.206238627434
b 0.303531080484 0.479767501354 0.263143479824 0.254075020552
d 0.142681032419 0.131740510464 0.383173644543 0.169566631317
g 0.319306850433 0.275844603777 0.145350813866 0.242967918515
t 0.0721994191408 0.0519258826971 0.130766689777 0.127151802182
h 1.0 1.0 1.0 1.0
c 0.174476057291 0 0 0
Aa 0.264427185059 0.00606710277498 -0.0120030613616 0.488432556391
Ab 0.536361038685 0.903755605221 0.518521666527 0.579024553299
Ad 0.208524107933 0.342444092035 0.681724667549 0.403402924538
Ag 0.558366119862 0.663389265537 0.260746508837 0.55961149931
At -0.0873084142804 -0.0618913546205 0.214826151729 0.278385072947
as 0.0253164563328 0.220588237047 0.12068965286 0.309859156609
bs 0.361111104488 0.657894730568 0.611111104488 0.5625
ds 0.0151515156031 0.0 0.27380952239 0.0
gs 0.794871807098 0.0294117648154 0.0270270276815 0.824999988079
ts 0.0 0.0265486724675 0.258823543787 0.0625
a 0.157901018858 0.0562961101532 0.0887925848365 0.203485608101
b 0.302410185337 0.472838491201 0.241607144475 0.247158050537
d 0.134204119444 0.156954675913 0.395580857992 0.174437075853
g 0.34263291955 0.258075922728 0.127352505922 0.241183817387
t 0.0628517568111 0.0558347925544 0.146666914225 0.133735433221
h 1.0 1.0 1.0 1.0
c 0.188176646829 0 0 0
Aa 0.233814433217 0.00606710277498 0.11743080616 0.488432556391
Ab 0.516025900841 0.93030154705 0.552163898945 0.572873592377
Ad 0.163195356727 0.451362997293 0.766289412975 0.421537667513
Ag 0.570258617401 0.66733622551 0.274061620235 0.562247037888
At -0.166253089905 0.00249362573959 0.335386276245 0.306145340204
as 0.0 0.220588237047 0.344827592373 0.309859156609
bs 0.305555552244 0.736842095852 0.685714304447 0.53125
ds 0.0 0.0593220330775 0.369047611952 0.0
gs 0.815789461136 0.0294117648154 0.0540540553629 0.824999988079
ts 0.0 0.0796460211277 0.40000000596 0.0833333358169
a 0.15221196413 0.0528511442244 0.0928031727672 0.200913831592
b 0.302358001471 0.466348975897 0.228889107704 0.239057511091
d 0.127660632133 0.180587187409 0.401787936687 0.179698854685
g 0.360866487026 0.242012709379 0.115668989718 0.238044157624
t 0.0569029077888 0.0581999644637 0.160850778222 0.142285645008
h 1.0 1.0 1.0 1.0
c 0.201877236366 0 0 0
Aa 0.200158596039 0.00606710277498 0.192648336291 0.488432556391
Ab 0.498231291771 0.951723754406 0.584710657597 0.563925147057
Ad 0.123766846955 0.539699673653 0.829082429409 0.439968019724
Ag 0.575056374073 0.666850864887 0.288302481174 0.562080264091
At -0.227155715227 0.0479354225099 0.431508719921 0.338583797216
as 0.0 0.220588237047 0.456140339375 0.309859156609
bs 0.277777791023 0.789473712444 0.771428585052 0.5
ds 0.0 0.135593220592 0.452380955219 0.0
gs 0.815789461136 0.0294117648154 0.108108110726 0.824999988079
ts 0.0 0.123893804848 0.51807230711 0.125
a 0.148197039962 0.0505903027952 0.0888040587306 0.198848545551
b 0.306345582008 0.458708137274 0.22125133872 0.230770900846
d 0.122766524553 0.20023457706 0.40853753686 0.184870392084
g 0.368081867695 0.230913236737 0.10900901258 0.231506049633
t 0.0546089783311 0.0595537573099 0.17239806056 0.154004111886
h 1.0 1.0 1.0 1.0
c 0.215149343014 0 0 0
Aa 0.170975133777 0.00606710277498 0.215336278081 0.488432556391
Ab 0.486347258091 0.963536262512 0.611789405346 0.553091168404
Ad 0.0892155840993 0.603538870811 0.878135442734 0.456777453423
Ag 0.566080033779 0.665448665619 0.304365873337 0.554472446442
At -0.262600302696 0.0769089832902 0.503435850143 0.377442449331
as 0.0 0.220588237047 0.491228073835 0.309859156609
bs 0.20000000298 0.837837815285 0.857142865658 0.46875
ds 0.0 0.188034191728 0.511904776096 0.0
gs 0.789473712444 0.0294117648154 0.135135129094 0.800000011921
ts 0.0 0.141592919827 0.597561001778 0.166666671634
a 0.14668905735 0.0494128614664 0.0830124691129 0.197221651673
b 0.314758986235 0.449482858181 0.216074109077 0.221437588334
d 0.120591498911 0.214440912008 0.414629548788 0.191603526473
g 0.361363321543 0.225543320179 0.105734281242 0.220123976469
t 0.0565971545875 0.0611200705171 0.180549606681 0.169613242149
h 1.0 1.0 1.0 1.0
c 0.227564483881 0 0 0
Aa 0.148116663098 0.00606710277498 0.215336278081 0.488432556391
Ab 0.479697078466 0.964940190315 0.630795657635 0.538729310036
Ad 0.0630356371403 0.643534719944 0.913853168488 0.475881457329
Ag 0.539663016796 0.665457069874 0.320408731699 0.536145329475
At -0.265486449003 0.0984109416604 0.552789449692 0.422937721014
as 0.0 0.208955228329 0.491228073835 0.309859156609
bs 0.20000000298 0.837837815285 0.914285719395 0.4375
ds 0.0 0.215517237782 0.542168676853 0.0192307699472
gs 0.736842095852 0.0294117648154 0.189189195633 0.75
ts 0.0 0.168141588569 0.658536612988 0.210526317358
a 0.148100927472 0.0489943213761 0.0794948488474 0.190547853708
b 0.324077755213 0.438781321049 0.212173983455 0.209213405848
d 0.124848119915 0.224232152104 0.417658776045 0.20640835166
g 0.338906168938 0.224367931485 0.104755617678 0.204467102885
t 0.0640670284629 0.0636242702603 0.185916781425 0.189363285899
h 1.0 1.0 1.0 1.0
c 0.238185092807 0 0 0
Aa 0.135894373059 0.00606710277498 0.215336278081 0.47591277957
Ab 0.475985795259 0.958169519901 0.641689419746 0.516498208046
Ad 0.0617185942829 0.666619241238 0.935818910599 0.510635972023
Ag 0.495416045189 0.666882157326 0.335174620152 0.50653219223
At -0.228028833866 0.119544170797 0.58431583643 0.473204493523
as 0.0 0.208955228329 0.491228073835 0.285714298487
bs 0.171428576112 0.837837815285 0.942857146263 0.34375
ds 0.0 0.232758626342 0.566265046597 0.0576923079789
gs 0.60526317358 0.0294117648154 0.216216221452 0.666666686535
ts 0.0 0.185840710998 0.691358029842 0.263157904148
a 0.182220041752 0.0499831438065 0.0773383006454 0.185783013701
b 0.286980986595 0.424462944269 0.209461212158 0.20245783031
d 0.182570755482 0.233511984348 0.417701095343 0.234087586403
g 0.249511063099 0.224624618888 0.105130381882 0.186691209674
t 0.0987171530724 0.0674173161387 0.190369009972 0.190980345011
h 1.0 1.0 1.0 1.0
c 0.238185092807 0 0 0
Aa 0.292885810137 0.0175654608756 0.215336278081 0.4597004354
Ab 0.490142792463 0.946581661701 0.648045301437 0.497029006481
Ad 0.293720901012 0.687051057816 0.947807252407 0.56007283926
Ag 0.429379463196 0.670199275017 0.348669916391 0.461818277836
At 0.0266822781414 0.147513344884 0.606537878513 0.471683084965
as 0.109756097198 0.238805964589 0.482142865658 0.271428585052
bs 0.228571429849 0.783783793449 0.970588207245 0.28125
ds 0.0909090936184 0.25 0.578313231468 0.105769231915
gs 0.44736841321 0.0606060624123 0.277777791023 0.564102590084
ts 0.0819672122598 0.21238937974 0.71604937315 0.263157904148
a 0.205890670419 0.0492130964994 0.0755544304848 0.182614341378
b 0.261212140322 0.404489934444 0.207614853978 0.20241163671
d 0.238320782781 0.247282549739 0.417384088039 0.262639909983
g 0.180114075541 0.225972741842 0.105524711311 0.170912697911
t 0.114462316036 0.073041677475 0.193921893835 0.181421399117
h 1.0 1.0 1.0 1.0
c 0.227756038308 0 0 0
Aa 0.425791084766 0.0180508494377 0.216988489032 0.451077759266
Ab 0.529147803783 0.932877898216 0.655986964703 0.495778352022
Ad 0.489316344261 0.71916359663 0.959264457226 0.608903586864
Ag 0.367702066898 0.680026173592 0.362082749605 0.42231720686
At 0.170816957951 0.189540877938 0.626355409622 0.448231369257
as 0.268292695284 0.238805964589 0.482142865658 0.257142871618
bs 0.342857152224 0.75 1.0 0.28125
ds 0.242424249649 0.278260856867 0.602409660816 0.153846159577
gs 0.289473682642 0.0909090936184 0.305555552244 0.461538463831
ts 0.204918026924 0.25 0.740740716457 0.242105260491
a 0.195946738124 0.0466552898288 0.0744422599673 0.149930238724
b 0.246630638838 0.378239065409 0.206302836537 0.215612903237
d 0.296822369099 0.266562402248 0.41863232851 0.307457774878
g 0.13544934988 0.229464232922 0.105037607253 0.160279870033
t 0.125150904059 0.079079002142 0.195584967732 0.166719213128
h 1.0 1.0 1.0 1.0
c 0.216019839048 0 0 0
Aa 0.490020304918 0.0101995095611 0.226512372494 0.371166020632
Ab 0.589929282665 0.919064998627 0.669198036194 0.528951525688
Ad 0.670378863811 0.767097473145 0.97652554512 0.683062314987
Ag 0.329659223557 0.702013611794 0.376037627459 0.400155752897
At 0.295316278934 0.239359796047 0.646028280258 0.417262464762
as 0.353658527136 0.223880603909 0.5 0.142857149243
bs 0.514285743237 0.722222208977 1.0 0.40625
ds 0.378787875175 0.307017534971 0.614457845688 0.221153840423
gs 0.184210523963 0.151515156031 0.333333343267 0.410256415606
ts 0.305785119534 0.294642865658 0.76543211937 0.20000000298
a 0.161361157894 0.0440179742873 0.0734603479505 0.131282061338
b 0.248562291265 0.347829818726 0.206145241857 0.229385122657
d 0.349696606398 0.288054227829 0.42083376646 0.352315217257
g 0.114424750209 0.235907047987 0.104081004858 0.148283272982
t 0.125955209136 0.084190942347 0.195479646325 0.138734325767
h 1.0 1.0 1.0 1.0
c 0.203849807382 0 0 0
Aa 0.471497654915 0.00818433519453 0.238427072763 0.343736290932
Ab 0.659133911133 0.90592110157 0.686547398567 0.586096167564
Ad 0.807390034199 0.824028491974 0.996484696865 0.772462308407
Ag 0.322218626738 0.737295210361 0.389745593071 0.396623075008
At 0.363914787769 0.289819628 0.663475632668 0.367714822292
as 0.329268306494 0.227272734046 0.535714268684 0.101449273527
bs 0.714285731316 0.666666686535 1.0 0.5625
ds 0.477272719145 0.359649121761 0.638554215431 0.307692319155
gs 0.157894730568 0.21875 0.388888895512 0.384615391493
ts 0.366666674614 0.339285701513 0.790123462677 0.157894730568
a 0.150688558817 0.0412819944322 0.0711998343468 0.0958620086312
b 0.239315629005 0.317057430744 0.207134619355 0.280329823494
d 0.37631803751 0.311789721251 0.42329865694 0.378548681736
g 0.1043292135 0.243191763759 0.10380577296 0.159281373024
t 0.129348561168 0.0866790637374 0.194561123848 0.0859781205654
h 1.0 1.0 1.0 1.0
c 0.191674128175 0 0 0
Aa 0.471497654915 0.00818433519453 0.238427072763 0.180620729923
Ab 0.67238843441 0.893561601639 0.702200829983 0.646643519402
Ad 0.868972420692 0.886285424232 1.01259493828 0.777095913887
Ag 0.31182333827 0.778372526169 0.40216961503 0.401139169931
At 0.405178964138 0.33033785224 0.675004184246 0.133362174034
as 0.329268306494 0.227272734046 0.535714268684 0.0
bs 0.742857158184 0.638888895512 1.0 0.75
ds 0.530303001404 0.415929198265 0.662650585175 0.307692319155
gs 0.131578952074 0.375 0.428571432829 0.410256415606
ts 0.40000000596 0.375 0.802469134331 0.0
a 0.143513664603 0.0386314988136 0.0700127333403 0.0947589725256
b 0.226439714432 0.288629889488 0.207781106234 0.251992702484
d 0.400982767344 0.339366972446 0.424866825342 0.427807241678
g 0.0974691584706 0.247592195868 0.104593507946 0.135743543506
t 0.1315946877 0.0857794210315 0.192745819688 0.0896975398064
h 1.0 1.0 1.0 1.0
c 0.178850516677 0 0 0
Aa 0.471497654915 0.00818433519453 0.238427072763 0.22779135406
Ab 0.669556975365 0.881584048271 0.710856080055 0.652558982372
Ad 0.917730152607 0.951912343502 1.02150285244 0.882419109344
Ag 0.303471595049 0.814979732037 0.412754744291 0.383890211582
At 0.433842778206 0.354625880718 0.678234994411 0.203951567411
as 0.329268306494 0.227272734046 0.535714268684 0.0
bs 0.742857158184 0.611111104488 1.0 0.78125
ds 0.564885497093 0.477876096964 0.674698770046 0.413461536169
gs 0.105263158679 0.46875 0.457142859697 0.35897436738
ts 0.428571432829 0.392857134342 0.814814805984 0.0
a 0.139450117946 0.0361137464643 0.0699992626905 0.0941938981414
b 0.213431850076 0.262441158295 0.20780326426 0.228834226727
d 0.422378391027 0.372824817896 0.426630437374 0.466017097235
g 0.0931169986725 0.247557729483 0.106516875327 0.1198598966
t 0.131622627378 0.0810625553131 0.189050152898 0.0910948589444
h 1.0 1.0 1.0 1.0
c 0.165593057871 0 0 0
Aa 0.471497654915 0.0062044528313 0.238427072763 0.262834638357
Ab 0.656337976456 0.867563843727 0.710985958576 0.648332834244
Ad 0.952780485153 1.02003669739 1.02338540554 0.957213699818
Ag 0.29610773921 0.842208445072 0.420751988888 0.367485761642
At 0.446409314871 0.357352226973 0.669910609722 0.248305737972
as 0.329268306494 0.20000000298 0.535714268684 0.0142857143655
bs 0.685714304447 0.555555582047 1.0 0.806451618671
ds 0.595419824123 0.539822995663 0.674698770046 0.480769217014
gs 0.078947365284 0.5625 0.485714286566 0.333333343267
ts 0.436974793673 0.392857134342 0.800000011921 0.0421052649617
a 0.137931495905 0.0341343358159 0.0710993111134 0.0937445759773
b 0.202722594142 0.237512096763 0.208622530103 0.21376016736
d 0.43981590867 0.409940630198 0.427804172039 0.490499466658
g 0.0908550843596 0.24460336566 0.10926514864 0.111262664199
t 0.128674909472 0.0738095715642 0.183208823204 0.090733140707
h 1.0 1.0 1.0 1.0
c 0.151907399297 0 0 0
Aa 0.471497654915 0.00501665007323 0.238427072763 0.279512643814
Ab 0.638736367226 0.847510933876 0.705922842026 0.637493252754
Ad 0.975105106831 1.08454620838 1.01780664921 0.998205006123
Ag 0.290183395147 0.860287666321 0.425043344498 0.353915929794
At 0.441328048706 0.339937895536 0.649508059025 0.265332430601
as 0.329268306494 0.20000000298 0.535714268684 0.0428571440279
bs 0.657142877579 0.5 1.0 0.741935491562
ds 0.610687017441 0.590909063816 0.658536612988 0.528846144676
gs 0.078947365284 0.625 0.485714286566 0.282051295042
ts 0.436974793673 0.383928567171 0.772151887417 0.0526315793395
a 0.138275250793 0.0315803550184 0.0732146129012 0.0939203426242
b 0.195539921522 0.213707223535 0.21177379787 0.206687599421
d 0.452803522348 0.446030855179 0.427836567163 0.501642227173
g 0.0902664884925 0.24243581295 0.112439259887 0.108232237399
t 0.123114816844 0.0662457570434 0.174735754728 0.0895176008344
h 1.0 1.0 1.0 1.0
c 0.137787893414 0 0 0
Aa 0.471497654915 -0.0133323343471 0.238427072763 0.281316310167
Ab 0.621988594532 0.81706982851 0.699701547623 0.623871028423
Ad 0.986662983894 1.13661551476 1.00510716438 1.0089507103
Ag 0.286279737949 0.871847450733 0.424747288227 0.342913269997
At 0.421063482761 0.30840870738 0.616211056709 0.260465055704
as 0.333333343267 0.169230774045 0.535714268684 0.0428571440279
bs 0.600000023842 0.416666656733 1.0 0.709677398205
ds 0.618320584297 0.636363625526 0.646341443062 0.538461565971
gs 0.0526315793395 0.65625 0.485714286566 0.256410270929
ts 0.420168071985 0.357142865658 0.721518993378 0.0430107526481
a 0.139632239938 0.0264395400882 0.0764235332608 0.0962223410606
b 0.192670032382 0.192644178867 0.217915534973 0.206227749586
d 0.459988236427 0.47700959444 0.426045030355 0.500611007214
g 0.0909749865532 0.243829756975 0.116356529295 0.108802378178
t 0.116734519601 0.0600769333541 0.163259372115 0.0881364941597
h 1.0 1.0 1.0 1.0
c 0.1235049963 0 0 0
Aa 0.471497654915 -0.0862585306168 0.238427072763 0.281316310167
Ab 0.611326158047 0.776243448257 0.693488121033 0.612387478352
Ad 0.989258646965 1.17001473904 0.984655439854 0.997540831566
Ag 0.28543394804 0.878574311733 0.42099070549 0.334678798914
At 0.393711268902 0.270195305347 0.568078100681 0.243196159601
as 0.333333343267 0.0625 0.535714268684 0.0428571440279
bs 0.571428596973 0.305555552244 1.0 0.666666686535
ds 0.625954210758 0.672727286816 0.62195122242 0.519230782986
gs 0.0526315793395 0.709677398205 0.485714286566 0.236842110753
ts 0.394957989454 0.321428567171 0.679487168789 0.0219780225307
a 0.141117036343 0.0235535036772 0.0808535441756 0.0996990799904
b 0.194370672107 0.17655351758 0.226809948683 0.211235925555
d 0.461085617542 0.496998488903 0.42247620225 0.490490585566
g 0.0930929258466 0.247271090746 0.121107265353 0.111679069698
t 0.110333770514 0.055623408407 0.148753046989 0.0868953540921
h 1.0 1.0 1.0 1.0
c 0.109269611537 0 0 0
Aa 0.471497654915 -0.140018627048 0.238427072763 0.281316310167
Ab 0.610548973083 0.734802246094 0.686390161514 0.607392907143
Ad 0.985699772835 1.18428099155 0.956530272961 0.973255813122
Ag 0.290834873915 0.881099224091 0.413898229599 0.330596923828
At 0.364626675844 0.233183443546 0.50319391489 0.221621707082
as 0.333333343267 0.0 0.535714268684 0.0289855077863
bs 0.571428596973 0.194444447756 0.972972989082 0.633333325386
ds 0.623076915741 0.678899109364 0.585365831852 0.5
gs 0.078947365284 0.709677398205 0.470588237047 0.216216221452
ts 0.369747906923 0.285714298487 0.589743614197 0.0
a 0.142410412431 0.0238531753421 0.0850484967232 0.103259123862
b 0.200074076653 0.169677853584 0.238628000021 0.219790115952
d 0.455772161484 0.50346493721 0.416825324297 0.475343078375
g 0.0970167219639 0.250440478325 0.126634523273 0.116065442562
t 0.104726627469 0.0525635704398 0.132863640785 0.0855422541499
h 1.0 1.0 1.0 1.0
c 0.0952539667487 0 0 0
Aa 0.471497654915 -0.140018627048 0.230370104313 0.281316310167
Ab 0.619146704674 0.712060332298 0.67842489481 0.60939604044
Ad 0.976703703403 1.18440437317 0.92065757513 0.944395005703
Ag 0.304802507162 0.881139695644 0.403255611658 0.33209079504
At 0.338013023138 0.203120008111 0.424109607935 0.199568539858
as 0.33750000596 0.0 0.517857134342 0.0289855077863
bs 0.600000023842 0.138888895512 0.972972989082 0.666666686535
ds 0.615384638309 0.685185194016 0.548780500889 0.475728154182
gs 0.105263158679 0.709677398205 0.441176474094 0.216216221452
ts 0.352941185236 0.263636350632 0.487179487944 0.0
a 0.1435072124 0.0239784233272 0.08180744946 0.106319695711
b 0.207674130797 0.174978375435 0.255430281162 0.229256272316
d 0.446089357138 0.498323231936 0.411978840828 0.459400802851
g 0.102918736637 0.252398371696 0.132666260004 0.121328517795
t 0.0998105555773 0.0503216013312 0.118117175996 0.0836946964264
h 1.0 1.0 1.0 1.0
c 0.0819034650922 0 0 0
Aa 0.471497654915 -0.140018627048 0.177821725607 0.281316310167
Ab 0.632006347179 0.723145127296 0.672301232815 0.61502379179
Ad 0.964045763016 1.17767190933 0.879903793335 0.916894316673
Ag 0.327118366957 0.882247269154 0.387789398432 0.338665485382
At 0.313800364733 0.181915178895 0.337341934443 0.177400499582
as 0.329113930464 0.0 0.428571432829 0.0289855077863
bs 0.62857145071 0.166666671634 0.94594591856 0.666666686535
ds 0.607692301273 0.675925910473 0.493827164173 0.44660192728
gs 0.157894730568 0.709677398205 0.411764711142 0.243243247271
ts 0.327731102705 0.24770642817 0.384615391493 0.0
a 0.144789248705 0.0237322766334 0.0788016691804 0.108665414155
b 0.214605078101 0.189664512873 0.2730871737 0.236611142755
d 0.434817671776 0.485402822495 0.406637310982 0.446444988251
g 0.11044292897 0.253147721291 0.136779472232 0.126798152924
t 0.0953450649977 0.0480526462197 0.104694388807 0.0814803168178
h 1.0 1.0 1.0 1.0
c 0.069437853992 0 0 0
Aa 0.471497654915 -0.140018627048 0.130011051893 0.281316310167
Ab 0.642401337624 0.762628078461 0.669776976109 0.619260132313
Ad 0.949068546295 1.17074429989 0.84268283844 0.894992887974
Ag 0.353899240494 0.888015985489 0.369496583939 0.348337888718
At 0.290059536695 0.166359290481 0.253399044275 0.156277656555
as 0.333333343267 0.0 0.339285701513 0.0289855077863
bs 0.657142877579 0.277777791023 0.94594591856 0.699999988079
ds 0.600000023842 0.672897219658 0.449999988079 0.427184462547
gs 0.236842110753 0.741935491562 0.352941185236 0.270270258188
ts 0.310924381018 0.229357793927 0.259740263224 0.0
a 0.146498844028 0.0232285372913 0.0750864595175 0.110521018505
b 0.219326451421 0.207105964422 0.288284629583 0.239080399275
d 0.424590319395 0.469972342253 0.403417050838 0.439156234264
g 0.118247374892 0.25425606966 0.13896304369 0.131141886115
t 0.0913370028138 0.0454370938241 0.0942488312721 0.0801004618406
h 1.0 1.0 1.0 1.0
c 0.0578571297228 0 0 0
Aa 0.471497654915 -0.140018627048 0.0852147638798 0.284258842468
Ab 0.646754443645 0.810152113438 0.66947466135 0.619357943535
Ad 0.933633506298 1.16603183746 0.815407395363 0.883433043957
Ag 0.378454953432 0.899230837822 0.352552473545 0.358555406332
At 0.266310214996 0.151370048523 0.183929130435 0.144449010491
as 0.342105269432 0.0 0.25 0.0289855077863
bs 0.676470577717 0.416666656733 0.94594591856 0.699999988079
ds 0.589147269726 0.663551390171 0.41249999404 0.417475730181
gs 0.315789461136 0.774193525314 0.272727280855 0.297297298908
ts 0.285714298487 0.220183491707 0.168831169605 0.0
a 0.146538749337 0.0227786451578 0.0744234248996 0.116903297603
b 0.22200165689 0.22234146297 0.297770678997 0.227218076587
d 0.423774302006 0.455669820309 0.402829617262 0.450734436512
g 0.122347019613 0.256910711527 0.14006690681 0.124830119312
t 0.0853382870555 0.0422993712127 0.0849093943834 0.0803140774369
h 1.0 1.0 1.0 1.0
c 0.0464961417019 0 0 0
Aa 0.471497654915 -0.140018627048 0.064734570682 0.332082808018
Ab 0.651901364326 0.849473953247 0.666906833649 0.620698928833
Ad 0.932679772377 1.16110372543 0.798146307468 0.91817677021
Ag 0.393138587475 0.912235677242 0.339360445738 0.360575437546
At 0.236689090729 0.128787368536 0.121980667114 0.16904771328
as 0.342105269432 0.0 0.214285716414 0.101449273527
bs 0.705882370472 0.527777791023 0.918918907642 0.699999988079
ds 0.589147269726 0.663551390171 0.40000000596 0.456310689449
gs 0.342105269432 0.806451618671 0.25 0.297297298908
ts 0.262711852789 0.201834857464 0.0909090936184 0.0
a 0.145166054368 0.0226875171065 0.0765250623226 0.115093328059
b 0.223409369588 0.234709888697 0.303312301636 0.200292915106
d 0.423568367958 0.443294554949 0.401917099953 0.487527102232
g 0.126798659563 0.261157691479 0.142989903688 0.110361509025
t 0.0810575634241 0.038150344044 0.0752556398511 0.0867251381278
h 1.0 1.0 1.0 1.0
c 0.0351919010282 0 0 0
Aa 0.461253702641 -0.140143916011 0.0581867024302 0.378343641758
Ab 0.648490011692 0.874600470066 0.656273007393 0.618959069252
Ad 0.926312148571 1.1507614851 0.778519451618 1.00529229641
Ag 0.402503281832 0.920971930027 0.32968840003 0.360111117363
At 0.208182185888 0.0855675414205 0.0509220585227 0.255438476801
as 0.328947365284 0.0 0.214285716414 0.173913046718
bs 0.705882370472 0.583333313465 0.888888895512 0.699999988079
ds 0.581395328045 0.654205620289 0.375 0.533980607986
gs 0.368421047926 0.838709652424 0.21875 0.277777791023
ts 0.245762705803 0.155963301659 0.0 0.0537634417415
a 0.142160862684 0.0210203193128 0.0762602090836 0.1145465523
b 0.225122779608 0.246462106705 0.309817701578 0.16239258647
d 0.424523472786 0.432861894369 0.3988956213 0.539888858795
g 0.131462037563 0.266267538071 0.149973854423 0.0892229378223
t 0.0767308473587 0.033388145268 0.065052613616 0.0939490795135
h 1.0 1.0 1.0 1.0
c 0.0236557181925 0 0 0
Aa 0.437349200249 -0.181653186679 0.0263622011989 0.46110355854
Ab 0.636988639832 0.887457668781 0.635170400143 0.612687706947
Ad 0.912470877171 1.13205683231 0.744923472404 1.13442587852
Ag 0.403369575739 0.921025693417 0.320079743862 0.352598071098
At 0.169539168477 0.0192997902632 -0.0426710546017 0.375014066696
as 0.289473682642 0.0 0.127272725105 0.289855062962
bs 0.647058844566 0.611111104488 0.833333313465 0.689655184746
ds 0.573643386364 0.63551402092 0.324999988079 0.660194158554
gs 0.368421047926 0.838709652424 0.1875 0.25
ts 0.21367521584 0.0925925895572 0.0 0.182795703411
a 0.124543130398 0.0169489961118 0.069303996861 0.115021362901
b 0.231101617217 0.260295569897 0.319546580315 0.127517536283
d 0.43328115344 0.423819929361 0.395831763744 0.589586436749
g 0.138812318444 0.270730644464 0.160546779633 0.0699287727475
t 0.0722617954016 0.0282048583031 0.0547709017992 0.0979458540678
h 1.0 1.0 1.0 1.0
c 0.0118875885382 0 0 0
Aa 0.350768059492 -0.291882067919 -0.0571612529457 0.556767761707
Ab 0.619251251221 0.894440710545 0.606614649296 0.60155916214
Ad 0.892218053341 1.10615539551 0.699591100216 1.26653671265
Ag 0.397876292467 0.911511421204 0.307682037354 0.340645164251
At 0.114357031882 -0.0707021206617 -0.159369632602 0.486975312233
as 0.184210523963 0.0 0.0 0.420289844275
bs 0.617647051811 0.638888895512 0.75 0.655172407627
ds 0.5546875 0.607476651669 0.265822798014 0.786407768726
gs 0.368421047926 0.806451618671 0.15625 0.222222223878
ts 0.155172407627 0.00925925932825 0.0 0.301075279713
a 0.0908406674862 0.0115130469203 0.0525820292532 0.107938505709
b 0.242166444659 0.277651816607 0.333023488522 0.103840433061
d 0.450135201216 0.412471622229 0.395977705717 0.6302536726
g 0.149585232139 0.274772971869 0.172272667289 0.0575459338725
t 0.0672724619508 0.0235905572772 0.0461441129446 0.100421451032
h 1.0 1.0 1.0 1.0
c 0.0 0 0 0
Aa 0.173151910305 -0.480921477079 -0.223581537604 0.604080319405
Ab 0.598985552788 0.901388764381 0.578055977821 0.587270438671
Ad 0.868214547634 1.07328236103 0.653251826763 1.37041938305
Ag 0.389760315418 0.896862208843 0.291797488928 0.330918610096
At 0.0427089221776 -0.169373556972 -0.280302584171 0.57273042202
as 0.0 0.0 0.0 0.492753624916
bs 0.54545456171 0.685714304447 0.694444417953 0.586206912994
ds 0.5390625 0.579439222813 0.202531650662 0.901960790157
gs 0.342105269432 0.741935491562 0.09375 0.194444447756
ts 0.0956521704793 0.0 0.0 0.397849470377
a 0.0653847157955 0.00784404203296 0.0384458452463 0.100630708039
b 0.252676665783 0.298322796822 0.348273277283 0.0900580883026
d 0.461744070053 0.392870277166 0.392230987549 0.655530393124
g 0.159752607346 0.280682772398 0.181280344725 0.0512625128031
t 0.0604419484735 0.0202801059932 0.0397695563734 0.102518312633
h 1.0 1.0 1.0 1.0
c 0.0 0 0 0
Aa -0.00672340812162 -0.669243752956 -0.399661511183 0.621307969093
Ab 0.580365478992 0.910902738571 0.55740916729 0.573100209236
Ad 0.842201650143 1.03046548367 0.60903096199 1.43517029285
Ag 0.381248325109 0.884432077408 0.273839771748 0.328377336264
At -0.0408611930907 -0.256713479757 -0.384960204363 0.629378914833
as 0.0 0.0 0.0 0.521739125252
bs 0.484848499298 0.714285731316 0.611111104488 0.551724135876
ds 0.515625 0.542056083679 0.151898726821 0.960784316063
gs 0.315789461136 0.709677398205 0.03125 0.194444447756
ts 0.0260869562626 0.0 0.0 0.462365597486
a 0.0542326420546 0.00641033519059 0.0335383675992 0.100405372679
b 0.261890381575 0.322963804007 0.368814557791 0.0831640586257
d 0.462122648954 0.359378516674 0.373649209738 0.662735521793
g 0.168461844325 0.292260587215 0.188102573156 0.049055095762
t 0.0532925017178 0.0189867485315 0.0358952730894 0.104639932513
h 1.0 1.0 1.0 1.0
c 0.0 0 0 0
Aa -0.11779243499 -0.77981454134 -0.492138952017 0.645068645477
Ab 0.566066324711 0.922458589077 0.549127161503 0.563247382641
Ad 0.812704026699 0.968856871128 0.554783165455 1.46465194225
Ag 0.374448359013 0.879074990749 0.256713867188 0.333995819092
At -0.125387087464 -0.308244645596 -0.462643623352 0.663009107113
as 0.0 0.0 0.0 0.544117629528
bs 0.424242436886 0.742857158184 0.600000023842 0.517241358757
ds 0.4921875 0.490566045046 0.0759493634105 0.990196049213
gs 0.270270258188 0.709677398205 0.0 0.194444447756
ts 0.0 0.0 0.0 0.494623661041
a 0.0510963313282 0.00648807547987 0.0317501761019 0.100159227848
b 0.272021919489 0.351929485798 0.40193259716 0.081280246377
d 0.451033115387 0.310687720776 0.334673345089 0.661384522915
g 0.177220225334 0.311843335629 0.197839364409 0.0495043881238
t 0.0486283972859 0.0190513879061 0.0338045284152 0.107671588659
h 1.0 1.0 1.0 1.0
c 0.0 0 0 0
Aa -0.168875053525 -0.800935149193 -0.550713539124 0.651412606239
Ab 0.557339131832 0.933404564857 0.551693558693 0.560706675053
Ad 0.776943683624 0.879272997379 0.472161442041 1.47117567062
Ag 0.37124851346 0.880885362625 0.243853032589 0.345365315676
At -0.190374806523 -0.33312445879 -0.523484766483 0.68282276392
as 0.0 0.0 0.0 0.558823525906
bs 0.39393940568 0.771428585052 0.600000023842 0.517241358757
ds 0.464566916227 0.405660390854 0.0 1.0
gs 0.277777791023 0.709677398205 0.0 0.222222223878
ts 0.0 0.0 0.0 0.516129016876
a 0.0532250218093 0.00712899677455 0.0313286818564 0.0999983772635
b 0.283377319574 0.38370731473 0.447621464729 0.0819562375546
d 0.428843319416 0.251866400242 0.275846391916 0.656393229961
g 0.186822459102 0.337580829859 0.213005781174 0.0510331988335
t 0.0477319061756 0.0197164583951 0.032197676599 0.110618948936
h 1.0 1.0 1.0 1.0
c 0.0 0 0 0
Aa -0.172551393509 -0.789412617683 -0.594802737236 0.651412606239
Ab 0.553697824478 0.941559016705 0.560166060925 0.565001666546
Ad 0.733631372452 0.758729159832 0.349922448397 1.46858370304
Ag 0.372761815786 0.885936737061 0.237646564841 0.359272450209
At -0.219858467579 -0.347612142563 -0.582920312881 0.695249199867
as 0.0 0.0 0.0 0.558823525906
bs 0.40625 0.800000011921 0.62857145071 0.517241358757
ds 0.432000011206 0.292452841997 0.0 1.0
gs 0.277777791023 0.709677398205 0.0 0.277777791023
ts 0.0 0.0 0.0 0.532608687878
a 0.0557808354497 0.00772898457944 0.0318455286324 0.0999868065119
b 0.295619308949 0.413127034903 0.496752500534 0.0831892043352
d 0.401551544666 0.194469213486 0.210383370519 0.65172046423
g 0.197714373469 0.364192932844 0.230044841766 0.0525678694248
t 0.0493339635432 0.0204818379134 0.0309737529606 0.112535633147
h 1.0 1.0 1.0 1.0
c 0.0 0 0 0
Aa -0.172551393509 -0.782765269279 -0.623330235481 0.651412606239
Ab 0.551696360111 0.945195913315 0.569761395454 0.571536898613
Ad 0.684704899788 0.617963194847 0.196632698178 1.46553122997
Ag 0.377001821995 0.89044380188 0.235433787107 0.37219029665
At -0.225890412927 -0.359518736601 -0.635384857655 0.702759981155
as 0.0 0.0 0.0 0.558823525906
bs 0.40625 0.800000011921 0.657142877579 0.551724135876
ds 0.391999989748 0.16037735343 0.0 0.990000009537
gs 0.277777791023 0.741935491562 0.0 0.305555552244
ts 0.0 0.0 0.0 0.549450576305
a 0.0585050545633 0.00816016085446 0.0331979729235 0.0999239459634
b 0.306044250727 0.4329456985 0.536431193352 0.083669103682
d 0.375315785408 0.151126757264 0.157706335187 0.649255394936
g 0.208084896207 0.386567503214 0.242213308811 0.0535485483706
t 0.0520500056446 0.0211998820305 0.0304511636496 0.113603025675
h 1.0 1.0 1.0 1.0
c 0.0 0 0 0
Aa -0.172551393509 -0.782765269279 -0.631571531296 0.651412606239
Ab 0.54603946209 0.941969394684 0.576830923557 0.574308156967
Ad 0.634652078152 0.484877347946 0.045166041702 1.46415865421
Ag 0.378495782614 0.892761349678 0.231514900923 0.380490750074
At -0.223324000835 -0.36813056469 -0.669079244137 0.707132935524
as 0.0 0.0 0.0 0.558823525906
bs 0.375 0.800000011921 0.657142877579 0.551724135876
ds 0.351999998093 0.0283018872142 0.0 0.990000009537
gs 0.314285725355 0.741935491562 0.0 0.333333343267
ts 0.0 0.0 0.0 0.549450576305
a 0.0615459121764 0.00853222515434 0.0339422859251 0.0999843850732
b 0.312535047531 0.439036130905 0.56056278944 0.0828462094069
d 0.355964690447 0.127009987831 0.128877177835 0.649286806583
g 0.215404331684 0.403533011675 0.246250629425 0.0537080168724
t 0.0545500293374 0.0218886528164 0.0303671583533 0.114174567163
h 1.0 1.0 1.0 1.0
c 0.0 0 0 0
Aa -0.172551393509 -0.782765269279 -0.639749467373 0.651412606239
Ab 0.533148109913 0.928672671318 0.578133702278 0.569753050804
Ad 0.589656293392 0.390010267496 -0.0603145621717 1.46391701698
Ag 0.371503800154 0.892051458359 0.220886781812 0.381519556046
At -0.224955633283 -0.37360855937 -0.688086390495 0.7090498209
as 0.0 0.0 0.0 0.558823525906
bs 0.34375 0.771428585052 0.705882370472 0.535714268684
ds 0.319999992847 0.0 0.0 0.990000009537
gs 0.285714298487 0.741935491562 0.0 0.333333343267
ts 0.0 0.0 0.0 0.566666662693
a 0.0640305578709 0.00891731400043 0.0366133451462 0.100194051862
b 0.316190004349 0.4320294559 0.570164501667 0.0809269100428
d 0.344843387604 0.118439003825 0.118376538157 0.651263058186
g 0.217810407281 0.41811132431 0.2442971766 0.0528883375227
t 0.0571256391704 0.0225029010326 0.0305484253913 0.114727631211
h 1.0 1.0 1.0 1.0
c 0.0 0 0 0
Aa -0.17982557416 -0.782765269279 -0.620732545853 0.651412606239
Ab 0.513735234737 0.90251404047 0.571628212929 0.558663666248
Ad 0.551409065723 0.340495407581 -0.111106343567 1.46432709694
Ag 0.351865768433 0.888292610645 0.203546479344 0.373930603266
At -0.229381799698 -0.38076081872 -0.69938313961 0.710238695145
as 0.0 0.0 0.0 0.558823525906
bs 0.258064508438 0.685714304447 0.676470577717 0.518518507481
ds 0.287999987602 0.0 0.0 0.990000009537
gs 0.228571429849 0.741935491562 0.0 0.305555552244
ts 0.0 0.0 0.0 0.566666662693
a 0.0664694681764 0.00936227757484 0.0409665964544 0.100583352149
b 0.319740176201 0.415152192116 0.571408510208 0.0787906125188
d 0.338908612728 0.118233807385 0.116019420326 0.653717279434
g 0.213823437691 0.434296011925 0.24055442214 0.0511499121785
t 0.0610583052039 0.0229556988925 0.031051043421 0.115758828819
h 1.0 1.0 1.0 1.0
c 0.0 0 0 0
Aa -0.189100593328 -0.782765269279 -0.585792660713 0.651412606239
Ab 0.493074446917 0.86406058073 0.558724164963 0.545360982418
Ad 0.518359780312 0.318594932556 -0.133691862226 1.46427643299
Ag 0.318332493305 0.883639097214 0.182990789413 0.35773140192
At -0.225978046656 -0.393256217241 -0.706146359444 0.712440609932
as 0.0 0.0 0.0 0.558823525906
bs 0.193548381329 0.571428596973 0.647058844566 0.444444447756
ds 0.263999998569 0.0 0.0 0.990000009537
gs 0.142857149243 0.709677398205 0.0 0.277777791023
ts 0.0 0.0 0.0 0.566666662693
a 0.0686482489109 0.00968166254461 0.0472937822342 0.101360447705
b 0.326216965914 0.393544197083 0.567633748055 0.0776820480824
d 0.333572149277 0.120859690011 0.118023328483 0.654970228672
g 0.204584792256 0.452847898006 0.236121162772 0.0489445962012
t 0.0669778510928 0.023066567257 0.0309279635549 0.117042675614
h 1.0 1.0 1.0 1.0
c 0.0 0 0 0
Aa -0.200465217233 -0.787493467331 -0.535282313824 0.651412606239
Ab 0.476411908865 0.821550130844 0.543981850147 0.535864770412
Ad 0.486095130444 0.308838069439 -0.138118505478 1.46176564693
Ag 0.273778676987 0.882508933544 0.163048565388 0.335248857737
At -0.211163461208 -0.410460412502 -0.71973502636 0.713888347149
as 0.0 0.0 0.0 0.558823525906
bs 0.129032254219 0.457142859697 0.588235318661 0.407407402992
ds 0.233870968223 0.0 0.0 0.990000009537
gs 0.0 0.709677398205 0.0 0.194444447756
ts 0.0 0.0 0.0 0.566666662693
a 0.0657541528344 0.0103497095406 0.0552284121513 0.103635795414
b 0.336111545563 0.373291432858 0.559165537357 0.0788027271628
d 0.327729851007 0.122671067715 0.122652433813 0.652112901211
g 0.19495524466 0.470892548561 0.232244759798 0.0474080406129
t 0.075449205935 0.0227952320129 0.0307088680565 0.118040502071
h 1.0 1.0 1.0 1.0
c 0.0 0 0 0
Aa -0.244618296623 -0.768356978893 -0.473490208387 0.651412606239
Ab 0.463941991329 0.788762927055 0.53188765049 0.532444059849
Ad 0.452974528074 0.305457025766 -0.126976564527 1.45022559166
Ag 0.227393478155 0.889636695385 0.150293171406 0.311754822731
At -0.184886798263 -0.425441086292 -0.72838896513 0.707933843136
as 0.0 0.0 0.0 0.558823525906
bs 0.0967741906643 0.371428579092 0.558823525906 0.407407402992
ds 0.209677413106 0.0 0.0 0.980000019073
gs 0.0 0.741935491562 0.0 0.142857149243
ts 0.0 0.0 0.0 0.566666662693
a 0.06708214432 0.0121627002954 0.0615126155317 0.109531454742
b 0.342376619577 0.359414279461 0.546169340611 0.0833164900541
d 0.319027036428 0.125370427966 0.131540179253 0.640799045563
g 0.186801970005 0.480798214674 0.230218470097 0.0481396093965
t 0.0847122147679 0.022254370153 0.0305594019592 0.118213422596
h 1.0 1.0 1.0 1.0
c 0.0 0 0 0
Aa -0.255156099796 -0.692069113255 -0.423151105642 0.651412606239
Ab 0.452741056681 0.778496265411 0.52521198988 0.532604753971
Ad 0.422064423561 0.321096032858 -0.0930568501353 1.41859555244
Ag 0.18961840868 0.904863774776 0.150024861097 0.294376313686
At -0.153817012906 -0.42968377471 -0.726970434189 0.684540569782
as 0.0 0.0 0.0 0.558823525906
bs 0.0645161271095 0.352941185236 0.529411792755 0.407407402992
ds 0.18548387289 0.0 0.0 0.948979616165
gs 0.0 0.774193525314 0.0 0.0588235296309
ts 0.0 0.0 0.0 0.533333361149
a 0.0682657212019 0.0137718264014 0.062564894557 0.121998563409
b 0.343547224998 0.353124916553 0.529140949249 0.0929526463151
d 0.311573028564 0.132931530476 0.146070569754 0.614237308502
g 0.182742312551 0.478726327419 0.231440737844 0.0528522506356
t 0.0938717350364 0.0214453991503 0.0307828485966 0.117959238589
h 1.0 1.0 1.0 1.0
c 0.0 0 0 0
Aa -0.261426448822 -0.618099629879 -0.403447568417 0.650585830212
Ab 0.440357297659 0.790837228298 0.523793101311 0.532492816448
Ad 0.397930711508 0.366536855698 -0.0352155379951 1.3525673151
Ag 0.166209965944 0.922996163368 0.164661541581 0.287294566631
At -0.123094297945 -0.425757020712 -0.711469471455 0.635963022709
as 0.0 0.0 0.0 0.558823525906
bs 0.0322580635548 0.363636374474 0.529411792755 0.407407402992
ds 0.169354841113 0.0170940179378 0.0 0.877551019192
gs 0.0 0.838709652424 0.0 0.0588235296309
ts 0.0333333350718 0.0 0.0 0.483146071434
a 0.0720390453935 0.0136667927727 0.0608844719827 0.144886687398
b 0.338488072157 0.351111710072 0.507479667664 0.109986208379
d 0.308337777853 0.146575421095 0.166391402483 0.564078986645
g 0.180220603943 0.468233048916 0.23382177949 0.0628746375442
t 0.100914515555 0.0204130541533 0.0314226821065 0.118173465133
h 1.0 1.0 1.0 1.0
c 0.0 0 0 0
Aa -0.243209570646 -0.597545444965 -0.395298987627 0.650585830212
Ab 0.42876586318 0.812233269215 0.525613129139 0.530895531178
Ad 0.388249218464 0.432849109173 0.0413253381848 1.24089729786
Ag 0.15502692759 0.93725001812 0.18907943368 0.288032829762
At -0.0968238785863 -0.423304080963 -0.682562291622 0.562077283859
as 0.0 0.0 0.0 0.558823525906
bs 0.0 0.424242436886 0.515151500702 0.407407402992
ds 0.161290317774 0.0769230797887 0.0 0.76530611515
gs 0.0 0.870967745781 0.0 0.0588235296309
ts 0.0500000007451 0.0 0.0 0.40449437499
a 0.0754468813539 0.0145305320621 0.0614063031971 0.178649008274
b 0.328690350056 0.349158346653 0.482831776142 0.136066108942
d 0.314653635025 0.162970617414 0.18960262835 0.487673282623
g 0.17655903101 0.454362094402 0.233905375004 0.0786402150989
t 0.104650110006 0.0189783908427 0.0322539135814 0.118971377611
h 1.0 1.0 1.0 1.0
c 0.0 0 0 0
Aa -0.217986837029 -0.552499055862 -0.366695851088 0.646052479744
Ab 0.421158820391 0.828241884708 0.528887093067 0.527801811695
Ad 0.402204602957 0.49732875824 0.122935578227 1.08218085766
Ag 0.151261791587 0.942621529102 0.21413141489 0.289696574211
At -0.0758884325624 -0.436521172523 -0.646326363087 0.469494342804
as 0.0 0.0 0.0 0.552238821983
bs 0.0 0.484848499298 0.54545456171 0.407407402992
ds 0.170731708407 0.128205135465 0.0 0.602040827274
gs 0.0 0.903225779533 0.0 0.0588235296309
ts 0.0666666701436 0.0 0.0 0.303370773792
a 0.0825423300266 0.0152234174311 0.066184155643 0.211856067181
b 0.313876092434 0.346832931042 0.460541516542 0.168755739927
d 0.33010211587 0.178983718157 0.208867117763 0.401733100414
g 0.169731840491 0.441770136356 0.231277912855 0.097773231566
t 0.103747621179 0.0171898007393 0.0331293232739 0.119881846011
h 1.0 1.0 1.0 1.0
c 0.0 0 0 0
Aa -0.161668613553 -0.52508097887 -0.310991466045 0.621940791607
Ab 0.418412894011 0.832527160645 0.531523287296 0.523158431053
Ad 0.440302968025 0.545220375061 0.18812456727 0.899837493896
Ag 0.151417985559 0.937603235245 0.232388660312 0.28611984849
At -0.0623671784997 -0.472322314978 -0.611532926559 0.374653309584
as 0.0 0.0 0.0689655169845 0.522388041019
bs 0.0 0.484848499298 0.54545456171 0.370370358229
ds 0.203252032399 0.170940175653 0.0 0.418367356062
gs 0.0 0.870967745781 0.0 0.0294117648154
ts 0.0833333358169 0.0 0.0 0.191011235118
a 0.0893740877509 0.0167853794992 0.0702794566751 0.229571044445
b 0.298212409019 0.344559848309 0.443457305431 0.196111708879
d 0.350744128227 0.192634940147 0.222969010472 0.342715144157
g 0.161885038018 0.430403590202 0.228195250034 0.112943738699
t 0.0997843518853 0.0156162558123 0.0350989922881 0.11865837127
h 1.0 1.0 1.0 1.0
c 0.0 0 0 0
Aa -0.104530051351 -0.485180497169 -0.26946747303 0.584065079689
Ab 0.418784022331 0.827153027058 0.530555963516 0.515651524067
Ad 0.489248752594 0.574623405933 0.231948643923 0.758081316948
Ag 0.153465032578 0.923764228821 0.242010772228 0.276010155678
At -0.0566792301834 -0.516534745693 -0.571001172066 0.297446399927
as 0.0 0.0392156876624 0.114942528307 0.462686568499
bs 0.0 0.454545468092 0.54545456171 0.333333343267
ds 0.243902444839 0.196581199765 0.0 0.275510191917
gs 0.0 0.838709652424 0.0322580635548 0.0
ts 0.0756302550435 0.0 0.0 0.113636367023
a 0.10476693511 0.0193509161472 0.0766395702958 0.213486105204
b 0.282166659832 0.342946380377 0.422382712364 0.20896756649
d 0.364502608776 0.205586180091 0.235977530479 0.340323895216
g 0.15371195972 0.416817605495 0.22320792079 0.11975967139
t 0.0948518365622 0.0152989160269 0.0417922697961 0.11746275425
h 1.0 1.0 1.0 1.0
c 0.0 0 0 0
Aa -0.0105857662857 -0.429654479027 -0.218284487724 0.513666093349
Ab 0.419695705175 0.81887024641 0.52296859026 0.504375398159
Ad 0.530890643597 0.596637904644 0.270133107901 0.716188907623
Ag 0.155897647142 0.903590023518 0.245972052217 0.262607067823
At -0.0537642650306 -0.531695365906 -0.481641560793 0.254196673632
as 0.104166664183 0.0980392172933 0.172413796186 0.358208954334
bs 0.0 0.454545468092 0.515151500702 0.296296298504
ds 0.278688520193 0.206896558404 0.038834951818 0.224489793181
gs 0.0 0.800000011921 0.0322580635548 0.0
ts 0.0677966102958 0.0 0.0300751887262 0.0568181835115
a 0.120496153831 0.0230049937963 0.103378035128 0.186731606722
b 0.269503414631 0.340934753418 0.379471808672 0.206295266747
d 0.368814408779 0.220037803054 0.254594385624 0.368581354618
g 0.147726684809 0.398973971605 0.208616003394 0.11834615469
t 0.0934593304992 0.0170484874398 0.0539397858083 0.120045632124
h 1.0 1.0 1.0 1.0
c 0.0 0 0 0
Aa 0.0697439536452 -0.357942968607 -0.0576004758477 0.448376059532
Ab 0.419335007668 0.812906205654 0.507150769234 0.491647511721
Ad 0.555578649044 0.62273222208 0.333820074797 0.743691623211
Ag 0.158229723573 0.881179511547 0.247318863869 0.250312387943
At -0.0406065843999 -0.488079220057 -0.340119510889 0.25650459528
as 0.189473688602 0.166666671634 0.356321841478 0.268656730652
bs 0.0 0.424242436886 0.454545468092 0.25925925374
ds 0.295081973076 0.226086959243 0.0970873758197 0.247422680259
gs 0.0 0.733333349228 0.0645161271095 0.0
ts 0.0769230797887 0.0 0.13533835113 0.0574712641537
a 0.1466807127 0.0252039004117 0.123195849359 0.149483904243
b 0.250884175301 0.338205516338 0.328323990107 0.20046466589
d 0.35664921999 0.235067903996 0.288221657276 0.392902672291
g 0.138872861862 0.379817008972 0.189882740378 0.114708647132
t 0.106913045049 0.0217056628317 0.0703757628798 0.142440110445
h 1.0 1.0 1.0 1.0
c 0.0 0 0 0
Aa 0.184516593814 -0.31702670455 0.0590150766075 0.355799257755
Ab 0.417616844177 0.810686230659 0.484721601009 0.483242690563
Ad 0.570384860039 0.652698874474 0.428145587444 0.775489807129
Ag 0.160760954022 0.861079931259 0.246904477477 0.240800991654
At 0.0471742972732 -0.381921440363 -0.18415787816 0.334837138653
as 0.31182795763 0.205882355571 0.494252860546 0.121212124825
bs 0.0 0.424242436886 0.39393940568 0.222222223878
ds 0.311475396156 0.252173900604 0.194174751639 0.278350502253
gs 0.0 0.666666686535 0.0322580635548 0.0
ts 0.153846159577 0.0 0.248120307922 0.149425283074
a 0.145168423653 0.0351435951889 0.127012580633 0.12935128808
b 0.24356123805 0.328905552626 0.282427072525 0.198525324464
d 0.371544063091 0.248115420341 0.331343024969 0.413419723511
g 0.131541103125 0.358212202787 0.172064006329 0.111853078008
t 0.108185186982 0.0296232439578 0.0871533155441 0.146850600839
h 1.0 1.0 1.0 1.0
c 0.0 0 0 0
Aa 0.184516593814 -0.161341264844 0.113258123398 0.287959903479
Ab 0.409252583981 0.809883773327 0.460317730904 0.474005073309
Ad 0.592654764652 0.687466323376 0.529689192772 0.79258030653
Ag 0.14170588553 0.846952915192 0.245101422071 0.224837094545
At 0.056812223047 -0.235554814339 -0.0503046736121 0.343064874411
as 0.31182795763 0.370000004768 0.551724135876 0.0307692307979
bs 0.0 0.424242436886 0.333333343267 0.185185179114
ds 0.327868849039 0.280701756477 0.291262149811 0.298969060183
gs 0.0 0.600000023842 0.0322580635548 0.0
ts 0.153846159577 0.0962962955236 0.35606059432 0.160919547081
a 0.143302723765 0.0458125211298 0.130315080285 0.12376704812
b 0.233589559793 0.311325222254 0.245659410954 0.191474333405
d 0.388277262449 0.26511234045 0.367187231779 0.427811712027
g 0.124363146722 0.334322929382 0.156693130732 0.106683366001
t 0.110467299819 0.043426990509 0.100145146251 0.150263532996
h 1.0 1.0 1.0 1.0
c 0.0 0 0 0
Aa 0.184516593814 -0.0240278579295 0.164377778769 0.276482313871
Ab 0.396715581417 0.808202266693 0.439716547728 0.465987861156
Ad 0.617404162884 0.738417863846 0.614270687103 0.815129935741
Ag 0.122953869402 0.839154064655 0.24443307519 0.211973980069
At 0.0714959129691 -0.047252304852 0.0500130131841 0.360730856657
as 0.31182795763 0.5 0.609195411205 0.0
bs 0.0 0.424242436886 0.272727280855 0.148148149252
ds 0.344262301922 0.333333343267 0.356435656548 0.319587618113
gs 0.0 0.600000023842 0.0322580635548 0.0
ts 0.170940175653 0.237037032843 0.431818187237 0.183908045292
a 0.140904217958 0.0578631609678 0.13653446734 0.120405174792
b 0.221580415964 0.282455682755 0.219696059823 0.183992609382
d 0.405740648508 0.292861491442 0.386394530535 0.439234316349
g 0.118342600763 0.301666289568 0.145577415824 0.102088920772
t 0.113432101905 0.0651533976197 0.111797519028 0.154278963804
h 1.0 1.0 1.0 1.0
c 0.0 0 0 0
Aa 0.184516593814 0.11768296361 0.22168675065 0.276482313871
Ab 0.381123960018 0.806231081486 0.42826667428 0.460637539625
Ad 0.643841147423 0.821943044662 0.673475384712 0.838533461094
Ag 0.108733713627 0.834807574749 0.249538436532 0.204815760255
At 0.0903285741806 0.169217869639 0.134876593947 0.38414388895
as 0.31182795763 0.649999976158 0.674418628216 0.0
bs 0.0 0.39393940568 0.242424249649 0.148148149252
ds 0.368852466345 0.403508782387 0.409999996424 0.350515455008
gs 0.0 0.566666662693 0.0645161271095 0.0
ts 0.188034191728 0.402985066175 0.492424249649 0.206896558404
a 0.137639671564 0.0712080523372 0.148517221212 0.116510622203
b 0.207779914141 0.247076541185 0.201546236873 0.177141115069
d 0.42480969429 0.332091242075 0.3866289258 0.449536323547
g 0.113763935864 0.25971904397 0.138124465942 0.0989715978503
t 0.116006799042 0.0899051204324 0.12518312037 0.157840356231
h 1.0 1.0 1.0 1.0
c 0.0 0 0 0
Aa 0.184516593814 0.267157912254 0.295282512903 0.276482313871
Ab 0.363376528025 0.807460308075 0.42788040638 0.45843616128
Ad 0.67396736145 0.935886204243 0.710800051689 0.862881541252
Ag 0.101777561009 0.82913261652 0.26377633214 0.205627337098
At 0.110256396234 0.368413239717 0.221051484346 0.408334821463
as 0.31182795763 0.797979772091 0.75 0.0
bs 0.0 0.39393940568 0.242424249649 0.148148149252
ds 0.388429760933 0.5 0.449999988079 0.375
gs 0.0 0.566666662693 0.10000000149 0.0
ts 0.206896558404 0.548872172832 0.560606062412 0.24137930572
a 0.133198007941 0.0718016624451 0.16338019073 0.111929342151
b 0.192481443286 0.216981455684 0.188674107194 0.169209882617
d 0.446178853512 0.379269063473 0.374041140079 0.461781322956
g 0.110772885382 0.220028802752 0.13306081295 0.0968781113625
t 0.117368809879 0.111919015646 0.140843734145 0.160201340914
h 1.0 1.0 1.0 1.0
c 0.0 0 0 0
Aa 0.184516593814 0.332004994154 0.375302404165 0.276482313871
Ab 0.344407707453 0.812293112278 0.437815338373 0.455964058638
Ad 0.709527850151 1.05481791496 0.735022425652 0.891974687576
Ag 0.104452319443 0.818350017071 0.286153197289 0.21376401186
At 0.129571557045 0.524774372578 0.310840547085 0.432204514742
as 0.261904776096 0.863157868385 0.843373477459 0.0
bs 0.0 0.424242436886 0.272727280855 0.111111111939
ds 0.425000011921 0.60526317358 0.464646458626 0.40625
gs 0.0 0.533333361149 0.166666671634 0.0
ts 0.224137932062 0.661654114723 0.633587777615 0.264367818832
a 0.127359211445 0.0662468001246 0.16198913753 0.106555745006
b 0.176832303405 0.194990307093 0.183458313346 0.158400446177
d 0.469978153706 0.424833804369 0.365551114082 0.480013459921
g 0.109143711627 0.187436029315 0.131461575627 0.0948105081916
t 0.116686619818 0.126493051648 0.157539859414 0.160219848156
h 1.0 1.0 1.0 1.0
c 0.0 0 0 0
Aa 0.184516593814 0.3484852314 0.400320798159 0.276482313871
Ab 0.32704782486 0.817333340645 0.454372316599 0.448661834002
Ad 0.75156390667 1.15553939342 0.753783047199 0.930158853531
Ag 0.117484934628 0.800173401833 0.309633761644 0.225761920214
At 0.146507278085 0.62938696146 0.388225376606 0.45362174511
as 0.243589743972 0.884210526943 0.879518091679 0.0
bs 0.0 0.424242436886 0.303030312061 0.111111111939
ds 0.462184876204 0.692982435226 0.484848499298 0.442105263472
gs 0.0 0.466666668653 0.266666680574 0.0
ts 0.232758626342 0.744360923767 0.69465649128 0.287356317043
a 0.120117716491 0.0613450594246 0.154431074858 0.100131973624
b 0.162352904677 0.179385364056 0.182250931859 0.144482195377
d 0.494898706675 0.462652385235 0.361268401146 0.504499912262
g 0.108242742717 0.163160696626 0.130712136626 0.0919120535254
t 0.11438793689 0.133456498384 0.171337455511 0.158973842859
h 1.0 1.0 1.0 1.0
c 0.0 0 0 0
Aa 0.184516593814 0.35086530447 0.400320798159 0.273983508348
Ab 0.315369576216 0.81687271595 0.472255855799 0.43322506547
Ad 0.799425840378 1.22834050655 0.769416093826 0.976271867752
Ag 0.139308303595 0.775701284409 0.327902019024 0.236783221364
At 0.163289755583 0.688425421715 0.445438414812 0.4747364223
as 0.25 0.884210526943 0.879518091679 0.0
bs 0.0 0.424242436886 0.363636374474 0.0384615398943
ds 0.504201710224 0.763157904148 0.505050480366 0.484210520983
gs 0.0 0.366666674614 0.333333343267 0.0256410259753
ts 0.252173900604 0.789473712444 0.724409461021 0.310344815254
a 0.112124413252 0.0585203580558 0.148573711514 0.0905196070671
b 0.151053294539 0.167706459761 0.180917277932 0.129582315683
d 0.517734766006 0.492047041655 0.363188654184 0.5329413414
g 0.107519797981 0.146607905626 0.129482135177 0.088306799531
t 0.111567758024 0.135118246078 0.177838221192 0.158649906516
h 1.0 1.0 1.0 1.0
c 0.0 0 0 0
Aa 0.184516593814 0.35086530447 0.400320798159 0.255491614342
Ab 0.313946574926 0.808108091354 0.485858857632 0.411294698715
Ad 0.848923683167 1.27556490898 0.788511097431 1.02542841434
Ag 0.166304841638 0.749715745449 0.340588659048 0.244743108749
At 0.182355090976 0.714272379875 0.478403925896 0.499188780785
as 0.25 0.884210526943 0.879518091679 0.0
bs 0.0 0.424242436886 0.39393940568 0.0
ds 0.55084747076 0.798245608807 0.525252521038 0.536842107773
gs 0.0 0.300000011921 0.366666674614 0.0512820519507
ts 0.263157904148 0.804511249065 0.755905508995 0.348837196827
a 0.105036377907 0.0571061857045 0.143559724092 0.0794706717134
b 0.144257381558 0.158302605152 0.1766667068 0.116219304502
d 0.532674133778 0.513343274593 0.372973322868 0.55886298418
g 0.10782417655 0.137137517333 0.128933474422 0.0846140086651
t 0.110207915306 0.134110435843 0.177866771817 0.160833001137
h 1.0 1.0 1.0 1.0
c 0.0 0 0 0
Aa 0.184516593814 0.35086530447 0.400320798159 0.223662063479
Ab 0.322314888239 0.793670237064 0.49044290185 0.388733446598
Ad 0.889638483524 1.3045899868 0.814965963364 1.07076048851
Ag 0.195893019438 0.731338441372 0.353653877974 0.250897437334
At 0.205389633775 0.721644759178 0.49338299036 0.529830336571
as 0.25 0.884210526943 0.876543223858 0.0
bs 0.0 0.363636374474 0.40625 0.0
ds 0.589743614197 0.824561417103 0.551020383835 0.589473664761
gs 0.0697674453259 0.233333334327 0.40000000596 0.0769230797887
ts 0.280701756477 0.812030076981 0.763779520988 0.376470595598
a 0.100831501186 0.0560122430325 0.138801544905 0.0732249468565
b 0.143450841308 0.150718897581 0.168438568711 0.1059185341
d 0.531720876694 0.526734769344 0.388000637293 0.573171794415
g 0.111386679113 0.13377442956 0.130531951785 0.0817373171449
t 0.112610131502 0.132759690285 0.174227327108 0.165947392583
h 1.0 1.0 1.0 1.0
c 0.0 0 0 0
Aa 0.184516593814 0.35086530447 0.400320798159 0.212813436985
Ab 0.33762344718 0.78075003624 0.484368026257 0.373126327991
Ad 0.90660405159 1.32417428493 0.846758961678 1.10643911362
Ag 0.227753609419 0.728955447674 0.373643308878 0.260574698448
At 0.232497826219 0.725648522377 0.499042779207 0.568124771118
as 0.25 0.884210526943 0.876543223858 0.0
bs 0.0 0.333333343267 0.375 0.0
ds 0.598290622234 0.840707957745 0.58163267374 0.621052622795
gs 0.162790700793 0.233333334327 0.466666668653 0.102564103901
ts 0.307017534971 0.812030076981 0.771653532982 0.428571432829
a 0.100876063108 0.0545511581004 0.134250164032 0.0696842372417
b 0.150204375386 0.144470632076 0.157405942678 0.100406453013
d 0.504967033863 0.533101141453 0.403251469135 0.572000026703
g 0.12100110203 0.135321319103 0.134555250406 0.0811921358109
t 0.122951447964 0.132555738091 0.170537158847 0.176717117429
h 1.0 1.0 1.0 1.0
c 0.0 0 0 0
Aa 0.184516593814 0.35086530447 0.400320798159 0.212813436985
Ab 0.357411026955 0.773840904236 0.469427108765 0.371440529823
Ad 0.883991479874 1.34087097645 0.877981901169 1.12707495689
Ag 0.263517796993 0.745427548885 0.401306599379 0.279192864895
At 0.27046212554 0.73645991087 0.50422501564 0.61695754528
as 0.25 0.884210526943 0.876543223858 0.0
bs 0.0 0.303030312061 0.34375 0.0
ds 0.577586233616 0.866071403027 0.622448980808 0.642105281353
gs 0.232558146119 0.266666680574 0.566666662693 0.153846159577
ts 0.342105269432 0.819548845291 0.771653532982 0.47619047761
a 0.100876063108 0.0521879531443 0.130335584283 0.0696842372417
b 0.150204375386 0.138057202101 0.14600160718 0.100406453013
d 0.504967033863 0.535359799862 0.414131015539 0.572000026703
g 0.12100110203 0.138548433781 0.140242353082 0.0811921358109
t 0.122951447964 0.135846614838 0.169289439917 0.176717117429
h 1.0 1.0 1.0 1.0
c 0.0 0 0 0
Aa 0.184516593814 0.35086530447 0.400320798159 0.212813436985
Ab 0.357411026955 0.773354113102 0.449615448713 0.371440529823
Ad 0.883991479874 1.36194074154 0.902395606041 1.12707495689
Ag 0.263517796993 0.774896621704 0.432137012482 0.279192864895
At 0.27046212554 0.766343832016 0.513887703419 0.61695754528
as 0.25 0.884210526943 0.876543223858 0.0
bs 0.0 0.303030312061 0.28125 0.0
ds 0.577586233616 0.882882893085 0.642857134342 0.642105281353
gs 0.232558146119 0.366666674614 0.689655184746 0.153846159577
ts 0.342105269432 0.840909063816 0.779527544975 0.47619047761
a 0.100876063108 0.0589206106961 0.126906350255 0.0696842372417
b 0.150204375386 0.127473309636 0.135746538639 0.100406453013
d 0.504967033863 0.530284821987 0.420081913471 0.572000026703
g 0.12100110203 0.138735368848 0.146207600832 0.0811921358109
t 0.122951447964 0.144585907459 0.171057611704 0.176717117429
h 1.0 1.0 1.0 1.0
c 0.0 0 0 0
Aa 0.184516593814 0.440298318863 0.400320798159 0.212813436985
Ab 0.357411026955 0.775450348854 0.42956623435 0.371440529823
Ad 0.883991479874 1.39454030991 0.920171439648 1.12707495689
Ag 0.263517796993 0.812218248844 0.461807399988 0.279192864895
At 0.27046212554 0.83015704155 0.529979884624 0.61695754528
as 0.25 0.978947341442 0.876543223858 0.0
bs 0.0 0.303030312061 0.21875 0.0
ds 0.577586233616 0.909909904003 0.663265287876 0.642105281353
gs 0.232558146119 0.5 0.793103456497 0.153846159577
ts 0.342105269432 0.900763332844 0.795275568962 0.47619047761
a 0.100876063108 0.0784540250897 0.123818799853 0.0696842372417
b 0.150204375386 0.112358562648 0.128073364496 0.100406453013
d 0.504967033863 0.519040644169 0.421098172665 0.572000026703
g 0.12100110203 0.133479967713 0.152030274272 0.0811921358109
t 0.122951447964 0.156666770577 0.174979388714 0.176717117429
h 1.0 1.0 1.0 1.0
c 0.0 0 0 0
Aa 0.184516593814 0.621583282948 0.400320798159 0.212813436985
Ab 0.357411026955 0.777574241161 0.414993047714 0.371440529823
Ad 0.883991479874 1.44216942787 0.931917607784 1.12707495689
Ag 0.263517796993 0.852384150028 0.48946428299 0.279192864895
At 0.27046212554 0.921944975853 0.55052113533 0.61695754528
as 0.25 1.0 0.876543223858 0.0
bs 0.0 0.303030312061 0.15625 0.0
ds 0.577586233616 0.954954981804 0.673469364643 0.642105281353
gs 0.232558146119 0.633333325386 0.896551728249 0.153846159577
ts 0.342105269432 0.96946567297 0.811023592949 0.47619047761
a 0.100876063108 0.0866975560784 0.120852030814 0.0696842372417
b 0.150204375386 0.0984960198402 0.124053128064 0.100406453013
d 0.504967033863 0.517116785049 0.418654441833 0.572000026703
g 0.12100110203 0.127507314086 0.157831594348 0.0811921358109
t 0.122951447964 0.170182317495 0.178608804941 0.176717117429
h 1.0 1.0 1.0 1.0
c 0.0 0 0 0
Aa 0.184516593814 0.724142313004 0.400320798159 0.212813436985
Ab 0.357411026955 0.779554128647 0.411674588919 0.371440529823
Ad 0.883991479874 1.4997241497 0.939922571182 1.12707495689
Ag 0.263517796993 0.891670525074 0.516260802746 0.279192864895
At 0.27046212554 1.01704990864 0.569969713688 0.61695754528
as 0.25 1.0 0.876543223858 0.0
bs 0.0 0.333333343267 0.15625 0.0
ds 0.577586233616 1.0 0.68367344141 0.642105281353
gs 0.232558146119 0.766666650772 0.965517222881 0.153846159577
ts 0.342105269432 1.0 0.82677167654 0.47619047761
a 0.100876063108 0.0803365632892 0.11820294708 0.0696842372417
b 0.150204375386 0.0888725146651 0.124319553375 0.100406453013
d 0.504967033863 0.525345742702 0.413879334927 0.572000026703
g 0.12100110203 0.123904541135 0.163872331381 0.0811921358109
t 0.122951447964 0.181540623307 0.179725840688 0.176717117429
h 1.0 1.0 1.0 1.0
c 0.0 0 0 0
Aa 0.184516593814 0.738597095013 0.400320798159 0.212813436985
Ab 0.357411026955 0.782451331615 0.422231942415 0.371440529823
Ad 0.883991479874 1.55412912369 0.944566249847 1.12707495689
Ag 0.263517796993 0.926771104336 0.542198181152 0.279192864895
At 0.27046212554 1.09265768528 0.582302987576 0.61695754528
as 0.25 1.0 0.876543223858 0.0
bs 0.0 0.34375 0.1875 0.0
ds 0.577586233616 1.0 0.68367344141 0.642105281353
gs 0.232558146119 0.866666674614 1.0 0.153846159577
ts 0.342105269432 1.0 0.841269850731 0.47619047761
a 0.100876063108 0.0745622888207 0.116327516735 0.0696842372417
b 0.150204375386 0.0833787918091 0.128428131342 0.100406453013
d 0.504967033863 0.532805562019 0.407802760601 0.572000026703
g 0.12100110203 0.122914649546 0.169825658202 0.0811921358109
t 0.122951447964 0.186338722706 0.17761592567 0.176717117429
h 1.0 1.0 1.0 1.0
c 0.0 0 0 0
Aa 0.184516593814 0.738597095013 0.400320798159 0.212813436985
Ab 0.357411026955 0.787133455276 0.443298518658 0.371440529823
Ad 0.883991479874 1.59264659882 0.945088505745 1.12707495689
Ag 0.263517796993 0.955681502819 0.564641654491 0.279192864895
At 0.27046212554 1.13638091087 0.58412027359 0.61695754528
as 0.25 1.0 0.876543223858 0.0
bs 0.0 0.354838699102 0.25 0.0
ds 0.577586233616 1.0 0.69072163105 0.642105281353
gs 0.232558146119 0.965517222881 1.0 0.153846159577
ts 0.342105269432 1.0 0.841269850731 0.47619047761
a 0.100876063108 0.0721252262592 0.115941129625 0.0696842372417
b 0.150204375386 0.0821037068963 0.134650096297 0.100406453013
d 0.504967033863 0.535711586475 0.401630371809 0.572000026703
g 0.12100110203 0.125282600522 0.175697207451 0.0811921358109
t 0.122951447964 0.184776857495 0.172081187367 0.176717117429
h 1.0 1.0 1.0 1.0
c 0.0 0 0 0
Aa 0.184516593814 0.737738251686 0.400320798159 0.212813436985
Ab 0.357411026955 0.794013798237 0.465289950371 0.371440529823
Ad 0.883991479874 1.60858213902 0.939909815788 1.12707495689
Ag 0.263517796993 0.977541804314 0.580848097801 0.279192864895
At 0.27046212554 1.14629864693 0.571816682816 0.61695754528
as 0.25 1.0 0.876543223858 0.0
bs 0.0 0.387096762657 0.3125 0.0
ds 0.577586233616 1.0 0.697916686535 0.642105281353
gs 0.232558146119 1.0 1.0 0.153846159577
ts 0.342105269432 1.0 0.833333313465 0.47619047761
a 0.100876063108 0.0718834102154 0.117127634585 0.0696842372417
b 0.150204375386 0.0849127843976 0.140450969338 0.100406453013
d 0.504967033863 0.532706439495 0.396957755089 0.572000026703
g 0.12100110203 0.1309556216 0.181140452623 0.0811921358109
t 0.122951447964 0.17954172194 0.164323195815 0.176717117429
h 1.0 1.0 1.0 1.0
c 0.0 0 0 0
Aa 0.184516593814 0.731935143471 0.400320798159 0.212813436985
Ab 0.357411026955 0.804279565811 0.479186177254 0.371440529823
Ad 0.883991479874 1.60179436207 0.93040573597 1.12707495689
Ag 0.263517796993 0.992430567741 0.589676856995 0.279192864895
At 0.27046212554 1.12947189808 0.547360301018 0.61695754528
as 0.25 1.0 0.876543223858 0.0
bs 0.0 0.419354826212 0.375 0.0
ds 0.577586233616 1.0 0.677419364452 0.642105281353
gs 0.232558146119 1.0 1.0 0.153846159577
ts 0.342105269432 1.0 0.808000028133 0.47619047761
a 0.100876063108 0.0732715800405 0.115019336343 0.0696842372417
b 0.150204375386 0.0910861119628 0.143902823329 0.100406453013
d 0.504967033863 0.523783326149 0.398004949093 0.572000026703
g 0.12100110203 0.138245016336 0.186319157481 0.0811921358109
t 0.122951447964 0.173613980412 0.156753733754 0.176717117429
h 1.0 1.0 1.0 1.0
c 0.0 0 0 0
Aa 0.184516593814 0.724843084812 0.382598280907 0.212813436985
Ab 0.357411026955 0.819359719753 0.479896783829 0.371440529823
Ad 0.883991479874 1.5790592432 0.921715915203 1.12707495689
Ag 0.263517796993 1.00055706501 0.592084944248 0.279192864895
At 0.27046212554 1.09949219227 0.51704531908 0.61695754528
as 0.25 1.0 0.85185188055 0.0
bs 0.0 0.483870953321 0.375 0.0
ds 0.577586233616 1.0 0.663043498993 0.642105281353
gs 0.232558146119 1.0 1.0 0.153846159577
ts 0.342105269432 1.0 0.783999979496 0.47619047761
a 0.100876063108 0.076043240726 0.0957575812936 0.0696842372417
b 0.150204375386 0.0989326760173 0.145829200745 0.100406453013
d 0.504967033863 0.511587500572 0.410210698843 0.572000026703
g 0.12100110203 0.144501373172 0.192626953125 0.0811921358109
t 0.122951447964 0.168935209513 0.155575558543 0.176717117429
h 1.0 1.0 1.0 1.0
c 0.0 0 0 0
Aa 0.184516593814 0.724733412266 0.286631673574 0.212813436985
Ab 0.357411026955 0.839012563229 0.469302982092 0.371440529823
Ad 0.883991479874 1.55259275436 0.91846549511 1.12707495689
Ag 0.263517796993 1.00354480743 0.590175569057 0.279192864895
At 0.27046212554 1.071393013 0.497399896383 0.61695754528
as 0.25 1.0 0.721518993378 0.0
bs 0.0 0.548387110233 0.354838699102 0.0
ds 0.577586233616 1.0 0.663043498993 0.642105281353
gs 0.232558146119 1.0 1.0 0.153846159577
ts 0.342105269432 1.0 0.774193525314 0.47619047761
a 0.100876063108 0.0773609057069 0.0761266201735 0.0696842372417
b 0.150204375386 0.106366567314 0.14436276257 0.100406453013
d 0.504967033863 0.501675367355 0.424059778452 0.572000026703
g 0.12100110203 0.14817084372 0.195339262486 0.0811921358109
t 0.122951447964 0.166426330805 0.160111576319 0.176717117429
h 1.0 1.0 1.0 1.0
c 0.0 0 0 0
Aa 0.184516593814 0.722569465637 0.176044255495 0.212813436985
Ab 0.357411026955 0.860853075981 0.453962892294 0.371440529823
Ad 0.883991479874 1.53447067738 0.921934783459 1.12707495689
Ag 0.263517796993 1.00481069088 0.58529728651 0.279192864895
At 0.27046212554 1.05526995659 0.498930454254 0.61695754528
as 0.25 1.0 0.582278490067 0.0
bs 0.0 0.633333325386 0.290322571993 0.0
ds 0.577586233616 0.982758641243 0.659340679646 0.642105281353
gs 0.232558146119 1.0 1.0 0.153846159577
ts 0.342105269432 1.0 0.780487775803 0.47619047761
a 0.100876063108 0.0778320878744 0.0703946650028 0.0696842372417
b 0.150204375386 0.111505247653 0.140222296119 0.100406453013
d 0.504967033863 0.496524691582 0.429220438004 0.572000026703
g 0.12100110203 0.149067878723 0.192164093256 0.0811921358109
t 0.122951447964 0.165070101619 0.167998507619 0.176717117429
h 1.0 1.0 1.0 1.0
c 0.0 0 0 0
Aa 0.184516593814 0.725258767605 0.141867041588 0.212813436985
Ab 0.357411026955 0.88139539957 0.441144347191 0.371440529823
Ad 0.883991479874 1.53004086018 0.927007675171 1.12707495689
Ag 0.263517796993 1.00748419762 0.577999532223 0.279192864895
At 0.27046212554 1.05176854134 0.519632697105 0.61695754528
as 0.25 1.0 0.544303774834 0.0
bs 0.0 0.699999988079 0.258064508438 0.0
ds 0.577586233616 0.982758641243 0.659340679646 0.642105281353
gs 0.232558146119 1.0 1.0 0.153846159577
ts 0.342105269432 1.0 0.796747982502 0.47619047761
a 0.100876063108 0.0768468379974 0.0661635473371 0.0696842372417
b 0.150204375386 0.114393562078 0.139238193631 0.100406453013
d 0.504967033863 0.495664834976 0.427991062403 0.572000026703
g 0.12100110203 0.148591339588 0.188175678253 0.0811921358109
t 0.122951447964 0.164503440261 0.178431525826 0.176717117429
h 1.0 1.0 1.0 1.0
c 0.0 0 0 0
Aa 0.184516593814 0.725258767605 0.114531636238 0.212813436985
Ab 0.357411026955 0.898034334183 0.437671244144 0.371440529823
Ad 0.883991479874 1.53482091427 0.925347566605 1.12707495689
Ag 0.263517796993 1.01162624359 0.568476378918 0.279192864895
At 0.27046212554 1.05580770969 0.545384407043 0.61695754528
as 0.25 1.0 0.5 0.0
bs 0.0 0.766666650772 0.233333334327 0.0
ds 0.577586233616 0.982758641243 0.662921369076 0.642105281353
gs 0.232558146119 1.0 0.971428573132 0.153846159577
ts 0.342105269432 1.0 0.813008129597 0.47619047761
a 0.100876063108 0.0759951993823 0.0650294199586 0.0696842372417
b 0.150204375386 0.11604360491 0.14311414957 0.100406453013
d 0.504967033863 0.496122032404 0.419392824173 0.572000026703
g 0.12100110203 0.147730007768 0.184858724475 0.0811921358109
t 0.122951447964 0.164109170437 0.187604889274 0.176717117429
h 1.0 1.0 1.0 1.0
c 0.0 0 0 0
Aa 0.184516593814 0.725258767605 0.103555902839 0.212813436985
Ab 0.357411026955 0.909093797207 0.446128576994 0.371440529823
Ad 0.883991479874 1.54006111622 0.913066983223 1.12707495689
Ag 0.263517796993 1.01394128799 0.557285964489 0.279192864895
At 0.27046212554 1.05960547924 0.563690185547 0.61695754528
as 0.25 1.0 0.487179487944 0.0
bs 0.0 0.800000011921 0.233333334327 0.0
ds 0.577586233616 0.991379320621 0.659090936184 0.642105281353
gs 0.232558146119 1.0 0.914285719395 0.153846159577
ts 0.342105269432 1.0 0.829268276691 0.47619047761
a 0.100876063108 0.0760666877031 0.0659994781017 0.0696842372417
b 0.150204375386 0.117923229933 0.151836782694 0.100406453013
d 0.504967033863 0.495612412691 0.406158536673 0.572000026703
g 0.12100110203 0.146634802222 0.182739987969 0.0811921358109
t 0.122951447964 0.163762837648 0.193265199661 0.176717117429
h 1.0 1.0 1.0 1.0
c 0.0 0 0 0
Aa 0.184516593814 0.725258767605 0.103555902839 0.212813436985
Ab 0.357411026955 0.915663599968 0.465392380953 0.371440529823
Ad 0.883991479874 1.53920638561 0.892710983753 1.12707495689
Ag 0.263517796993 1.01030135155 0.545849025249 0.279192864895
At 0.27046212554 1.05827963352 0.570169091225 0.61695754528
as 0.25 1.0 0.487179487944 0.0
bs 0.0 0.800000011921 0.300000011921 0.0
ds 0.577586233616 0.991379320621 0.636363625526 0.642105281353
gs 0.232558146119 1.0 0.885714292526 0.153846159577
ts 0.342105269432 1.0 0.837398350239 0.47619047761
a 0.0640226900578 0.0775821581483 0.0670759305358 0.0483774058521
b 0.0292168110609 0.121361628175 0.163664013147 0.0487892515957
d 0.696828007698 0.492893278599 0.393249839544 0.640427708626
g 0.0514637716115 0.146071523428 0.181084379554 0.0804178118706
t 0.158468723297 0.162091419101 0.194925844669 0.181987822056
h 1.0 1.0 1.0 1.0
c 0.0142303518951 0 0 0
Aa 0.635493636131 0.725258767605 0.103555902839 0.317519813776
Ab 0.294792532921 0.919578313828 0.490942388773 0.321201384068
Ad 1.67228531837 1.5282497406 0.871657729149 1.43934738636
Ag 0.540661334991 1.00006246567 0.53487020731 0.538229525089
At 1.02910327911 1.04525697231 0.566858649254 0.892919540405
as 0.842105269432 1.0 0.487179487944 0.111111111939
bs 0.0 0.833333313465 0.40000000596 0.0
ds 1.0 0.97413790226 0.613636374474 0.978947341442
gs 0.883720934391 1.0 0.857142865658 0.820512831211
ts 1.0 0.985611498356 0.829268276691 0.809523820877
a 0.0769029632211 0.0811979174614 0.068302296102 0.0730914473534
b 0.0311361327767 0.1281401366 0.176640033722 0.0549798496068
d 0.657316565514 0.487244993448 0.382949948311 0.594346940517
g 0.0562746971846 0.147785201669 0.179600596428 0.0835279747844
t 0.178369656205 0.155631735921 0.192507132888 0.194053798914
h 1.0 1.0 1.0 1.0
c 0.0282665174454 0 0 0
Aa 0.666807353497 0.725258767605 0.103555902839 0.480536878109
Ab 0.274128913879 0.923399031162 0.516209721565 0.356873869896
Ad 1.59863877296 1.50346124172 0.852262616158 1.39071035385
Ag 0.531177401543 0.985344827175 0.523428380489 0.538502275944
At 1.03218519688 1.00781202316 0.553567409515 0.904592454433
as 0.881578922272 1.0 0.487179487944 0.365079373121
bs 0.0 0.833333313465 0.466666668653 0.0
ds 1.0 0.956896543503 0.590909063816 0.926315784454
gs 0.860465109348 0.939393937588 0.828571438789 0.820512831211
ts 1.0 0.956834554672 0.821138203144 0.831325292587
a 0.0877161696553 0.0877737924457 0.0690468400717 0.0892034396529
b 0.0319967083633 0.140248417854 0.188349738717 0.059894092381
d 0.63061606884 0.475997328758 0.376961678267 0.56368637085
g 0.0567549876869 0.154379919171 0.17779147625 0.0835000276566
t 0.192916080356 0.141600549221 0.187850266695 0.203716084361
h 1.0 1.0 1.0 1.0
c 0.0416551344097 0 0 0
Aa 0.699699819088 0.725258767605 0.0985305458307 0.555350124836
Ab 0.261725455523 0.928791880608 0.534351766109 0.382352501154
Ad 1.55638515949 1.45949840546 0.835683941841 1.35600602627
Ag 0.510624170303 0.970484673977 0.509297668934 0.526655137539
At 1.04198861122 0.932958841324 0.533198595047 0.913993835449
as 0.934210538864 1.0 0.487179487944 0.47619047761
bs 0.0 0.866666674614 0.533333361149 0.0
ds 1.0 0.92173910141 0.568181812763 0.880434811115
gs 0.813953459263 0.909090936184 0.800000011921 0.789473712444
ts 1.0 0.90647482872 0.804878056049 0.841463387012
a 0.0950251221657 0.0979654788971 0.0699904337525 0.0956156179309
b 0.0322781987488 0.158641606569 0.196614712477 0.0634865388274
d 0.616410911083 0.456062734127 0.373316794634 0.544675886631
g 0.0553055219352 0.167842939496 0.175520777702 0.0840157940984
t 0.200980246067 0.119487240911 0.184557273984 0.212206169963
h 1.0 1.0 1.0 1.0
c 0.0542414560914 0 0 0
Aa 0.71956884861 0.725258767605 0.0923635587096 0.566220641136
Ab 0.250639736652 0.934602797031 0.540940880775 0.388373464346
Ad 1.53160071373 1.39321029186 0.819402396679 1.32182991505
Ag 0.484498918056 0.959088802338 0.49165341258 0.510052740574
At 1.04488384724 0.811507225037 0.513456046581 0.912449836731
as 0.960526287556 1.0 0.474358975887 0.483870953321
bs 0.0 0.866666674614 0.551724135876 0.0
ds 1.0 0.859649121761 0.563218414783 0.847826063633
gs 0.744186043739 0.878787875175 0.742857158184 0.763157904148
ts 1.0 0.82014387846 0.785123944283 0.841463387012
a 0.100705318153 0.0924825891852 0.065021649003 0.10450142622
b 0.0325957387686 0.185548841953 0.201020687819 0.0651604011655
d 0.606960892677 0.436295688152 0.373202860355 0.526908516884
g 0.054290663451 0.191344156861 0.17396107316 0.0857788771391
t 0.205447360873 0.0943287461996 0.186793714762 0.217650771141
h 1.0 1.0 1.0 1.0
c 0.065810598433 0 0 0
Aa 0.727727234364 0.636386811733 0.0460581481457 0.580597519875
Ab 0.237835660577 0.938785076141 0.536240935326 0.375459104776
Ad 1.50783550739 1.31010770798 0.804945111275 1.28321051598
Ag 0.459399968386 0.952142059803 0.473452240229 0.494855672121
At 1.03737533092 0.64497089386 0.504362404346 0.899235546589
as 0.960526287556 0.916666686535 0.402597397566 0.516129016876
bs 0.0 0.899999976158 0.517241358757 0.0
ds 1.0 0.789473712444 0.540229856968 0.804347813129
gs 0.675000011921 0.848484873772 0.685714304447 0.710526287556
ts 0.991379320621 0.697841703892 0.767241358757 0.829268276691
a 0.106167405844 0.0708917826414 0.0675142481923 0.112791024148
b 0.0334270894527 0.215971902013 0.197970300913 0.0653437003493
d 0.596992373466 0.421311318874 0.371478170156 0.513235986233
g 0.0546748191118 0.22015248239 0.171431466937 0.0886646956205
t 0.208738312125 0.0716725289822 0.191605821252 0.219964563847
h 1.0 1.0 1.0 1.0
c 0.0767425075173 0 0 0
Aa 0.727727234364 0.456008911133 0.0566296316683 0.588282048702
Ab 0.225834593177 0.939810276031 0.523834228516 0.351211249828
Ad 1.47770476341 1.23001611233 0.797167479992 1.24632465839
Ag 0.439523398876 0.948136627674 0.461324751377 0.483758240938
At 1.02133822441 0.460765749216 0.509642899036 0.878360271454
as 0.960526287556 0.75 0.415584415197 0.532258093357
bs 0.0 0.899999976158 0.482758611441 0.0
ds 0.984375 0.716814160347 0.528735637665 0.760869562626
gs 0.625 0.848484873772 0.657142877579 0.684210538864
ts 0.982608675957 0.568345308304 0.77586209774 0.804878056049
a 0.112402975559 0.0445482619107 0.0690214633942 0.126395910978
b 0.0352874919772 0.237896457314 0.190229296684 0.0639497712255
d 0.584358453751 0.41768977046 0.372981369495 0.502291679382
g 0.0559450387955 0.242250472307 0.169685095549 0.0899235010147
t 0.212006032467 0.0576150268316 0.198082759976 0.217439129949
h 1.0 1.0 1.0 1.0
c 0.0870830863714 0 0 0
Aa 0.727727234364 0.209306836128 0.0691783577204 0.623947501183
Ab 0.22457022965 0.93686401844 0.509471595287 0.328053474426
Ad 1.44362878799 1.18132984638 0.801881313324 1.22317051888
Ag 0.424711018801 0.944740712643 0.459837853909 0.4760876894
At 1.00329768658 0.321011841297 0.527040839195 0.859552204609
as 0.960526287556 0.527777791023 0.44155845046 0.590163946152
bs 0.0 0.866666674614 0.448275864124 0.0
ds 0.9609375 0.675675690174 0.540229856968 0.739130437374
gs 0.589743614197 0.818181812763 0.657142877579 0.648648619652
ts 0.965217411518 0.467625886202 0.784482777119 0.800000011921
a 0.128579050303 0.0390072017908 0.0718876942992 0.152205511928
b 0.0377918966115 0.238440856338 0.179852426052 0.0607867464423
d 0.564819157124 0.424938827753 0.378453731537 0.490258067846
g 0.056329831481 0.245588496327 0.16810259223 0.0866817757487
t 0.212480053306 0.0520246326923 0.201703563333 0.210067912936
h 1.0 1.0 1.0 1.0
c 0.0972095578909 0 0 0
Aa 0.772099077702 0.141809090972 0.0986026823521 0.714626312256
Ab 0.240327551961 0.928044974804 0.496864408255 0.316004812717
Ad 1.41483831406 1.1789907217 0.8199608922 1.22262060642
Ag 0.413667321205 0.940872311592 0.467522501945 0.47012373805
At 0.990247070789 0.266873329878 0.546661674976 0.854555606842
as 1.0 0.462962955236 0.480519473553 0.73770493269
bs 0.0 0.866666674614 0.379310339689 0.0
ds 0.9375 0.675675690174 0.569767415524 0.736263751984
gs 0.564102590084 0.818181812763 0.676470577717 0.648648619652
ts 0.956521749496 0.424460440874 0.801724135876 0.787500023842
a 0.151661664248 0.0354300253093 0.0736888870597 0.206017538905
b 0.0403445139527 0.226220235229 0.170054748654 0.0554714538157
d 0.543095529079 0.447635650635 0.387282550335 0.464799582958
g 0.0553614869714 0.240920379758 0.166786953807 0.0775836780667
t 0.209536775947 0.0497937239707 0.202186852694 0.19612775743
h 1.0 1.0 1.0 1.0
c 0.0972095578909 0 0 0
Aa 0.844182252884 0.105579420924 0.123172566295 0.888302147388
Ab 0.269090950489 0.910739421844 0.486359328032 0.318467497826
Ad 1.39818263054 1.2071325779 0.843798518181 1.24166369438
Ag 0.406514197588 0.938081502914 0.477932631969 0.464168310165
At 0.984566688538 0.253382563591 0.5615234375 0.866937041283
as 1.0 0.425925940275 0.506493508816 1.0
bs 0.0 0.800000011921 0.344827592373 0.0
ds 0.921259820461 0.693693697453 0.588235318661 0.758241772652
gs 0.538461565971 0.818181812763 0.705882370472 0.621621608734
ts 0.947826087475 0.417266190052 0.818965494633 0.800000011921
a 0.170221939683 0.0317916721106 0.0738364309072 0.233273968101
b 0.0424363687634 0.209781393409 0.162337988615 0.0522608682513
d 0.528195440769 0.473794192076 0.397453039885 0.455137729645
g 0.0542268715799 0.237860813737 0.166488334537 0.0702318176627
t 0.204919368029 0.0467719361186 0.199884191155 0.189095601439
h 1.0 1.0 1.0 1.0
c 0.0972095578909 0 0 0
Aa 0.90200740099 0.0639375820756 0.132849633694 0.979009747505
Ab 0.298730075359 0.883391201496 0.474999129772 0.32932010293
Ad 1.39378654957 1.23721396923 0.863864779472 1.26928627491
Ag 0.405206412077 0.93794709444 0.485962748528 0.457677394152
At 0.982574880123 0.231609568 0.565357387066 0.887824892998
as 1.0 0.388888895512 0.519480526447 1.0
bs 0.0 0.699999988079 0.310344815254 0.0
ds 0.921259820461 0.72072070837 0.611764729023 0.791208803654
gs 0.538461565971 0.818181812763 0.705882370472 0.621621608734
ts 0.947368443012 0.398550719023 0.818965494633 0.824999988079
a 0.17475245893 0.0311718136072 0.0735465809703 0.239691615105
b 0.0446340963244 0.194290041924 0.15704151988 0.0512419268489
d 0.525277853012 0.492093145847 0.405871957541 0.457090884447
g 0.0542509891093 0.239931955934 0.168556541204 0.0655719041824
t 0.201084598899 0.0425130352378 0.194983392954 0.186403661966
h 1.0 1.0 1.0 1.0
c 0.0972095578909 0 0 0
Aa 0.918350219727 0.0532482787967 0.13084590435 1.01470899582
Ab 0.325593680143 0.847936749458 0.460297912359 0.344681620598
Ad 1.39631605148 1.2515335083 0.872672438622 1.29505872726
Ag 0.410334557295 0.939574301243 0.491028994322 0.451773971319
At 0.979305744171 0.188008308411 0.554281055927 0.905510604382
as 1.0 0.379629641771 0.526315808296 1.0
bs 0.0256410259753 0.586206912994 0.275862067938 0.0
ds 0.921259820461 0.738738715649 0.623529434204 0.813186824322
gs 0.564102590084 0.818181812763 0.735294103622 0.594594597816
ts 0.947368443012 0.369565218687 0.810344815254 0.860759496689
a 0.17475245893 0.0287760719657 0.0751035064459 0.239691615105
b 0.0446340963244 0.183276802301 0.154416829348 0.0512419268489
d 0.525277853012 0.501078367233 0.407460838556 0.457090884447
g 0.0542509891093 0.24763867259 0.173697084188 0.0655719041824
t 0.201084598899 0.0392301268876 0.189321726561 0.186403661966
h 1.0 1.0 1.0 1.0
c 0.0972095578909 0 0 0
Aa 0.918350219727 0.00554658193141 0.129924163222 1.01470899582
Ab 0.325593680143 0.809622585773 0.442958563566 0.344681620598
Ad 1.39631605148 1.24642074108 0.864349842072 1.29505872726
Ag 0.410334557295 0.940333545208 0.494056493044 0.451773971319
At 0.979305744171 0.140134781599 0.531464397907 0.905510604382
as 1.0 0.333333343267 0.526315808296 1.0
bs 0.0256410259753 0.464285701513 0.206896558404 0.0
ds 0.928571403027 0.729729712009 0.614457845688 0.813186824322
gs 0.564102590084 0.818181812763 0.735294103622 0.594594597816
ts 0.947368443012 0.328467160463 0.793103456497 0.860759496689
a 0.197218224406 0.0307376999408 0.0763453096151 0.250362128019
b 0.0494175963104 0.174605175853 0.152943685651 0.0540437959135
d 0.478662073612 0.501056373119 0.404164940119 0.433704257011
g 0.0597673431039 0.253953814507 0.180127650499 0.0683872029185
t 0.214934766293 0.039646897465 0.186418429017 0.193502634764
h 1.0 1.0 1.0 1.0
c 0.0972095578909 0 0 0
Aa 0.918350219727 0.0212776120752 0.122426413 1.01470899582
Ab 0.317284792662 0.775663375854 0.424175620079 0.348886221647
Ad 1.30343222618 1.23349285126 0.846202671528 1.25333404541
Ag 0.399867117405 0.938360989094 0.495224446058 0.451115220785
At 0.955709815025 0.131815448403 0.510132908821 0.902827262878
as 1.0 0.326923072338 0.506666660309 1.0
bs 0.0 0.321428567171 0.137931033969 0.0
ds 0.857142865658 0.72072070837 0.59036141634 0.769230782986
gs 0.538461565971 0.818181812763 0.735294103622 0.594594597816
ts 0.929203510284 0.323529422283 0.77586209774 0.860759496689
a 0.214857175946 0.0417564176023 0.0799614489079 0.257730990648
b 0.0538888797164 0.162365496159 0.148018524051 0.0563768781722
d 0.436686933041 0.498731970787 0.400010734797 0.41630795598
g 0.0631883814931 0.247797548771 0.182179674506 0.0694082379341
t 0.231378614902 0.0493485666811 0.189829617739 0.200175926089
h 1.0 1.0 1.0 1.0
c 0.0972095578909 0 0 0
Aa 0.918350219727 0.161453723907 0.136213213205 1.01470899582
Ab 0.317699491978 0.751224219799 0.403648644686 0.354643374681
Ad 1.22637057304 1.23859763145 0.835404217243 1.22295701504
Ag 0.386837571859 0.934827446938 0.493832468987 0.444953382015
At 0.950523555279 0.23400503397 0.511696517467 0.904954195023
as 1.0 0.461538463831 0.519999980927 1.0
bs 0.0256410259753 0.25 0.0689655169845 0.0
ds 0.79365080595 0.729729712009 0.578313231468 0.736263751984
gs 0.487179487944 0.787878811359 0.735294103622 0.567567586899
ts 0.929203510284 0.397058814764 0.77586209774 0.860759496689
