a 0.195904880762 0.0481390170753 0.0618620216846 0.163487032056
b 0.226070389152 0.03780310601 0.0182761829346 0.254436433315
d 0.152834445238 0.650757193565 0.649305522442 0.173534139991
g 0.197871565819 0.0220076441765 0.00967930443585 0.147340774536
t 0.227318719029 0.241293027997 0.260876983404 0.261201620102
h 1.0 1.0 1.0 1.0
c 0.0 0 0 0
Aa 0.110197812319 0.682388901711 0.442562967539 -0.255346894264
Ab 0.17239625752 0.577419161797 -0.0869756489992 -0.0632508769631
Ad 0.00237381481566 1.81331074238 1.46358799934 -0.229445263743
Ag 0.114535957575 0.342465251684 -0.363016992807 -0.300507247448
At 0.174787774682 1.3824365139 1.06757462025 -0.0518543273211
as 0.0 1.0 0.877192974091 0.0
bs 0.0 1.0 0.0344827584922 0.0
ds 0.0 0.934426248074 0.852941155434 0.0
gs 0.194444447756 0.125 0.0 0.0
ts 0.0 0.929824590683 0.800000011921 0.0
a 0.195904880762 0.0501395426691 0.0641727074981 0.163487032056
b 0.226070389152 0.0414501689374 0.0189622715116 0.254436433315
d 0.152834445238 0.64384418726 0.64249843359 0.173534139991
g 0.197871565819 0.0230011679232 0.010119792074 0.147340774536
t 0.227318719029 0.241564944386 0.264246791601 0.261201620102
h 1.0 1.0 1.0 1.0
c 0.0 0 0 0
Aa 0.110197812319 0.683411538601 0.442562967539 -0.255346894264
Ab 0.17239625752 0.600757479668 -0.0868970230222 -0.0632508769631
Ad 0.00237381481566 1.79201197624 1.4430847168 -0.229445263743
Ag 0.114535957575 0.344981044531 -0.359615802765 -0.300507247448
At 0.174787774682 1.36626505852 1.05722236633 -0.0518543273211
as 0.0 1.0 0.892857134342 0.0
bs 0.0 1.0 0.0344827584922 0.0
ds 0.0 0.901639342308 0.835820913315 0.0
gs 0.194444447756 0.125 0.0 0.0
ts 0.0 0.89473682642 0.783333361149 0.0
a 0.195904880762 0.0531211942434 0.0678104236722 0.163487032056
b 0.226070389152 0.0455962195992 0.0203280951828 0.254436433315
d 0.152834445238 0.638542354107 0.632685124874 0.173534139991
g 0.197871565819 0.0251253396273 0.0107106864452 0.147340774536
t 0.227318719029 0.237614884973 0.268465667963 0.261201620102
h 1.0 1.0 1.0 1.0
c 0.0 0 0 0
Aa 0.110197812319 0.683411538601 0.442562967539 -0.255346894264
Ab 0.17239625752 0.617072582245 -0.0806368067861 -0.0632508769631
Ad 0.00237381481566 1.76333343983 1.41245412827 -0.229445263743
Ag 0.114535957575 0.358255654573 -0.358916193247 -0.300507247448
At 0.174787774682 1.33401739597 1.04015517235 -0.0518543273211
as 0.0 1.0 0.892857134342 0.0
bs 0.0 1.0 0.0689655169845 0.0
ds 0.0 0.852459013462 0.791044771671 0.0
gs 0.194444447756 0.1875 0.0 0.0
ts 0.0 0.839285731316 0.766666650772 0.0
a 0.195904880762 0.0469711348414 0.0728073567152 0.163487032056
b 0.226070389152 0.0502096489072 0.0223633814603 0.254436433315
d 0.152834445238 0.642263650894 0.619863152504 0.173534139991
g 0.197871565819 0.0284116752446 0.0114254057407 0.147340774536
t 0.227318719029 0.232143878937 0.27354067564 0.261201620102
h 1.0 1.0 1.0 1.0
c 0.0 0 0 0
Aa 0.110197812319 0.591766178608 0.442562967539 -0.255346894264
Ab 0.17239625752 0.620722353458 -0.0700748115778 -0.0632508769631
Ad 0.00237381481566 1.72764849663 1.37268352509 -0.229445263743
Ag 0.114535957575 0.37343198061 -0.361740618944 -0.300507247448
At 0.174787774682 1.28569233418 1.01740968227 -0.0518543273211
as 0.0 0.823529422283 0.890909075737 0.0
bs 0.0 1.0 0.103448279202 0.0
ds 0.0 0.786885261536 0.731343269348 0.0
gs 0.194444447756 0.21875 0.0 0.0
ts 0.0 0.75 0.711864411831 0.0
a 0.195904880762 0.0388311892748 0.0785662680864 0.163487032056
b 0.226070389152 0.0541754737496 0.0246083270758 0.254436433315
d 0.152834445238 0.649107336998 0.603906452656 0.173534139991
g 0.197871565819 0.0320906192064 0.0121714863926 0.147340774536
t 0.227318719029 0.225795403123 0.28074747324 0.261201620102
h 1.0 1.0 1.0 1.0
c 0.0 0 0 0
Aa 0.110197812319 0.466402649879 0.442933350801 -0.255346894264
Ab 0.17239625752 0.611024677753 -0.0612206794322 -0.0632508769631
Ad 0.00237381481566 1.68953847885 1.32866692543 -0.229445263743
Ag 0.114535957575 0.383600056171 -0.366959154606 -0.300507247448
At 0.174787774682 1.23093700409 0.996013104916 -0.0518543273211
as 0.0 0.568627476692 0.890909075737 0.0
bs 0.0 1.0 0.137931033969 0.0
ds 0.0 0.73770493269 0.671641767025 0.0
gs 0.194444447756 0.25 0.0 0.0
ts 0.0 0.660714268684 0.677966117859 0.0
a 0.195904880762 0.0355312637985 0.0840797498822 0.14171141386
b 0.226070389152 0.0562387593091 0.0265487823635 0.141912430525
d 0.152834445238 0.653117775917 0.588042378426 0.475864738226
g 0.197871565819 0.0351398214698 0.0128020904958 0.0741482824087
t 0.227318719029 0.219972386956 0.288526982069 0.166363149881
h 1.0 1.0 1.0 1.0
c 0.0 0 0 0
Aa 0.110197812319 0.392534583807 0.44527888298 0.603729605675
Ab 0.17239625752 0.59195971489 -0.0553679056466 0.604345202446
Ad 0.00237381481566 1.65691542625 1.28999614716 1.12980830669
Ag 0.114535957575 0.387723505497 -0.372131615877 0.32242590189
At 0.174787774682 1.18429207802 0.980773925781 0.673381924629
as 0.0 0.43137255311 0.890909075737 0.608695626259
bs 0.0 1.0 0.137931033969 1.0
ds 0.0 0.672131121159 0.611940324306 0.615894019604
gs 0.194444447756 0.28125 0.0 0.873239457607
ts 0.0 0.571428596973 0.655172407627 0.439716309309
a 0.135359674692 0.0350899808109 0.0886382088065 0.153770744801
b 0.261881023645 0.0567768067122 0.0281109306961 0.136154234409
d 0.301388084888 0.653839707375 0.575574636459 0.459420830011
g 0.113349631429 0.0374020636082 0.0133601827547 0.0734873041511
t 0.188021570444 0.21689145267 0.294316023588 0.177166879177
h 1.0 1.0 1.0 1.0
c 0.0119239045307 0 0 0
Aa 0.339621245861 0.359847933054 0.446197390556 0.603729605675
Ab 0.626235961914 0.568835735321 -0.0525483228266 0.550887048244
Ad 0.687258064747 1.63013601303 1.25867807865 1.07906663418
Ag 0.262552082539 0.387560367584 -0.375611156225 0.283068239689
At 0.48233962059 1.15090715885 0.967390358448 0.665238440037
as 0.16249999404 0.372549027205 0.890909075737 0.608695626259
bs 0.976744174957 0.916666686535 0.172413796186 0.919354856014
ds 0.397590368986 0.633333325386 0.567164182663 0.582781434059
gs 0.611111104488 0.28125 0.0 0.816901385784
ts 0.185840710998 0.517857134342 0.620689630508 0.432624101639
a 0.143939837813 0.0363545008004 0.0941957756877 0.166789114475
b 0.257155269384 0.0577154941857 0.0300568621606 0.130666047335
d 0.294096976519 0.651099145412 0.566634118557 0.442145437002
g 0.108884908259 0.0398235805333 0.0141693595797 0.0714368894696
t 0.195923000574 0.215007275343 0.294943869114 0.188962519169
h 1.0 1.0 1.0 1.0
c 0.0224496088922 0 0 0
Aa 0.343891710043 0.345378369093 0.446197390556 0.605833292007
Ab 0.595906078815 0.546112596989 -0.0498903803527 0.499828368425
Ad 0.65420126915 1.59846735001 1.22546875477 1.02923071384
Ag 0.222678363323 0.384960472584 -0.376483798027 0.237588122487
At 0.477796107531 1.11727333069 0.941905379295 0.66004127264
as 0.16249999404 0.333333343267 0.890909075737 0.608695626259
bs 0.906976759434 0.791666686535 0.172413796186 0.852459013462
ds 0.379518061876 0.566666662693 0.50746268034 0.549668848515
gs 0.5 0.25 0.0 0.760563373566
ts 0.185840710998 0.436363637447 0.586206912994 0.432624101639
a 0.15450116992 0.040584307164 0.104523189366 0.180298954248
b 0.253480523825 0.0614571869373 0.0335626192391 0.125693142414
d 0.279983609915 0.64304548502 0.557355344296 0.4229362607
g 0.103260874748 0.0439209528267 0.015761796385 0.0695612132549
t 0.208773836493 0.210992082953 0.288797050714 0.201510429382
h 1.0 1.0 1.0 1.0
c 0.0224496088922 0 0 0
Aa 0.36164945364 0.345378369093 0.446655571461 0.609116911888
Ab 0.576662242413 0.525592923164 -0.0467012226582 0.452435314655
Ad 0.619850277901 1.54526185989 1.17357504368 0.979398667812
Ag 0.186653465033 0.37969198823 -0.374951332808 0.195490851998
At 0.492393732071 1.06128633022 0.888035655022 0.65742123127
as 0.1875 0.333333343267 0.890909075737 0.61739128828
bs 0.860465109348 0.708333313465 0.172413796186 0.770491778851
ds 0.361445784569 0.47457626462 0.432835817337 0.51655626297
gs 0.388888895512 0.25 0.0 0.699999988079
ts 0.194690272212 0.333333343267 0.5 0.425531923771
a 0.169665575027 0.045497264713 0.120126143098 0.194451093674
b 0.250715017319 0.0702888295054 0.0399643555284 0.121173851192
d 0.260821908712 0.628064215183 0.544686496258 0.403756916523
g 0.0973250046372 0.0515656881034 0.0187839549035 0.0687899366021
t 0.221472471952 0.204584002495 0.276439070702 0.21182821691
h 1.0 1.0 1.0 1.0
c 0.0224496088922 0 0 0
Aa 0.403068065643 0.31650775671 0.434550911188 0.61575293541
Ab 0.572654664516 0.505408763885 -0.0434137992561 0.410351455212
Ad 0.589818418026 1.45652651787 1.09105992317 0.933062493801
Ag 0.1616987288 0.370883285999 -0.371299594641 0.164467453957
At 0.518794059753 0.969394147396 0.796512782574 0.652926325798
as 0.23749999702 0.274509817362 0.872727274895 0.61739128828
bs 0.860465109348 0.625 0.172413796186 0.704918026924
ds 0.345454543829 0.322033911943 0.313432842493 0.483443707228
gs 0.333333343267 0.225806444883 0.0 0.657142877579
ts 0.221238940954 0.166666671634 0.321428567171 0.425531923771
a 0.18212556839 0.0617873631418 0.148353174329 0.215416714549
b 0.250449389219 0.0852882862091 0.0500359944999 0.11642292887
d 0.241048261523 0.593873798847 0.521429419518 0.383577257395
g 0.0928694754839 0.0639519169927 0.0236732102931 0.0686574280262
t 0.233507305384 0.195098623633 0.256508201361 0.215925678611
h 1.0 1.0 1.0 1.0
c 0.0224496088922 0 0 0
Aa 0.444286882877 0.344559818506 0.431000590324 0.644253313541
Ab 0.582635939121 0.484549552202 -0.0410137474537 0.377012431622
Ad 0.566019952297 1.32735431194 0.976899266243 0.894826769829
Ag 0.151788949966 0.359513700008 -0.366039097309 0.147661477327
At 0.552216410637 0.84391438961 0.668805003166 0.645278215408
as 0.28749999404 0.319999992847 0.872727274895 0.643478274345
bs 0.883720934391 0.541666686535 0.206896558404 0.633333325386
ds 0.327272713184 0.0862068980932 0.134328365326 0.456953644753
gs 0.305555552244 0.193548381329 0.0 0.642857134342
ts 0.247787609696 0.0 0.107142858207 0.418439716101
a 0.191668584943 0.095336779952 0.187150418758 0.23796389997
b 0.251382231712 0.104465641081 0.0628474876285 0.113224282861
d 0.22342531383 0.534571111202 0.48824468255 0.366190612316
g 0.0905357673764 0.0804186239839 0.030084585771 0.0684030726552
t 0.242988109589 0.185207843781 0.23167283833 0.214218124747
h 1.0 1.0 1.0 1.0
c 0.0224496088922 0 0 0
Aa 0.482904821634 0.421881645918 0.433973699808 0.684420228004
Ab 0.600688457489 0.461594641209 -0.0399291999638 0.36184874177
Ad 0.549486279488 1.17062664032 0.850420415401 0.871616363525
Ag 0.15717408061 0.347977787256 -0.359873086214 0.142984762788
At 0.585938930511 0.710280537605 0.526657998562 0.638765335083
as 0.33750000596 0.479999989271 0.888888895512 0.678260862827
bs 0.930232584476 0.458333343267 0.206896558404 0.616666674614
ds 0.321212112904 0.0 0.0 0.443708598614
gs 0.333333343267 0.161290317774 0.0 0.62857145071
ts 0.274336278439 0.0 0.0 0.418439716101
a 0.196509391069 0.122760467231 0.216607198119 0.246740490198
b 0.25275555253 0.120067760348 0.0742569416761 0.113980583847
d 0.210961163044 0.478094965219 0.461783349514 0.358735740185
g 0.0907382443547 0.0956059396267 0.0359895862639 0.0675316005945
t 0.249035641551 0.183470875025 0.211362943053 0.213011577725
h 1.0 1.0 1.0 1.0
c 0.0224496088922 0 0 0
Aa 0.510839164257 0.445835441351 0.426462680101 0.709667205811
Ab 0.620156526566 0.436203330755 -0.0384731329978 0.374257653952
Ad 0.541658341885 1.03629112244 0.755228042603 0.872201442719
Ag 0.175246194005 0.337261795998 -0.353033363819 0.146933838725
At 0.613717317581 0.620344042778 0.415818631649 0.64583003521
as 0.375 0.519999980927 0.870370388031 0.704347848892
bs 0.976744174957 0.333333343267 0.214285716414 0.633333325386
ds 0.315151512623 0.0 0.0 0.443708598614
gs 0.361111104488 0.0967741906643 0.0294117648154 0.617647051811
ts 0.300884962082 0.0 0.0 0.418439716101
a 0.197120189667 0.13428093493 0.203921869397 0.243157699704
b 0.252952039242 0.118786513805 0.0810004472733 0.116551950574
d 0.207337170839 0.458469390869 0.470403194427 0.362769395113
g 0.0930071175098 0.0990539118648 0.0396804101765 0.0646522119641
t 0.249583497643 0.189409255981 0.204994097352 0.212868750095
h 1.0 1.0 1.0 1.0
c 0.0224496088922 0 0 0
Aa 0.527165055275 0.459144830704 0.366134643555 0.730452179909
Ab 0.635472118855 0.405897647142 -0.0348417125642 0.41108366847
Ad 0.549111127853 0.99244081974 0.729141116142 0.904194772243
Ag 0.200950145721 0.327002137899 -0.34475299716 0.155147537589
At 0.629649817944 0.608531713486 0.368412196636 0.672676086426
as 0.387499988079 0.560000002384 0.759259283543 0.721739113331
bs 1.0 0.208333328366 0.185185179114 0.699999988079
ds 0.323170721531 0.0 0.0 0.463576167822
gs 0.444444447756 0.0645161271095 0.0294117648154 0.632352948189
ts 0.327272713184 0.0 0.0 0.435714274645
a 0.19803237915 0.133562237024 0.167506039143 0.228216335177
b 0.249800935388 0.102445691824 0.0823965743184 0.118553742766
d 0.213037729263 0.478937923908 0.504486739635 0.379040539265
g 0.0957516357303 0.0907571688294 0.0407647676766 0.0606050640345
t 0.243377313018 0.194296970963 0.204845905304 0.213584303856
h 1.0 1.0 1.0 1.0
c 0.0224496088922 0 0 0
Aa 0.542215466499 0.481456398964 0.278477519751 0.740058541298
Ab 0.643073320389 0.366266459227 -0.0296437628567 0.455627083778
Ad 0.573935806751 1.0360519886 0.757296800613 0.960397481918
Ag 0.226625442505 0.313653677702 -0.335267961025 0.164220705628
At 0.631759345531 0.644238770008 0.365874350071 0.711281120777
as 0.41249999404 0.600000023842 0.611111104488 0.730434775352
bs 1.0 0.0416666679084 0.222222223878 0.766666650772
ds 0.327160507441 0.0 0.0 0.503311276436
gs 0.5 0.0322580635548 0.0588235296309 0.641791045666
ts 0.33027523756 0.0 0.0 0.464285701513
a 0.195094183087 0.124491885304 0.135167136788 0.21837259829
b 0.244879558682 0.0838521048427 0.0811862275004 0.117314592004
d 0.227500632405 0.516430675983 0.540699124336 0.39670675993
g 0.0983965247869 0.0798745751381 0.0407736711204 0.0562010779977
t 0.234129115939 0.195350781083 0.202173873782 0.211404979229
h 1.0 1.0 1.0 1.0
c 0.0325286500156 0 0 0
Aa 0.543262839317 0.485797941685 0.196275770664 0.76089155674
Ab 0.641971051693 0.314170867205 -0.0251129791141 0.491045415401
Ad 0.610001087189 1.10366892815 0.798360288143 1.02016294003
Ag 0.245998263359 0.293065458536 -0.324215501547 0.17143805325
At 0.622473955154 0.681472063065 0.371129691601 0.746808588505
as 0.41249999404 0.600000023842 0.444444447756 0.747826099396
bs 1.0 0.0 0.222222223878 0.833333313465
ds 0.351851850748 0.0 0.0 0.543046355247
gs 0.555555582047 0.0 0.088235296309 0.651515126228
ts 0.321100920439 0.0 0.0 0.485714286566
a 0.193392336369 0.117440380156 0.117002375424 0.210627749562
b 0.238080814481 0.0686801299453 0.0799597650766 0.114745333791
d 0.244895964861 0.550403952599 0.56722676754 0.412914097309
g 0.0997144728899 0.0702671632171 0.0410311929882 0.0531490184367
t 0.2239164114 0.193208381534 0.194779917598 0.208563789725
h 1.0 1.0 1.0 1.0
c 0.0427487008274 0 0 0
Aa 0.543262839317 0.48561373353 0.142628893256 0.772925496101
Ab 0.633547961712 0.252627402544 -0.0226942673326 0.509144961834
Ad 0.645805180073 1.15647780895 0.828190922737 1.06526958942
Ag 0.255581766367 0.262548685074 -0.312451630831 0.17490516603
At 0.606909513474 0.701822221279 0.363978415728 0.768648803234
as 0.41249999404 0.600000023842 0.351851850748 0.756521761417
bs 0.976744174957 0.0 0.25925925374 0.866666674614
ds 0.358490556479 0.0 0.0 0.566666662693
gs 0.583333313465 0.0 0.147058829665 0.640625
ts 0.302752286196 0.0 0.0 0.507142841816
a 0.193598628044 0.112337306142 0.113064184785 0.20865547657
b 0.231391310692 0.0590952523053 0.0798888131976 0.111081399024
d 0.260120213032 0.574606478214 0.58113437891 0.413935661316
g 0.0996625125408 0.0631286650896 0.0422394275665 0.0515771917999
t 0.215227335691 0.190832331777 0.183673202991 0.214750260115
h 1.0 1.0 1.0 1.0
c 0.052977450192 0 0 0
Aa 0.543262839317 0.471951007843 0.127638250589 0.766008853912
Ab 0.620707631111 0.192979604006 -0.0232008546591 0.492220401764
Ad 0.671534657478 1.1807975769 0.838589727879 1.06351184845
Ag 0.254892379045 0.221653610468 -0.299968779087 0.15903672576
At 0.589257955551 0.702078938484 0.338358998299 0.778512716293
as 0.41249999404 0.579999983311 0.33962264657 0.747826099396
bs 0.953488349915 0.0 0.222222223878 0.833333313465
ds 0.377358496189 0.0149253727868 0.0138888889924 0.566666662693
gs 0.600000023842 0.0 0.176470592618 0.625
ts 0.293577969074 0.0 0.0 0.514285743237
a 0.185365691781 0.110818222165 0.116252973676 0.206000730395
b 0.22989949584 0.0548418052495 0.0816411674023 0.107531823218
d 0.267690569162 0.588077664375 0.585510849953 0.419486701488
g 0.100993908942 0.0578990243375 0.0447416268289 0.0499518886209
t 0.216050326824 0.188363298774 0.171853378415 0.217028841376
h 1.0 1.0 1.0 1.0
c 0.052977450192 0 0 0
Aa 0.504875957966 0.455737382174 0.127638250589 0.751649141312
Ab 0.598384618759 0.150237947702 -0.0258566271514 0.469317376614
Ad 0.664479672909 1.18056082726 0.829769134521 1.06049859524
Ag 0.241141796112 0.173797428608 -0.28705406189 0.136332273483
At 0.571401536465 0.686122477055 0.297392249107 0.774297833443
as 0.362500011921 0.540000021458 0.33962264657 0.734513282776
bs 0.906976759434 0.0 0.222222223878 0.800000011921
ds 0.371069192886 0.0149253727868 0.0 0.566666662693
gs 0.571428596973 0.0 0.205882355571 0.571428596973
ts 0.275229364634 0.0 0.0 0.507142841816
a 0.172047093511 0.112148106098 0.121741488576 0.197793737054
b 0.229468390346 0.0549196638167 0.0851100832224 0.107352212071
d 0.278840988874 0.590382874012 0.583296597004 0.426013916731
g 0.10102763027 0.0541224554181 0.0481485836208 0.0493132025003
t 0.218615889549 0.188426882029 0.161703228951 0.219526931643
h 1.0 1.0 1.0 1.0
c 0.052977450192 0 0 0
Aa 0.453924626112 0.443204075098 0.127638250589 0.716554701328
Ab 0.579000174999 0.133140027523 -0.0278193689883 0.451153129339
Ad 0.663633882999 1.16454589367 0.808089077473 1.04976594448
Ag 0.222717449069 0.126789659262 -0.275216847658 0.113305345178
At 0.557959020138 0.668555021286 0.250918328762 0.761829972267
as 0.307692319155 0.519999980927 0.33962264657 0.699115037918
bs 0.860465109348 0.0 0.222222223878 0.766666650772
ds 0.371069192886 0.0 0.0 0.560000002384
gs 0.514285743237 0.0 0.235294118524 0.532258093357
ts 0.266055047512 0.0 0.0 0.5
a 0.172052145004 0.115084454417 0.127440989017 0.195789039135
b 0.228721871972 0.057532325387 0.089399471879 0.10941093415
d 0.281486719847 0.585631608963 0.577090442181 0.42505723238
g 0.100464209914 0.051598675549 0.0515794530511 0.0495921261609
t 0.217275038362 0.190152928233 0.15448962152 0.22015067935
h 1.0 1.0 1.0 1.0
c 0.052977450192 0 0 0
Aa 0.442655861378 0.438425838947 0.127638250589 0.697194516659
Ab 0.566303431988 0.13732111454 -0.0263359490782 0.444466918707
Ad 0.656453669071 1.14503371716 0.783573031425 1.03385353088
Ag 0.209007143974 0.0900477319956 -0.265194147825 0.100818894804
At 0.544005572796 0.656512200832 0.211228400469 0.748126208782
as 0.30263158679 0.519999980927 0.33962264657 0.681415915489
bs 0.813953459263 0.0 0.222222223878 0.75
ds 0.364779859781 0.0 0.0 0.546666681767
gs 0.485714286566 0.0 0.272727280855 0.50819671154
ts 0.25 0.0 0.0 0.49640288949
a 0.176155969501 0.117493763566 0.131376624107 0.194367587566
b 0.229518100619 0.0608397498727 0.0939943417907 0.1143546924
d 0.278767794371 0.578824996948 0.569548487663 0.418991833925
g 0.10168903321 0.0501968488097 0.0541316568851 0.0517373532057
t 0.213869124651 0.192644625902 0.150948911905 0.220548525453
h 1.0 1.0 1.0 1.0
c 0.052977450192 0 0 0
Aa 0.447673410177 0.438425838947 0.127638250589 0.684806644917
Ab 0.562592983246 0.152598440647 -0.0177781544626 0.454436779022
Ad 0.647018671036 1.13095831871 0.764650821686 1.01838839054
Ag 0.209050178528 0.0690874755383 -0.257428526878 0.109986975789
At 0.531924188137 0.653167903423 0.187950134277 0.739686965942
as 0.315789461136 0.519999980927 0.33962264657 0.650943398476
bs 0.813953459263 0.0 0.25925925374 0.766666650772
ds 0.356687903404 0.0 0.0 0.540000021458
gs 0.485714286566 0.0 0.303030312061 0.524590134621
ts 0.242990657687 0.0 0.0 0.485507249832
a 0.180347621441 0.117745101452 0.132520616055 0.195080429316
b 0.230348348618 0.0637562200427 0.0984025523067 0.121672645211
d 0.276476353407 0.57425403595 0.562984347343 0.408459156752
g 0.105306081474 0.0495822317898 0.0552841573954 0.0556083954871
t 0.207521617413 0.194662407041 0.150808334351 0.21917937696
h 1.0 1.0 1.0 1.0
c 0.052977450192 0 0 0
Aa 0.460070371628 0.438425838947 0.127638250589 0.688510894775
Ab 0.56634503603 0.172005534172 -0.0016388084041 0.483490169048
Ad 0.645617902279 1.12658703327 0.755851149559 1.00944578648
Ag 0.226413398981 0.0628090426326 -0.252044469118 0.143437564373
At 0.521023273468 0.65676510334 0.183780163527 0.739096879959
as 0.328947365284 0.519999980927 0.33962264657 0.660377383232
bs 0.813953459263 0.0 0.333333343267 0.816666662693
ds 0.35897436738 0.0 0.0 0.533333361149
gs 0.514285743237 0.0 0.333333343267 0.559322059155
ts 0.233644858003 0.0 0.0 0.477941185236
a 0.179191723466 0.117140598595 0.131565198302 0.214657559991
b 0.23184004426 0.06596326828 0.102397702634 0.128385469317
d 0.278502166271 0.571868896484 0.557059824467 0.386032551527
g 0.11124394834 0.0494168847799 0.0553147271276 0.0588374584913
t 0.199222132564 0.19561034441 0.153662577271 0.212086960673
h 1.0 1.0 1.0 1.0
c 0.0632611364126 0 0 0
Aa 0.462520569563 0.44107607007 0.127638250589 0.752914249897
Ab 0.574391067028 0.191670790315 0.0187874063849 0.529683947563
Ad 0.654031217098 1.12966513634 0.754399001598 1.007791996
Ag 0.255479007959 0.0662439987063 -0.248662024736 0.190821960568
At 0.508540213108 0.663760483265 0.195065304637 0.747682034969
as 0.328947365284 0.519999980927 0.33962264657 0.680851042271
bs 0.857142865658 0.0 0.407407402992 0.898305058479
ds 0.365384608507 0.0 0.0 0.526666641235
gs 0.600000023842 0.0 0.333333343267 0.631578922272
ts 0.224299058318 0.0129870129749 0.0 0.477941185236
a 0.179132431746 0.116686016321 0.130597770214 0.215762063861
b 0.232444763184 0.0680655539036 0.105988867581 0.13897831738
d 0.282290488482 0.569990813732 0.55006736517 0.372342735529
g 0.117408707738 0.0499134361744 0.055024959147 0.0625851154327
t 0.18872359395 0.195344179869 0.158321037889 0.210331767797
h 1.0 1.0 1.0 1.0
c 0.0747559443116 0 0 0
Aa 0.468544572592 0.444648891687 0.127638250589 0.77402305603
Ab 0.581690132618 0.210557430983 0.036962762475 0.582994997501
Ad 0.666066586971 1.13349795341 0.75211840868 1.01099085808
Ag 0.285070687532 0.0758475363255 -0.247737780213 0.236518993974
At 0.491196572781 0.668430507183 0.211241111159 0.762952804565
as 0.361111104488 0.519999980927 0.33962264657 0.702127635479
bs 0.880952358246 0.0 0.444444447756 0.983050823212
ds 0.371794879436 0.0 0.0 0.533333361149
gs 0.685714304447 0.0 0.333333343267 0.690909087658
ts 0.20560747385 0.0131578948349 0.0 0.492647051811
a 0.178097143769 0.116724953055 0.131690263748 0.209182679653
b 0.233317553997 0.0710419267416 0.109703294933 0.150359630585
d 0.288681536913 0.567083179951 0.539766788483 0.36380469799
g 0.122923560441 0.0515843108296 0.0552925169468 0.0653427317739
t 0.17698019743 0.193565651774 0.163547113538 0.211310252547
h 1.0 1.0 1.0 1.0
c 0.0873351618648 0 0 0
Aa 0.466031134129 0.444648891687 0.127638250589 0.77402305603
Ab 0.58332157135 0.228999882936 0.0483042448759 0.630628526211
Ad 0.675793230534 1.13113188744 0.740290760994 1.01436567307
Ag 0.305009305477 0.0900028124452 -0.249249055982 0.268694579601
At 0.463298857212 0.664313435555 0.221727475524 0.778417885303
as 0.367647051811 0.519999980927 0.33962264657 0.702127635479
bs 0.880952358246 0.0 0.518518507481 1.0
ds 0.378205120564 0.0 0.0 0.533333361149
gs 0.742857158184 0.0 0.333333343267 0.763636350632
ts 0.180952385068 0.0 0.0 0.507352948189
a 0.18062967062 0.119493380189 0.135882362723 0.204925075173
b 0.233343064785 0.0756495371461 0.115092717111 0.159376487136
d 0.295950829983 0.559442400932 0.522905528545 0.35677626729
g 0.126417919993 0.0549795851111 0.0570573098958 0.0665959492326
t 0.163658484817 0.190435111523 0.169062077999 0.212326198816
h 1.0 1.0 1.0 1.0
c 0.10030477494 0 0 0
Aa 0.464823335409 0.444648891687 0.125123977661 0.770981669426
Ab 0.57602918148 0.246111318469 0.0530087128282 0.661810815334
Ad 0.679253816605 1.11506032944 0.710384070873 1.01178252697
Ag 0.309842884541 0.107506483793 -0.251727849245 0.282834351063
At 0.42197278142 0.647052049637 0.220007047057 0.786390125751
as 0.367647051811 0.519999980927 0.32075470686 0.695652186871
bs 0.857142865658 0.0 0.518518507481 1.0
ds 0.383116871119 0.0 0.0 0.533333361149
gs 0.771428585052 0.0 0.333333343267 0.781818211079
ts 0.142857149243 0.0 0.0 0.5
a 0.185718730092 0.116667576134 0.144423991442 0.200272381306
b 0.232764422894 0.0838905051351 0.124389536679 0.166531637311
d 0.303221940994 0.549817144871 0.495330899954 0.35205796361
g 0.127756729722 0.0614964105189 0.061202827841 0.0677685514092
t 0.150538176298 0.188128381968 0.174652740359 0.213369458914
h 1.0 1.0 1.0 1.0
c 0.113035812974 0 0 0
Aa 0.461136460304 0.404396772385 0.119216881692 0.750881254673
Ab 0.559197366238 0.261159420013 0.0543613806367 0.670756936073
Ad 0.674041390419 1.07766485214 0.654472947121 0.995874345303
Ag 0.298664569855 0.126296371222 -0.253650993109 0.280288368464
At 0.369927406311 0.611900925636 0.20175293088 0.77839243412
as 0.367647051811 0.439999997616 0.32075470686 0.673913061619
bs 0.833333313465 0.0 0.518518507481 1.0
ds 0.379084974527 0.0 0.0 0.519999980927
gs 0.742857158184 0.0 0.28125 0.781818211079
ts 0.095238097012 0.0 0.0 0.5
a 0.194856926799 0.113389499485 0.153164446354 0.204401925206
b 0.231196552515 0.0972005277872 0.14079348743 0.171471193433
d 0.306431889534 0.530088484287 0.455989778042 0.34126162529
g 0.126598447561 0.0720760002732 0.0688655152917 0.0694914534688
t 0.140916198492 0.187245473266 0.181186765432 0.213373824954
h 1.0 1.0 1.0 1.0
c 0.124747499824 0 0 0
Aa 0.461136460304 0.341271907091 0.0920465365052 0.734057605267
Ab 0.53540199995 0.274367660284 0.0554711483419 0.657763779163
Ad 0.657754600048 1.01104748249 0.565843701363 0.956660032272
Ag 0.273848980665 0.144489720464 -0.255109608173 0.265504032373
At 0.320381551981 0.559110403061 0.165015056729 0.752713739872
as 0.367647051811 0.319999992847 0.264150947332 0.652173936367
bs 0.761904776096 0.03125 0.518518507481 1.0
ds 0.372549027205 0.0 0.0 0.493333339691
gs 0.657142877579 0.0 0.28125 0.745454549789
ts 0.047619048506 0.0 0.0 0.477272719145
a 0.198304310441 0.134004235268 0.16006809473 0.220122665167
b 0.226239383221 0.113145284355 0.166004657745 0.173351511359
d 0.305450290442 0.482566595078 0.405212074518 0.318056225777
g 0.121628530324 0.0847399532795 0.080599412322 0.0711966529489
t 0.148377507925 0.18554392457 0.188115775585 0.217272952199
h 1.0 1.0 1.0 1.0
c 0.135394856334 0 0 0
Aa 0.453677117825 0.361690461636 0.0404881648719 0.734057605267
Ab 0.510913193226 0.288208395243 0.0563036575913 0.630320489407
Ad 0.641285479069 0.918129205704 0.443865776062 0.893896758556
Ag 0.241380423307 0.162660166621 -0.257484734058 0.243852421641
At 0.327713012695 0.503018677235 0.110608614981 0.728398501873
as 0.369230777025 0.346938788891 0.169811323285 0.652173936367
bs 0.714285731316 0.09375 0.518518507481 1.0
ds 0.359477132559 0.0 0.0 0.449664443731
gs 0.571428596973 0.0 0.28125 0.703703701496
ts 0.0571428574622 0.0 0.0 0.458015263081
a 0.211123496294 0.175522968173 0.163633570075 0.239666357636
b 0.195229902864 0.121833540499 0.195783495903 0.182481199503
d 0.304017812014 0.418945342302 0.352558344603 0.282657951117
g 0.101928040385 0.0914928242564 0.0944235548377 0.0773641169071
t 0.187700718641 0.19220533967 0.193601027131 0.217830359936
h 1.0 1.0 1.0 1.0
c 0.135394856334 0 0 0
Aa 0.526216983795 0.465544760227 -0.0235045142472 0.734057605267
Ab 0.492226749659 0.306977659464 0.0543991327286 0.615668654442
Ad 0.684579432011 0.843368172646 0.309854090214 0.805711746216
Ag 0.209974080324 0.18259781599 -0.262296587229 0.242990121245
At 0.475146353245 0.504976212978 0.0495307147503 0.692568957806
as 0.476923078299 0.551020383835 0.0377358496189 0.652173936367
bs 0.666666686535 0.125 0.518518507481 0.983870983124
ds 0.38562092185 0.0 0.0 0.389261752367
gs 0.485714286566 0.0 0.28125 0.703703701496
ts 0.190476194024 0.0 0.0 0.423076927662
a 0.223537430167 0.225581049919 0.169052645564 0.264011919498
b 0.137182369828 0.107437908649 0.211202606559 0.197466760874
d 0.319716513157 0.376120716333 0.325683861971 0.231648132205
g 0.0699652060866 0.0802309960127 0.101670585573 0.0855501815677
t 0.249598488212 0.210629329085 0.192390277982 0.221323028207
h 1.0 1.0 1.0 1.0
c 0.135394856334 0 0 0
Aa 0.694098591805 0.656065106392 -0.0479654856026 0.734057605267
Ab 0.482046633959 0.333920001984 0.0487118139863 0.607928097248
Ad 0.849513411522 0.878089725971 0.236808791757 0.677262842655
Ag 0.189630433917 0.207104668021 -0.268792152405 0.244655013084
At 0.74199026823 0.626281321049 0.00819566473365 0.657460689545
as 0.73846155405 0.938775539398 0.0 0.652173936367
bs 0.642857134342 0.21875 0.518518507481 0.983333349228
ds 0.496732026339 0.0 0.0 0.193798452616
gs 0.428571432829 0.0 0.25 0.703703701496
ts 0.447619050741 0.0 0.0 0.387596905231
a 0.223594799638 0.259299457073 0.159011721611 0.285199522972
b 0.087003685534 0.0809885337949 0.199766039848 0.215859651566
d 0.354090005159 0.373065650463 0.35644286871 0.176467895508
g 0.0443256832659 0.0600863099098 0.0962575003505 0.0938256084919
t 0.290985822678 0.226560041308 0.188521876931 0.228647321463
h 1.0 1.0 1.0 1.0
c 0.135394856334 0 0 0
Aa 0.889183104038 0.872966170311 -0.0573272071779 0.734057605267
Ab 0.47925901413 0.367588073015 0.0417652949691 0.613080263138
Ad 1.08883500099 1.03094983101 0.293233573437 0.525574505329
Ag 0.186376824975 0.237940073013 -0.275321781635 0.251230180264
At 1.00359320641 0.814347863197 0.0166053920984 0.638074934483
as 1.0 1.0 0.0 0.652173936367
bs 0.642857134342 0.34375 0.481481492519 1.0
ds 0.653594791889 0.0 0.0 0.0775193795562
gs 0.40000000596 0.0975609719753 0.21875 0.722222208977
ts 0.708737850189 0.230769231915 0.0 0.379844963551
a 0.194793432951 0.237219452858 0.133997932076 0.294622063637
b 0.0592916235328 0.0639305710793 0.172167390585 0.232090607285
d 0.401191025972 0.40564507246 0.424489706755 0.134919643402
g 0.0308689959347 0.0475038029253 0.0828211680055 0.0997668430209
t 0.313854902983 0.245701089501 0.186523795128 0.238600835204
h 1.0 1.0 1.0 1.0
c 0.135394856334 0 0 0
Aa 0.9969201684 0.972096920013 -0.0713696479797 0.734057605267
Ab 0.480339169502 0.402655214071 0.0374831333756 0.63044989109
Ad 1.3106970787 1.20509278774 0.429399400949 0.394867509604
Ag 0.196868345141 0.273674994707 -0.280326396227 0.263778537512
At 1.20407474041 0.987353682518 0.072266459465 0.642464280128
as 1.0 1.0 0.0 0.652173936367
bs 0.634146332741 0.4375 0.481481492519 1.0
ds 0.797385632992 0.168831169605 0.0 0.0
gs 0.441176474094 0.170731708407 0.225806444883 0.740740716457
ts 0.90291261673 0.44155845046 0.0 0.375
a 0.154628545046 0.194086626172 0.114069856703 0.290816873312
b 0.0454400107265 0.055293828249 0.146039962769 0.242508977652
d 0.449377149343 0.445710748434 0.486021071672 0.11661285907
g 0.0244585871696 0.0417172275484 0.0698370486498 0.102528832853
t 0.326095700264 0.263191580772 0.184032067657 0.247532442212
h 1.0 1.0 1.0 1.0
c 0.146064296365 0 0 0
Aa 1.01407110691 0.978597104549 -0.0703254416585 0.734057605267
Ab 0.482219904661 0.433278143406 0.0369753576815 0.655165791512
Ad 1.47739243507 1.33965456486 0.559158742428 0.337184399366
Ag 0.21321284771 0.310916900635 -0.283410459757 0.28128400445
At 1.33812654018 1.11087346077 0.137397170067 0.664070129395
as 1.0 1.0 0.0 0.652173936367
bs 0.634146332741 0.53125 0.444444447756 1.0
ds 0.901960790157 0.350649356842 0.0 0.0
gs 0.5 0.268292695284 0.193548381329 0.777777791023
ts 1.0 0.610389590263 0.0 0.390625
a 0.12961435318 0.168767392635 0.100958332419 0.279727548361
b 0.0381763540208 0.0506463125348 0.129038766026 0.248418331146
d 0.484388500452 0.470417261124 0.525227129459 0.115025900304
g 0.0211318843067 0.0393101908267 0.0616961270571 0.102919816971
t 0.326688885689 0.270858824253 0.183079659939 0.25390842557
h 1.0 1.0 1.0 1.0
c 0.157169520855 0 0 0
Aa 1.01407110691 0.978597104549 -0.0703254416585 0.734057605267
Ab 0.483212500811 0.455856412649 0.0362526029348 0.682506024837
Ad 1.58661186695 1.42379188538 0.645879507065 0.348118007183
Ag 0.22635628283 0.345813751221 -0.284209698439 0.299821346998
At 1.4155523777 1.18405163288 0.188172489405 0.691999435425
as 1.0 1.0 0.0 0.652173936367
bs 0.634146332741 0.59375 0.444444447756 1.0
ds 0.993333339691 0.44736841321 0.0 0.0147058824077
gs 0.515151500702 0.324999988079 0.193548381329 0.814814805984
ts 1.0 0.701298713684 0.0 0.417322844267
a 0.122787497938 0.156826406717 0.0921193659306 0.26819679141
b 0.0364402420819 0.0489234626293 0.11892734468 0.25148832798
d 0.489901602268 0.482576370239 0.546978890896 0.121741265059
g 0.0202802605927 0.0391043648124 0.058044500649 0.101150795817
t 0.33059039712 0.272569417953 0.183929920197 0.257422804832
h 1.0 1.0 1.0 1.0
c 0.168813690543 0 0 0
Aa 1.01407110691 0.978597104549 -0.0820625051856 0.734057605267
Ab 0.486498296261 0.472695082426 0.0288682952523 0.706121861935
Ad 1.61502587795 1.46674394608 0.691557109356 0.391041815281
Ag 0.231990531087 0.375403165817 -0.28265234828 0.31057330966
At 1.44420719147 1.2186549902 0.218238949776 0.716251015663
as 1.0 1.0 0.0 0.659340679646
bs 0.634146332741 0.677419364452 0.444444447756 1.0
ds 1.0 0.5 0.0 0.0441176481545
gs 0.54545456171 0.40000000596 0.225806444883 0.849056601524
ts 1.0 0.753246724606 0.0105263162404 0.433070868254
a 0.115997351706 0.152078121901 0.0886759087443 0.262378782034
b 0.0342414677143 0.0492270961404 0.111107364297 0.252524703741
d 0.495932340622 0.487138777971 0.557519674301 0.129172578454
g 0.0188895352185 0.0399451814592 0.056980792433 0.0970417335629
t 0.334939301014 0.271610826254 0.185716256499 0.258882194757
h 1.0 1.0 1.0 1.0
c 0.180047273636 0 0 0
Aa 1.01407110691 0.978597104549 -0.0867061242461 0.734057605267
Ab 0.484175473452 0.488734602928 0.0112310703844 0.71743273735
Ad 1.64504551888 1.48418307304 0.711748421192 0.426299214363
Ag 0.225844338536 0.397994786501 -0.278783291578 0.302087426186
At 1.47458922863 1.23047745228 0.23433816433 0.728231072426
as 1.0 1.0 0.0 0.647727251053
bs 0.634146332741 0.741935491562 0.370370358229 1.0
ds 1.0 0.533333361149 0.0 0.0661764740944
gs 0.515151500702 0.47499999404 0.225806444883 0.830188691616
ts 1.0 0.766233742237 0.0210526324809 0.448818892241
a 0.109048679471 0.150103956461 0.0835640802979 0.264981716871
b 0.0314555428922 0.0506936870515 0.103447519243 0.250263541937
d 0.502722620964 0.488301873207 0.568406522274 0.13680061698
g 0.0169638488442 0.0408987104893 0.0569093078375 0.0903389528394
t 0.339809298515 0.270001769066 0.187672540545 0.257615178823
h 1.0 1.0 1.0 1.0
c 0.190144613385 0 0 0
Aa 1.01325368881 0.978597104549 -0.106631115079 0.731275558472
Ab 0.473330467939 0.507158815861 -0.0139306867495 0.706457257271
Ad 1.67696177959 1.49089336395 0.726008296013 0.444147735834
Ag 0.2051576823 0.413914561272 -0.273467451334 0.263934731483
At 1.50686848164 1.23357152939 0.244749948382 0.719031095505
as 1.0 1.0 0.0 0.639534890652
bs 0.609756112099 0.774193525314 0.25925925374 1.0
ds 1.0 0.546666681767 0.0120481923223 0.0808823555708
gs 0.454545468092 0.487179487944 0.225806444883 0.754716992378
ts 1.0 0.766233742237 0.0315789468586 0.440944880247
a 0.11010363698 0.148664101958 0.0797085762024 0.247453793883
b 0.0305205192417 0.0525799430907 0.0953243821859 0.252959936857
d 0.505777060986 0.488637447357 0.580321967602 0.150138795376
g 0.015466096811 0.0416356660426 0.0565733462572 0.0844890251756
t 0.338132709265 0.268482863903 0.188071742654 0.26495847106
h 1.0 1.0 1.0 1.0
c 0.190144613385 0 0 0
Aa 1.01799023151 0.978597104549 -0.117335647345 0.655987560749
Ab 0.460780471563 0.527211070061 -0.0396367013454 0.665545165539
Ad 1.68014764786 1.49537777901 0.744828343391 0.438986390829
Ag 0.165569275618 0.425856500864 -0.266228824854 0.189293757081
At 1.50527572632 1.23530757427 0.255482882261 0.685671269894
as 1.0 1.0 0.0 0.546511650085
bs 0.585365831852 0.838709652424 0.192307695746 1.0
ds 1.0 0.546666681767 0.0361445769668 0.0808823555708
gs 0.333333343267 0.512820541859 0.258064508438 0.622641503811
ts 1.0 0.766233742237 0.0421052649617 0.409448832273
a 0.110663279891 0.147278979421 0.0762483999133 0.187685728073
b 0.0292906481773 0.054085675627 0.0882818773389 0.217969700694
d 0.508236587048 0.489294499159 0.592028677464 0.261041641235
g 0.0143108824268 0.0423525981605 0.0560644492507 0.0788878202438
t 0.337498605251 0.266988247633 0.187376633286 0.254415124655
h 1.0 1.0 1.0 1.0
c 0.179407536983 0 0 0
Aa 1.01931416988 0.978597104549 -0.123099014163 0.489220172167
Ab 0.44203966856 0.543538570404 -0.059458181262 0.554185032845
Ad 1.68137657642 1.50002670288 0.767013013363 0.63249874115
Ag 0.130977079272 0.437336415052 -0.256642192602 0.11279887706
At 1.50358271599 1.23694849014 0.267385691404 0.621331810951
as 1.0 1.0 0.0 0.329268306494
bs 0.536585390568 0.899999976158 0.115384615958 0.800000011921
ds 1.0 0.55405408144 0.0602409653366 0.220588237047
gs 0.242424249649 0.538461565971 0.290322571993 0.471698105335
ts 1.0 0.766233742237 0.0631578937173 0.362204730511
a 0.110411256552 0.146081402898 0.0740386769176 0.120940804482
b 0.0278218928725 0.0549687407911 0.0830257460475 0.182965829968
d 0.510870277882 0.490113198757 0.600490570068 0.364813178778
g 0.0137363467366 0.043257586658 0.0558034069836 0.0826774984598
t 0.337160199881 0.265579074621 0.186641588807 0.248602688313
h 1.0 1.0 1.0 1.0
c 0.168006852269 0 0 0
Aa 1.0179592371 0.978597104549 -0.123099014163 0.26272931695
Ab 0.419332593679 0.554117977619 -0.0733448565006 0.442526459694
Ad 1.68325650692 1.50429856777 0.785948514938 0.742227017879
Ag 0.112817168236 0.450064480305 -0.245896950364 0.0975437834859
At 1.50278222561 1.23819601536 0.278450757265 0.575662314892
as 1.0 1.0 0.0 0.0487804859877
bs 0.487804889679 0.933333337307 0.0384615398943 0.600000023842
ds 1.0 0.547945201397 0.0843373462558 0.2932330966
gs 0.181818187237 0.589743614197 0.322580635548 0.452830195427
ts 1.0 0.766233742237 0.0736842080951 0.322834640741
a 0.110861845315 0.145187303424 0.0725821629167 0.109447821975
b 0.0263304430991 0.0554327443242 0.0791400596499 0.148289531469
d 0.51270455122 0.490999281406 0.605733692646 0.417982965708
g 0.0136236036196 0.0442716740072 0.0557912513614 0.0875390544534
t 0.33647954464 0.264109015465 0.186752825975 0.236740604043
h 1.0 1.0 1.0 1.0
c 0.156865313649 0 0 0
Aa 1.02128982544 0.978597104549 -0.123099014163 0.231187522411
Ab 0.396965831518 0.560434877872 -0.0855325385928 0.363090902567
Ad 1.68637478352 1.50774931908 0.798352837563 0.813139021397
Ag 0.110799662769 0.462794423103 -0.23736281693 0.134182244539
At 1.50346636772 1.23845171928 0.287338256836 0.566253185272
as 1.0 1.0 0.0 0.0121951214969
bs 0.414634138346 0.966666638851 0.0 0.444444447756
ds 1.0 0.547945201397 0.108433738351 0.345864653587
gs 0.15625 0.615384638309 0.354838699102 0.509433984756
ts 1.0 0.779220759869 0.0842105299234 0.314960628748
a 0.110024593771 0.144450470805 0.0718246623874 0.126082345843
b 0.0251217093319 0.055828012526 0.075832515955 0.12147372961
d 0.514534115791 0.492127686739 0.609590888023 0.430236250162
g 0.0136610902846 0.0450323037803 0.0555528141558 0.0865565910935
t 0.336658477783 0.262561529875 0.187199130654 0.235651090741
h 1.0 1.0 1.0 1.0
c 0.146511510015 0 0 0
Aa 1.02128982544 0.978597104549 -0.122739136219 0.344415336847
Ab 0.37984919548 0.565730333328 -0.0991572588682 0.328243464231
Ad 1.69121420383 1.51095592976 0.806025743484 0.877468049526
Ag 0.115285366774 0.472402304411 -0.234306648374 0.181061223149
At 1.50698959827 1.238109231 0.293291121721 0.616030573845
as 1.0 1.0 0.0 0.135802462697
bs 0.390243887901 0.966666638851 0.0 0.377358496189
ds 1.0 0.561643838882 0.108433738351 0.390977442265
gs 0.15625 0.641025662422 0.354838699102 0.603773593903
ts 1.0 0.766233742237 0.0842105299234 0.354330718517
a 0.109817370772 0.143470481038 0.0727542564273 0.151429399848
b 0.0240197516978 0.0562423691154 0.0727774053812 0.0933187603951
d 0.515608429909 0.494075447321 0.612900078297 0.427596330643
g 0.0134258083999 0.0451356060803 0.0542990043759 0.0726165100932
t 0.337128669024 0.26107609272 0.18726927042 0.255039006472
h 1.0 1.0 1.0 1.0
c 0.146511510015 0 0 0
Aa 1.02984428406 0.978597104549 -0.110995642841 0.53355962038
Ab 0.369741737843 0.571898162365 -0.110857456923 0.323318421841
Ad 1.70149314404 1.51562786102 0.814535617828 0.984383404255
Ag 0.117113657296 0.476353853941 -0.238062188029 0.214384824038
At 1.51696884632 1.23860168457 0.299612492323 0.75995606184
as 1.0 1.0 0.0 0.370370358229
bs 0.365853667259 1.0 0.0 0.358490556479
ds 1.0 0.561643838882 0.12195122242 0.473684221506
gs 0.15625 0.641025662422 0.354838699102 0.660377383232
ts 1.0 0.779220759869 0.0947368443012 0.468253970146
a 0.114082552493 0.142387509346 0.0796386525035 0.154744714499
b 0.0226826649159 0.0567954666913 0.0702088698745 0.0623622238636
d 0.514427185059 0.49650734663 0.611526548862 0.423610270023
g 0.0126329828054 0.0448747985065 0.0516556836665 0.0439791642129
t 0.336174637079 0.259434908628 0.186970248818 0.315303623676
h 1.0 1.0 1.0 1.0
c 0.135706230998 0 0 0
Aa 1.06610941887 0.978597104549 -0.058666780591 0.718039274216
Ab 0.364584326744 0.579438924789 -0.11339867115 0.323345065117
Ad 1.72021412849 1.52105093002 0.826624631882 1.15538990498
Ag 0.110396124423 0.477127730846 -0.246672570705 0.171670466661
At 1.5354552269 1.23915362358 0.311981856823 1.02715241909
as 1.0 1.0 0.0555555559695 0.604938268661
bs 0.341463416815 1.0 0.0 0.346153855324
ds 1.0 0.575342476368 0.134146347642 0.60150372982
gs 0.129032254219 0.641025662422 0.322580635548 0.576923072338
ts 1.0 0.779220759869 0.0957446843386 0.666666686535
a 0.116728000343 0.142481520772 0.0904112681746 0.135900378227
b 0.0213999859989 0.0579014346004 0.0692576467991 0.041506189853
d 0.517495274544 0.498136401176 0.604154348373 0.444361448288
g 0.0114970104769 0.045298691839 0.0483770854771 0.0261576529592
t 0.332879722118 0.256181955338 0.18779964745 0.352074354887
h 1.0 1.0 1.0 1.0
c 0.12371994555 0 0 0
Aa 1.09834516048 0.978597104549 0.0138670532033 0.845902979374
Ab 0.361583679914 0.587527871132 -0.10188780725 0.330795168877
Ad 1.74507653713 1.52218687534 0.838792383671 1.36041867733
Ag 0.0917550995946 0.480924248695 -0.257715821266 0.130281090736
At 1.55345749855 1.23338711262 0.331339240074 1.25931668282
as 1.0 1.0 0.185185179114 0.753086447716
bs 0.341463416815 1.0 0.0 0.340000003576
ds 1.0 0.575342476368 0.158536583185 0.765151500702
gs 0.0645161271095 0.684210538864 0.290322571993 0.5
ts 1.0 0.766233742237 0.117021277547 0.860655725002
a 0.115474671125 0.145597115159 0.0977800935507 0.110570669174
b 0.0206608474255 0.0603896640241 0.0707717761397 0.0304331500083
d 0.526133358479 0.496184378862 0.594664573669 0.472458332777
g 0.0104077095166 0.0476245284081 0.0458023734391 0.0173352919519
t 0.327323436737 0.25020429492 0.190981164575 0.369202554226
h 1.0 1.0 1.0 1.0
c 0.110552638769 0 0 0
Aa 1.10599017143 0.978597104549 0.0605515874922 0.899394094944
Ab 0.358651489019 0.596406936646 -0.079838745296 0.339101076126
Ad 1.76459920406 1.5110874176 0.844573199749 1.53011763096
Ag 0.0608585439622 0.493275016546 -0.268810898066 0.0946853160858
At 1.55848050117 1.21373903751 0.351291686296 1.42301881313
as 1.0 1.0 0.277777791023 0.827160477638
bs 0.341463416815 1.0 0.0769230797887 0.360000014305
ds 1.0 0.561643838882 0.158536583185 0.893939375877
gs 0.0 0.729729712009 0.258064508438 0.423076927662
ts 1.0 0.740259766579 0.138297870755 0.99180328846
a 0.117608673871 0.147693648934 0.104813702404 0.0896904841065
b 0.0207245051861 0.0652623251081 0.0744682997465 0.0248207468539
d 0.533076047897 0.491520732641 0.580107986927 0.497811853886
g 0.00956783723086 0.0527778677642 0.0445176810026 0.0130915651098
t 0.31902295351 0.242745429277 0.19609233737 0.374585330486
h 1.0 1.0 1.0 1.0
c 0.0969035997987 0 0 0
Aa 1.11026239395 0.96094840765 0.0943086743355 0.90007853508
Ab 0.356307268143 0.606249094009 -0.0541379526258 0.342146992683
Ad 1.76661217213 1.48312842846 0.837399423122 1.64439737797
Ag 0.0206368714571 0.514038443565 -0.277576863766 0.0643236935139
At 1.5436450243 1.17673766613 0.366351246834 1.52088296413
as 1.0 1.0 0.333333343267 0.827160477638
bs 0.31707316637 1.0 0.153846159577 0.360000014305
ds 1.0 0.520547926426 0.146341457963 0.977272748947
gs 0.0 0.783783793449 0.225806444883 0.365384608507
ts 1.0 0.688311696053 0.148936167359 1.0
a 0.113885246217 0.124525099993 0.109692208469 0.0805185139179
b 0.0218518320471 0.0743289515376 0.0798852220178 0.0220753736794
d 0.540649712086 0.497730702162 0.563943564892 0.51480525732
g 0.00914802309126 0.0619387887418 0.0447168052197 0.0110858939588
t 0.314465194941 0.241476461291 0.201762199402 0.371514946222
h 1.0 1.0 1.0 1.0
c 0.0829334110022 0 0 0
Aa 1.07064080238 0.840200185776 0.106762066483 0.90007853508
Ab 0.353661209345 0.616101264954 -0.0309472698718 0.338090837002
Ad 1.74708938599 1.44193768501 0.817821919918 1.70582568645
Ag -0.0244993902743 0.536906003952 -0.282942950726 0.0389534644783
At 1.51174592972 1.1278181076 0.371426075697 1.56415903568
as 1.0 0.839999973774 0.351851850748 0.827160477638
bs 0.31707316637 1.0 0.269230782986 0.340425521135
ds 1.0 0.465753436089 0.134146347642 1.0
gs 0.0 0.837837815285 0.225806444883 0.326923072338
ts 1.0 0.623376607895 0.159574463964 1.0
a 0.125939592719 0.090112991631 0.114813901484 0.0805185139179
b 0.0240422748029 0.0853139013052 0.085920073092 0.0220753736794
d 0.524467110634 0.507739782333 0.548311650753 0.51480525732
g 0.00933370087296 0.0725838914514 0.0455922968686 0.0110858939588
t 0.316217333078 0.244249418378 0.205362096429 0.371514946222
h 1.0 1.0 1.0 1.0
c 0.0689632147551 0 0 0
Aa 1.07064080238 0.648088634014 0.11463791877 0.90007853508
Ab 0.351454108953 0.624320983887 -0.0112619129941 0.338090837002
Ad 1.69019687176 1.39894235134 0.793670892715 1.70582568645
Ag -0.0594675429165 0.554141461849 -0.286465108395 0.0389534644783
At 1.47046422958 1.08113479614 0.367163717747 1.56415903568
as 1.0 0.58666664362 0.370370358229 0.827160477638
bs 0.31707316637 1.0 0.346153855324 0.340425521135
ds 0.986842095852 0.402777791023 0.0975609719753 1.0
gs 0.0 0.891891896725 0.193548381329 0.326923072338
ts 0.975409865379 0.565789461136 0.148936167359 1.0
a 0.125939592719 0.0692493095994 0.117903187871 0.0805185139179
b 0.0240422748029 0.0932091921568 0.0920636430383 0.0220753736794
d 0.524467110634 0.511178553104 0.537724852562 0.51480525732
g 0.00933370087296 0.0800657197833 0.0463196113706 0.0110858939588
t 0.316217333078 0.246297255158 0.205988690257 0.371514946222
h 1.0 1.0 1.0 1.0
c 0.0549930259585 0 0 0
Aa 1.07064080238 0.498612433672 0.11463791877 0.90007853508
Ab 0.351454108953 0.627655744553 0.00720051163808 0.338090837002
Ad 1.69019687176 1.36676967144 0.77367246151 1.70582568645
Ag -0.0594675429165 0.561643600464 -0.291122734547 0.0389534644783
At 1.47046422958 1.04965651035 0.356955736876 1.56415903568
as 1.0 0.38666665554 0.370370358229 0.827160477638
bs 0.31707316637 1.0 0.423076927662 0.340425521135
ds 0.986842095852 0.347222208977 0.0731707289815 1.0
gs 0.0 0.918918907642 0.20000000298 0.326923072338
ts 0.975206613541 0.526315808296 0.138297870755 1.0
a 0.125939592719 0.0581134893 0.120515935123 0.0805185139179
b 0.0240422748029 0.09676977247 0.0984444394708 0.0220753736794
d 0.524467110634 0.51246958971 0.530824124813 0.51480525732
g 0.00933370087296 0.0836374014616 0.0463460385799 0.0110858939588
t 0.316217333078 0.249009728432 0.203869462013 0.371514946222
h 1.0 1.0 1.0 1.0
c 0.0410228334367 0 0 0
Aa 1.07064080238 0.402583837509 0.116378262639 0.90007853508
Ab 0.351454108953 0.624046564102 0.0285249687731 0.338090837002
Ad 1.69019687176 1.34797501564 0.760284423828 1.70582568645
Ag -0.0594675429165 0.560707390308 -0.2986536026 0.0389534644783
At 1.47046422958 1.03452312946 0.344685971737 1.56415903568
as 1.0 0.253333330154 0.370370358229 0.827160477638
bs 0.31707316637 1.0 0.5 0.326086968184
ds 0.986842095852 0.319444447756 0.0609756112099 1.0
gs 0.0 0.916666686535 0.166666671634 0.326923072338
ts 0.975000023842 0.5 0.127659574151 1.0
a 0.125939592719 0.0584672987461 0.122839652002 0.0805185139179
b 0.0240422748029 0.0966668874025 0.105936847627 0.0220753736794
d 0.524467110634 0.510984897614 0.524044156075 0.51480525732
g 0.00933370087296 0.0845474973321 0.0459134504199 0.0110858939588
t 0.316217333078 0.249333396554 0.201265871525 0.371514946222
h 1.0 1.0 1.0 1.0
c 0.0270526390523 0 0 0
Aa 1.07064080238 0.395535796881 0.119028121233 0.90007853508
Ab 0.351454108953 0.613900482655 0.054736584425 0.338090837002
Ad 1.69019687176 1.3370308876 0.749057412148 1.70582568645
Ag -0.0594675429165 0.555723547935 -0.308370530605 0.0389534644783
At 1.47046422958 1.02540326118 0.333459675312 1.56415903568
as 1.0 0.239999994636 0.388888895512 0.824999988079
bs 0.31707316637 1.0 0.576923072338 0.326086968184
ds 0.98581558466 0.305555552244 0.037037037313 1.0
gs 0.0 0.888888895512 0.133333340287 0.326923072338
ts 0.975000023842 0.486842095852 0.117021277547 1.0
a 0.117448337376 0.0538393184543 0.125636458397 0.0805185139179
b 0.0212018769234 0.0959386378527 0.113884955645 0.0220753736794
d 0.529713630676 0.513442397118 0.511936306953 0.51480525732
g 0.00841284543276 0.0854758098722 0.0450703576207 0.0110858939588
t 0.323223292828 0.251303851604 0.203471913934 0.371514946222
h 1.0 1.0 1.0 1.0
c 0.0130824474618 0 0 0
Aa 1.07064080238 0.349269926548 0.127411216497 0.90007853508
Ab 0.327168285847 0.600163936615 0.0847618877888 0.338090837002
Ad 1.72483515739 1.32866215706 0.737511456013 1.70582568645
Ag -0.0742631033063 0.55001360178 -0.317813485861 0.0389534644783
At 1.51029658318 1.01836955547 0.33679997921 1.56415903568
as 1.0 0.186666667461 0.407407402992 0.824999988079
bs 0.243902444839 1.0 0.692307710648 0.326086968184
ds 1.0 0.305555552244 0.0123456791043 1.0
gs 0.0 0.888888895512 0.10000000149 0.326923072338
ts 1.0 0.486842095852 0.117021277547 1.0
a 0.108144752681 0.0490356981754 0.128480091691 0.0744677558541
b 0.018439380452 0.0941659286618 0.117623068392 0.0203077141196
d 0.536399424076 0.518119871616 0.497340351343 0.517582297325
g 0.00737896282226 0.0847132503986 0.0428984053433 0.00962001550943
t 0.329637497663 0.253965258598 0.213658064604 0.378022193909
h 1.0 1.0 1.0 1.0
c 0.0 0 0 0
Aa 1.07064080238 0.306192487478 0.152792438865 0.90007853508
Ab 0.302381724119 0.589573919773 0.114449091256 0.335771262646
Ad 1.76612365246 1.33011031151 0.740610301495 1.74208962917
Ag -0.095369271934 0.543631494045 -0.323602259159 0.0112860156223
At 1.55467200279 1.02045440674 0.373675853014 1.60562753677
as 1.0 0.119999997318 0.444444447756 0.824999988079
bs 0.195121943951 0.969696998596 0.807692289352 0.304347813129
ds 1.0 0.305555552244 0.0246913582087 1.0
gs 0.0 0.861111104488 0.0666666701436 0.269230782986
ts 1.0 0.486842095852 0.159574463964 1.0
a 0.0984063819051 0.0440996699035 0.118371337652 0.0679285675287
b 0.0161187704653 0.0898927599192 0.111995078623 0.0184095669538
d 0.543346583843 0.527783215046 0.49616253376 0.521517813206
g 0.0062448582612 0.0800267085433 0.0385382920504 0.00778562622145
t 0.335883438587 0.258197665215 0.234932750463 0.384358435869
h 1.0 1.0 1.0 1.0
c 0.0 0 0 0
Aa 1.07064080238 0.276732057333 0.164043843746 0.90007853508
Ab 0.284949481487 0.58602142334 0.139996230602 0.333069622517
Ad 1.81269454956 1.35475230217 0.786421239376 1.78529512882
Ag -0.126859858632 0.535531699657 -0.323310226202 -0.0406804196537
At 1.60380613804 1.04424905777 0.461740851402 1.65276241302
as 1.0 0.0909090936184 0.462962955236 0.824999988079
bs 0.146341457963 0.9375 0.920000016689 0.304347813129
ds 1.0 0.333333343267 0.074074074626 1.0
gs 0.0 0.833333313465 0.10000000149 0.173076927662
ts 1.0 0.513157904148 0.255319148302 1.0
a 0.0883026123047 0.0409385822713 0.0990874767303 0.0608671009541
b 0.0142944082618 0.0823785811663 0.0971032083035 0.0164972897619
d 0.550535678864 0.542208373547 0.512942254543 0.526502788067
g 0.00512175774202 0.0712653622031 0.0324141010642 0.00587986316532
t 0.341745525599 0.263209074736 0.258452951908 0.390252947807
h 1.0 1.0 1.0 1.0
c 0.0 0 0 0
Aa 1.07064080238 0.285016775131 0.168320536613 0.90007853508
Ab 0.279833465815 0.588698327541 0.159535348415 0.333108484745
Ad 1.86545276642 1.40705025196 0.882370233536 1.83709657192
Ag -0.165913686156 0.525762498379 -0.316964238882 -0.114936888218
At 1.65837013721 1.09318482876 0.58468323946 1.70704209805
as 1.0 0.106060609221 0.490566045046 0.822784781456
bs 0.15000000596 0.96875 1.0 0.304347813129
ds 1.0 0.402777791023 0.20000000298 1.0
gs 0.0 0.805555582047 0.10000000149 0.0
ts 1.0 0.578947365284 0.382978737354 1.0
a 0.0780064836144 0.0382322892547 0.0797742456198 0.0535150207579
b 0.0127858109772 0.0737733244896 0.080621637404 0.0147663131356
d 0.558485746384 0.559373557568 0.537862241268 0.532593309879
g 0.00416833208874 0.0616637580097 0.0266468208283 0.00429905531928
t 0.346553623676 0.266957104206 0.275095045567 0.394826322794
h 1.0 1.0 1.0 1.0
c 0.0 0 0 0
Aa 1.07064080238 0.308511763811 0.169474080205 0.90007853508
Ab 0.285238385201 0.593980848789 0.174062952399 0.340874880552
Ad 1.92552220821 1.47378337383 0.998282432556 1.89799845219
Ag -0.201527580619 0.516111433506 -0.306743264198 -0.195024132729
At 1.71828055382 1.15252292156 0.7070941329 1.76800894737
as 1.0 0.151515156031 0.490566045046 0.820512831211
bs 0.15000000596 0.96875 1.0 0.326086968184
ds 1.0 0.492957741022 0.34999999404 1.0
gs 0.0 0.777777791023 0.133333340287 0.0
ts 1.0 0.657894730568 0.510638296604 1.0
a 0.0684808492661 0.034380890429 0.0659578442574 0.0466650165617
b 0.0114304674789 0.0670944303274 0.0682569220662 0.0132217863575
d 0.567836642265 0.575577199459 0.559660315514 0.540054738522
g 0.00347715360112 0.0544776730239 0.0226261839271 0.0032270825468
t 0.348774909973 0.268469780684 0.283498734236 0.396831393242
h 1.0 1.0 1.0 1.0
c 0.0 0 0 0
Aa 1.07064080238 0.308511763811 0.169474080205 0.90007853508
Ab 0.293135672808 0.59888112545 0.184354349971 0.352377235889
Ad 1.98929512501 1.53229820728 1.09813213348 1.96352481842
Ag -0.22370441258 0.50841319561 -0.295181035995 -0.260102838278
At 1.77761697769 1.20109009743 0.8027587533 1.82969307899
as 1.0 0.151515156031 0.490566045046 0.820512831211
bs 0.17499999702 1.0 1.0 0.333333343267
ds 1.0 0.57746475935 0.47499999404 1.0
gs 0.0 0.794117629528 0.166666671634 0.0
ts 1.0 0.723684191704 0.617021262646 1.0
a 0.0611044168472 0.0325011685491 0.0583569034934 0.0413893535733
b 0.0103200701997 0.0637654513121 0.0609563142061 0.0119157489389
d 0.579542696476 0.586861670017 0.573793411255 0.549808859825
g 0.00307473260909 0.0506476722658 0.0204646252096 0.00264330813661
t 0.345958083868 0.266224056482 0.286428719759 0.394242733717
h 1.0 1.0 1.0 1.0
c 0.0 0 0 0
Aa 1.07064080238 0.308511763811 0.170944303274 0.90007853508
Ab 0.298250854015 0.601198196411 0.189870759845 0.359311193228
Ad 2.04765367508 1.56514847279 1.16360759735 2.02340149879
Ag -0.227624431252 0.501172244549 -0.284144163132 -0.294662356377
At 1.82359170914 1.22186005116 0.861868619919 1.87895357609
as 1.0 0.151515156031 0.490566045046 0.820512831211
bs 0.20000000298 1.0 1.0 0.355555564165
ds 1.0 0.619718313217 0.550000011921 1.0
gs 0.0 0.764705896378 0.20000000298 0.0
ts 1.0 0.75 0.680851042271 1.0
a 0.0611044168472 0.0328175127506 0.0544423498213 0.0413893535733
b 0.0103200701997 0.064143948257 0.0576408840716 0.0119157489389
d 0.579542696476 0.592433333397 0.580893039703 0.549808859825
g 0.00307473260909 0.0497940629721 0.0199524909258 0.00264330813661
t 0.345958083868 0.260811150074 0.28707125783 0.394242733717
h 1.0 1.0 1.0 1.0
c 0.0 0 0 0
Aa 1.07064080238 0.308511763811 0.164164230227 0.90007853508
Ab 0.298250854015 0.599561810493 0.188957989216 0.359311193228
Ad 2.04765367508 1.56504559517 1.19232356548 2.02340149879
Ag -0.227624431252 0.489583671093 -0.271775513887 -0.294662356377
At 1.82359170914 1.20873224735 0.886217057705 1.87895357609
as 1.0 0.151515156031 0.471698105335 0.820512831211
bs 0.20000000298 1.0 1.0 0.355555564165
ds 1.0 0.619718313217 0.587499976158 1.0
gs 0.0 0.735294103622 0.275862067938 0.0
ts 1.0 0.746666669846 0.702127635479 1.0
a 0.0611044168472 0.0337334349751 0.0529918260872 0.0413893535733
b 0.0103200701997 0.067735940218 0.0568476095796 0.0119157489389
d 0.579542696476 0.594193279743 0.581906855106 0.549808859825
g 0.00307473260909 0.050989151001 0.0208301674575 0.00264330813661
t 0.345958083868 0.253348201513 0.28742352128 0.394242733717
h 1.0 1.0 1.0 1.0
c 0.0 0 0 0
Aa 1.07064080238 0.289610117674 0.151147723198 0.90007853508
Ab 0.298250854015 0.592368721962 0.181651026011 0.359311193228
Ad 2.04765367508 1.53547728062 1.19179236889 2.02340149879
Ag -0.227624431252 0.46902731061 -0.254368424416 -0.294662356377
At 1.82359170914 1.16526734829 0.8854611516 1.87895357609
as 1.0 0.121212124825 0.452830195427 0.820512831211
bs 0.20000000298 0.96875 1.0 0.355555564165
ds 1.0 0.57746475935 0.587499976158 1.0
gs 0.0 0.676470577717 0.310344815254 0.0
ts 1.0 0.680000007153 0.709677398205 1.0
a 0.0611044168472 0.0365803353488 0.0530745722353 0.0413893535733
b 0.0103200701997 0.072950527072 0.0572123676538 0.0119157489389
d 0.579542696476 0.592869699001 0.578991055489 0.549808859825
g 0.00307473260909 0.0527107715607 0.0227673929185 0.00264330813661
t 0.345958083868 0.244888648391 0.287954628468 0.394242733717
h 1.0 1.0 1.0 1.0
c 0.0 0 0 0
Aa 1.07064080238 0.27921462059 0.137540578842 0.90007853508
Ab 0.298250854015 0.578995347023 0.170143991709 0.359311193228
Ad 2.04765367508 1.48892617226 1.17532587051 2.02340149879
Ag -0.227624431252 0.437866300344 -0.230032622814 -0.294662356377
At 1.82359170914 1.10493564606 0.871978163719 1.87895357609
as 1.0 0.106060609221 0.433962255716 0.820512831211
bs 0.20000000298 0.9375 0.962962985039 0.355555564165
ds 1.0 0.528571426868 0.5625 1.0
gs 0.0 0.588235318661 0.413793116808 0.0
ts 1.0 0.600000023842 0.698924720287 1.0
a 0.0611044168472 0.0394285731018 0.0526272170246 0.0413893535733
b 0.0103200701997 0.0776387229562 0.0578931644559 0.0119157489389
d 0.579542696476 0.591248035431 0.575199246407 0.549808859825
g 0.00307473260909 0.0535098984838 0.0253280550241 0.00264330813661
t 0.345958083868 0.2381747365 0.288952350616 0.394242733717
h 1.0 1.0 1.0 1.0
c 0.0 0 0 0
Aa 1.07064080238 0.266554951668 0.117699377239 0.90007853508
Ab 0.298250854015 0.560822308064 0.159116268158 0.359311193228
Ad 2.04765367508 1.44251358509 1.15630722046 2.02340149879
Ag -0.227624431252 0.399178028107 -0.199909195304 -0.294662356377
At 1.82359170914 1.04763960838 0.857315182686 1.87895357609
as 1.0 0.0793650820851 0.384615391493 0.820512831211
bs 0.20000000298 0.870967745781 0.925925910473 0.355555564165
ds 1.0 0.457142859697 0.537500023842 1.0
gs 0.0 0.470588237047 0.517241358757 0.0
ts 1.0 0.519999980927 0.677419364452 1.0
a 0.0611044168472 0.0420282334089 0.0531759932637 0.0413893535733
b 0.0103200701997 0.0797304064035 0.0583841055632 0.0119157489389
d 0.579542696476 0.590708434582 0.571702420712 0.549808859825
g 0.00307473260909 0.052545465529 0.0279195550829 0.00264330813661
t 0.345958083868 0.234987452626 0.288817942142 0.394242733717
h 1.0 1.0 1.0 1.0
c 0.0 0 0 0
Aa 1.07064080238 0.262171268463 0.111796498299 0.90007853508
Ab 0.298250854015 0.540254056454 0.152375519276 0.359311193228
Ad 2.04765367508 1.41000330448 1.14325094223 2.02340149879
Ag -0.227624431252 0.359165340662 -0.168010637164 -0.294662356377
At 1.82359170914 1.00967478752 0.846705079079 1.87895357609
as 1.0 0.0793650820851 0.365384608507 0.820512831211
bs 0.20000000298 0.806451618671 0.888888895512 0.355555564165
ds 1.0 0.414285719395 0.518987357616 1.0
gs 0.0 0.352941185236 0.620689630508 0.0
ts 1.0 0.479999989271 0.666666686535 1.0
a 0.0611044168472 0.0435736589134 0.0534298941493 0.0413893535733
b 0.0103200701997 0.079072676599 0.0585850030184 0.0119157489389
d 0.579542696476 0.591477632523 0.570037662983 0.549808859825
g 0.00307473260909 0.0503772161901 0.03022236377 0.00264330813661
t 0.345958083868 0.235498845577 0.287725061178 0.394242733717
h 1.0 1.0 1.0 1.0
c 0.0 0 0 0
Aa 1.07064080238 0.262171268463 0.110034689307 0.90007853508
Ab 0.298250854015 0.520973682404 0.150036856532 0.359311193228
Ad 2.04765367508 1.39488554001 1.13815391064 2.02340149879
Ag -0.227624431252 0.325181394815 -0.137421175838 -0.294662356377
At 1.82359170914 0.99493598938 0.841228067875 1.87895357609
as 1.0 0.0793650820851 0.365384608507 0.820512831211
bs 0.20000000298 0.741935491562 0.888888895512 0.355555564165
ds 1.0 0.376811593771 0.525641024113 1.0
gs 0.0 0.235294118524 0.714285731316 0.0
ts 1.0 0.453333348036 0.666666686535 1.0
a 0.0611044168472 0.0433280877769 0.0534427762032 0.0413893535733
b 0.0103200701997 0.0767918676138 0.0583508685231 0.0119157489389
d 0.579542696476 0.593311011791 0.569918632507 0.549808859825
g 0.00307473260909 0.0480579808354 0.0321649648249 0.00264330813661
t 0.345958083868 0.238511025906 0.286122769117 0.394242733717
h 1.0 1.0 1.0 1.0
c 0.0 0 0 0
Aa 1.07064080238 0.255460262299 0.110034689307 0.90007853508
Ab 0.298250854015 0.504005968571 0.148193031549 0.359311193228
Ad 2.04765367508 1.39197313786 1.13795852661 2.02340149879
Ag -0.227624431252 0.300456255674 -0.110471211374 -0.294662356377
At 1.82359170914 0.996199190617 0.838698089123 1.87895357609
as 1.0 0.0634920671582 0.365384608507 0.820512831211
bs 0.20000000298 0.677419364452 0.888888895512 0.355555564165
ds 1.0 0.376811593771 0.512820541859 1.0
gs 0.0 0.176470592618 0.821428596973 0.0
ts 1.0 0.453333348036 0.666666686535 1.0
a 0.0611044168472 0.04527823627 0.0533934980631 0.0413893535733
b 0.0103200701997 0.0734310075641 0.0575275942683 0.0119157489389
d 0.579542696476 0.592442333698 0.57005751133 0.549808859825
g 0.00307473260909 0.0456695184112 0.0337850190699 0.00264330813661
t 0.345958083868 0.243178889155 0.285236358643 0.394242733717
h 1.0 1.0 1.0 1.0
c 0.0 0 0 0
Aa 1.07064080238 0.280790299177 0.110034689307 0.90007853508
Ab 0.298250854015 0.490780323744 0.142422541976 0.359311193228
Ad 2.04765367508 1.3975468874 1.13846504688 2.02340149879
Ag -0.227624431252 0.284527271986 -0.0887295380235 -0.294662356377
At 1.82359170914 1.01082670689 0.837751209736 1.87895357609
as 1.0 0.111111111939 0.365384608507 0.820512831211
bs 0.20000000298 0.645161271095 0.85185188055 0.355555564165
ds 1.0 0.376811593771 0.525641024113 1.0
gs 0.0 0.117647059262 0.892857134342 0.0
ts 1.0 0.479999989271 0.655913949013 1.0
a 0.0611044168472 0.0519213154912 0.0532951615751 0.0413893535733
b 0.0103200701997 0.0678271129727 0.0558292418718 0.0119157489389
d 0.579542696476 0.588267683983 0.571244120598 0.549808859825
g 0.00307473260909 0.0421565324068 0.0350260138512 0.00264330813661
t 0.345958083868 0.249827370048 0.28460547328 0.394242733717
h 1.0 1.0 1.0 1.0
c 0.0 0 0 0
Aa 1.07064080238 0.365826576948 0.110034689307 0.90007853508
Ab 0.298250854015 0.481884211302 0.13020862639 0.359311193228
Ad 2.04765367508 1.42005586624 1.14016866684 2.02340149879
Ag -0.227624431252 0.275345772505 -0.072262391448 -0.294662356377
At 1.82359170914 1.04812085629 0.837590157986 1.87895357609
as 1.0 0.238095238805 0.365384608507 0.820512831211
bs 0.20000000298 0.612903237343 0.814814805984 0.355555564165
ds 1.0 0.420289844275 0.525641024113 1.0
gs 0.0 0.088235296309 0.964285731316 0.0
ts 1.0 0.533333361149 0.652173936367 1.0
a 0.0611044168472 0.062789529562 0.0537765137851 0.0413893535733
b 0.0103200701997 0.0597359128296 0.0533722750843 0.0119157489389
d 0.579542696476 0.581322789192 0.574158847332 0.549808859825
g 0.00307473260909 0.037272579968 0.0357219129801 0.00264330813661
t 0.345958083868 0.258879214525 0.282970458269 0.394242733717
h 1.0 1.0 1.0 1.0
c 0.0 0 0 0
Aa 1.07064080238 0.49842441082 0.116654120386 0.90007853508
Ab 0.298250854015 0.476772665977 0.113377198577 0.359311193228
Ad 2.04765367508 1.46495449543 1.14509356022 2.02340149879
Ag -0.227624431252 0.271926611662 -0.0610038377345 -0.294662356377
At 1.82359170914 1.11363434792 0.837802529335 1.87895357609
as 1.0 0.460317462683 0.365384608507 0.820512831211
bs 0.20000000298 0.580645143986 0.740740716457 0.355555564165
ds 1.0 0.478260874748 0.525641024113 1.0
gs 0.0 0.088235296309 1.0 0.0
ts 1.0 0.61333334446 0.652173936367 1.0
a 0.0611044168472 0.0761319100857 0.0544846989214 0.0413893535733
b 0.0103200701997 0.0512701421976 0.0511397309601 0.0119157489389
d 0.579542696476 0.573945641518 0.580473423004 0.549808859825
g 0.00307473260909 0.0322561189532 0.0361006222665 0.00264330813661
t 0.345958083868 0.266396194696 0.27780148387 0.394242733717
h 1.0 1.0 1.0 1.0
c 0.0 0 0 0
Aa 1.07064080238 0.645802080631 0.123684294522 0.90007853508
Ab 0.298250854015 0.474099874496 0.0961681902409 0.359311193228
Ad 2.04765367508 1.52310609818 1.15119206905 2.02340149879
Ag -0.227624431252 0.272847473621 -0.0550755597651 -0.294662356377
At 1.82359170914 1.18976342678 0.831144332886 1.87895357609
as 1.0 0.682539701462 0.384615391493 0.820512831211
bs 0.20000000298 0.580645143986 0.666666686535 0.355555564165
ds 1.0 0.573529422283 0.538461565971 1.0
gs 0.0 0.088235296309 1.0 0.0
ts 1.0 0.72000002861 0.652173936367 1.0
a 0.0611044168472 0.0810251384974 0.0566159822047 0.0413893535733
b 0.0103200701997 0.0452491901815 0.0503704100847 0.0119157489389
d 0.579542696476 0.571886718273 0.588593542576 0.549808859825
g 0.00307473260909 0.0288179628551 0.0368244759738 0.00264330813661
t 0.345958083868 0.27302095294 0.267595589161 0.394242733717
h 1.0 1.0 1.0 1.0
c 0.0 0 0 0
Aa 1.07064080238 0.725300371647 0.133230105042 0.90007853508
Ab 0.298250854015 0.472291380167 0.082466557622 0.359311193228
Ad 2.04765367508 1.57399058342 1.15010654926 2.02340149879
Ag -0.227624431252 0.276343852282 -0.0535723492503 -0.294662356377
At 1.82359170914 1.25287652016 0.807770013809 1.87895357609
as 1.0 0.809523820877 0.403846144676 0.820512831211
bs 0.20000000298 0.580645143986 0.629629611969 0.355555564165
ds 1.0 0.647058844566 0.538461565971 1.0
gs 0.0 0.0606060624123 1.0 0.0
ts 1.0 0.800000011921 0.619565188885 1.0
a 0.0611044168472 0.0787841379642 0.0587224140763 0.0413893535733
b 0.0103200701997 0.0420644246042 0.0517881065607 0.0119157489389
d 0.579542696476 0.574482321739 0.597304701805 0.549808859825
g 0.00307473260909 0.0272105205804 0.0385771393776 0.00264330813661
t 0.345958083868 0.27745860815 0.25360763073 0.394242733717
h 1.0 1.0 1.0 1.0
c 0.0 0 0 0
Aa 1.07064080238 0.741561591625 0.12733964622 0.90007853508
Ab 0.298250854015 0.46903771162 0.0727657824755 0.359311193228
Ad 2.04765367508 1.60439944267 1.13473165035 2.02340149879
Ag -0.227624431252 0.279859632254 -0.0551342330873 -0.294662356377
At 1.82359170914 1.28832089901 0.762698113918 1.87895357609
as 1.0 0.981481492519 0.392156869173 0.820512831211
bs 0.20000000298 0.580645143986 0.592592597008 0.355555564165
ds 1.0 0.691176474094 0.512820541859 1.0
gs 0.0 0.09375 1.0 0.0
ts 1.0 0.853333353996 0.582417607307 1.0
a 0.0611044168472 0.0789363905787 0.0651935487986 0.0413893535733
b 0.0103200701997 0.0406239107251 0.0547793470323 0.0119157489389
d 0.579542696476 0.574956893921 0.602225422859 0.549808859825
g 0.00307473260909 0.0269443243742 0.0412057004869 0.00264330813661
t 0.345958083868 0.278538495302 0.236596003175 0.394242733717
h 1.0 1.0 1.0 1.0
c 0.0 0 0 0
Aa 1.07064080238 0.749753415585 0.141032546759 0.90007853508
Ab 0.298250854015 0.461257904768 0.0654447600245 0.359311193228
Ad 2.04765367508 1.61211144924 1.10658693314 2.02340149879
Ag -0.227624431252 0.282943427563 -0.0582147911191 -0.294662356377
At 1.82359170914 1.2973613739 0.700835347176 1.87895357609
as 1.0 1.0 0.411764711142 0.820512831211
bs 0.20000000298 0.548387110233 0.555555582047 0.355555564165
ds 1.0 0.705882370472 0.474358975887 1.0
gs 0.0 0.09375 1.0 0.0
ts 1.0 0.853333353996 0.516483545303 1.0
a 0.0611044168472 0.0821861624718 0.074281476438 0.0413893535733
b 0.0103200701997 0.0396659225225 0.0578244291246 0.0119157489389
d 0.579542696476 0.573786914349 0.603828668594 0.549808859825
g 0.00307473260909 0.0273828729987 0.0437534637749 0.00264330813661
t 0.345958083868 0.276978105307 0.22031198442 0.394242733717
h 1.0 1.0 1.0 1.0
c 0.0 0 0 0
Aa 1.07064080238 0.763728380203 0.167663350701 0.90007853508
Ab 0.298250854015 0.447347283363 0.0588942021132 0.359311193228
Ad 2.04765367508 1.60768032074 1.07769656181 2.02340149879
Ag -0.227624431252 0.286408722401 -0.0622047074139 -0.294662356377
At 1.82359170914 1.29137516022 0.639820933342 1.87895357609
as 1.0 1.0 0.470588237047 0.820512831211
bs 0.20000000298 0.483870953321 0.555555582047 0.355555564165
ds 1.0 0.691176474094 0.435897439718 1.0
gs 0.0 0.0645161271095 1.0 0.0
ts 1.0 0.851351380348 0.450549453497 1.0
a 0.0611044168472 0.0855698958039 0.0820400416851 0.0413893535733
b 0.0103200701997 0.0382087118924 0.0591564998031 0.0119157489389
d 0.579542696476 0.573705792427 0.605640769005 0.549808859825
g 0.00307473260909 0.0279257297516 0.0448677353561 0.00264330813661
t 0.345958083868 0.2745898664 0.208294957876 0.394242733717
h 1.0 1.0 1.0 1.0
c 0.0 0 0 0
Aa 1.07064080238 0.778662741184 0.194747239351 0.90007853508
Ab 0.298250854015 0.428504139185 0.0527238175273 0.359311193228
Ad 2.04765367508 1.60503101349 1.06293642521 2.02340149879
Ag -0.227624431252 0.292346268892 -0.0673445016146 -0.294662356377
At 1.82359170914 1.28502631187 0.599400103092 1.87895357609
as 1.0 1.0 0.509803950787 0.820512831211
bs 0.20000000298 0.451612889767 0.518518507481 0.355555564165
ds 1.0 0.691176474094 0.423076927662 1.0
gs 0.0 0.0967741906643 0.964285731316 0.0
ts 1.0 0.837837815285 0.406593412161 1.0
a 0.0611044168472 0.0875917822123 0.0869803130627 0.0413893535733
b 0.0103200701997 0.0360877476633 0.0583221539855 0.0119157489389
d 0.579542696476 0.575557529926 0.608852982521 0.549808859825
g 0.00307473260909 0.0283014755696 0.0439858436584 0.00264330813661
t 0.345958083868 0.272461444139 0.201858684421 0.394242733717
h 1.0 1.0 1.0 1.0
c 0.0 0 0 0
Aa 1.07064080238 0.793249487877 0.220482483506 0.90007853508
Ab 0.298250854015 0.408145874739 0.04689508304 0.359311193228
Ad 2.04765367508 1.61087489128 1.06557393074 2.02340149879
Ag -0.227624431252 0.302595168352 -0.0756255462766 -0.294662356377
At 1.82359170914 1.28609108925 0.586108982563 1.87895357609
as 1.0 1.0 0.568627476692 0.820512831211
bs 0.20000000298 0.387096762657 0.481481492519 0.355555564165
ds 1.0 0.705882370472 0.423076927662 1.0
gs 0.0 0.129032254219 0.928571403027 0.0
ts 1.0 0.837837815285 0.384615391493 1.0
a 0.0611044168472 0.0886162221432 0.0893960669637 0.0413893535733
b 0.0103200701997 0.0339672639966 0.0564683005214 0.0119157489389
d 0.579542696476 0.577512443066 0.612638235092 0.549808859825
g 0.00307473260909 0.0288250800222 0.0419043563306 0.00264330813661
t 0.345958083868 0.271078974009 0.199593037367 0.394242733717
h 1.0 1.0 1.0 1.0
c 0.0 0 0 0
Aa 1.07064080238 0.806865632534 0.239845469594 0.90007853508
Ab 0.298250854015 0.390412986279 0.0403317585588 0.359311193228
Ad 2.04765367508 1.62091374397 1.07573115826 2.02340149879
Ag -0.227624431252 0.319122940302 -0.0892137810588 -0.294662356377
At 1.82359170914 1.29244828224 0.588672459126 1.87895357609
as 1.0 1.0 0.607843160629 0.820512831211
bs 0.20000000298 0.322580635548 0.481481492519 0.355555564165
ds 1.0 0.720588207245 0.435897439718 1.0
gs 0.0 0.193548381329 0.892857134342 0.0
ts 1.0 0.851351380348 0.388888895512 1.0
a 0.0611044168472 0.0873233899474 0.0890143662691 0.0413893535733
b 0.0103200701997 0.0323799289763 0.0545881353319 0.0119157489389
d 0.579542696476 0.579595327377 0.616894185543 0.549808859825
g 0.00307473260909 0.0298052821308 0.0394556112587 0.00264330813661
t 0.345958083868 0.270896077156 0.200047701597 0.394242733717
h 1.0 1.0 1.0 1.0
c 0.0 0 0 0
Aa 1.07064080238 0.806865632534 0.243693485856 0.90007853508
Ab 0.298250854015 0.37601095438 0.0313316471875 0.359311193228
Ad 2.04765367508 1.62885987759 1.08444404602 2.02340149879
Ag -0.227624431252 0.34002828598 -0.109657838941 -0.294662356377
At 1.82359170914 1.29853773117 0.595366954803 1.87895357609
as 1.0 1.0 0.607843160629 0.820512831211
bs 0.20000000298 0.258064508438 0.461538463831 0.355555564165
ds 1.0 0.735294103622 0.448717951775 1.0
gs 0.0 0.258064508438 0.821428596973 0.0
ts 1.0 0.864864885807 0.388888895512 1.0
a 0.0611044168472 0.0865602642298 0.0891876369715 0.0413893535733
b 0.0103200701997 0.0315063521266 0.0527432449162 0.0119157489389
d 0.579542696476 0.57949501276 0.618850827217 0.549808859825
g 0.00307473260909 0.0311385765672 0.0369428806007 0.00264330813661
t 0.345958083868 0.271299779415 0.202275440097 0.394242733717
h 1.0 1.0 1.0 1.0
c 0.0 0 0 0
Aa 1.07064080238 0.806865632534 0.247480228543 0.90007853508
Ab 0.298250854015 0.367945194244 0.0193424019963 0.359311193228
Ad 2.04765367508 1.63259673119 1.08876144886 2.02340149879
Ag -0.227624431252 0.36284583807 -0.135293677449 -0.294662356377
At 1.82359170914 1.30299651623 0.60311871767 1.87895357609
as 1.0 1.0 0.627451002598 0.820512831211
bs 0.20000000298 0.258064508438 0.423076927662 0.355555564165
ds 1.0 0.735294103622 0.461538463831 1.0
gs 0.0 0.333333343267 0.714285731316 0.0
ts 1.0 0.864864885807 0.40000000596 1.0
a 0.0611044168472 0.0861807912588 0.0894595757127 0.0413893535733
b 0.0103200701997 0.0314041264355 0.050963960588 0.0119157489389
d 0.579542696476 0.578146159649 0.619217693806 0.549808859825
g 0.00307473260909 0.0326074399054 0.0347274057567 0.00264330813661
t 0.345958083868 0.271661490202 0.205631375313 0.394242733717
h 1.0 1.0 1.0 1.0
c 0.0 0 0 0
Aa 1.07064080238 0.806865632534 0.249458789825 0.90007853508
Ab 0.298250854015 0.368441849947 0.00509511260316 0.359311193228
Ad 2.04765367508 1.63349282742 1.08967530727 2.02340149879
Ag -0.227624431252 0.384771853685 -0.161495730281 -0.294662356377
At 1.82359170914 1.30548322201 0.610921323299 1.87895357609
as 1.0 1.0 0.627451002598 0.820512831211
bs 0.20000000298 0.258064508438 0.346153855324 0.355555564165
ds 1.0 0.735294103622 0.454545468092 1.0
gs 0.0 0.40000000596 0.642857134342 0.0
ts 1.0 0.864864885807 0.411111116409 1.0
a 0.107582166791 0.0859498009086 0.0912079885602 0.0413893535733
b 0.108535140753 0.0323268771172 0.0491886883974 0.0119157489389
d 0.546063005924 0.576130568981 0.618011832237 0.549808859825
g 0.0266879498959 0.0341298393905 0.0331670604646 0.00264330813661
t 0.211131736636 0.271462917328 0.208424434066 0.394242733717
h 1.0 1.0 1.0 1.0
c 0.0 0 0 0
Aa 0.92464607954 0.806865632534 0.257493823767 0.90007853508
Ab 0.928476154804 0.382184535265 -0.01067380514 0.359311193228
Ad 1.63014853001 1.63314163685 1.08845770359 2.02340149879
Ag 0.319220989943 0.405755013227 -0.181832045317 -0.294662356377
At 1.21745932102 1.30633127689 0.616409599781 1.87895357609
as 0.825581371784 1.0 0.647058844566 0.820512831211
bs 1.0 0.290322571993 0.307692319155 0.355555564165
ds 0.914893627167 0.735294103622 0.454545468092 1.0
gs 0.875 0.466666668653 0.571428596973 0.0
ts 0.739837408066 0.864864885807 0.411111116409 1.0
a 0.12259029597 0.086140781641 0.0918486267328 0.0413893535733
b 0.110817655921 0.0341818183661 0.0476586855948 0.0119157489389
d 0.534409940243 0.573423564434 0.618048727512 0.549808859825
g 0.0282996557653 0.0359518416226 0.032696031034 0.00264330813661
t 0.203882455826 0.270301997662 0.209747925401 0.394242733717
h 1.0 1.0 1.0 1.0
c 0.0 0 0 0
Aa 0.92464607954 0.806865632534 0.257493823767 0.90007853508
Ab 0.88079893589 0.405451983213 -0.0274367686361 0.359311193228
Ad 1.56406450272 1.63013231754 1.08544385433 2.02340149879
Ag 0.287971109152 0.427377969027 -0.191083773971 -0.294662356377
At 1.14556980133 1.30350613594 0.616118848324 1.87895357609
as 0.825581371784 1.0 0.647058844566 0.820512831211
bs 1.0 0.354838699102 0.230769231915 0.355555564165
ds 0.865248203278 0.735294103622 0.44155845046 1.0
gs 0.800000011921 0.533333361149 0.535714268684 0.0
ts 0.680327892303 0.864864885807 0.415730327368 1.0
a 0.134951665998 0.0879953056574 0.093530125916 0.0413893535733
b 0.109652854502 0.0370940864086 0.0467548519373 0.0119157489389
d 0.524490356445 0.569579303265 0.618501424789 0.549808859825
g 0.029044829309 0.0387170128524 0.0333247855306 0.00264330813661
t 0.201860293746 0.266614258289 0.207888796926 0.394242733717
h 1.0 1.0 1.0 1.0
c 0.0 0 0 0
Aa 0.92464607954 0.806865632534 0.257493823767 0.90007853508
Ab 0.83448779583 0.431710809469 -0.0436309985816 0.359311193228
Ad 1.51420533657 1.61796033382 1.07788300514 2.02340149879
Ag 0.257536679506 0.450307965279 -0.19069032371 -0.294662356377
At 1.09951877594 1.28828954697 0.604373395443 1.87895357609
as 0.823529422283 1.0 0.647058844566 0.820512831211
bs 1.0 0.433333337307 0.153846159577 0.355555564165
ds 0.829787254333 0.705882370472 0.428571432829 1.0
gs 0.725000023842 0.633333325386 0.535714268684 0.0
ts 0.644628107548 0.851351380348 0.40449437499 1.0
a 0.134951665998 0.092898696661 0.100783742964 0.0413893535733
b 0.109652854502 0.0411128811538 0.0470121316612 0.0119157489389
d 0.524490356445 0.56442886591 0.615491569042 0.549808859825
g 0.029044829309 0.0431472286582 0.0348599627614 0.00264330813661
t 0.201860293746 0.25841230154 0.201852589846 0.394242733717
h 1.0 1.0 1.0 1.0
c 0.0 0 0 0
Aa 0.92464607954 0.806865632534 0.273400127888 0.90007853508
Ab 0.83448779583 0.45283395052 -0.0577803999186 0.359311193228
Ad 1.51420533657 1.59046518803 1.05923175812 2.02340149879
Ag 0.257536679506 0.473808884621 -0.187663391232 -0.294662356377
At 1.09951877594 1.25116920471 0.575043976307 1.87895357609
as 0.823529422283 1.0 0.666666686535 0.820512831211
bs 1.0 0.5 0.115384615958 0.355555564165
ds 0.835714280605 0.676470577717 0.421052634716 1.0
gs 0.725000023842 0.699999988079 0.535714268684 0.0
ts 0.644628107548 0.808219194412 0.370786517859 1.0
a 0.134951665998 0.0988183766603 0.121980525553 0.0413893535733
b 0.109652854502 0.0461208000779 0.0486593693495 0.0119157489389
d 0.524490356445 0.558822691441 0.600626051426 0.549808859825
g 0.029044829309 0.0496744178236 0.0368118360639 0.00264330813661
t 0.201860293746 0.246563687921 0.191922202706 0.394242733717
h 1.0 1.0 1.0 1.0
c 0.0 0 0 0
Aa 0.92464607954 0.796576201916 0.331841498613 0.90007853508
Ab 0.83448779583 0.465635329485 -0.0672825500369 0.359311193228
Ad 1.51420533657 1.54901254177 1.02415513992 2.02340149879
Ag 0.257536679506 0.497871309519 -0.18846154213 -0.294662356377
At 1.09951877594 1.19366765022 0.528676211834 1.87895357609
as 0.823529422283 0.982456147671 0.784313738346 0.820512831211
bs 1.0 0.533333361149 0.0769230797887 0.355555564165
ds 0.835714280605 0.617647051811 0.368421047926 1.0
gs 0.725000023842 0.800000011921 0.535714268684 0.0
ts 0.644628107548 0.726027369499 0.321839094162 1.0
a 0.134951665998 0.101283237338 0.146364718676 0.0413893535733
b 0.109652854502 0.0510135181248 0.0514362305403 0.0119157489389
d 0.524490356445 0.558008611202 0.579883098602 0.549808859825
g 0.029044829309 0.0576204769313 0.0389911308885 0.00264330813661
t 0.201860293746 0.232074171305 0.183324828744 0.394242733717
h 1.0 1.0 1.0 1.0
c 0.0 0 0 0
Aa 0.92464607954 0.769537270069 0.379747718573 0.90007853508
Ab 0.83448779583 0.471684962511 -0.0744195356965 0.359311193228
Ad 1.51420533657 1.51064062119 0.977651774883 2.02340149879
Ag 0.257536679506 0.524576544762 -0.19472284615 -0.294662356377
At 1.09951877594 1.12962651253 0.477532625198 1.87895357609
as 0.823529422283 0.947368443012 0.882352948189 0.820512831211
bs 1.0 0.566666662693 0.0384615398943 0.355555564165
ds 0.835714280605 0.558823525906 0.30263158679 1.0
gs 0.725000023842 0.866666674614 0.481481492519 0.0
ts 0.649999976158 0.643835604191 0.264367818832 1.0
a 0.134951665998 0.0911545306444 0.179868489504 0.0413893535733
b 0.109652854502 0.0541527979076 0.0510941334069 0.0119157489389
d 0.524490356445 0.568691194057 0.553142905235 0.549808859825
g 0.029044829309 0.0652412101626 0.0384428091347 0.00264330813661
t 0.201860293746 0.220760256052 0.177451640368 0.394242733717
h 1.0 1.0 1.0 1.0
c 0.0 0 0 0
Aa 0.92464607954 0.700776517391 0.468850553036 0.90007853508
Ab 0.83448779583 0.474619150162 -0.077733501792 0.359311193228
Ad 1.51420533657 1.49587476254 0.956732809544 2.02340149879
Ag 0.257536679506 0.555520236492 -0.201289415359 -0.294662356377
At 1.09951877594 1.08491909504 0.462975472212 1.87895357609
as 0.823529422283 0.824561417103 1.0 0.820512831211
bs 1.0 0.566666662693 0.0384615398943 0.355555564165
ds 0.835714280605 0.529411792755 0.276315778494 1.0
gs 0.71794873476 0.966666638851 0.481481492519 0.0
ts 0.649999976158 0.575342476368 0.24137930572 1.0
a 0.134951665998 0.0812394246459 0.178045973182 0.0413893535733
b 0.109652854502 0.0540538169444 0.0450492091477 0.0119157489389
d 0.524490356445 0.581061303616 0.556656241417 0.549808859825
g 0.029044829309 0.0696413293481 0.0338838770986 0.00264330813661
t 0.201860293746 0.214004129171 0.186364725232 0.394242733717
h 1.0 1.0 1.0 1.0
c 0.0 0 0 0
Aa 0.92464607954 0.655310213566 0.520357131958 0.90007853508
Ab 0.83448779583 0.47836971283 -0.076487839222 0.359311193228
Ad 1.51420533657 1.50976526737 1.01541209221 2.02340149879
Ag 0.257536679506 0.588410377502 -0.200181931257 -0.294662356377
At 1.09951877594 1.07596552372 0.540188670158 1.87895357609
as 0.823529422283 0.736842095852 1.0 0.820512831211
bs 1.0 0.600000023842 0.0384615398943 0.355555564165
ds 0.832116782665 0.567164182663 0.355263143778 1.0
gs 0.71794873476 1.0 0.481481492519 0.0
ts 0.649999976158 0.555555582047 0.333333343267 1.0
a 0.134951665998 0.0719524770975 0.142612993717 0.0413893535733
b 0.109652854502 0.0523875057697 0.035733230412 0.0119157489389
d 0.524490356445 0.591010868549 0.588734328747 0.549808859825
g 0.029044829309 0.0714868679643 0.0270594600588 0.00264330813661
t 0.201860293746 0.213162273169 0.205859974027 0.394242733717
h 1.0 1.0 1.0 1.0
c 0.0 0 0 0
Aa 0.92464607954 0.620805025101 0.533150434494 0.90007853508
Ab 0.83448779583 0.482986986637 -0.067936360836 0.359311193228
Ad 1.51420533657 1.53535473347 1.14891076088 2.02340149879
Ag 0.257536679506 0.617985486984 -0.188689529896 -0.294662356377
At 1.09951877594 1.09246957302 0.692563295364 1.87895357609
as 0.821428596973 0.684210538864 1.0 0.820512831211
bs 1.0 0.600000023842 0.0769230797887 0.355555564165
ds 0.832116782665 0.597014904022 0.539473712444 1.0
gs 0.71794873476 1.0 0.518518507481 0.0
ts 0.649999976158 0.583333313465 0.505747139454 1.0
a 0.134951665998 0.0648488327861 0.104522407055 0.0413893535733
b 0.109652854502 0.051032025367 0.02820125781 0.0119157489389
d 0.524490356445 0.595493733883 0.621697902679 0.549808859825
g 0.029044829309 0.0725279524922 0.0212774947286 0.00264330813661
t 0.201860293746 0.216097459197 0.224300920963 0.394242733717
h 1.0 1.0 1.0 1.0
c 0.0 0 0 0
Aa 0.92464607954 0.59119194746 0.521049320698 0.90007853508
Ab 0.83448779583 0.487132579088 -0.047891587019 0.359311193228
Ad 1.51420533657 1.55416691303 1.29541933537 2.02340149879
Ag 0.257536679506 0.639795184135 -0.170239567757 -0.294662356377
At 1.09951877594 1.11393940449 0.852670967579 1.87895357609
as 0.821428596973 0.631578922272 1.0 0.820512831211
bs 1.0 0.600000023842 0.153846159577 0.355555564165
ds 0.832116782665 0.626865684986 0.723684191704 1.0
gs 0.71794873476 1.0 0.592592597008 0.0
ts 0.649999976158 0.611111104488 0.689655184746 1.0
a 0.134951665998 0.0569114424288 0.0793265923858 0.0413893535733
b 0.109652854502 0.0508151128888 0.0241270028055 0.0119157489389
d 0.524490356445 0.597666561604 0.642563581467 0.549808859825
g 0.029044829309 0.0738021954894 0.0176161620766 0.00264330813661
t 0.201860293746 0.220804691315 0.236366674304 0.394242733717
h 1.0 1.0 1.0 1.0
c 0.0 0 0 0
Aa 0.92464607954 0.539983987808 0.503523290157 0.90007853508
Ab 0.83448779583 0.490777313709 -0.0133921168745 0.359311193228
Ad 1.51420533657 1.56124341488 1.41202056408 2.02340149879
Ag 0.257536679506 0.652853667736 -0.14998421073 -0.294662356377
At 1.09951877594 1.12879264355 0.977690756321 1.87895357609
as 0.819277107716 0.543859660625 1.0 0.820512831211
bs 1.0 0.633333325386 0.269230782986 0.355555564165
ds 0.832116782665 0.641791045666 0.881578922272 1.0
gs 0.71794873476 1.0 0.666666686535 0.0
ts 0.649999976158 0.638888895512 0.827586233616 1.0
a 0.134951665998 0.0541757084429 0.063904479146 0.0413893535733
b 0.109652854502 0.0513466373086 0.0229579787701 0.0119157489389
d 0.524490356445 0.596698403358 0.654417455196 0.549808859825
g 0.029044829309 0.0744257122278 0.0157303735614 0.00264330813661
t 0.201860293746 0.223353505135 0.242989689112 0.394242733717
h 1.0 1.0 1.0 1.0
c 0.0 0 0 0
Aa 0.92464607954 0.520422577858 0.477711677551 0.90007853508
Ab 0.83448779583 0.497129946947 0.0331140458584 0.359311193228
Ad 1.51420533657 1.5623729229 1.48803532124 2.02340149879
Ag 0.257536679506 0.658340990543 -0.131080567837 -0.294662356377
At 1.09951877594 1.13561069965 1.05776822567 1.87895357609
as 0.819277107716 0.508771955967 1.0 0.820512831211
bs 1.0 0.620689630508 0.461538463831 0.355555564165
ds 0.832116782665 0.641791045666 0.973684191704 1.0
gs 0.71794873476 1.0 0.740740716457 0.0
ts 0.649999976158 0.638888895512 0.91954022646 1.0
a 0.117312088609 0.0522564724088 0.0563915111125 0.0413893535733
b 0.117408201098 0.0529524609447 0.0236543845385 0.0119157489389
d 0.541305422783 0.596858501434 0.659469366074 0.549808859825
g 0.0332994833589 0.0743602663279 0.0150303123519 0.00264330813661
t 0.190674811602 0.223572313786 0.24545443058 0.394242733717
h 1.0 1.0 1.0 1.0
c 0.0 0 0 0
Aa 0.762809157372 0.505417823792 0.46037209034 0.90007853508
Ab 0.763164818287 0.511163890362 0.0830699950457 0.359311193228
Ad 1.42690873146 1.56314909458 1.52835297585 2.02340149879
Ag 0.215903922915 0.658618688583 -0.113873630762 -0.294662356377
At 0.973759770393 1.13669574261 1.09912919998 1.87895357609
as 0.62650603056 0.473684221506 0.963636338711 0.820512831211
bs 0.885245919228 0.689655184746 0.653846144676 0.355555564165
ds 0.766423344612 0.641791045666 1.0 1.0
gs 0.589743614197 1.0 0.777777791023 0.0
ts 0.537815153599 0.638888895512 0.977011501789 1.0
a 0.0898325145245 0.0495023801923 0.052802387625 0.0413893535733
b 0.130982235074 0.055579520762 0.0252359285951 0.0119157489389
d 0.558168232441 0.599303007126 0.661388635635 0.549808859825
g 0.0402428172529 0.0738931000233 0.0150030991063 0.00264330813661
t 0.180774226785 0.221722006798 0.245569944382 0.394242733717
h 1.0 1.0 1.0 1.0
c 0.0 0 0 0
Aa 0.523275375366 0.481521904469 0.44697368145 0.90007853508
Ab 0.687054216862 0.531810641289 0.126339405775 0.359311193228
Ad 1.31660687923 1.56454229355 1.5447769165 2.02340149879
Ag 0.174530208111 0.655499696732 -0.0994989052415 -0.294662356377
At 0.826978325844 1.13270461559 1.11449539661 1.87895357609
as 0.329268306494 0.438596487045 0.944444417953 0.820512831211
bs 0.75409835577 0.758620679379 0.807692289352 0.355555564165
ds 0.686131358147 0.641791045666 1.0 1.0
gs 0.487179487944 1.0 0.85185188055 0.0
ts 0.411764711142 0.638888895512 0.988505721092 1.0
a 0.0898325145245 0.0461874976754 0.0516258887947 0.0413893535733
b 0.130982235074 0.0585518218577 0.0268417485058 0.0119157489389
d 0.558168232441 0.602319717407 0.661687076092 0.549808859825
g 0.0402428172529 0.0735812857747 0.0151615198702 0.00264330813661
t 0.180774226785 0.219359666109 0.244683787227 0.394242733717
h 1.0 1.0 1.0 1.0
c 0.0 0 0 0
Aa 0.523275375366 0.44962361455 0.441653728485 0.90007853508
Ab 0.687054216862 0.552639603615 0.157597005367 0.359311193228
Ad 1.31660687923 1.56492626667 1.54943883419 2.02340149879
Ag 0.174530208111 0.651866555214 -0.0904710441828 -0.294662356377
At 0.826978325844 1.12625598907 1.11739134789 1.87895357609
as 0.329268306494 0.385964900255 0.944444417953 0.820512831211
bs 0.75409835577 0.827586233616 0.961538434029 0.355555564165
ds 0.686131358147 0.641791045666 1.0 1.0
gs 0.487179487944 1.0 0.888888895512 0.0
ts 0.411764711142 0.625 0.988505721092 1.0
a 0.0898325145245 0.0443529486656 0.051460120827 0.0413893535733
b 0.130982235074 0.0607308223844 0.0280073918402 0.0119157489389
d 0.558168232441 0.604871988297 0.662119567394 0.549808859825
g 0.0402428172529 0.073658362031 0.0151761807501 0.00264330813661
t 0.180774226785 0.216385886073 0.243236735463 0.394242733717
h 1.0 1.0 1.0 1.0
c 0.0 0 0 0
Aa 0.523275375366 0.430095523596 0.441653728485 0.90007853508
Ab 0.687054216862 0.566582202911 0.177455618978 0.359311193228
Ad 1.31660687923 1.56483650208 1.55111932755 2.02340149879
Ag 0.174530208111 0.650395095348 -0.0886545553803 -0.294662356377
At 0.826978325844 1.11840200424 1.11621212959 1.87895357609
as 0.329268306494 0.350877195597 0.944444417953 0.820512831211
bs 0.75409835577 0.86206895113 1.0 0.355555564165
ds 0.686131358147 0.636363625526 1.0 1.0
gs 0.487179487944 1.0 0.888888895512 0.0
ts 0.411764711142 0.625 0.988505721092 1.0
a 0.0898325145245 0.0442075841129 0.0512700043619 0.0413893535733
b 0.130982235074 0.0618794448674 0.0286920964718 0.0119157489389
d 0.558168232441 0.6061013937 0.662427067757 0.549808859825
g 0.0402428172529 0.0742339342833 0.0149509329349 0.00264330813661
t 0.180774226785 0.213577657938 0.242659911513 0.394242733717
h 1.0 1.0 1.0 1.0
c 0.0 0 0 0
Aa 0.523275375366 0.427153348923 0.441653728485 0.90007853508
Ab 0.687054216862 0.573202967644 0.189552664757 0.359311193228
Ad 1.31660687923 1.56420183182 1.55292844772 2.02340149879
Ag 0.174530208111 0.6522590518 -0.0935413092375 -0.294662356377
At 0.826978325844 1.11121237278 1.1167883873 1.87895357609
as 0.329268306494 0.333333343267 0.944444417953 0.820512831211
bs 0.75409835577 0.896551728249 1.0 0.355555564165
ds 0.686131358147 0.646153867245 1.0 1.0
gs 0.487179487944 1.0 0.85185188055 0.0
ts 0.411764711142 0.611111104488 0.988505721092 1.0
