840.584960938 843.874938965 824.135131836 853.744812012
838.940002441 843.874938965 819.200195312 850.454833984
834.005004883 832.360046387 822.49017334 850.454833984
832.360046387 829.070068359 817.555236816 852.09979248
837.29498291 834.005004883 820.845214844 853.744812012
847.164855957 842.229919434 819.200195312 850.454833984
843.874938965 837.29498291 824.135131836 852.09979248
842.229919434 832.360046387 829.070068359 852.09979248
843.874938965 832.360046387 830.715087891 857.034729004
837.29498291 824.135131836 829.070068359 857.034729004
842.229919434 840.584960938 824.135131836 852.09979248
838.940002441 834.005004883 822.49017334 848.809875488
837.29498291 830.715087891 830.715087891 852.09979248
842.229919434 827.425109863 830.715087891 857.034729004
840.584960938 840.584960938 815.91027832 845.519897461
840.584960938 840.584960938 820.845214844 850.454833984
840.584960938 837.29498291 819.200195312 847.164855957
838.940002441 840.584960938 815.91027832 852.09979248
843.874938965 837.29498291 827.425109863 853.744812012
838.940002441 829.070068359 822.49017334 852.09979248
835.650024414 825.780151367 822.49017334 852.09979248
832.360046387 829.070068359 824.135131836 855.389770508
837.29498291 834.005004883 824.135131836 853.744812012
838.940002441 837.29498291 819.200195312 850.454833984
838.940002441 834.005004883 819.200195312 850.454833984
845.519897461 838.940002441 819.200195312 853.744812012
840.584960938 825.780151367 819.200195312 855.389770508
842.229919434 830.715087891 822.49017334 857.034729004
840.584960938 825.780151367 827.425109863 852.09979248
837.29498291 830.715087891 825.780151367 847.164855957
834.005004883 840.584960938 824.135131836 847.164855957
834.005004883 842.229919434 825.780151367 845.519897461
830.715087891 829.070068359 820.845214844 850.454833984
832.360046387 829.070068359 822.49017334 852.09979248
835.650024414 838.940002441 820.845214844 845.519897461
835.650024414 832.360046387 822.49017334 845.519897461
840.584960938 840.584960938 827.425109863 843.874938965
834.005004883 829.070068359 824.135131836 845.519897461
832.360046387 825.780151367 819.200195312 843.874938965
840.584960938 829.070068359 820.845214844 853.744812012
840.584960938 835.650024414 822.49017334 850.454833984
837.29498291 840.584960938 824.135131836 843.874938965
832.360046387 832.360046387 824.135131836 843.874938965
834.005004883 832.360046387 817.555236816 838.940002441
835.650024414 830.715087891 815.91027832 847.164855957
834.005004883 822.49017334 822.49017334 845.519897461
838.940002441 838.940002441 822.49017334 847.164855957
832.360046387 840.584960938 817.555236816 840.584960938
835.650024414 835.650024414 815.91027832 847.164855957
837.29498291 829.070068359 824.135131836 848.809875488
835.650024414 835.650024414 825.780151367 840.584960938
838.940002441 838.940002441 814.265258789 842.229919434
837.29498291 835.650024414 817.555236816 842.229919434
837.29498291 837.29498291 815.91027832 838.940002441
837.29498291 827.425109863 820.845214844 847.164855957
840.584960938 829.070068359 819.200195312 842.229919434
840.584960938 837.29498291 820.845214844 842.229919434
835.650024414 838.940002441 819.200195312 838.940002441
845.519897461 845.519897461 824.135131836 843.874938965
845.519897461 838.940002441 824.135131836 845.519897461
838.940002441 840.584960938 812.620300293 845.519897461
840.584960938 842.229919434 819.200195312 845.519897461
840.584960938 835.650024414 822.49017334 843.874938965
835.650024414 834.005004883 830.715087891 847.164855957
845.519897461 843.874938965 829.070068359 852.09979248
847.164855957 837.29498291 820.845214844 855.389770508
845.519897461 838.940002441 820.845214844 850.454833984
847.164855957 848.809875488 819.200195312 848.809875488
848.809875488 838.940002441 819.200195312 848.809875488
838.940002441 835.650024414 824.135131836 853.744812012
835.650024414 830.715087891 817.555236816 850.454833984
845.519897461 840.584960938 820.845214844 850.454833984
838.940002441 838.940002441 824.135131836 852.09979248
838.940002441 830.715087891 815.91027832 845.519897461
843.874938965 830.715087891 820.845214844 843.874938965
847.164855957 840.584960938 820.845214844 848.809875488
847.164855957 840.584960938 825.780151367 850.454833984
850.454833984 834.005004883 822.49017334 845.519897461
842.229919434 827.425109863 815.91027832 845.519897461
837.29498291 835.650024414 814.265258789 842.229919434
845.519897461 837.29498291 817.555236816 845.519897461
842.229919434 840.584960938 820.845214844 852.09979248
834.005004883 832.360046387 822.49017334 852.09979248
834.005004883 817.555236816 814.265258789 853.744812012
835.650024414 829.070068359 820.845214844 855.389770508
845.519897461 842.229919434 830.715087891 855.389770508
840.584960938 830.715087891 827.425109863 855.389770508
842.229919434 832.360046387 820.845214844 853.744812012
842.229919434 845.519897461 820.845214844 853.744812012
837.29498291 834.005004883 820.845214844 852.09979248
845.519897461 832.360046387 824.135131836 848.809875488
848.809875488 838.940002441 819.200195312 845.519897461
842.229919434 847.164855957 817.555236816 845.519897461
842.229919434 843.874938965 817.555236816 842.229919434
840.584960938 853.744812012 820.845214844 845.519897461
843.874938965 852.09979248 815.91027832 847.164855957
840.584960938 838.940002441 819.200195312 847.164855957
834.005004883 843.874938965 825.780151367 845.519897461
835.650024414 842.229919434 825.780151367 843.874938965
838.940002441 825.780151367 830.715087891 847.164855957
838.940002441 840.584960938 824.135131836 847.164855957
838.940002441 840.584960938 819.200195312 848.809875488
830.715087891 842.229919434 822.49017334 850.454833984
835.650024414 838.940002441 819.200195312 848.809875488
835.650024414 838.940002441 815.91027832 848.809875488
840.584960938 837.29498291 815.91027832 850.454833984
845.519897461 838.940002441 819.200195312 843.874938965
842.229919434 842.229919434 824.135131836 848.809875488
835.650024414 843.874938965 820.845214844 850.454833984
840.584960938 840.584960938 824.135131836 845.519897461
842.229919434 834.005004883 819.200195312 842.229919434
840.584960938 832.360046387 824.135131836 840.584960938
840.584960938 835.650024414 824.135131836 837.29498291
840.584960938 837.29498291 820.845214844 840.584960938
842.229919434 832.360046387 824.135131836 847.164855957
842.229919434 838.940002441 824.135131836 848.809875488
838.940002441 842.229919434 822.49017334 848.809875488
835.650024414 835.650024414 817.555236816 848.809875488
835.650024414 842.229919434 815.91027832 847.164855957
834.005004883 827.425109863 820.845214844 847.164855957
835.650024414 819.200195312 827.425109863 848.809875488
832.360046387 830.715087891 824.135131836 847.164855957
835.650024414 843.874938965 817.555236816 842.229919434
838.940002441 842.229919434 820.845214844 843.874938965
847.164855957 847.164855957 825.780151367 845.519897461
845.519897461 830.715087891 822.49017334 848.809875488
835.650024414 829.070068359 822.49017334 852.09979248
842.229919434 832.360046387 822.49017334 850.454833984
845.519897461 843.874938965 824.135131836 853.744812012
840.584960938 848.809875488 822.49017334 852.09979248
842.229919434 835.650024414 822.49017334 845.519897461
845.519897461 840.584960938 822.49017334 848.809875488
845.519897461 837.29498291 822.49017334 852.09979248
843.874938965 829.070068359 829.070068359 855.389770508
857.034729004 825.780151367 825.780151367 870.194580078
850.454833984 837.29498291 814.265258789 858.679748535
843.874938965 845.519897461 820.845214844 837.29498291
838.940002441 855.389770508 819.200195312 835.650024414
834.005004883 865.259643555 812.620300293 825.780151367
830.715087891 853.744812012 807.68536377 827.425109863
830.715087891 853.744812012 801.105407715 827.425109863
819.200195312 870.194580078 799.460449219 806.040344238
825.780151367 861.969726562 806.040344238 806.040344238
830.715087891 861.969726562 806.040344238 815.91027832
832.360046387 861.969726562 801.105407715 820.845214844
830.715087891 857.034729004 802.750427246 824.135131836
837.29498291 860.324707031 809.330322266 827.425109863
845.519897461 860.324707031 804.395385742 834.005004883
848.809875488 853.744812012 806.040344238 829.070068359
847.164855957 853.744812012 807.68536377 835.650024414
838.940002441 850.454833984 804.395385742 834.005004883
843.874938965 850.454833984 799.460449219 830.715087891
840.584960938 852.09979248 807.68536377 832.360046387
842.229919434 857.034729004 802.750427246 822.49017334
840.584960938 858.679748535 809.330322266 832.360046387
838.940002441 858.679748535 815.91027832 832.360046387
840.584960938 853.744812012 807.68536377 834.005004883
842.229919434 848.809875488 807.68536377 835.650024414
852.09979248 848.809875488 810.975280762 837.29498291
847.164855957 847.164855957 806.040344238 835.650024414
845.519897461 852.09979248 809.330322266 840.584960938
842.229919434 845.519897461 812.620300293 840.584960938
837.29498291 852.09979248 806.040344238 835.650024414
842.229919434 855.389770508 810.975280762 837.29498291
847.164855957 852.09979248 814.265258789 835.650024414
848.809875488 852.09979248 806.040344238 832.360046387
852.09979248 850.454833984 812.620300293 840.584960938
855.389770508 845.519897461 812.620300293 847.164855957
853.744812012 840.584960938 814.265258789 850.454833984
848.809875488 847.164855957 810.975280762 847.164855957
852.09979248 852.09979248 817.555236816 845.519897461
847.164855957 850.454833984 815.91027832 840.584960938
842.229919434 853.744812012 809.330322266 835.650024414
845.519897461 850.454833984 819.200195312 838.940002441
834.005004883 843.874938965 812.620300293 840.584960938
838.940002441 840.584960938 814.265258789 848.809875488
838.940002441 842.229919434 817.555236816 845.519897461
840.584960938 847.164855957 817.555236816 847.164855957
837.29498291 843.874938965 815.91027832 840.584960938
842.229919434 857.034729004 815.91027832 835.650024414
842.229919434 843.874938965 819.200195312 842.229919434
837.29498291 847.164855957 812.620300293 838.940002441
845.519897461 847.164855957 820.845214844 848.809875488
840.584960938 842.229919434 819.200195312 852.09979248
845.519897461 845.519897461 819.200195312 848.809875488
850.454833984 842.229919434 820.845214844 852.09979248
845.519897461 834.005004883 820.845214844 848.809875488
845.519897461 834.005004883 822.49017334 850.454833984
838.940002441 842.229919434 822.49017334 853.744812012
835.650024414 837.29498291 820.845214844 853.744812012
845.519897461 848.809875488 824.135131836 855.389770508
850.454833984 842.229919434 824.135131836 857.034729004
845.519897461 837.29498291 820.845214844 853.744812012
845.519897461 845.519897461 820.845214844 855.389770508
850.454833984 845.519897461 822.49017334 858.679748535
843.874938965 840.584960938 822.49017334 853.744812012
847.164855957 837.29498291 815.91027832 852.09979248
857.034729004 834.005004883 814.265258789 860.324707031
847.164855957 840.584960938 822.49017334 850.454833984
834.005004883 847.164855957 822.49017334 840.584960938
835.650024414 838.940002441 824.135131836 832.360046387
832.360046387 829.070068359 822.49017334 837.29498291
838.940002441 830.715087891 814.265258789 845.519897461
847.164855957 842.229919434 824.135131836 850.454833984
848.809875488 853.744812012 824.135131836 852.09979248
843.874938965 845.519897461 822.49017334 853.744812012
843.874938965 838.940002441 815.91027832 855.389770508
845.519897461 837.29498291 817.555236816 857.034729004
840.584960938 835.650024414 819.200195312 850.454833984
850.454833984 838.940002441 822.49017334 852.09979248
848.809875488 832.360046387 827.425109863 855.389770508
847.164855957 840.584960938 820.845214844 861.969726562
852.09979248 837.29498291 820.845214844 861.969726562
850.454833984 834.005004883 819.200195312 860.324707031
852.09979248 827.425109863 824.135131836 858.679748535
850.454833984 825.780151367 822.49017334 858.679748535
842.229919434 838.940002441 819.200195312 852.09979248
842.229919434 843.874938965 820.845214844 852.09979248
840.584960938 843.874938965 815.91027832 855.389770508
843.874938965 840.584960938 820.845214844 853.744812012
848.809875488 838.940002441 822.49017334 852.09979248
847.164855957 837.29498291 815.91027832 848.809875488
845.519897461 834.005004883 822.49017334 848.809875488
845.519897461 834.005004883 817.555236816 848.809875488
838.940002441 834.005004883 814.265258789 852.09979248
840.584960938 834.005004883 815.91027832 850.454833984
838.940002441 837.29498291 817.555236816 850.454833984
842.229919434 840.584960938 822.49017334 853.744812012
843.874938965 838.940002441 827.425109863 852.09979248
840.584960938 843.874938965 820.845214844 850.454833984
843.874938965 843.874938965 825.780151367 848.809875488
845.519897461 842.229919434 817.555236816 850.454833984
838.940002441 829.070068359 819.200195312 850.454833984
840.584960938 827.425109863 819.200195312 847.164855957
847.164855957 837.29498291 820.845214844 848.809875488
857.034729004 838.940002441 825.780151367 852.09979248
847.164855957 838.940002441 819.200195312 852.09979248
842.229919434 838.940002441 815.91027832 848.809875488
847.164855957 845.519897461 815.91027832 845.519897461
847.164855957 842.229919434 815.91027832 847.164855957
848.809875488 845.519897461 817.555236816 852.09979248
853.744812012 843.874938965 827.425109863 852.09979248
852.09979248 835.650024414 824.135131836 853.744812012
842.229919434 835.650024414 820.845214844 847.164855957
843.874938965 832.360046387 825.780151367 848.809875488
840.584960938 827.425109863 817.555236816 843.874938965
845.519897461 840.584960938 815.91027832 845.519897461
843.874938965 845.519897461 817.555236816 847.164855957
840.584960938 838.940002441 822.49017334 853.744812012
838.940002441 834.005004883 824.135131836 853.744812012
847.164855957 837.29498291 824.135131836 852.09979248
848.809875488 845.519897461 824.135131836 853.744812012
842.229919434 838.940002441 819.200195312 850.454833984
847.164855957 837.29498291 822.49017334 848.809875488
838.940002441 830.715087891 825.780151367 848.809875488
835.650024414 825.780151367 815.91027832 842.229919434
843.874938965 825.780151367 822.49017334 847.164855957
843.874938965 832.360046387 825.780151367 852.09979248
834.005004883 825.780151367 817.555236816 840.584960938
835.650024414 834.005004883 824.135131836 843.874938965
835.650024414 848.809875488 817.555236816 842.229919434
834.005004883 838.940002441 815.91027832 838.940002441
840.584960938 838.940002441 822.49017334 845.519897461
832.360046387 822.49017334 825.780151367 843.874938965
820.845214844 822.49017334 825.780151367 843.874938965
832.360046387 835.650024414 830.715087891 843.874938965
838.940002441 837.29498291 827.425109863 843.874938965
830.715087891 819.200195312 819.200195312 850.454833984
829.070068359 820.845214844 822.49017334 847.164855957
830.715087891 830.715087891 822.49017334 845.519897461
835.650024414 845.519897461 822.49017334 850.454833984
852.09979248 855.389770508 824.135131836 850.454833984
842.229919434 838.940002441 819.200195312 852.09979248
837.29498291 837.29498291 824.135131836 850.454833984
840.584960938 842.229919434 827.425109863 843.874938965
845.519897461 840.584960938 827.425109863 850.454833984
847.164855957 832.360046387 824.135131836 855.389770508
843.874938965 830.715087891 820.845214844 855.389770508
835.650024414 824.135131836 822.49017334 850.454833984
840.584960938 824.135131836 824.135131836 850.454833984
848.809875488 832.360046387 825.780151367 861.969726562
853.744812012 829.070068359 820.845214844 871.839599609
845.519897461 855.389770508 820.845214844 850.454833984
820.845214844 848.809875488 822.49017334 830.715087891
819.200195312 838.940002441 820.845214844 827.425109863
810.975280762 843.874938965 819.200195312 814.265258789
817.555236816 842.229919434 830.715087891 825.780151367
806.040344238 848.809875488 825.780151367 820.845214844
810.975280762 855.389770508 829.070068359 822.49017334
814.265258789 842.229919434 820.845214844 834.005004883
825.780151367 830.715087891 815.91027832 838.940002441
825.780151367 834.005004883 822.49017334 835.650024414
822.49017334 834.005004883 820.845214844 835.650024414
832.360046387 850.454833984 820.845214844 842.229919434
827.425109863 850.454833984 817.555236816 842.229919434
830.715087891 848.809875488 820.845214844 838.940002441
830.715087891 834.005004883 829.070068359 838.940002441
838.940002441 837.29498291 825.780151367 845.519897461
840.584960938 848.809875488 827.425109863 847.164855957
838.940002441 840.584960938 819.200195312 843.874938965
845.519897461 845.519897461 822.49017334 843.874938965
838.940002441 830.715087891 825.780151367 850.454833984
837.29498291 832.360046387 820.845214844 848.809875488
827.425109863 835.650024414 819.200195312 847.164855957
832.360046387 847.164855957 817.555236816 848.809875488
842.229919434 853.744812012 827.425109863 853.744812012
837.29498291 840.584960938 822.49017334 852.09979248
843.874938965 842.229919434 824.135131836 847.164855957
848.809875488 838.940002441 827.425109863 850.454833984
842.229919434 840.584960938 822.49017334 847.164855957
840.584960938 840.584960938 830.715087891 853.744812012
838.940002441 832.360046387 827.425109863 857.034729004
829.070068359 830.715087891 819.200195312 847.164855957
837.29498291 848.809875488 817.555236816 840.584960938
840.584960938 843.874938965 824.135131836 840.584960938
835.650024414 838.940002441 822.49017334 840.584960938
842.229919434 838.940002441 822.49017334 842.229919434
842.229919434 835.650024414 824.135131836 848.809875488
838.940002441 845.519897461 820.845214844 843.874938965
852.09979248 850.454833984 820.845214844 850.454833984
848.809875488 837.29498291 822.49017334 853.744812012
843.874938965 834.005004883 824.135131836 850.454833984
852.09979248 835.650024414 819.200195312 848.809875488
850.454833984 829.070068359 825.780151367 855.389770508
852.09979248 829.070068359 824.135131836 857.034729004
850.454833984 834.005004883 815.91027832 853.744812012
842.229919434 840.584960938 819.200195312 848.809875488
845.519897461 838.940002441 820.845214844 850.454833984
843.874938965 840.584960938 822.49017334 852.09979248
842.229919434 840.584960938 822.49017334 855.389770508
842.229919434 835.650024414 820.845214844 850.454833984
847.164855957 843.874938965 819.200195312 845.519897461
847.164855957 837.29498291 820.845214844 845.519897461
847.164855957 837.29498291 822.49017334 845.519897461
852.09979248 832.360046387 817.555236816 847.164855957
848.809875488 825.780151367 817.555236816 850.454833984
843.874938965 837.29498291 825.780151367 850.454833984
850.454833984 847.164855957 817.555236816 848.809875488
848.809875488 848.809875488 830.715087891 855.389770508
847.164855957 843.874938965 825.780151367 853.744812012
853.744812012 837.29498291 819.200195312 853.744812012
850.454833984 837.29498291 820.845214844 855.389770508
843.874938965 835.650024414 817.555236816 847.164855957
843.874938965 838.940002441 819.200195312 847.164855957
845.519897461 827.425109863 822.49017334 852.09979248
838.940002441 835.650024414 822.49017334 847.164855957
843.874938965 840.584960938 822.49017334 845.519897461
840.584960938 847.164855957 827.425109863 848.809875488
838.940002441 843.874938965 822.49017334 845.519897461
837.29498291 837.29498291 807.68536377 843.874938965
842.229919434 834.005004883 809.330322266 845.519897461
840.584960938 834.005004883 819.200195312 847.164855957
855.389770508 835.650024414 824.135131836 850.454833984
863.614685059 845.519897461 824.135131836 853.744812012
857.034729004 840.584960938 820.845214844 847.164855957
848.809875488 840.584960938 819.200195312 848.809875488
842.229919434 829.070068359 824.135131836 853.744812012
838.940002441 829.070068359 820.845214844 853.744812012
842.229919434 830.715087891 815.91027832 860.324707031
855.389770508 835.650024414 822.49017334 860.324707031
847.164855957 834.005004883 827.425109863 858.679748535
850.454833984 829.070068359 827.425109863 863.614685059
838.940002441 829.070068359 819.200195312 860.324707031
842.229919434 832.360046387 820.845214844 858.679748535
843.874938965 834.005004883 822.49017334 855.389770508
838.940002441 834.005004883 820.845214844 858.679748535
845.519897461 832.360046387 814.265258789 850.454833984
840.584960938 830.715087891 822.49017334 853.744812012
837.29498291 837.29498291 825.780151367 855.389770508
843.874938965 830.715087891 825.780151367 850.454833984
845.519897461 825.780151367 827.425109863 858.679748535
835.650024414 829.070068359 822.49017334 857.034729004
842.229919434 835.650024414 822.49017334 857.034729004
843.874938965 845.519897461 825.780151367 858.679748535
850.454833984 843.874938965 825.780151367 855.389770508
845.519897461 830.715087891 820.845214844 855.389770508
843.874938965 829.070068359 819.200195312 853.744812012
838.940002441 834.005004883 822.49017334 855.389770508
835.650024414 840.584960938 815.91027832 848.809875488
845.519897461 842.229919434 820.845214844 848.809875488
845.519897461 834.005004883 825.780151367 848.809875488
847.164855957 825.780151367 824.135131836 847.164855957
843.874938965 829.070068359 819.200195312 845.519897461
842.229919434 838.940002441 824.135131836 845.519897461
840.584960938 842.229919434 819.200195312 845.519897461
843.874938965 848.809875488 817.555236816 834.005004883
838.940002441 834.005004883 822.49017334 840.584960938
835.650024414 834.005004883 814.265258789 842.229919434
834.005004883 837.29498291 806.040344238 838.940002441
842.229919434 835.650024414 817.555236816 843.874938965
842.229919434 830.715087891 815.91027832 843.874938965
837.29498291 837.29498291 824.135131836 852.09979248
842.229919434 834.005004883 819.200195312 853.744812012
840.584960938 838.940002441 815.91027832 850.454833984
838.940002441 843.874938965 822.49017334 848.809875488
840.584960938 843.874938965 822.49017334 847.164855957
842.229919434 847.164855957 820.845214844 850.454833984
838.940002441 845.519897461 819.200195312 843.874938965
843.874938965 843.874938965 817.555236816 837.29498291
834.005004883 838.940002441 822.49017334 843.874938965
829.070068359 837.29498291 815.91027832 847.164855957
835.650024414 837.29498291 817.555236816 842.229919434
834.005004883 825.780151367 817.555236816 842.229919434
843.874938965 830.715087891 820.845214844 838.940002441
837.29498291 837.29498291 814.265258789 837.29498291
835.650024414 847.164855957 814.265258789 837.29498291
837.29498291 847.164855957 820.845214844 837.29498291
835.650024414 838.940002441 827.425109863 837.29498291
835.650024414 837.29498291 827.425109863 840.584960938
830.715087891 835.650024414 817.555236816 838.940002441
830.715087891 834.005004883 822.49017334 842.229919434
840.584960938 835.650024414 822.49017334 842.229919434
837.29498291 834.005004883 825.780151367 840.584960938
835.650024414 832.360046387 825.780151367 837.29498291
838.940002441 832.360046387 817.555236816 838.940002441
840.584960938 829.070068359 820.845214844 848.809875488
835.650024414 837.29498291 817.555236816 834.005004883
832.360046387 838.940002441 820.845214844 840.584960938
834.005004883 845.519897461 819.200195312 842.229919434
832.360046387 840.584960938 822.49017334 842.229919434
832.360046387 835.650024414 819.200195312 852.09979248
837.29498291 845.519897461 817.555236816 847.164855957
840.584960938 840.584960938 820.845214844 847.164855957
842.229919434 840.584960938 819.200195312 842.229919434
843.874938965 835.650024414 820.845214844 847.164855957
840.584960938 838.940002441 817.555236816 843.874938965
840.584960938 842.229919434 824.135131836 843.874938965
843.874938965 834.005004883 820.845214844 845.519897461
848.809875488 835.650024414 817.555236816 853.744812012
853.744812012 847.164855957 824.135131836 850.454833984
850.454833984 843.874938965 819.200195312 852.09979248
847.164855957 845.519897461 825.780151367 850.454833984
845.519897461 840.584960938 820.845214844 848.809875488
853.744812012 838.940002441 822.49017334 853.744812012
852.09979248 835.650024414 825.780151367 860.324707031
850.454833984 843.874938965 829.070068359 857.034729004
858.679748535 845.519897461 820.845214844 855.389770508
855.389770508 840.584960938 815.91027832 860.324707031
858.679748535 852.09979248 820.845214844 865.259643555
857.034729004 832.360046387 810.975280762 873.484558105
865.259643555 834.005004883 819.200195312 881.709472656
863.614685059 845.519897461 809.330322266 870.194580078
860.324707031 840.584960938 812.620300293 861.969726562
857.034729004 855.389770508 814.265258789 843.874938965
845.519897461 858.679748535 810.975280762 842.229919434
840.584960938 860.324707031 804.395385742 837.29498291
840.584960938 866.904663086 801.105407715 842.229919434
850.454833984 868.549621582 799.460449219 847.164855957
850.454833984 860.324707031 807.68536377 847.164855957
850.454833984 848.809875488 804.395385742 848.809875488
857.034729004 855.389770508 807.68536377 848.809875488
857.034729004 850.454833984 806.040344238 843.874938965
853.744812012 857.034729004 806.040344238 847.164855957
858.679748535 847.164855957 807.68536377 847.164855957
852.09979248 850.454833984 807.68536377 847.164855957
850.454833984 861.969726562 812.620300293 852.09979248
848.809875488 852.09979248 809.330322266 848.809875488
843.874938965 855.389770508 810.975280762 855.389770508
845.519897461 850.454833984 810.975280762 857.034729004
843.874938965 845.519897461 806.040344238 858.679748535
848.809875488 860.324707031 812.620300293 858.679748535
848.809875488 853.744812012 819.200195312 858.679748535
848.809875488 832.360046387 814.265258789 860.324707031
853.744812012 842.229919434 814.265258789 860.324707031
850.454833984 861.969726562 819.200195312 865.259643555
852.09979248 848.809875488 814.265258789 860.324707031
855.389770508 850.454833984 814.265258789 858.679748535
852.09979248 852.09979248 815.91027832 857.034729004
845.519897461 843.874938965 812.620300293 857.034729004
850.454833984 845.519897461 815.91027832 860.324707031
848.809875488 850.454833984 814.265258789 860.324707031
853.744812012 843.874938965 806.040344238 855.389770508
858.679748535 832.360046387 812.620300293 860.324707031
845.519897461 832.360046387 822.49017334 858.679748535
848.809875488 850.454833984 810.975280762 848.809875488
843.874938965 855.389770508 809.330322266 850.454833984
848.809875488 861.969726562 810.975280762 845.519897461
855.389770508 861.969726562 812.620300293 855.389770508
853.744812012 843.874938965 815.91027832 858.679748535
852.09979248 842.229919434 820.845214844 858.679748535
845.519897461 850.454833984 815.91027832 857.034729004
853.744812012 847.164855957 820.845214844 853.744812012
865.259643555 842.229919434 822.49017334 857.034729004
861.969726562 830.715087891 815.91027832 855.389770508
852.09979248 847.164855957 815.91027832 852.09979248
852.09979248 848.809875488 819.200195312 853.744812012
843.874938965 845.519897461 819.200195312 853.744812012
855.389770508 847.164855957 814.265258789 852.09979248
861.969726562 843.874938965 819.200195312 855.389770508
853.744812012 835.650024414 817.555236816 853.744812012
858.679748535 838.940002441 820.845214844 860.324707031
850.454833984 837.29498291 822.49017334 860.324707031
845.519897461 835.650024414 817.555236816 855.389770508
845.519897461 840.584960938 820.845214844 855.389770508
850.454833984 832.360046387 822.49017334 863.614685059
865.259643555 838.940002441 815.91027832 868.549621582
850.454833984 838.940002441 817.555236816 860.324707031
835.650024414 847.164855957 820.845214844 842.229919434
838.940002441 853.744812012 819.200195312 834.005004883
835.650024414 837.29498291 819.200195312 837.29498291
835.650024414 847.164855957 817.555236816 840.584960938
834.005004883 838.940002441 809.330322266 840.584960938
847.164855957 835.650024414 810.975280762 842.229919434
855.389770508 834.005004883 817.555236816 850.454833984
848.809875488 855.389770508 814.265258789 855.389770508
843.874938965 850.454833984 817.555236816 855.389770508
837.29498291 835.650024414 819.200195312 853.744812012
842.229919434 834.005004883 814.265258789 848.809875488
850.454833984 837.29498291 820.845214844 855.389770508
843.874938965 843.874938965 820.845214844 850.454833984
838.940002441 860.324707031 815.91027832 852.09979248
835.650024414 838.940002441 815.91027832 852.09979248
837.29498291 838.940002441 810.975280762 847.164855957
842.229919434 847.164855957 815.91027832 848.809875488
838.940002441 840.584960938 822.49017334 843.874938965
838.940002441 829.070068359 822.49017334 848.809875488
843.874938965 832.360046387 815.91027832 843.874938965
845.519897461 850.454833984 817.555236816 845.519897461
835.650024414 845.519897461 820.845214844 842.229919434
838.940002441 848.809875488 820.845214844 842.229919434
834.005004883 840.584960938 820.845214844 845.519897461
845.519897461 832.360046387 812.620300293 842.229919434
843.874938965 840.584960938 815.91027832 850.454833984
840.584960938 840.584960938 815.91027832 850.454833984
850.454833984 834.005004883 812.620300293 852.09979248
855.389770508 817.555236816 824.135131836 860.324707031
847.164855957 847.164855957 820.845214844 855.389770508
845.519897461 847.164855957 817.555236816 852.09979248
840.584960938 850.454833984 819.200195312 852.09979248
845.519897461 847.164855957 817.555236816 857.034729004
848.809875488 829.070068359 824.135131836 855.389770508
855.389770508 829.070068359 822.49017334 843.874938965
858.679748535 820.845214844 820.845214844 855.389770508
847.164855957 835.650024414 819.200195312 855.389770508
847.164855957 848.809875488 820.845214844 852.09979248
847.164855957 848.809875488 820.845214844 858.679748535
843.874938965 858.679748535 824.135131836 852.09979248
847.164855957 838.940002441 822.49017334 852.09979248
842.229919434 830.715087891 825.780151367 861.969726562
838.940002441 834.005004883 819.200195312 853.744812012
848.809875488 840.584960938 809.330322266 848.809875488
850.454833984 829.070068359 820.845214844 853.744812012
850.454833984 835.650024414 820.845214844 852.09979248
848.809875488 853.744812012 817.555236816 850.454833984
842.229919434 837.29498291 817.555236816 850.454833984
840.584960938 840.584960938 814.265258789 848.809875488
850.454833984 842.229919434 819.200195312 855.389770508
845.519897461 830.715087891 814.265258789 855.389770508
852.09979248 847.164855957 820.845214844 857.034729004
855.389770508 840.584960938 825.780151367 861.969726562
852.09979248 825.780151367 815.91027832 861.969726562
857.034729004 840.584960938 820.845214844 866.904663086
852.09979248 842.229919434 815.91027832 863.614685059
850.454833984 843.874938965 819.200195312 863.614685059
858.679748535 850.454833984 827.425109863 863.614685059
863.614685059 842.229919434 820.845214844 866.904663086
855.389770508 837.29498291 819.200195312 857.034729004
858.679748535 855.389770508 824.135131836 853.744812012
853.744812012 848.809875488 822.49017334 855.389770508
847.164855957 842.229919434 817.555236816 852.09979248
848.809875488 842.229919434 812.620300293 857.034729004
857.034729004 837.29498291 817.555236816 860.324707031
850.454833984 837.29498291 814.265258789 853.744812012
848.809875488 842.229919434 817.555236816 853.744812012
857.034729004 840.584960938 822.49017334 853.744812012
853.744812012 845.519897461 822.49017334 853.744812012
855.389770508 838.940002441 830.715087891 858.679748535
852.09979248 837.29498291 817.555236816 857.034729004
850.454833984 840.584960938 817.555236816 853.744812012
857.034729004 837.29498291 817.555236816 855.389770508
852.09979248 840.584960938 817.555236816 848.809875488
842.229919434 847.164855957 817.555236816 845.519897461
837.29498291 830.715087891 812.620300293 843.874938965
840.584960938 842.229919434 812.620300293 838.940002441
852.09979248 850.454833984 819.200195312 845.519897461
860.324707031 838.940002441 825.780151367 861.969726562
843.874938965 834.005004883 825.780151367 857.034729004
834.005004883 827.425109863 814.265258789 845.519897461
834.005004883 829.070068359 829.070068359 850.454833984
837.29498291 829.070068359 822.49017334 840.584960938
843.874938965 829.070068359 822.49017334 850.454833984
837.29498291 837.29498291 824.135131836 850.454833984
830.715087891 835.650024414 815.91027832 843.874938965
837.29498291 845.519897461 822.49017334 845.519897461
842.229919434 840.584960938 827.425109863 853.744812012
843.874938965 829.070068359 827.425109863 855.389770508
832.360046387 820.845214844 817.555236816 845.519897461
829.070068359 837.29498291 817.555236816 843.874938965
832.360046387 838.940002441 819.200195312 838.940002441
837.29498291 832.360046387 814.265258789 840.584960938
837.29498291 820.845214844 829.070068359 845.519897461
838.940002441 829.070068359 824.135131836 838.940002441
842.229919434 837.29498291 825.780151367 845.519897461
837.29498291 850.454833984 827.425109863 843.874938965
838.940002441 848.809875488 822.49017334 843.874938965
840.584960938 837.29498291 822.49017334 847.164855957
834.005004883 834.005004883 817.555236816 840.584960938
837.29498291 838.940002441 820.845214844 842.229919434
847.164855957 842.229919434 824.135131836 850.454833984
842.229919434 835.650024414 827.425109863 855.389770508
842.229919434 819.200195312 829.070068359 850.454833984
845.519897461 834.005004883 822.49017334 843.874938965
842.229919434 845.519897461 817.555236816 842.229919434
858.679748535 847.164855957 819.200195312 855.389770508
845.519897461 845.519897461 822.49017334 860.324707031
827.425109863 829.070068359 827.425109863 840.584960938
840.584960938 825.780151367 832.360046387 850.454833984
819.200195312 829.070068359 830.715087891 842.229919434
838.940002441 838.940002441 824.135131836 855.389770508
847.164855957 827.425109863 832.360046387 868.549621582
843.874938965 827.425109863 829.070068359 853.744812012
852.09979248 827.425109863 830.715087891 858.679748535
840.584960938 829.070068359 824.135131836 852.09979248
848.809875488 824.135131836 827.425109863 853.744812012
845.519897461 829.070068359 824.135131836 848.809875488
845.519897461 842.229919434 820.845214844 852.09979248
857.034729004 838.940002441 825.780151367 860.324707031
842.229919434 835.650024414 822.49017334 857.034729004
838.940002441 825.780151367 824.135131836 858.679748535
843.874938965 829.070068359 829.070068359 865.259643555
837.29498291 825.780151367 824.135131836 858.679748535
848.809875488 827.425109863 825.780151367 863.614685059
845.519897461 824.135131836 822.49017334 860.324707031
847.164855957 829.070068359 817.555236816 863.614685059
843.874938965 832.360046387 829.070068359 861.969726562
837.29498291 842.229919434 820.845214844 850.454833984
845.519897461 840.584960938 825.780151367 855.389770508
847.164855957 835.650024414 820.845214844 853.744812012
843.874938965 830.715087891 820.845214844 855.389770508
847.164855957 832.360046387 824.135131836 861.969726562
850.454833984 832.360046387 827.425109863 858.679748535
855.389770508 832.360046387 824.135131836 858.679748535
850.454833984 837.29498291 815.91027832 857.034729004
848.809875488 832.360046387 822.49017334 853.744812012
842.229919434 829.070068359 822.49017334 855.389770508
852.09979248 834.005004883 825.780151367 857.034729004
857.034729004 848.809875488 829.070068359 857.034729004
850.454833984 845.519897461 815.91027832 850.454833984
853.744812012 842.229919434 819.200195312 853.744812012
848.809875488 835.650024414 820.845214844 853.744812012
850.454833984 835.650024414 825.780151367 858.679748535
855.389770508 835.650024414 819.200195312 855.389770508
852.09979248 829.070068359 814.265258789 853.744812012
852.09979248 829.070068359 817.555236816 861.969726562
845.519897461 838.940002441 825.780151367 857.034729004
842.229919434 838.940002441 824.135131836 852.09979248
850.454833984 847.164855957 820.845214844 852.09979248
853.744812012 843.874938965 819.200195312 852.09979248
852.09979248 840.584960938 824.135131836 853.744812012
853.744812012 847.164855957 829.070068359 858.679748535
842.229919434 827.425109863 819.200195312 853.744812012
843.874938965 825.780151367 820.845214844 850.454833984
838.940002441 829.070068359 822.49017334 853.744812012
842.229919434 843.874938965 824.135131836 850.454833984
845.519897461 845.519897461 822.49017334 845.519897461
843.874938965 843.874938965 819.200195312 845.519897461
843.874938965 847.164855957 822.49017334 848.809875488
843.874938965 838.940002441 825.780151367 850.454833984
863.614685059 843.874938965 829.070068359 871.839599609
871.839599609 834.005004883 834.005004883 880.064453125
838.940002441 840.584960938 835.650024414 848.809875488
