3 0 0 1 0.111810307044 0
5 0 1 -1 0.069011876206 1
7 0 -2 -1 0.104291877222 2
7 1 -3 -1 0.0821490235556 4
7 0 -3 -1 0.361652253332 2
9 0 -3 -1 0.151333760348 3
9 2 -4 -1 0.189453820644 5
5 0 -4 1 0.105883242404 1
5 1 2 1 0.0877884995026 4
3 0 2 1 0.0289582868734 0
3 0 1 1 0.0444203408409 0
7 0 1 -1 0.046369962025 2
7 1 -3 -1 0.0734432519118 4
9 0 -3 -1 0.0863875330143 3
9 2 -4 -1 0.161869044934 5
7 0 -4 -1 0.086287105294 2
5 0 -3 1 0.102299442139 1
5 1 2 1 0.109715000548 4
3 0 2 1 0.095041393656 0
5 0 1 -1 0.0636808324069 1
9 0 -2 -1 0.0838307688778 3
9 2 -4 -1 0.105610609701 5
9 1 -4 -1 0.125335210099 4
5 0 -4 1 0.0984623278994 1
3 0 2 1 0.0458668106002 0
