891.579345703 843.874938965 824.135131836 842.229919434
891.579345703 838.940002441 822.49017334 857.034729004
889.934387207 840.584960938 820.845214844 852.09979248
894.86932373 840.584960938 819.200195312 848.809875488
891.579345703 843.874938965 819.200195312 847.164855957
888.289367676 842.229919434 820.845214844 847.164855957
888.289367676 838.940002441 824.135131836 858.679748535
891.579345703 837.29498291 822.49017334 865.259643555
881.709472656 842.229919434 822.49017334 857.034729004
891.579345703 843.874938965 822.49017334 840.584960938
888.289367676 838.940002441 819.200195312 848.809875488
884.999450684 835.650024414 812.620300293 845.519897461
886.64440918 832.360046387 817.555236816 853.744812012
888.289367676 834.005004883 829.070068359 858.679748535
888.289367676 835.650024414 825.780151367 857.034729004
870.194580078 838.940002441 820.845214844 838.940002441
873.484558105 838.940002441 820.845214844 843.874938965
866.904663086 840.584960938 815.91027832 848.809875488
870.194580078 840.584960938 834.005004883 848.809875488
881.709472656 840.584960938 830.715087891 855.389770508
878.419494629 835.650024414 829.070068359 858.679748535
871.839599609 835.650024414 830.715087891 855.389770508
873.484558105 838.940002441 825.780151367 861.969726562
876.774536133 842.229919434 829.070068359 865.259643555
875.129516602 843.874938965 822.49017334 842.229919434
880.064453125 838.940002441 820.845214844 847.164855957
875.129516602 838.940002441 827.425109863 847.164855957
873.484558105 840.584960938 829.070068359 853.744812012
861.969726562 837.29498291 829.070068359 852.09979248
868.549621582 838.940002441 825.780151367 858.679748535
860.324707031 842.229919434 815.91027832 860.324707031
865.259643555 840.584960938 817.555236816 853.744812012
865.259643555 843.874938965 822.49017334 852.09979248
863.614685059 843.874938965 819.200195312 843.874938965
880.064453125 845.519897461 829.070068359 842.229919434
884.999450684 847.164855957 830.715087891 838.940002441
889.934387207 845.519897461 820.845214844 842.229919434
881.709472656 840.584960938 829.070068359 850.454833984
875.129516602 843.874938965 824.135131836 858.679748535
866.904663086 845.519897461 819.200195312 866.904663086
866.904663086 845.519897461 822.49017334 871.839599609
858.679748535 843.874938965 822.49017334 857.034729004
858.679748535 840.584960938 819.200195312 848.809875488
865.259643555 845.519897461 819.200195312 853.744812012
865.259643555 847.164855957 819.200195312 850.454833984
861.969726562 843.874938965 815.91027832 843.874938965
857.034729004 845.519897461 824.135131836 835.650024414
852.09979248 842.229919434 832.360046387 832.360046387
855.389770508 845.519897461 829.070068359 838.940002441
863.614685059 850.454833984 825.780151367 850.454833984
866.904663086 850.454833984 819.200195312 850.454833984
860.324707031 848.809875488 812.620300293 835.650024414
857.034729004 850.454833984 822.49017334 832.360046387
857.034729004 843.874938965 822.49017334 845.519897461
858.679748535 847.164855957 825.780151367 853.744812012
858.679748535 847.164855957 825.780151367 863.614685059
852.09979248 842.229919434 817.555236816 853.744812012
853.744812012 845.519897461 822.49017334 845.519897461
852.09979248 848.809875488 822.49017334 850.454833984
852.09979248 845.519897461 827.425109863 845.519897461
853.744812012 847.164855957 822.49017334 840.584960938
840.584960938 847.164855957 822.49017334 850.454833984
845.519897461 845.519897461 825.780151367 842.229919434
842.229919434 847.164855957 822.49017334 847.164855957
840.584960938 848.809875488 822.49017334 860.324707031
840.584960938 848.809875488 820.845214844 838.940002441
850.454833984 848.809875488 819.200195312 845.519897461
850.454833984 848.809875488 825.780151367 852.09979248
845.519897461 843.874938965 825.780151367 858.679748535
847.164855957 845.519897461 824.135131836 863.614685059
842.229919434 845.519897461 817.555236816 857.034729004
845.519897461 845.519897461 819.200195312 855.389770508
850.454833984 848.809875488 829.070068359 845.519897461
847.164855957 847.164855957 824.135131836 855.389770508
834.005004883 847.164855957 824.135131836 852.09979248
832.360046387 845.519897461 825.780151367 848.809875488
825.780151367 843.874938965 825.780151367 863.614685059
829.070068359 842.229919434 827.425109863 860.324707031
829.070068359 843.874938965 827.425109863 858.679748535
827.425109863 838.940002441 824.135131836 847.164855957
832.360046387 837.29498291 817.555236816 842.229919434
840.584960938 843.874938965 812.620300293 840.584960938
847.164855957 845.519897461 817.555236816 850.454833984
843.874938965 850.454833984 824.135131836 861.969726562
842.229919434 845.519897461 829.070068359 866.904663086
843.874938965 840.584960938 830.715087891 861.969726562
832.360046387 843.874938965 824.135131836 858.679748535
845.519897461 843.874938965 820.845214844 858.679748535
842.229919434 843.874938965 824.135131836 852.09979248
834.005004883 842.229919434 819.200195312 847.164855957
840.584960938 843.874938965 814.265258789 855.389770508
830.715087891 845.519897461 820.845214844 840.584960938
834.005004883 842.229919434 822.49017334 850.454833984
835.650024414 843.874938965 819.200195312 855.389770508
837.29498291 840.584960938 825.780151367 845.519897461
827.425109863 843.874938965 822.49017334 853.744812012
838.940002441 845.519897461 820.845214844 848.809875488
832.360046387 842.229919434 822.49017334 850.454833984
822.49017334 843.874938965 817.555236816 838.940002441
830.715087891 845.519897461 822.49017334 842.229919434
829.070068359 845.519897461 822.49017334 853.744812012
837.29498291 845.519897461 820.845214844 848.809875488
830.715087891 840.584960938 824.135131836 852.09979248
822.49017334 840.584960938 820.845214844 848.809875488
824.135131836 840.584960938 824.135131836 852.09979248
825.780151367 842.229919434 824.135131836 857.034729004
832.360046387 843.874938965 824.135131836 857.034729004
825.780151367 845.519897461 825.780151367 845.519897461
829.070068359 840.584960938 827.425109863 848.809875488
829.070068359 843.874938965 824.135131836 855.389770508
827.425109863 843.874938965 819.200195312 853.744812012
834.005004883 848.809875488 822.49017334 852.09979248
820.845214844 848.809875488 824.135131836 845.519897461
827.425109863 843.874938965 825.780151367 827.425109863
820.845214844 845.519897461 827.425109863 829.070068359
822.49017334 847.164855957 829.070068359 824.135131836
817.555236816 845.519897461 832.360046387 830.715087891
817.555236816 853.744812012 835.650024414 842.229919434
819.200195312 857.034729004 837.29498291 834.005004883
802.750427246 852.09979248 832.360046387 812.620300293
791.235534668 860.324707031 845.519897461 807.68536377
791.235534668 863.614685059 848.809875488 809.330322266
779.720703125 857.034729004 845.519897461 806.040344238
774.785766602 863.614685059 853.744812012 796.170471191
778.075683594 866.904663086 855.389770508 773.14074707
743.53112793 855.389770508 857.034729004 750.111022949
733.661254883 863.614685059 870.194580078 736.951171875
704.051574707 858.679748535 858.679748535 722.146362305
692.536743164 855.389770508 866.904663086 713.921447754
694.18170166 865.259643555 873.484558105 704.051574707
687.601806641 861.969726562 875.129516602 695.826660156
689.246765137 861.969726562 880.064453125 702.406616211
687.601806641 857.034729004 881.709472656 700.76159668
677.731872559 857.034729004 881.709472656 694.18170166
684.311828613 861.969726562 881.709472656 700.76159668
682.666870117 858.679748535 878.419494629 681.021850586
674.441955566 860.324707031 881.709472656 699.116638184
690.891723633 863.614685059 873.484558105 707.341552734
681.021850586 863.614685059 876.774536133 705.696594238
679.37689209 866.904663086 876.774536133 694.18170166
684.311828613 870.194580078 873.484558105 705.696594238
674.441955566 873.484558105 880.064453125 718.856384277
704.051574707 881.709472656 876.774536133 741.886108398
702.406616211 883.354431152 873.484558105 720.501403809
667.861999512 883.354431152 873.484558105 697.471679688
687.601806641 886.64440918 865.259643555 722.146362305
679.37689209 889.934387207 860.324707031 732.016235352
689.246765137 889.934387207 860.324707031 748.466064453
713.921447754 894.86932373 858.679748535 743.53112793
712.276489258 898.159240723 860.324707031 758.3359375
708.98651123 901.44921875 850.454833984 764.91583252
713.921447754 901.44921875 848.809875488 778.075683594
717.211425781 899.804260254 850.454833984 776.430725098
702.406616211 898.159240723 843.874938965 764.91583252
723.791320801 901.44921875 842.229919434 787.945556641
743.53112793 901.44921875 832.360046387 799.460449219
746.821105957 899.804260254 834.005004883 797.815490723
755.045959473 896.514282227 835.650024414 807.68536377
753.401000977 888.289367676 832.360046387 804.395385742
761.625915527 886.64440918 835.650024414 838.940002441
779.720703125 886.64440918 829.070068359 850.454833984
802.750427246 883.354431152 820.845214844 866.904663086
812.620300293 881.709472656 812.620300293 866.904663086
810.975280762 873.484558105 810.975280762 861.969726562
825.780151367 868.549621582 806.040344238 878.419494629
843.874938965 863.614685059 804.395385742 898.159240723
857.034729004 861.969726562 799.460449219 916.25402832
881.709472656 861.969726562 791.235534668 917.899047852
888.289367676 861.969726562 787.945556641 916.25402832
901.44921875 855.389770508 786.300598145 934.348815918
917.899047852 850.454833984 783.010620117 942.573730469
932.703857422 848.809875488 781.365661621 940.928771973
932.703857422 845.519897461 778.075683594 934.348815918
947.508666992 845.519897461 776.430725098 935.993835449
952.443603516 843.874938965 773.14074707 937.638793945
957.378540039 837.29498291 776.430725098 939.283752441
963.958496094 835.650024414 776.430725098 945.863708496
968.893432617 832.360046387 778.075683594 937.638793945
962.313476562 825.780151367 779.720703125 940.928771973
970.538391113 824.135131836 771.495788574 954.088623047
972.183410645 820.845214844 774.785766602 963.958496094
970.538391113 820.845214844 768.205810547 963.958496094
973.828369141 824.135131836 773.14074707 955.733581543
963.958496094 815.91027832 776.430725098 944.218688965
977.118347168 819.200195312 774.785766602 934.348815918
978.763305664 812.620300293 771.495788574 934.348815918
985.343200684 812.620300293 771.495788574 950.79864502
982.053283691 810.975280762 779.720703125 949.153686523
978.763305664 807.68536377 778.075683594 945.863708496
968.893432617 806.040344238 771.495788574 939.283752441
965.60345459 807.68536377 773.14074707 927.768920898
959.02355957 807.68536377 781.365661621 927.768920898
957.378540039 809.330322266 779.720703125 932.703857422
957.378540039 806.040344238 774.785766602 926.123962402
959.02355957 804.395385742 766.560852051 909.674133301
967.248413086 809.330322266 771.495788574 909.674133301
960.668518066 807.68536377 789.590576172 908.029174805
954.088623047 806.040344238 786.300598145 899.804260254
932.703857422 804.395385742 786.300598145 912.964111328
922.833984375 801.105407715 787.945556641 908.029174805
921.188964844 806.040344238 781.365661621 911.319091797
916.25402832 807.68536377 779.720703125 911.319091797
911.319091797 809.330322266 783.010620117 901.44921875
901.44921875 809.330322266 784.655639648 896.514282227
893.224304199 806.040344238 786.300598145 881.709472656
893.224304199 807.68536377 801.105407715 886.64440918
889.934387207 812.620300293 791.235534668 876.774536133
893.224304199 809.330322266 791.235534668 886.64440918
889.934387207 814.265258789 792.880554199 898.159240723
888.289367676 815.91027832 789.590576172 893.224304199
873.484558105 819.200195312 786.300598145 896.514282227
871.839599609 824.135131836 792.880554199 876.774536133
876.774536133 829.070068359 786.300598145 878.419494629
875.129516602 830.715087891 789.590576172 884.999450684
881.709472656 827.425109863 799.460449219 871.839599609
883.354431152 829.070068359 791.235534668 875.129516602
880.064453125 830.715087891 792.880554199 878.419494629
868.549621582 829.070068359 794.525512695 873.484558105
871.839599609 835.650024414 797.815490723 871.839599609
870.194580078 835.650024414 802.750427246 875.129516602
866.904663086 830.715087891 799.460449219 873.484558105
875.129516602 834.005004883 791.235534668 878.419494629
868.549621582 829.070068359 794.525512695 883.354431152
866.904663086 830.715087891 796.170471191 876.774536133
871.839599609 834.005004883 797.815490723 870.194580078
853.744812012 830.715087891 797.815490723 868.549621582
861.969726562 832.360046387 802.750427246 868.549621582
855.389770508 830.715087891 804.395385742 866.904663086
858.679748535 829.070068359 801.105407715 860.324707031
858.679748535 830.715087891 794.525512695 858.679748535
853.744812012 830.715087891 799.460449219 860.324707031
855.389770508 829.070068359 807.68536377 861.969726562
871.839599609 832.360046387 807.68536377 878.419494629
873.484558105 832.360046387 806.040344238 889.934387207
860.324707031 825.780151367 809.330322266 858.679748535
861.969726562 827.425109863 809.330322266 863.614685059
861.969726562 819.200195312 827.425109863 880.064453125
855.389770508 817.555236816 829.070068359 868.549621582
858.679748535 819.200195312 824.135131836 880.064453125
852.09979248 814.265258789 822.49017334 873.484558105
853.744812012 817.555236816 814.265258789 860.324707031
852.09979248 819.200195312 809.330322266 876.774536133
852.09979248 820.845214844 806.040344238 870.194580078
855.389770508 824.135131836 807.68536377 866.904663086
847.164855957 824.135131836 812.620300293 876.774536133
848.809875488 819.200195312 810.975280762 868.549621582
847.164855957 820.845214844 812.620300293 866.904663086
847.164855957 820.845214844 815.91027832 858.679748535
842.229919434 827.425109863 810.975280762 843.874938965
842.229919434 832.360046387 815.91027832 850.454833984
834.005004883 834.005004883 815.91027832 852.09979248
830.715087891 832.360046387 814.265258789 863.614685059
840.584960938 830.715087891 815.91027832 866.904663086
834.005004883 832.360046387 810.975280762 861.969726562
832.360046387 834.005004883 809.330322266 858.679748535
845.519897461 832.360046387 810.975280762 857.034729004
840.584960938 834.005004883 812.620300293 866.904663086
845.519897461 838.940002441 806.040344238 858.679748535
824.135131836 837.29498291 802.750427246 845.519897461
829.070068359 835.650024414 809.330322266 852.09979248
837.29498291 834.005004883 812.620300293 850.454833984
834.005004883 834.005004883 815.91027832 857.034729004
837.29498291 835.650024414 810.975280762 860.324707031
837.29498291 837.29498291 806.040344238 860.324707031
837.29498291 838.940002441 810.975280762 858.679748535
838.940002441 838.940002441 820.845214844 845.519897461
834.005004883 843.874938965 814.265258789 853.744812012
837.29498291 845.519897461 815.91027832 853.744812012
835.650024414 840.584960938 820.845214844 848.809875488
830.715087891 843.874938965 814.265258789 850.454833984
830.715087891 843.874938965 814.265258789 855.389770508
824.135131836 842.229919434 806.040344238 857.034729004
829.070068359 845.519897461 801.105407715 852.09979248
830.715087891 847.164855957 812.620300293 847.164855957
825.780151367 843.874938965 817.555236816 853.744812012
825.780151367 843.874938965 812.620300293 845.519897461
830.715087891 843.874938965 819.200195312 837.29498291
830.715087891 843.874938965 820.845214844 837.29498291
827.425109863 847.164855957 820.845214844 820.845214844
829.070068359 845.519897461 815.91027832 835.650024414
824.135131836 847.164855957 814.265258789 850.454833984
820.845214844 847.164855957 814.265258789 840.584960938
819.200195312 845.519897461 814.265258789 827.425109863
822.49017334 848.809875488 810.975280762 843.874938965
825.780151367 842.229919434 809.330322266 835.650024414
827.425109863 845.519897461 810.975280762 843.874938965
824.135131836 843.874938965 819.200195312 857.034729004
814.265258789 837.29498291 824.135131836 860.324707031
832.360046387 837.29498291 819.200195312 861.969726562
834.005004883 850.454833984 810.975280762 858.679748535
820.845214844 855.389770508 810.975280762 845.519897461
815.91027832 860.324707031 809.330322266 825.780151367
807.68536377 868.549621582 802.750427246 819.200195312
817.555236816 876.774536133 797.815490723 825.780151367
824.135131836 884.999450684 784.655639648 814.265258789
819.200195312 889.934387207 778.075683594 814.265258789
804.395385742 889.934387207 773.14074707 806.040344238
819.200195312 889.934387207 771.495788574 812.620300293
812.620300293 894.86932373 766.560852051 827.425109863
822.49017334 893.224304199 771.495788574 825.780151367
825.780151367 889.934387207 781.365661621 822.49017334
830.715087891 888.289367676 779.720703125 830.715087891
832.360046387 886.64440918 784.655639648 834.005004883
827.425109863 888.289367676 778.075683594 819.200195312
820.845214844 889.934387207 774.785766602 825.780151367
820.845214844 893.224304199 774.785766602 796.170471191
824.135131836 896.514282227 784.655639648 809.330322266
820.845214844 891.579345703 789.590576172 824.135131836
814.265258789 894.86932373 787.945556641 827.425109863
830.715087891 899.804260254 796.170471191 845.519897461
834.005004883 906.384155273 796.170471191 838.940002441
809.330322266 906.384155273 796.170471191 824.135131836
810.975280762 901.44921875 806.040344238 801.105407715
809.330322266 903.094238281 801.105407715 814.265258789
804.395385742 903.094238281 801.105407715 817.555236816
820.845214844 901.44921875 802.750427246 830.715087891
810.975280762 906.384155273 792.880554199 843.874938965
814.265258789 903.094238281 789.590576172 824.135131836
814.265258789 903.094238281 801.105407715 837.29498291
822.49017334 904.739196777 806.040344238 842.229919434
819.200195312 904.739196777 807.68536377 829.070068359
819.200195312 904.739196777 807.68536377 834.005004883
824.135131836 903.094238281 804.395385742 834.005004883
819.200195312 901.44921875 802.750427246 842.229919434
824.135131836 898.159240723 799.460449219 850.454833984
834.005004883 899.804260254 804.395385742 830.715087891
827.425109863 904.739196777 809.330322266 832.360046387
825.780151367 904.739196777 812.620300293 837.29498291
822.49017334 904.739196777 809.330322266 834.005004883
814.265258789 899.804260254 812.620300293 840.584960938
817.555236816 899.804260254 812.620300293 840.584960938
819.200195312 898.159240723 814.265258789 832.360046387
824.135131836 901.44921875 807.68536377 845.519897461
832.360046387 904.739196777 804.395385742 824.135131836
834.005004883 899.804260254 807.68536377 829.070068359
832.360046387 893.224304199 814.265258789 838.940002441
830.715087891 889.934387207 819.200195312 820.845214844
837.29498291 886.64440918 810.975280762 835.650024414
840.584960938 881.709472656 809.330322266 834.005004883
838.940002441 883.354431152 806.040344238 837.29498291
835.650024414 884.999450684 806.040344238 838.940002441
843.874938965 880.064453125 814.265258789 845.519897461
842.229919434 883.354431152 810.975280762 845.519897461
842.229919434 880.064453125 804.395385742 863.614685059
843.874938965 870.194580078 814.265258789 860.324707031
834.005004883 866.904663086 817.555236816 847.164855957
835.650024414 863.614685059 817.555236816 855.389770508
834.005004883 860.324707031 822.49017334 845.519897461
838.940002441 858.679748535 814.265258789 861.969726562
845.519897461 858.679748535 812.620300293 858.679748535
855.389770508 855.389770508 814.265258789 843.874938965
866.904663086 853.744812012 812.620300293 848.809875488
860.324707031 852.09979248 809.330322266 824.135131836
853.744812012 845.519897461 812.620300293 840.584960938
845.519897461 847.164855957 817.555236816 852.09979248
837.29498291 843.874938965 815.91027832 855.389770508
847.164855957 848.809875488 812.620300293 855.389770508
837.29498291 847.164855957 814.265258789 855.389770508
832.360046387 838.940002441 804.395385742 870.194580078
827.425109863 837.29498291 815.91027832 865.259643555
832.360046387 834.005004883 815.91027832 865.259643555
834.005004883 835.650024414 814.265258789 863.614685059
842.229919434 837.29498291 814.265258789 848.809875488
838.940002441 835.650024414 817.555236816 840.584960938
845.519897461 835.650024414 824.135131836 835.650024414
835.650024414 835.650024414 824.135131836 847.164855957
837.29498291 834.005004883 819.200195312 853.744812012
847.164855957 837.29498291 822.49017334 873.484558105
847.164855957 842.229919434 819.200195312 853.744812012
855.389770508 838.940002441 824.135131836 853.744812012
857.034729004 842.229919434 820.845214844 857.034729004
845.519897461 843.874938965 810.975280762 850.454833984
850.454833984 843.874938965 822.49017334 852.09979248
847.164855957 840.584960938 820.845214844 840.584960938
842.229919434 842.229919434 825.780151367 852.09979248
845.519897461 843.874938965 819.200195312 860.324707031
842.229919434 848.809875488 817.555236816 861.969726562
852.09979248 852.09979248 827.425109863 857.034729004
847.164855957 847.164855957 824.135131836 858.679748535
852.09979248 848.809875488 817.555236816 863.614685059
848.809875488 852.09979248 812.620300293 858.679748535
847.164855957 852.09979248 822.49017334 848.809875488
853.744812012 850.454833984 829.070068359 843.874938965
853.744812012 852.09979248 832.360046387 852.09979248
860.324707031 855.389770508 827.425109863 860.324707031
861.969726562 850.454833984 817.555236816 866.904663086
857.034729004 853.744812012 814.265258789 847.164855957
850.454833984 850.454833984 820.845214844 843.874938965
850.454833984 848.809875488 819.200195312 852.09979248
848.809875488 850.454833984 814.265258789 852.09979248
845.519897461 848.809875488 824.135131836 847.164855957
852.09979248 848.809875488 822.49017334 850.454833984
835.650024414 842.229919434 820.845214844 847.164855957
840.584960938 838.940002441 825.780151367 838.940002441
842.229919434 840.584960938 822.49017334 850.454833984
855.389770508 843.874938965 814.265258789 855.389770508
861.969726562 843.874938965 812.620300293 855.389770508
860.324707031 843.874938965 817.555236816 858.679748535
861.969726562 843.874938965 824.135131836 845.519897461
858.679748535 840.584960938 824.135131836 855.389770508
857.034729004 840.584960938 825.780151367 865.259643555
853.744812012 834.005004883 822.49017334 866.904663086
855.389770508 829.070068359 819.200195312 860.324707031
861.969726562 827.425109863 820.845214844 857.034729004
855.389770508 827.425109863 824.135131836 880.064453125
855.389770508 827.425109863 820.845214844 861.969726562
845.519897461 827.425109863 825.780151367 861.969726562
850.454833984 825.780151367 827.425109863 863.614685059
850.454833984 825.780151367 825.780151367 847.164855957
842.229919434 825.780151367 825.780151367 861.969726562
834.005004883 827.425109863 820.845214844 861.969726562
837.29498291 825.780151367 824.135131836 860.324707031
835.650024414 820.845214844 827.425109863 855.389770508
835.650024414 822.49017334 825.780151367 861.969726562
850.454833984 820.845214844 827.425109863 861.969726562
850.454833984 824.135131836 825.780151367 857.034729004
850.454833984 825.780151367 820.845214844 865.259643555
840.584960938 824.135131836 820.845214844 861.969726562
834.005004883 824.135131836 829.070068359 861.969726562
848.809875488 822.49017334 822.49017334 870.194580078
853.744812012 822.49017334 817.555236816 861.969726562
848.809875488 824.135131836 824.135131836 860.324707031
840.584960938 822.49017334 822.49017334 868.549621582
832.360046387 822.49017334 825.780151367 868.549621582
840.584960938 824.135131836 832.360046387 866.904663086
838.940002441 824.135131836 824.135131836 860.324707031
837.29498291 822.49017334 827.425109863 853.744812012
837.29498291 822.49017334 825.780151367 852.09979248
837.29498291 819.200195312 825.780151367 855.389770508
838.940002441 820.845214844 820.845214844 852.09979248
835.650024414 820.845214844 817.555236816 853.744812012
822.49017334 815.91027832 819.200195312 865.259643555
825.780151367 822.49017334 819.200195312 871.839599609
827.425109863 824.135131836 820.845214844 847.164855957
834.005004883 824.135131836 819.200195312 848.809875488
837.29498291 825.780151367 825.780151367 853.744812012
834.005004883 825.780151367 820.845214844 835.650024414
834.005004883 827.425109863 817.555236816 850.454833984
840.584960938 829.070068359 819.200195312 858.679748535
825.780151367 830.715087891 819.200195312 848.809875488
830.715087891 827.425109863 819.200195312 873.484558105
832.360046387 825.780151367 822.49017334 858.679748535
834.005004883 829.070068359 822.49017334 857.034729004
840.584960938 829.070068359 819.200195312 865.259643555
837.29498291 832.360046387 822.49017334 870.194580078
829.070068359 830.715087891 824.135131836 863.614685059
847.164855957 834.005004883 820.845214844 866.904663086
843.874938965 848.809875488 819.200195312 847.164855957
835.650024414 848.809875488 810.975280762 855.389770508
835.650024414 852.09979248 810.975280762 860.324707031
830.715087891 850.454833984 820.845214844 842.229919434
815.91027832 852.09979248 819.200195312 832.360046387
830.715087891 857.034729004 815.91027832 842.229919434
825.780151367 857.034729004 810.975280762 848.809875488
827.425109863 857.034729004 814.265258789 857.034729004
825.780151367 860.324707031 825.780151367 855.389770508
825.780151367 870.194580078 822.49017334 853.744812012
815.91027832 876.774536133 820.845214844 858.679748535
825.780151367 875.129516602 825.780151367 863.614685059
845.519897461 873.484558105 829.070068359 853.744812012
817.555236816 875.129516602 832.360046387 832.360046387
807.68536377 876.774536133 825.780151367 830.715087891
799.460449219 880.064453125 820.845214844 827.425109863
789.590576172 888.289367676 817.555236816 822.49017334
807.68536377 886.64440918 824.135131836 827.425109863
807.68536377 888.289367676 819.200195312 830.715087891
815.91027832 888.289367676 810.975280762 848.809875488
819.200195312 886.64440918 815.91027832 858.679748535
815.91027832 888.289367676 807.68536377 868.549621582
804.395385742 886.64440918 815.91027832 858.679748535
810.975280762 884.999450684 822.49017334 853.744812012
820.845214844 888.289367676 819.200195312 847.164855957
814.265258789 883.354431152 815.91027832 848.809875488
819.200195312 886.64440918 814.265258789 853.744812012
815.91027832 881.709472656 814.265258789 853.744812012
824.135131836 881.709472656 809.330322266 858.679748535
825.780151367 878.419494629 819.200195312 857.034729004
829.070068359 878.419494629 815.91027832 848.809875488
825.780151367 875.129516602 810.975280762 863.614685059
827.425109863 868.549621582 815.91027832 850.454833984
837.29498291 868.549621582 814.265258789 863.614685059
829.070068359 866.904663086 819.200195312 873.484558105
830.715087891 866.904663086 820.845214844 858.679748535
840.584960938 860.324707031 812.620300293 871.839599609
848.809875488 858.679748535 806.040344238 871.839599609
832.360046387 853.744812012 815.91027832 865.259643555
847.164855957 840.584960938 822.49017334 861.969726562
865.259643555 834.005004883 829.070068359 883.354431152
865.259643555 830.715087891 829.070068359 896.514282227
875.129516602 842.229919434 814.265258789 889.934387207
863.614685059 847.164855957 810.975280762 878.419494629
840.584960938 848.809875488 807.68536377 860.324707031
861.969726562 847.164855957 802.750427246 863.614685059
863.614685059 853.744812012 799.460449219 863.614685059
837.29498291 858.679748535 794.525512695 832.360046387
845.519897461 861.969726562 787.945556641 830.715087891
843.874938965 866.904663086 787.945556641 837.29498291
842.229919434 861.969726562 786.300598145 848.809875488
863.614685059 860.324707031 778.075683594 858.679748535
866.904663086 861.969726562 779.720703125 860.324707031
873.484558105 852.09979248 794.525512695 848.809875488
881.709472656 858.679748535 783.010620117 842.229919434
878.419494629 857.034729004 779.720703125 850.454833984
870.194580078 848.809875488 792.880554199 848.809875488
858.679748535 852.09979248 801.105407715 848.809875488
860.324707031 858.679748535 806.040344238 860.324707031
843.874938965 852.09979248 801.105407715 860.324707031
842.229919434 847.164855957 796.170471191 860.324707031
852.09979248 848.809875488 802.750427246 863.614685059
853.744812012 850.454833984 802.750427246 865.259643555
853.744812012 853.744812012 799.460449219 852.09979248
853.744812012 853.744812012 802.750427246 857.034729004
857.034729004 850.454833984 810.975280762 861.969726562
852.09979248 848.809875488 812.620300293 863.614685059
853.744812012 850.454833984 809.330322266 861.969726562
853.744812012 848.809875488 807.68536377 873.484558105
847.164855957 847.164855957 804.395385742 865.259643555
840.584960938 852.09979248 812.620300293 852.09979248
842.229919434 852.09979248 817.555236816 868.549621582
850.454833984 852.09979248 812.620300293 850.454833984
832.360046387 853.744812012 815.91027832 858.679748535
840.584960938 853.744812012 817.555236816 860.324707031
829.070068359 855.389770508 814.265258789 855.389770508
834.005004883 855.389770508 817.555236816 850.454833984
842.229919434 855.389770508 815.91027832 838.940002441
845.519897461 857.034729004 810.975280762 842.229919434
842.229919434 853.744812012 814.265258789 858.679748535
840.584960938 852.09979248 824.135131836 868.549621582
840.584960938 858.679748535 824.135131836 868.549621582
842.229919434 853.744812012 819.200195312 855.389770508
832.360046387 855.389770508 822.49017334 853.744812012
840.584960938 853.744812012 820.845214844 871.839599609
847.164855957 852.09979248 822.49017334 865.259643555
843.874938965 853.744812012 825.780151367 865.259643555
835.650024414 853.744812012 827.425109863 870.194580078
830.715087891 850.454833984 824.135131836 855.389770508
838.940002441 847.164855957 822.49017334 865.259643555
835.650024414 843.874938965 824.135131836 875.129516602
848.809875488 843.874938965 827.425109863 853.744812012
848.809875488 840.584960938 822.49017334 845.519897461
837.29498291 842.229919434 822.49017334 853.744812012
838.940002441 840.584960938 820.845214844 847.164855957
847.164855957 840.584960938 822.49017334 860.324707031
843.874938965 843.874938965 825.780151367 855.389770508
843.874938965 842.229919434 819.200195312 845.519897461
847.164855957 842.229919434 817.555236816 852.09979248
845.519897461 842.229919434 822.49017334 853.744812012
853.744812012 835.650024414 825.780151367 873.484558105
842.229919434 835.650024414 824.135131836 861.969726562
847.164855957 835.650024414 825.780151367 866.904663086
840.584960938 832.360046387 829.070068359 873.484558105
848.809875488 834.005004883 832.360046387 858.679748535
848.809875488 835.650024414 835.650024414 861.969726562
842.229919434 834.005004883 827.425109863 866.904663086
847.164855957 835.650024414 827.425109863 857.034729004
835.650024414 834.005004883 827.425109863 866.904663086
840.584960938 838.940002441 824.135131836 853.744812012
830.715087891 835.650024414 819.200195312 850.454833984
827.425109863 830.715087891 819.200195312 870.194580078
838.940002441 834.005004883 827.425109863 861.969726562
834.005004883 830.715087891 834.005004883 861.969726562
832.360046387 834.005004883 837.29498291 858.679748535
825.780151367 838.940002441 832.360046387 848.809875488
827.425109863 835.650024414 830.715087891 860.324707031
825.780151367 832.360046387 829.070068359 870.194580078
832.360046387 830.715087891 829.070068359 865.259643555
830.715087891 830.715087891 827.425109863 855.389770508
835.650024414 832.360046387 822.49017334 860.324707031
834.005004883 830.715087891 822.49017334 857.034729004
837.29498291 832.360046387 825.780151367 861.969726562
835.650024414 829.070068359 832.360046387 865.259643555
837.29498291 829.070068359 832.360046387 873.484558105
830.715087891 837.29498291 827.425109863 852.09979248
834.005004883 835.650024414 825.780151367 829.070068359
834.005004883 835.650024414 819.200195312 865.259643555
830.715087891 840.584960938 819.200195312 866.904663086
835.650024414 837.29498291 822.49017334 868.549621582
824.135131836 838.940002441 815.91027832 842.229919434
837.29498291 835.650024414 817.555236816 834.005004883
837.29498291 835.650024414 820.845214844 843.874938965
827.425109863 842.229919434 822.49017334 852.09979248
837.29498291 840.584960938 820.845214844 848.809875488
834.005004883 845.519897461 820.845214844 840.584960938
830.715087891 842.229919434 824.135131836 848.809875488
827.425109863 840.584960938 824.135131836 853.744812012
834.005004883 842.229919434 827.425109863 865.259643555
829.070068359 837.29498291 825.780151367 847.164855957
843.874938965 838.940002441 825.780151367 853.744812012
840.584960938 838.940002441 827.425109863 858.679748535
838.940002441 843.874938965 824.135131836 838.940002441
845.519897461 845.519897461 825.780151367 843.874938965
845.519897461 840.584960938 825.780151367 848.809875488
845.519897461 843.874938965 814.265258789 843.874938965
832.360046387 843.874938965 824.135131836 840.584960938
837.29498291 845.519897461 830.715087891 830.715087891
832.360046387 850.454833984 829.070068359 834.005004883
834.005004883 852.09979248 830.715087891 838.940002441
824.135131836 857.034729004 820.845214844 837.29498291
830.715087891 855.389770508 822.49017334 837.29498291
845.519897461 861.969726562 830.715087891 853.744812012
850.454833984 865.259643555 825.780151367 829.070068359
822.49017334 870.194580078 822.49017334 794.525512695
817.555236816 868.549621582 825.780151367 814.265258789
814.265258789 870.194580078 827.425109863 824.135131836
814.265258789 873.484558105 830.715087891 830.715087891
827.425109863 873.484558105 829.070068359 838.940002441
820.845214844 875.129516602 829.070068359 819.200195312
825.780151367 880.064453125 829.070068359 814.265258789
827.425109863 881.709472656 829.070068359 835.650024414
834.005004883 888.289367676 825.780151367 835.650024414
825.780151367 888.289367676 822.49017334 822.49017334
804.395385742 883.354431152 819.200195312 812.620300293
812.620300293 888.289367676 822.49017334 814.265258789
799.460449219 886.64440918 824.135131836 814.265258789
794.525512695 883.354431152 825.780151367 807.68536377
822.49017334 883.354431152 822.49017334 812.620300293
807.68536377 881.709472656 819.200195312 829.070068359
801.105407715 880.064453125 819.200195312 832.360046387
807.68536377 880.064453125 827.425109863 827.425109863
810.975280762 881.709472656 822.49017334 829.070068359
827.425109863 883.354431152 812.620300293 817.555236816
842.229919434 886.64440918 804.395385742 827.425109863
845.519897461 876.774536133 820.845214844 850.454833984
822.49017334 866.904663086 835.650024414 838.940002441
814.265258789 858.679748535 847.164855957 838.940002441
825.780151367 845.519897461 850.454833984 853.744812012
830.715087891 838.940002441 847.164855957 871.839599609
843.874938965 824.135131836 857.034729004 873.484558105
838.940002441 814.265258789 865.259643555 863.614685059
840.584960938 809.330322266 866.904663086 871.839599609
835.650024414 799.460449219 866.904663086 870.194580078
835.650024414 797.815490723 865.259643555 873.484558105
838.940002441 791.235534668 863.614685059 878.419494629
842.229919434 792.880554199 855.389770508 873.484558105
843.874938965 789.590576172 855.389770508 868.549621582
863.614685059 787.945556641 855.389770508 883.354431152
857.034729004 789.590576172 852.09979248 880.064453125
840.584960938 787.945556641 855.389770508 848.809875488
845.519897461 784.655639648 858.679748535 857.034729004
837.29498291 791.235534668 857.034729004 857.034729004
850.454833984 794.525512695 848.809875488 860.324707031
852.09979248 794.525512695 845.519897461 870.194580078
842.229919434 792.880554199 847.164855957 881.709472656
843.874938965 789.590576172 857.034729004 904.739196777
857.034729004 791.235534668 857.034729004 896.514282227
857.034729004 794.525512695 852.09979248 880.064453125
868.549621582 802.750427246 850.454833984 842.229919434
852.09979248 799.460449219 847.164855957 853.744812012
850.454833984 804.395385742 845.519897461 853.744812012
857.034729004 802.750427246 843.874938965 858.679748535
845.519897461 799.460449219 845.519897461 860.324707031
848.809875488 806.040344238 845.519897461 848.809875488
847.164855957 810.975280762 840.584960938 857.034729004
840.584960938 815.91027832 834.005004883 861.969726562
850.454833984 812.620300293 834.005004883 855.389770508
853.744812012 812.620300293 843.874938965 870.194580078
865.259643555 817.555236816 840.584960938 875.129516602
857.034729004 820.845214844 832.360046387 855.389770508
847.164855957 827.425109863 830.715087891 827.425109863
840.584960938 825.780151367 834.005004883 847.164855957
830.715087891 827.425109863 845.519897461 870.194580078
825.780151367 830.715087891 845.519897461 878.419494629
832.360046387 830.715087891 837.29498291 888.289367676
834.005004883 835.650024414 830.715087891 858.679748535
843.874938965 838.940002441 834.005004883 858.679748535
834.005004883 840.584960938 838.940002441 860.324707031
822.49017334 845.519897461 837.29498291 842.229919434
825.780151367 845.519897461 835.650024414 837.29498291
827.425109863 842.229919434 835.650024414 840.584960938
838.940002441 848.809875488 835.650024414 845.519897461
834.005004883 848.809875488 840.584960938 853.744812012
829.070068359 852.09979248 832.360046387 837.29498291
837.29498291 853.744812012 824.135131836 837.29498291
829.070068359 848.809875488 829.070068359 837.29498291
837.29498291 853.744812012 825.780151367 830.715087891
834.005004883 852.09979248 827.425109863 838.940002441
837.29498291 853.744812012 827.425109863 847.164855957
835.650024414 858.679748535 825.780151367 847.164855957
840.584960938 855.389770508 835.650024414 847.164855957
848.809875488 855.389770508 832.360046387 842.229919434
850.454833984 855.389770508 829.070068359 843.874938965
850.454833984 853.744812012 834.005004883 848.809875488
837.29498291 852.09979248 840.584960938 842.229919434
842.229919434 848.809875488 842.229919434 845.519897461
830.715087891 845.519897461 842.229919434 838.940002441
824.135131836 845.519897461 835.650024414 853.744812012
825.780151367 845.519897461 829.070068359 840.584960938
829.070068359 848.809875488 834.005004883 835.650024414
827.425109863 838.940002441 838.940002441 848.809875488
843.874938965 835.650024414 832.360046387 840.584960938
838.940002441 838.940002441 835.650024414 860.324707031
838.940002441 842.229919434 834.005004883 848.809875488
852.09979248 842.229919434 838.940002441 845.519897461
842.229919434 840.584960938 837.29498291 860.324707031
834.005004883 838.940002441 834.005004883 853.744812012
845.519897461 837.29498291 834.005004883 857.034729004
842.229919434 838.940002441 830.715087891 860.324707031
848.809875488 838.940002441 832.360046387 866.904663086
843.874938965 835.650024414 825.780151367 842.229919434
837.29498291 840.584960938 820.845214844 840.584960938
845.519897461 840.584960938 829.070068359 843.874938965
843.874938965 838.940002441 838.940002441 843.874938965
845.519897461 838.940002441 835.650024414 837.29498291
842.229919434 843.874938965 830.715087891 848.809875488
845.519897461 843.874938965 827.425109863 845.519897461
837.29498291 837.29498291 829.070068359 850.454833984
842.229919434 840.584960938 835.650024414 855.389770508
840.584960938 843.874938965 832.360046387 858.679748535
847.164855957 848.809875488 827.425109863 857.034729004
850.454833984 850.454833984 825.780151367 865.259643555
850.454833984 847.164855957 819.200195312 853.744812012
840.584960938 843.874938965 819.200195312 842.229919434
842.229919434 847.164855957 819.200195312 850.454833984
847.164855957 847.164855957 817.555236816 834.005004883
840.584960938 845.519897461 822.49017334 845.519897461
835.650024414 843.874938965 829.070068359 840.584960938
832.360046387 847.164855957 829.070068359 838.940002441
845.519897461 850.454833984 825.780151367 850.454833984
830.715087891 847.164855957 827.425109863 857.034729004
838.940002441 847.164855957 825.780151367 838.940002441
832.360046387 845.519897461 827.425109863 845.519897461
827.425109863 843.874938965 829.070068359 842.229919434
835.650024414 847.164855957 824.135131836 843.874938965
837.29498291 847.164855957 822.49017334 863.614685059
822.49017334 848.809875488 817.555236816 845.519897461
835.650024414 848.809875488 822.49017334 822.49017334
829.070068359 850.454833984 822.49017334 825.780151367
837.29498291 852.09979248 825.780151367 832.360046387
838.940002441 855.389770508 829.070068359 837.29498291
830.715087891 853.744812012 824.135131836 845.519897461
827.425109863 857.034729004 825.780151367 838.940002441
815.91027832 857.034729004 825.780151367 835.650024414
802.750427246 858.679748535 827.425109863 830.715087891
817.555236816 860.324707031 830.715087891 827.425109863
817.555236816 865.259643555 829.070068359 825.780151367
822.49017334 866.904663086 829.070068359 825.780151367
830.715087891 870.194580078 830.715087891 847.164855957
819.200195312 873.484558105 830.715087891 822.49017334
787.945556641 870.194580078 834.005004883 817.555236816
779.720703125 870.194580078 827.425109863 804.395385742
781.365661621 875.129516602 835.650024414 796.170471191
791.235534668 876.774536133 838.940002441 806.040344238
806.040344238 876.774536133 834.005004883 801.105407715
784.655639648 891.579345703 829.070068359 778.075683594
759.980895996 893.224304199 835.650024414 774.785766602
751.75604248 903.094238281 842.229919434 768.205810547
723.791320801 914.609069824 840.584960938 730.371276855
712.276489258 916.25402832 838.940002441 717.211425781
677.731872559 926.123962402 829.070068359 679.37689209
669.507019043 926.123962402 835.650024414 661.282104492
657.992126465 927.768920898 837.29498291 651.412231445
639.897338867 929.413879395 835.650024414 641.542358398
620.157592773 927.768920898 837.29498291 631.672424316
603.707763672 927.768920898 838.940002441 610.287719727
616.867614746 931.058898926 840.584960938 621.80255127
610.287719727 929.413879395 838.940002441 602.062805176
602.062805176 922.833984375 843.874938965 606.997741699
615.22265625 924.478942871 843.874938965 618.512634277
