842.229919434 842.229919434 822.49017334 842.229919434
838.940002441 847.164855957 822.49017334 834.005004883
840.584960938 850.454833984 825.780151367 842.229919434
850.454833984 847.164855957 827.425109863 845.519897461
850.454833984 848.809875488 825.780151367 853.744812012
842.229919434 835.650024414 824.135131836 857.034729004
847.164855957 832.360046387 819.200195312 855.389770508
843.874938965 855.389770508 824.135131836 843.874938965
843.874938965 852.09979248 827.425109863 842.229919434
842.229919434 848.809875488 827.425109863 848.809875488
845.519897461 837.29498291 829.070068359 865.259643555
848.809875488 835.650024414 827.425109863 857.034729004
840.584960938 843.874938965 827.425109863 853.744812012
838.940002441 848.809875488 832.360046387 858.679748535
842.229919434 843.874938965 832.360046387 843.874938965
842.229919434 838.940002441 832.360046387 850.454833984
843.874938965 840.584960938 832.360046387 842.229919434
842.229919434 848.809875488 835.650024414 843.874938965
848.809875488 842.229919434 840.584960938 858.679748535
842.229919434 840.584960938 837.29498291 855.389770508
850.454833984 835.650024414 838.940002441 860.324707031
847.164855957 840.584960938 837.29498291 852.09979248
842.229919434 847.164855957 834.005004883 848.809875488
852.09979248 843.874938965 838.940002441 855.389770508
843.874938965 855.389770508 838.940002441 842.229919434
857.034729004 845.519897461 835.650024414 865.259643555
850.454833984 852.09979248 837.29498291 858.679748535
853.744812012 845.519897461 835.650024414 857.034729004
852.09979248 834.005004883 837.29498291 855.389770508
845.519897461 840.584960938 842.229919434 852.09979248
855.389770508 829.070068359 842.229919434 850.454833984
840.584960938 843.874938965 840.584960938 847.164855957
835.650024414 835.650024414 840.584960938 848.809875488
835.650024414 830.715087891 840.584960938 850.454833984
824.135131836 825.780151367 840.584960938 850.454833984
829.070068359 827.425109863 838.940002441 838.940002441
825.780151367 834.005004883 834.005004883 843.874938965
829.070068359 840.584960938 834.005004883 837.29498291
830.715087891 838.940002441 829.070068359 847.164855957
835.650024414 824.135131836 827.425109863 865.259643555
838.940002441 829.070068359 827.425109863 855.389770508
837.29498291 843.874938965 824.135131836 843.874938965
847.164855957 838.940002441 827.425109863 843.874938965
843.874938965 838.940002441 825.780151367 853.744812012
838.940002441 837.29498291 825.780151367 858.679748535
842.229919434 838.940002441 827.425109863 857.034729004
838.940002441 845.519897461 825.780151367 842.229919434
843.874938965 847.164855957 825.780151367 842.229919434
843.874938965 843.874938965 827.425109863 848.809875488
842.229919434 835.650024414 822.49017334 852.09979248
845.519897461 834.005004883 819.200195312 837.29498291
837.29498291 842.229919434 819.200195312 829.070068359
840.584960938 829.070068359 819.200195312 848.809875488
827.425109863 832.360046387 820.845214844 853.744812012
834.005004883 829.070068359 820.845214844 853.744812012
830.715087891 834.005004883 819.200195312 848.809875488
830.715087891 838.940002441 820.845214844 840.584960938
825.780151367 852.09979248 819.200195312 830.715087891
830.715087891 842.229919434 820.845214844 845.519897461
829.070068359 835.650024414 819.200195312 838.940002441
838.940002441 835.650024414 822.49017334 838.940002441
832.360046387 843.874938965 820.845214844 848.809875488
838.940002441 840.584960938 819.200195312 842.229919434
842.229919434 840.584960938 817.555236816 848.809875488
835.650024414 843.874938965 819.200195312 861.969726562
838.940002441 837.29498291 822.49017334 853.744812012
834.005004883 840.584960938 820.845214844 838.940002441
834.005004883 834.005004883 820.845214844 840.584960938
832.360046387 822.49017334 819.200195312 843.874938965
830.715087891 837.29498291 817.555236816 845.519897461
840.584960938 829.070068359 817.555236816 848.809875488
842.229919434 832.360046387 820.845214844 852.09979248
847.164855957 822.49017334 817.555236816 858.679748535
843.874938965 840.584960938 820.845214844 848.809875488
842.229919434 847.164855957 820.845214844 850.454833984
843.874938965 838.940002441 822.49017334 855.389770508
845.519897461 832.360046387 824.135131836 865.259643555
842.229919434 824.135131836 822.49017334 861.969726562
837.29498291 832.360046387 822.49017334 861.969726562
832.360046387 838.940002441 820.845214844 848.809875488
838.940002441 834.005004883 820.845214844 855.389770508
848.809875488 827.425109863 820.845214844 865.259643555
840.584960938 832.360046387 819.200195312 855.389770508
838.940002441 838.940002441 817.555236816 860.324707031
835.650024414 830.715087891 815.91027832 852.09979248
830.715087891 834.005004883 815.91027832 860.324707031
840.584960938 827.425109863 815.91027832 853.744812012
825.780151367 829.070068359 817.555236816 848.809875488
822.49017334 847.164855957 817.555236816 835.650024414
829.070068359 843.874938965 819.200195312 829.070068359
822.49017334 835.650024414 817.555236816 842.229919434
835.650024414 827.425109863 819.200195312 847.164855957
829.070068359 820.845214844 822.49017334 845.519897461
824.135131836 827.425109863 820.845214844 840.584960938
835.650024414 834.005004883 825.780151367 845.519897461
835.650024414 834.005004883 825.780151367 850.454833984
843.874938965 825.780151367 824.135131836 861.969726562
847.164855957 820.845214844 824.135131836 857.034729004
830.715087891 830.715087891 824.135131836 834.005004883
830.715087891 840.584960938 825.780151367 840.584960938
835.650024414 825.780151367 827.425109863 842.229919434
829.070068359 830.715087891 824.135131836 850.454833984
830.715087891 832.360046387 822.49017334 847.164855957
830.715087891 829.070068359 824.135131836 852.09979248
825.780151367 837.29498291 825.780151367 847.164855957
824.135131836 837.29498291 824.135131836 842.229919434
827.425109863 825.780151367 822.49017334 848.809875488
824.135131836 830.715087891 825.780151367 838.940002441
815.91027832 835.650024414 825.780151367 843.874938965
824.135131836 835.650024414 827.425109863 827.425109863
824.135131836 837.29498291 827.425109863 842.229919434
825.780151367 842.229919434 825.780151367 837.29498291
832.360046387 824.135131836 825.780151367 842.229919434
827.425109863 834.005004883 825.780151367 850.454833984
837.29498291 832.360046387 827.425109863 845.519897461
834.005004883 834.005004883 832.360046387 863.614685059
835.650024414 847.164855957 832.360046387 860.324707031
843.874938965 832.360046387 827.425109863 852.09979248
845.519897461 842.229919434 829.070068359 860.324707031
843.874938965 830.715087891 834.005004883 861.969726562
835.650024414 832.360046387 837.29498291 860.324707031
830.715087891 830.715087891 848.809875488 863.614685059
829.070068359 814.265258789 852.09979248 865.259643555
824.135131836 820.845214844 853.744812012 857.034729004
829.070068359 799.460449219 858.679748535 875.129516602
820.845214844 797.815490723 860.324707031 871.839599609
819.200195312 802.750427246 858.679748535 852.09979248
817.555236816 801.105407715 861.969726562 868.549621582
819.200195312 796.170471191 863.614685059 865.259643555
817.555236816 802.750427246 863.614685059 865.259643555
815.91027832 804.395385742 863.614685059 871.839599609
827.425109863 810.975280762 860.324707031 863.614685059
820.845214844 810.975280762 860.324707031 871.839599609
824.135131836 810.975280762 860.324707031 861.969726562
827.425109863 797.815490723 858.679748535 878.419494629
810.975280762 815.91027832 857.034729004 858.679748535
819.200195312 820.845214844 848.809875488 852.09979248
817.555236816 817.555236816 842.229919434 858.679748535
827.425109863 807.68536377 847.164855957 852.09979248
820.845214844 809.330322266 843.874938965 857.034729004
827.425109863 814.265258789 843.874938965 860.324707031
824.135131836 817.555236816 842.229919434 855.389770508
829.070068359 825.780151367 837.29498291 848.809875488
842.229919434 812.620300293 835.650024414 850.454833984
835.650024414 815.91027832 835.650024414 850.454833984
827.425109863 824.135131836 834.005004883 845.519897461
829.070068359 815.91027832 834.005004883 855.389770508
824.135131836 815.91027832 835.650024414 858.679748535
815.91027832 819.200195312 834.005004883 860.324707031
819.200195312 820.845214844 837.29498291 860.324707031
830.715087891 819.200195312 838.940002441 865.259643555
822.49017334 827.425109863 837.29498291 857.034729004
830.715087891 812.620300293 838.940002441 858.679748535
824.135131836 822.49017334 835.650024414 848.809875488
817.555236816 840.584960938 832.360046387 843.874938965
830.715087891 835.650024414 835.650024414 850.454833984
832.360046387 832.360046387 835.650024414 852.09979248
832.360046387 822.49017334 830.715087891 863.614685059
827.425109863 819.200195312 834.005004883 863.614685059
827.425109863 829.070068359 829.070068359 858.679748535
820.845214844 835.650024414 824.135131836 860.324707031
830.715087891 829.070068359 829.070068359 848.809875488
827.425109863 827.425109863 824.135131836 848.809875488
824.135131836 834.005004883 824.135131836 848.809875488
825.780151367 835.650024414 822.49017334 840.584960938
824.135131836 830.715087891 820.845214844 847.164855957
829.070068359 827.425109863 817.555236816 842.229919434
827.425109863 819.200195312 815.91027832 848.809875488
829.070068359 819.200195312 817.555236816 847.164855957
825.780151367 830.715087891 817.555236816 845.519897461
827.425109863 829.070068359 819.200195312 848.809875488
820.845214844 834.005004883 819.200195312 848.809875488
827.425109863 830.715087891 822.49017334 840.584960938
827.425109863 824.135131836 827.425109863 843.874938965
827.425109863 827.425109863 825.780151367 840.584960938
824.135131836 830.715087891 830.715087891 832.360046387
825.780151367 835.650024414 829.070068359 840.584960938
835.650024414 837.29498291 827.425109863 837.29498291
840.584960938 824.135131836 829.070068359 857.034729004
832.360046387 827.425109863 827.425109863 852.09979248
835.650024414 832.360046387 825.780151367 845.519897461
829.070068359 820.845214844 824.135131836 850.454833984
830.715087891 822.49017334 820.845214844 837.29498291
832.360046387 832.360046387 825.780151367 843.874938965
835.650024414 820.845214844 829.070068359 848.809875488
834.005004883 822.49017334 825.780151367 843.874938965
830.715087891 837.29498291 824.135131836 840.584960938
835.650024414 817.555236816 822.49017334 853.744812012
829.070068359 834.005004883 822.49017334 832.360046387
825.780151367 832.360046387 825.780151367 837.29498291
830.715087891 824.135131836 824.135131836 843.874938965
832.360046387 820.845214844 824.135131836 837.29498291
825.780151367 827.425109863 824.135131836 845.519897461
829.070068359 829.070068359 822.49017334 829.070068359
827.425109863 827.425109863 820.845214844 829.070068359
820.845214844 835.650024414 820.845214844 830.715087891
827.425109863 824.135131836 825.780151367 832.360046387
827.425109863 817.555236816 827.425109863 852.09979248
820.845214844 830.715087891 825.780151367 838.940002441
832.360046387 824.135131836 824.135131836 838.940002441
820.845214844 820.845214844 825.780151367 842.229919434
819.200195312 834.005004883 825.780151367 832.360046387
824.135131836 837.29498291 827.425109863 843.874938965
832.360046387 840.584960938 825.780151367 838.940002441
838.940002441 830.715087891 825.780151367 853.744812012
834.005004883 819.200195312 824.135131836 858.679748535
834.005004883 827.425109863 822.49017334 847.164855957
822.49017334 838.940002441 820.845214844 843.874938965
829.070068359 837.29498291 820.845214844 838.940002441
837.29498291 829.070068359 820.845214844 847.164855957
832.360046387 827.425109863 820.845214844 845.519897461
827.425109863 838.940002441 822.49017334 845.519897461
830.715087891 834.005004883 820.845214844 842.229919434
832.360046387 835.650024414 822.49017334 845.519897461
832.360046387 830.715087891 819.200195312 860.324707031
830.715087891 824.135131836 819.200195312 858.679748535
830.715087891 842.229919434 819.200195312 850.454833984
838.940002441 837.29498291 817.555236816 855.389770508
837.29498291 845.519897461 819.200195312 855.389770508
834.005004883 845.519897461 819.200195312 857.034729004
837.29498291 838.940002441 817.555236816 852.09979248
827.425109863 843.874938965 819.200195312 848.809875488
838.940002441 825.780151367 820.845214844 858.679748535
834.005004883 838.940002441 822.49017334 863.614685059
835.650024414 829.070068359 824.135131836 873.484558105
835.650024414 829.070068359 822.49017334 863.614685059
837.29498291 840.584960938 820.845214844 858.679748535
840.584960938 825.780151367 819.200195312 858.679748535
829.070068359 832.360046387 820.845214844 868.549621582
837.29498291 838.940002441 820.845214844 860.324707031
830.715087891 837.29498291 820.845214844 863.614685059
834.005004883 832.360046387 820.845214844 861.969726562
834.005004883 830.715087891 820.845214844 865.259643555
829.070068359 822.49017334 820.845214844 855.389770508
817.555236816 838.940002441 820.845214844 832.360046387
832.360046387 835.650024414 822.49017334 852.09979248
834.005004883 837.29498291 824.135131836 847.164855957
834.005004883 843.874938965 822.49017334 838.940002441
840.584960938 830.715087891 824.135131836 852.09979248
840.584960938 838.940002441 822.49017334 855.389770508
840.584960938 840.584960938 820.845214844 853.744812012
832.360046387 840.584960938 820.845214844 857.034729004
820.845214844 842.229919434 819.200195312 842.229919434
819.200195312 842.229919434 819.200195312 827.425109863
822.49017334 827.425109863 822.49017334 853.744812012
822.49017334 835.650024414 820.845214844 848.809875488
819.200195312 837.29498291 820.845214844 858.679748535
814.265258789 832.360046387 822.49017334 858.679748535
819.200195312 830.715087891 822.49017334 860.324707031
820.845214844 838.940002441 822.49017334 838.940002441
822.49017334 832.360046387 820.845214844 837.29498291
819.200195312 838.940002441 819.200195312 838.940002441
824.135131836 842.229919434 820.845214844 838.940002441
834.005004883 837.29498291 822.49017334 848.809875488
838.940002441 840.584960938 825.780151367 848.809875488
824.135131836 848.809875488 824.135131836 840.584960938
837.29498291 838.940002441 822.49017334 855.389770508
830.715087891 838.940002441 815.91027832 842.229919434
832.360046387 840.584960938 815.91027832 829.070068359
830.715087891 845.519897461 817.555236816 829.070068359
829.070068359 837.29498291 819.200195312 832.360046387
825.780151367 838.940002441 822.49017334 834.005004883
837.29498291 827.425109863 820.845214844 845.519897461
834.005004883 815.91027832 822.49017334 858.679748535
824.135131836 837.29498291 819.200195312 842.229919434
832.360046387 843.874938965 814.265258789 829.070068359
822.49017334 845.519897461 814.265258789 825.780151367
830.715087891 843.874938965 814.265258789 830.715087891
827.425109863 835.650024414 815.91027832 838.940002441
830.715087891 837.29498291 814.265258789 843.874938965
832.360046387 843.874938965 812.620300293 832.360046387
834.005004883 837.29498291 815.91027832 838.940002441
832.360046387 835.650024414 817.555236816 840.584960938
830.715087891 835.650024414 820.845214844 845.519897461
824.135131836 834.005004883 819.200195312 832.360046387
834.005004883 832.360046387 819.200195312 830.715087891
835.650024414 832.360046387 822.49017334 842.229919434
834.005004883 838.940002441 820.845214844 830.715087891
837.29498291 834.005004883 820.845214844 845.519897461
832.360046387 835.650024414 822.49017334 850.454833984
843.874938965 832.360046387 822.49017334 855.389770508
837.29498291 829.070068359 822.49017334 858.679748535
837.29498291 853.744812012 822.49017334 838.940002441
843.874938965 857.034729004 822.49017334 838.940002441
837.29498291 845.519897461 819.200195312 847.164855957
850.454833984 835.650024414 822.49017334 857.034729004
842.229919434 834.005004883 820.845214844 860.324707031
843.874938965 842.229919434 820.845214844 843.874938965
843.874938965 837.29498291 822.49017334 855.389770508
835.650024414 840.584960938 824.135131836 850.454833984
842.229919434 848.809875488 824.135131836 848.809875488
837.29498291 842.229919434 822.49017334 857.034729004
835.650024414 853.744812012 822.49017334 838.940002441
843.874938965 843.874938965 822.49017334 858.679748535
843.874938965 840.584960938 822.49017334 832.360046387
848.809875488 835.650024414 822.49017334 850.454833984
848.809875488 834.005004883 824.135131836 855.389770508
843.874938965 842.229919434 825.780151367 860.324707031
847.164855957 835.650024414 825.780151367 873.484558105
847.164855957 827.425109863 827.425109863 865.259643555
847.164855957 827.425109863 825.780151367 865.259643555
845.519897461 827.425109863 822.49017334 863.614685059
835.650024414 835.650024414 829.070068359 845.519897461
834.005004883 845.519897461 824.135131836 829.070068359
832.360046387 852.09979248 822.49017334 824.135131836
840.584960938 845.519897461 822.49017334 843.874938965
847.164855957 847.164855957 820.845214844 850.454833984
848.809875488 829.070068359 820.845214844 865.259643555
840.584960938 825.780151367 820.845214844 863.614685059
842.229919434 835.650024414 819.200195312 853.744812012
840.584960938 837.29498291 819.200195312 866.904663086
840.584960938 843.874938965 819.200195312 866.904663086
845.519897461 845.519897461 819.200195312 843.874938965
847.164855957 838.940002441 820.845214844 858.679748535
843.874938965 855.389770508 824.135131836 857.034729004
860.324707031 840.584960938 822.49017334 863.614685059
840.584960938 835.650024414 820.845214844 878.419494629
843.874938965 843.874938965 819.200195312 863.614685059
852.09979248 845.519897461 819.200195312 860.324707031
848.809875488 840.584960938 824.135131836 875.129516602
850.454833984 842.229919434 824.135131836 860.324707031
845.519897461 845.519897461 822.49017334 861.969726562
837.29498291 840.584960938 825.780151367 852.09979248
843.874938965 837.29498291 829.070068359 863.614685059
845.519897461 830.715087891 827.425109863 865.259643555
837.29498291 830.715087891 827.425109863 850.454833984
827.425109863 855.389770508 822.49017334 838.940002441
837.29498291 848.809875488 822.49017334 848.809875488
840.584960938 842.229919434 824.135131836 861.969726562
837.29498291 840.584960938 822.49017334 855.389770508
835.650024414 848.809875488 824.135131836 840.584960938
842.229919434 852.09979248 825.780151367 843.874938965
847.164855957 845.519897461 822.49017334 852.09979248
855.389770508 834.005004883 820.845214844 868.549621582
847.164855957 830.715087891 822.49017334 860.324707031
840.584960938 832.360046387 822.49017334 848.809875488
830.715087891 827.425109863 824.135131836 852.09979248
830.715087891 834.005004883 824.135131836 845.519897461
834.005004883 845.519897461 824.135131836 843.874938965
834.005004883 853.744812012 824.135131836 842.229919434
838.940002441 852.09979248 825.780151367 845.519897461
847.164855957 842.229919434 825.780151367 852.09979248
838.940002441 842.229919434 824.135131836 858.679748535
840.584960938 835.650024414 824.135131836 850.454833984
842.229919434 843.874938965 825.780151367 845.519897461
843.874938965 843.874938965 825.780151367 850.454833984
843.874938965 842.229919434 825.780151367 847.164855957
830.715087891 857.034729004 827.425109863 838.940002441
835.650024414 838.940002441 825.780151367 853.744812012
838.940002441 847.164855957 825.780151367 845.519897461
838.940002441 834.005004883 829.070068359 861.969726562
838.940002441 837.29498291 832.360046387 852.09979248
842.229919434 838.940002441 830.715087891 853.744812012
847.164855957 837.29498291 829.070068359 865.259643555
845.519897461 852.09979248 832.360046387 857.034729004
853.744812012 840.584960938 834.005004883 861.969726562
848.809875488 837.29498291 830.715087891 852.09979248
842.229919434 835.650024414 832.360046387 853.744812012
840.584960938 845.519897461 834.005004883 850.454833984
850.454833984 840.584960938 832.360046387 855.389770508
853.744812012 842.229919434 835.650024414 857.034729004
847.164855957 837.29498291 834.005004883 861.969726562
850.454833984 834.005004883 832.360046387 852.09979248
842.229919434 848.809875488 830.715087891 845.519897461
852.09979248 843.874938965 832.360046387 843.874938965
850.454833984 855.389770508 832.360046387 840.584960938
848.809875488 850.454833984 832.360046387 852.09979248
847.164855957 843.874938965 834.005004883 847.164855957
843.874938965 847.164855957 832.360046387 840.584960938
843.874938965 850.454833984 834.005004883 837.29498291
847.164855957 848.809875488 832.360046387 857.034729004
830.715087891 857.034729004 830.715087891 840.584960938
840.584960938 842.229919434 832.360046387 842.229919434
834.005004883 847.164855957 832.360046387 830.715087891
832.360046387 850.454833984 834.005004883 832.360046387
838.940002441 852.09979248 834.005004883 830.715087891
835.650024414 845.519897461 832.360046387 837.29498291
824.135131836 852.09979248 830.715087891 829.070068359
825.780151367 855.389770508 837.29498291 834.005004883
834.005004883 853.744812012 837.29498291 834.005004883
825.780151367 866.904663086 837.29498291 827.425109863
834.005004883 855.389770508 837.29498291 838.940002441
827.425109863 860.324707031 835.650024414 838.940002441
825.780151367 860.324707031 835.650024414 840.584960938
822.49017334 863.614685059 837.29498291 829.070068359
832.360046387 857.034729004 835.650024414 837.29498291
827.425109863 863.614685059 837.29498291 837.29498291
820.845214844 865.259643555 837.29498291 848.809875488
832.360046387 865.259643555 837.29498291 842.229919434
832.360046387 873.484558105 835.650024414 835.650024414
832.360046387 873.484558105 834.005004883 834.005004883
840.584960938 857.034729004 835.650024414 848.809875488
829.070068359 865.259643555 837.29498291 845.519897461
832.360046387 866.904663086 835.650024414 835.650024414
829.070068359 858.679748535 835.650024414 845.519897461
820.845214844 866.904663086 835.650024414 845.519897461
820.845214844 876.774536133 837.29498291 835.650024414
824.135131836 878.419494629 837.29498291 822.49017334
832.360046387 875.129516602 838.940002441 835.650024414
829.070068359 865.259643555 840.584960938 847.164855957
824.135131836 865.259643555 840.584960938 837.29498291
825.780151367 871.839599609 845.519897461 832.360046387
814.265258789 881.709472656 843.874938965 825.780151367
820.845214844 871.839599609 843.874938965 830.715087891
819.200195312 866.904663086 845.519897461 843.874938965
820.845214844 871.839599609 845.519897461 827.425109863
817.555236816 878.419494629 843.874938965 832.360046387
820.845214844 870.194580078 845.519897461 842.229919434
827.425109863 871.839599609 847.164855957 850.454833984
838.940002441 865.259643555 848.809875488 863.614685059
827.425109863 873.484558105 847.164855957 840.584960938
822.49017334 889.934387207 842.229919434 837.29498291
817.555236816 898.159240723 840.584960938 829.070068359
815.91027832 901.44921875 835.650024414 824.135131836
817.555236816 894.86932373 837.29498291 835.650024414
819.200195312 888.289367676 838.940002441 830.715087891
815.91027832 888.289367676 840.584960938 838.940002441
812.620300293 896.514282227 843.874938965 827.425109863
824.135131836 888.289367676 845.519897461 832.360046387
819.200195312 888.289367676 845.519897461 843.874938965
819.200195312 888.289367676 843.874938965 837.29498291
829.070068359 898.159240723 848.809875488 842.229919434
834.005004883 894.86932373 848.809875488 842.229919434
842.229919434 894.86932373 848.809875488 847.164855957
842.229919434 888.289367676 845.519897461 850.454833984
837.29498291 901.44921875 847.164855957 838.940002441
845.519897461 896.514282227 847.164855957 832.360046387
840.584960938 899.804260254 848.809875488 842.229919434
835.650024414 906.384155273 850.454833984 850.454833984
835.650024414 896.514282227 848.809875488 855.389770508
829.070068359 899.804260254 850.454833984 865.259643555
825.780151367 898.159240723 853.744812012 861.969726562
835.650024414 906.384155273 855.389770508 845.519897461
825.780151367 908.029174805 852.09979248 850.454833984
829.070068359 911.319091797 855.389770508 845.519897461
847.164855957 893.224304199 855.389770508 852.09979248
835.650024414 894.86932373 857.034729004 853.744812012
840.584960938 904.739196777 857.034729004 857.034729004
838.940002441 909.674133301 857.034729004 840.584960938
832.360046387 912.964111328 853.744812012 837.29498291
840.584960938 903.094238281 853.744812012 855.389770508
837.29498291 906.384155273 855.389770508 850.454833984
829.070068359 893.224304199 855.389770508 847.164855957
822.49017334 901.44921875 857.034729004 843.874938965
827.425109863 909.674133301 857.034729004 834.005004883
825.780151367 893.224304199 855.389770508 843.874938965
827.425109863 906.384155273 857.034729004 852.09979248
835.650024414 899.804260254 855.389770508 857.034729004
812.620300293 901.44921875 853.744812012 822.49017334
810.975280762 904.739196777 850.454833984 820.845214844
804.395385742 903.094238281 850.454833984 829.070068359
814.265258789 893.224304199 850.454833984 824.135131836
810.975280762 898.159240723 850.454833984 814.265258789
807.68536377 903.094238281 850.454833984 815.91027832
799.460449219 903.094238281 848.809875488 822.49017334
809.330322266 901.44921875 848.809875488 812.620300293
822.49017334 901.44921875 847.164855957 824.135131836
822.49017334 896.514282227 847.164855957 824.135131836
815.91027832 906.384155273 847.164855957 807.68536377
807.68536377 917.899047852 848.809875488 817.555236816
820.845214844 909.674133301 850.454833984 819.200195312
820.845214844 901.44921875 853.744812012 815.91027832
820.845214844 899.804260254 853.744812012 817.555236816
824.135131836 903.094238281 855.389770508 820.845214844
827.425109863 912.964111328 852.09979248 817.555236816
827.425109863 912.964111328 857.034729004 810.975280762
825.780151367 901.44921875 857.034729004 829.070068359
825.780151367 904.739196777 855.389770508 824.135131836
822.49017334 912.964111328 857.034729004 806.040344238
829.070068359 904.739196777 857.034729004 835.650024414
830.715087891 906.384155273 861.969726562 815.91027832
824.135131836 896.514282227 861.969726562 827.425109863
824.135131836 896.514282227 860.324707031 834.005004883
829.070068359 906.384155273 858.679748535 829.070068359
842.229919434 899.804260254 858.679748535 838.940002441
822.49017334 914.609069824 855.389770508 827.425109863
829.070068359 916.25402832 855.389770508 838.940002441
832.360046387 922.833984375 852.09979248 814.265258789
830.715087891 931.058898926 845.519897461 815.91027832
848.809875488 914.609069824 845.519897461 832.360046387
842.229919434 921.188964844 843.874938965 824.135131836
837.29498291 919.544006348 838.940002441 832.360046387
835.650024414 919.544006348 838.940002441 824.135131836
837.29498291 927.768920898 840.584960938 815.91027832
840.584960938 916.25402832 840.584960938 834.005004883
848.809875488 917.899047852 847.164855957 835.650024414
842.229919434 917.899047852 848.809875488 834.005004883
843.874938965 921.188964844 848.809875488 830.715087891
850.454833984 916.25402832 848.809875488 848.809875488
857.034729004 914.609069824 850.454833984 847.164855957
857.034729004 906.384155273 852.09979248 835.650024414
840.584960938 916.25402832 853.744812012 827.425109863
852.09979248 908.029174805 857.034729004 832.360046387
850.454833984 912.964111328 861.969726562 842.229919434
855.389770508 917.899047852 861.969726562 847.164855957
855.389770508 908.029174805 860.324707031 848.809875488
853.744812012 911.319091797 858.679748535 838.940002441
855.389770508 909.674133301 860.324707031 843.874938965
855.389770508 911.319091797 861.969726562 835.650024414
845.519897461 911.319091797 861.969726562 845.519897461
853.744812012 914.609069824 865.259643555 845.519897461
853.744812012 894.86932373 863.614685059 868.549621582
848.809875488 904.739196777 865.259643555 845.519897461
852.09979248 906.384155273 863.614685059 848.809875488
847.164855957 894.86932373 861.969726562 858.679748535
861.969726562 901.44921875 861.969726562 848.809875488
845.519897461 899.804260254 858.679748535 857.034729004
843.874938965 891.579345703 860.324707031 850.454833984
843.874938965 901.44921875 860.324707031 855.389770508
840.584960938 898.159240723 861.969726562 842.229919434
850.454833984 889.934387207 861.969726562 842.229919434
843.874938965 893.224304199 861.969726562 847.164855957
830.715087891 894.86932373 860.324707031 829.070068359
843.874938965 888.289367676 858.679748535 830.715087891
830.715087891 886.64440918 860.324707031 829.070068359
830.715087891 891.579345703 858.679748535 824.135131836
834.005004883 889.934387207 857.034729004 824.135131836
825.780151367 889.934387207 855.389770508 829.070068359
832.360046387 894.86932373 853.744812012 832.360046387
829.070068359 876.774536133 855.389770508 840.584960938
824.135131836 881.709472656 858.679748535 829.070068359
827.425109863 881.709472656 860.324707031 830.715087891
824.135131836 876.774536133 860.324707031 832.360046387
822.49017334 875.129516602 861.969726562 825.780151367
819.200195312 881.709472656 861.969726562 827.425109863
822.49017334 888.289367676 861.969726562 819.200195312
827.425109863 880.064453125 860.324707031 819.200195312
819.200195312 870.194580078 863.614685059 835.650024414
827.425109863 857.034729004 863.614685059 845.519897461
824.135131836 861.969726562 861.969726562 829.070068359
824.135131836 865.259643555 858.679748535 832.360046387
820.845214844 860.324707031 860.324707031 832.360046387
815.91027832 870.194580078 863.614685059 830.715087891
817.555236816 871.839599609 863.614685059 827.425109863
815.91027832 875.129516602 860.324707031 822.49017334
820.845214844 875.129516602 858.679748535 824.135131836
830.715087891 865.259643555 860.324707031 835.650024414
834.005004883 863.614685059 861.969726562 834.005004883
825.780151367 863.614685059 861.969726562 830.715087891
814.265258789 868.549621582 860.324707031 822.49017334
819.200195312 858.679748535 860.324707031 829.070068359
812.620300293 873.484558105 858.679748535 822.49017334
825.780151367 861.969726562 858.679748535 825.780151367
832.360046387 870.194580078 858.679748535 820.845214844
834.005004883 875.129516602 860.324707031 829.070068359
834.005004883 857.034729004 861.969726562 834.005004883
840.584960938 870.194580078 863.614685059 840.584960938
837.29498291 857.034729004 861.969726562 843.874938965
834.005004883 861.969726562 861.969726562 832.360046387
837.29498291 871.839599609 858.679748535 829.070068359
827.425109863 858.679748535 857.034729004 838.940002441
830.715087891 861.969726562 855.389770508 829.070068359
834.005004883 853.744812012 855.389770508 847.164855957
832.360046387 857.034729004 855.389770508 838.940002441
835.650024414 865.259643555 852.09979248 842.229919434
838.940002441 861.969726562 852.09979248 825.780151367
834.005004883 873.484558105 852.09979248 827.425109863
829.070068359 861.969726562 852.09979248 842.229919434
845.519897461 858.679748535 850.454833984 832.360046387
837.29498291 865.259643555 847.164855957 848.809875488
838.940002441 868.549621582 848.809875488 837.29498291
850.454833984 868.549621582 847.164855957 834.005004883
834.005004883 873.484558105 848.809875488 840.584960938
850.454833984 857.034729004 848.809875488 850.454833984
843.874938965 858.679748535 848.809875488 853.744812012
834.005004883 857.034729004 850.454833984 858.679748535
835.650024414 857.034729004 850.454833984 845.519897461
819.200195312 868.549621582 850.454833984 835.650024414
834.005004883 857.034729004 850.454833984 852.09979248
835.650024414 863.614685059 852.09979248 848.809875488
840.584960938 857.034729004 852.09979248 858.679748535
845.519897461 858.679748535 853.744812012 858.679748535
842.229919434 873.484558105 852.09979248 847.164855957
848.809875488 863.614685059 850.454833984 861.969726562
838.940002441 875.129516602 852.09979248 857.034729004
838.940002441 865.259643555 852.09979248 855.389770508
842.229919434 860.324707031 848.809875488 852.09979248
842.229919434 863.614685059 850.454833984 845.519897461
843.874938965 868.549621582 850.454833984 840.584960938
840.584960938 866.904663086 848.809875488 845.519897461
837.29498291 861.969726562 852.09979248 853.744812012
842.229919434 857.034729004 850.454833984 858.679748535
843.874938965 857.034729004 850.454833984 853.744812012
845.519897461 861.969726562 850.454833984 848.809875488
843.874938965 868.549621582 850.454833984 840.584960938
850.454833984 860.324707031 848.809875488 848.809875488
842.229919434 860.324707031 850.454833984 852.09979248
840.584960938 870.194580078 850.454833984 845.519897461
840.584960938 870.194580078 848.809875488 850.454833984
847.164855957 863.614685059 850.454833984 853.744812012
852.09979248 850.454833984 848.809875488 853.744812012
848.809875488 858.679748535 848.809875488 861.969726562
850.454833984 858.679748535 847.164855957 853.744812012
843.874938965 866.904663086 843.874938965 848.809875488
842.229919434 858.679748535 847.164855957 863.614685059
842.229919434 858.679748535 850.454833984 858.679748535
838.940002441 866.904663086 848.809875488 843.874938965
837.29498291 866.904663086 847.164855957 842.229919434
835.650024414 865.259643555 842.229919434 845.519897461
832.360046387 861.969726562 842.229919434 847.164855957
834.005004883 848.809875488 843.874938965 865.259643555
830.715087891 861.969726562 842.229919434 848.809875488
845.519897461 871.839599609 837.29498291 847.164855957
857.034729004 863.614685059 837.29498291 863.614685059
840.584960938 875.129516602 843.874938965 842.229919434
845.519897461 857.034729004 845.519897461 850.454833984
837.29498291 860.324707031 852.09979248 853.744812012
850.454833984 845.519897461 855.389770508 860.324707031
838.940002441 832.360046387 858.679748535 868.549621582
832.360046387 837.29498291 863.614685059 855.389770508
835.650024414 824.135131836 861.969726562 857.034729004
819.200195312 842.229919434 860.324707031 848.809875488
843.874938965 837.29498291 858.679748535 865.259643555
840.584960938 835.650024414 857.034729004 870.194580078
845.519897461 832.360046387 853.744812012 878.419494629
838.940002441 834.005004883 857.034729004 884.999450684
837.29498291 838.940002441 855.389770508 881.709472656
840.584960938 847.164855957 857.034729004 853.744812012
843.874938965 847.164855957 855.389770508 855.389770508
843.874938965 848.809875488 850.454833984 863.614685059
834.005004883 858.679748535 852.09979248 853.744812012
834.005004883 860.324707031 848.809875488 870.194580078
834.005004883 866.904663086 847.164855957 860.324707031
840.584960938 865.259643555 845.519897461 853.744812012
834.005004883 871.839599609 847.164855957 858.679748535
838.940002441 868.549621582 847.164855957 863.614685059
830.715087891 876.774536133 843.874938965 850.454833984
840.584960938 870.194580078 843.874938965 860.324707031
840.584960938 873.484558105 845.519897461 861.969726562
837.29498291 866.904663086 843.874938965 860.324707031
838.940002441 860.324707031 843.874938965 873.484558105
829.070068359 868.549621582 842.229919434 866.904663086
838.940002441 861.969726562 842.229919434 863.614685059
835.650024414 870.194580078 842.229919434 866.904663086
838.940002441 880.064453125 842.229919434 868.549621582
842.229919434 868.549621582 842.229919434 868.549621582
842.229919434 880.064453125 840.584960938 868.549621582
850.454833984 884.999450684 840.584960938 866.904663086
852.09979248 871.839599609 837.29498291 875.129516602
847.164855957 875.129516602 834.005004883 870.194580078
843.874938965 876.774536133 832.360046387 865.259643555
840.584960938 875.129516602 832.360046387 857.034729004
845.519897461 870.194580078 835.650024414 868.549621582
848.809875488 875.129516602 834.005004883 863.614685059
840.584960938 878.419494629 830.715087891 855.389770508
848.809875488 881.709472656 832.360046387 850.454833984
845.519897461 880.064453125 830.715087891 850.454833984
837.29498291 880.064453125 830.715087891 855.389770508
847.164855957 883.354431152 830.715087891 865.259643555
843.874938965 880.064453125 832.360046387 870.194580078
848.809875488 886.64440918 835.650024414 855.389770508
860.324707031 875.129516602 838.940002441 866.904663086
847.164855957 878.419494629 837.29498291 873.484558105
848.809875488 896.514282227 834.005004883 843.874938965
850.454833984 893.224304199 832.360046387 848.809875488
850.454833984 876.774536133 832.360046387 853.744812012
848.809875488 870.194580078 832.360046387 853.744812012
852.09979248 866.904663086 830.715087891 876.774536133
850.454833984 875.129516602 829.070068359 863.614685059
852.09979248 880.064453125 830.715087891 871.839599609
837.29498291 871.839599609 827.425109863 866.904663086
817.555236816 865.259643555 824.135131836 850.454833984
809.330322266 868.549621582 822.49017334 835.650024414
799.460449219 871.839599609 820.845214844 814.265258789
774.785766602 860.324707031 822.49017334 784.655639648
756.690979004 855.389770508 819.200195312 783.010620117
745.176086426 847.164855957 817.555236816 773.14074707
727.081298828 857.034729004 819.200195312 755.045959473
745.176086426 850.454833984 819.200195312 758.3359375
750.111022949 848.809875488 820.845214844 758.3359375
746.821105957 853.744812012 820.845214844 758.3359375
759.980895996 843.874938965 817.555236816 778.075683594
766.560852051 843.874938965 820.845214844 786.300598145
759.980895996 847.164855957 820.845214844 778.075683594
774.785766602 838.940002441 817.555236816 781.365661621
766.560852051 835.650024414 815.91027832 789.590576172
773.14074707 834.005004883 815.91027832 796.170471191
779.720703125 837.29498291 814.265258789 783.010620117
779.720703125 835.650024414 814.265258789 786.300598145
784.655639648 835.650024414 815.91027832 781.365661621
787.945556641 834.005004883 814.265258789 787.945556641
796.170471191 835.650024414 815.91027832 797.815490723
806.040344238 830.715087891 815.91027832 814.265258789
809.330322266 835.650024414 819.200195312 810.975280762
812.620300293 815.91027832 819.200195312 822.49017334
806.040344238 819.200195312 819.200195312 829.070068359
796.170471191 835.650024414 820.845214844 807.68536377
806.040344238 840.584960938 814.265258789 810.975280762
810.975280762 834.005004883 814.265258789 817.555236816
812.620300293 848.809875488 814.265258789 817.555236816
814.265258789 848.809875488 815.91027832 834.005004883
822.49017334 843.874938965 815.91027832 825.780151367
820.845214844 835.650024414 819.200195312 834.005004883
