848.809875488 842.229919434 819.200195312 855.389770508
850.454833984 843.874938965 822.49017334 855.389770508
855.389770508 843.874938965 830.715087891 852.09979248
848.809875488 838.940002441 817.555236816 852.09979248
850.454833984 842.229919434 824.135131836 850.454833984
852.09979248 838.940002441 824.135131836 852.09979248
840.584960938 834.005004883 809.330322266 847.164855957
847.164855957 840.584960938 832.360046387 847.164855957
838.940002441 840.584960938 843.874938965 843.874938965
852.09979248 843.874938965 822.49017334 852.09979248
860.324707031 843.874938965 827.425109863 855.389770508
857.034729004 842.229919434 824.135131836 857.034729004
863.614685059 842.229919434 819.200195312 860.324707031
855.389770508 847.164855957 837.29498291 863.614685059
855.389770508 847.164855957 832.360046387 863.614685059
855.389770508 843.874938965 819.200195312 865.259643555
852.09979248 847.164855957 827.425109863 861.969726562
838.940002441 848.809875488 834.005004883 857.034729004
843.874938965 847.164855957 820.845214844 857.034729004
838.940002441 848.809875488 830.715087891 852.09979248
845.519897461 845.519897461 815.91027832 857.034729004
853.744812012 850.454833984 820.845214844 857.034729004
848.809875488 853.744812012 840.584960938 857.034729004
863.614685059 845.519897461 817.555236816 871.839599609
861.969726562 853.744812012 834.005004883 860.324707031
853.744812012 852.09979248 812.620300293 853.744812012
865.259643555 857.034729004 812.620300293 858.679748535
863.614685059 858.679748535 822.49017334 860.324707031
870.194580078 858.679748535 822.49017334 868.549621582
878.419494629 858.679748535 815.91027832 871.839599609
880.064453125 863.614685059 827.425109863 865.259643555
883.354431152 857.034729004 807.68536377 871.839599609
889.934387207 857.034729004 810.975280762 881.709472656
888.289367676 855.389770508 817.555236816 880.064453125
886.64440918 852.09979248 802.750427246 876.774536133
873.484558105 860.324707031 824.135131836 870.194580078
875.129516602 848.809875488 806.040344238 868.549621582
871.839599609 853.744812012 812.620300293 868.549621582
873.484558105 853.744812012 815.91027832 868.549621582
876.774536133 850.454833984 812.620300293 866.904663086
870.194580078 857.034729004 838.940002441 866.904663086
875.129516602 850.454833984 825.780151367 870.194580078
871.839599609 853.744812012 837.29498291 865.259643555
866.904663086 855.389770508 837.29498291 860.324707031
865.259643555 850.454833984 827.425109863 860.324707031
860.324707031 850.454833984 832.360046387 860.324707031
860.324707031 848.809875488 835.650024414 857.034729004
861.969726562 848.809875488 835.650024414 861.969726562
866.904663086 847.164855957 827.425109863 863.614685059
866.904663086 852.09979248 838.940002441 863.614685059
870.194580078 847.164855957 835.650024414 866.904663086
863.614685059 850.454833984 832.360046387 865.259643555
861.969726562 855.389770508 843.874938965 860.324707031
865.259643555 850.454833984 825.780151367 857.034729004
865.259643555 848.809875488 827.425109863 861.969726562
857.034729004 852.09979248 852.09979248 857.034729004
860.324707031 852.09979248 838.940002441 857.034729004
855.389770508 852.09979248 832.360046387 860.324707031
861.969726562 850.454833984 820.845214844 863.614685059
858.679748535 848.809875488 819.200195312 858.679748535
853.744812012 850.454833984 834.005004883 852.09979248
858.679748535 850.454833984 832.360046387 855.389770508
865.259643555 845.519897461 827.425109863 866.904663086
852.09979248 842.229919434 825.780151367 866.904663086
825.780151367 840.584960938 832.360046387 843.874938965
820.845214844 835.650024414 834.005004883 842.229919434
804.395385742 829.070068359 827.425109863 829.070068359
796.170471191 830.715087891 827.425109863 819.200195312
787.945556641 830.715087891 834.005004883 814.265258789
771.495788574 829.070068359 834.005004883 797.815490723
773.14074707 830.715087891 834.005004883 799.460449219
778.075683594 825.780151367 829.070068359 806.040344238
783.010620117 825.780151367 819.200195312 804.395385742
779.720703125 834.005004883 842.229919434 809.330322266
792.880554199 834.005004883 853.744812012 810.975280762
799.460449219 830.715087891 834.005004883 822.49017334
799.460449219 834.005004883 827.425109863 820.845214844
807.68536377 834.005004883 827.425109863 829.070068359
806.040344238 843.874938965 835.650024414 830.715087891
819.200195312 857.034729004 845.519897461 834.005004883
812.620300293 876.774536133 835.650024414 832.360046387
807.68536377 880.064453125 830.715087891 832.360046387
812.620300293 883.354431152 832.360046387 834.005004883
810.975280762 880.064453125 842.229919434 834.005004883
820.845214844 875.129516602 824.135131836 842.229919434
822.49017334 876.774536133 834.005004883 845.519897461
830.715087891 873.484558105 820.845214844 847.164855957
827.425109863 873.484558105 834.005004883 845.519897461
829.070068359 876.774536133 848.809875488 842.229919434
830.715087891 873.484558105 825.780151367 845.519897461
827.425109863 875.129516602 843.874938965 842.229919434
830.715087891 868.549621582 834.005004883 843.874938965
832.360046387 865.259643555 830.715087891 848.809875488
830.715087891 868.549621582 837.29498291 848.809875488
834.005004883 870.194580078 840.584960938 848.809875488
842.229919434 866.904663086 834.005004883 852.09979248
838.940002441 865.259643555 850.454833984 847.164855957
840.584960938 855.389770508 825.780151367 852.09979248
837.29498291 861.969726562 832.360046387 845.519897461
840.584960938 861.969726562 830.715087891 848.809875488
845.519897461 861.969726562 820.845214844 853.744812012
847.164855957 860.324707031 822.49017334 855.389770508
847.164855957 858.679748535 825.780151367 855.389770508
843.874938965 865.259643555 838.940002441 855.389770508
848.809875488 860.324707031 815.91027832 853.744812012
843.874938965 860.324707031 814.265258789 855.389770508
840.584960938 861.969726562 815.91027832 853.744812012
847.164855957 860.324707031 819.200195312 850.454833984
843.874938965 860.324707031 822.49017334 850.454833984
850.454833984 860.324707031 825.780151367 848.809875488
850.454833984 852.09979248 797.815490723 853.744812012
848.809875488 853.744812012 807.68536377 850.454833984
842.229919434 852.09979248 807.68536377 850.454833984
838.940002441 853.744812012 814.265258789 848.809875488
840.584960938 853.744812012 815.91027832 852.09979248
837.29498291 852.09979248 817.555236816 850.454833984
843.874938965 857.034729004 819.200195312 852.09979248
845.519897461 852.09979248 802.750427246 855.389770508
843.874938965 855.389770508 815.91027832 857.034729004
847.164855957 850.454833984 814.265258789 863.614685059
843.874938965 850.454833984 809.330322266 863.614685059
842.229919434 863.614685059 834.005004883 842.229919434
848.809875488 858.679748535 815.91027832 850.454833984
858.679748535 857.034729004 814.265258789 858.679748535
861.969726562 858.679748535 801.105407715 863.614685059
865.259643555 868.549621582 810.975280762 863.614685059
868.549621582 870.194580078 806.040344238 858.679748535
866.904663086 876.774536133 820.845214844 853.744812012
878.419494629 866.904663086 796.170471191 861.969726562
883.354431152 866.904663086 799.460449219 873.484558105
873.484558105 871.839599609 807.68536377 865.259643555
875.129516602 868.549621582 814.265258789 865.259643555
873.484558105 863.614685059 807.68536377 873.484558105
873.484558105 863.614685059 809.330322266 868.549621582
871.839599609 861.969726562 797.815490723 868.549621582
871.839599609 863.614685059 815.91027832 866.904663086
865.259643555 861.969726562 824.135131836 857.034729004
876.774536133 857.034729004 812.620300293 860.324707031
875.129516602 853.744812012 806.040344238 863.614685059
871.839599609 853.744812012 799.460449219 863.614685059
865.259643555 858.679748535 814.265258789 857.034729004
865.259643555 857.034729004 806.040344238 855.389770508
865.259643555 863.614685059 824.135131836 850.454833984
868.549621582 857.034729004 804.395385742 853.744812012
870.194580078 857.034729004 802.750427246 858.679748535
863.614685059 860.324707031 819.200195312 853.744812012
871.839599609 855.389770508 807.68536377 858.679748535
866.904663086 852.09979248 810.975280762 866.904663086
866.904663086 852.09979248 810.975280762 868.549621582
868.549621582 850.454833984 802.750427246 875.129516602
863.614685059 853.744812012 820.845214844 868.549621582
871.839599609 852.09979248 817.555236816 868.549621582
868.549621582 847.164855957 824.135131836 870.194580078
866.904663086 850.454833984 824.135131836 863.614685059
870.194580078 850.454833984 809.330322266 868.549621582
865.259643555 852.09979248 810.975280762 861.969726562
857.034729004 850.454833984 797.815490723 858.679748535
861.969726562 848.809875488 817.555236816 858.679748535
853.744812012 852.09979248 837.29498291 852.09979248
857.034729004 853.744812012 822.49017334 852.09979248
861.969726562 852.09979248 806.040344238 858.679748535
858.679748535 850.454833984 801.105407715 853.744812012
858.679748535 850.454833984 794.525512695 858.679748535
853.744812012 853.744812012 807.68536377 857.034729004
850.454833984 855.389770508 824.135131836 853.744812012
852.09979248 852.09979248 822.49017334 857.034729004
852.09979248 847.164855957 807.68536377 857.034729004
853.744812012 847.164855957 810.975280762 857.034729004
852.09979248 850.454833984 809.330322266 860.324707031
855.389770508 852.09979248 812.620300293 857.034729004
850.454833984 850.454833984 812.620300293 853.744812012
853.744812012 853.744812012 820.845214844 853.744812012
852.09979248 842.229919434 773.14074707 857.034729004
843.874938965 853.744812012 819.200195312 852.09979248
850.454833984 848.809875488 815.91027832 850.454833984
848.809875488 845.519897461 814.265258789 843.874938965
848.809875488 848.809875488 817.555236816 847.164855957
845.519897461 843.874938965 801.105407715 852.09979248
840.584960938 842.229919434 824.135131836 852.09979248
845.519897461 843.874938965 814.265258789 857.034729004
842.229919434 842.229919434 815.91027832 857.034729004
845.519897461 840.584960938 810.975280762 857.034729004
848.809875488 837.29498291 797.815490723 860.324707031
837.29498291 843.874938965 827.425109863 853.744812012
847.164855957 843.874938965 830.715087891 853.744812012
853.744812012 840.584960938 810.975280762 857.034729004
848.809875488 840.584960938 814.265258789 855.389770508
850.454833984 837.29498291 807.68536377 852.09979248
843.874938965 837.29498291 810.975280762 847.164855957
847.164855957 842.229919434 829.070068359 847.164855957
848.809875488 840.584960938 815.91027832 848.809875488
847.164855957 837.29498291 809.330322266 853.744812012
847.164855957 840.584960938 817.555236816 858.679748535
843.874938965 840.584960938 827.425109863 855.389770508
848.809875488 834.005004883 814.265258789 857.034729004
847.164855957 832.360046387 819.200195312 858.679748535
843.874938965 837.29498291 812.620300293 855.389770508
845.519897461 843.874938965 822.49017334 855.389770508
845.519897461 842.229919434 824.135131836 860.324707031
845.519897461 845.519897461 822.49017334 855.389770508
843.874938965 842.229919434 807.68536377 852.09979248
842.229919434 847.164855957 825.780151367 850.454833984
840.584960938 848.809875488 834.005004883 842.229919434
840.584960938 845.519897461 817.555236816 843.874938965
858.679748535 840.584960938 817.555236816 865.259643555
840.584960938 837.29498291 809.330322266 857.034729004
825.780151367 840.584960938 822.49017334 830.715087891
817.555236816 837.29498291 819.200195312 832.360046387
796.170471191 838.940002441 832.360046387 814.265258789
794.525512695 835.650024414 820.845214844 815.91027832
792.880554199 830.715087891 824.135131836 815.91027832
779.720703125 830.715087891 838.940002441 799.460449219
776.430725098 820.845214844 829.070068359 791.235534668
778.075683594 824.135131836 829.070068359 806.040344238
787.945556641 824.135131836 830.715087891 806.040344238
787.945556641 819.200195312 814.265258789 810.975280762
796.170471191 829.070068359 832.360046387 814.265258789
806.040344238 827.425109863 835.650024414 815.91027832
799.460449219 829.070068359 832.360046387 817.555236816
807.68536377 832.360046387 835.650024414 817.555236816
810.975280762 835.650024414 834.005004883 819.200195312
820.845214844 834.005004883 819.200195312 827.425109863
817.555236816 838.940002441 845.519897461 827.425109863
814.265258789 834.005004883 830.715087891 835.650024414
822.49017334 835.650024414 838.940002441 842.229919434
815.91027832 838.940002441 840.584960938 842.229919434
824.135131836 834.005004883 817.555236816 845.519897461
824.135131836 835.650024414 837.29498291 848.809875488
824.135131836 834.005004883 832.360046387 850.454833984
830.715087891 842.229919434 829.070068359 848.809875488
830.715087891 843.874938965 842.229919434 853.744812012
830.715087891 842.229919434 824.135131836 855.389770508
822.49017334 842.229919434 835.650024414 850.454833984
825.780151367 837.29498291 825.780151367 842.229919434
824.135131836 845.519897461 830.715087891 834.005004883
830.715087891 848.809875488 837.29498291 838.940002441
834.005004883 847.164855957 829.070068359 840.584960938
832.360046387 850.454833984 850.454833984 840.584960938
837.29498291 843.874938965 825.780151367 835.650024414
835.650024414 845.519897461 834.005004883 835.650024414
824.135131836 848.809875488 834.005004883 842.229919434
830.715087891 852.09979248 838.940002441 842.229919434
830.715087891 848.809875488 835.650024414 847.164855957
832.360046387 843.874938965 834.005004883 845.519897461
835.650024414 848.809875488 832.360046387 847.164855957
837.29498291 852.09979248 837.29498291 847.164855957
835.650024414 855.389770508 838.940002441 847.164855957
832.360046387 855.389770508 837.29498291 850.454833984
832.360046387 847.164855957 822.49017334 853.744812012
837.29498291 852.09979248 825.780151367 848.809875488
837.29498291 855.389770508 838.940002441 847.164855957
845.519897461 852.09979248 820.845214844 852.09979248
843.874938965 848.809875488 815.91027832 850.454833984
837.29498291 843.874938965 807.68536377 853.744812012
843.874938965 847.164855957 810.975280762 852.09979248
845.519897461 847.164855957 815.91027832 855.389770508
832.360046387 852.09979248 835.650024414 852.09979248
847.164855957 847.164855957 819.200195312 857.034729004
843.874938965 842.229919434 796.170471191 858.679748535
837.29498291 845.519897461 806.040344238 853.744812012
850.454833984 842.229919434 787.945556641 858.679748535
842.229919434 847.164855957 810.975280762 852.09979248
853.744812012 845.519897461 807.68536377 855.389770508
848.809875488 838.940002441 786.300598145 858.679748535
842.229919434 845.519897461 806.040344238 855.389770508
850.454833984 837.29498291 786.300598145 858.679748535
842.229919434 838.940002441 807.68536377 852.09979248
845.519897461 837.29498291 787.945556641 848.809875488
845.519897461 835.650024414 784.655639648 850.454833984
838.940002441 837.29498291 796.170471191 848.809875488
852.09979248 830.715087891 776.430725098 853.744812012
855.389770508 829.070068359 791.235534668 850.454833984
847.164855957 827.425109863 789.590576172 852.09979248
857.034729004 837.29498291 799.460449219 852.09979248
848.809875488 842.229919434 817.555236816 850.454833984
852.09979248 838.940002441 796.170471191 855.389770508
853.744812012 842.229919434 809.330322266 858.679748535
842.229919434 840.584960938 815.91027832 857.034729004
840.584960938 838.940002441 822.49017334 853.744812012
842.229919434 835.650024414 814.265258789 857.034729004
843.874938965 838.940002441 817.555236816 855.389770508
847.164855957 835.650024414 804.395385742 855.389770508
843.874938965 842.229919434 824.135131836 855.389770508
848.809875488 838.940002441 819.200195312 855.389770508
845.519897461 840.584960938 819.200195312 853.744812012
848.809875488 842.229919434 832.360046387 855.389770508
853.744812012 835.650024414 812.620300293 858.679748535
850.454833984 842.229919434 830.715087891 853.744812012
848.809875488 843.874938965 830.715087891 853.744812012
852.09979248 842.229919434 827.425109863 853.744812012
845.519897461 842.229919434 832.360046387 853.744812012
850.454833984 838.940002441 835.650024414 848.809875488
855.389770508 832.360046387 812.620300293 857.034729004
850.454833984 842.229919434 835.650024414 850.454833984
852.09979248 840.584960938 830.715087891 847.164855957
848.809875488 842.229919434 822.49017334 848.809875488
848.809875488 843.874938965 825.780151367 847.164855957
847.164855957 843.874938965 830.715087891 853.744812012
852.09979248 842.229919434 824.135131836 855.389770508
853.744812012 847.164855957 840.584960938 858.679748535
850.454833984 842.229919434 829.070068359 857.034729004
852.09979248 837.29498291 820.845214844 857.034729004
857.034729004 838.940002441 834.005004883 858.679748535
848.809875488 838.940002441 838.940002441 855.389770508
850.454833984 837.29498291 825.780151367 853.744812012
852.09979248 837.29498291 829.070068359 850.454833984
845.519897461 837.29498291 822.49017334 847.164855957
850.454833984 847.164855957 842.229919434 848.809875488
850.454833984 843.874938965 827.425109863 857.034729004
842.229919434 845.519897461 835.650024414 855.389770508
845.519897461 835.650024414 817.555236816 853.744812012
840.584960938 838.940002441 827.425109863 848.809875488
845.519897461 847.164855957 837.29498291 845.519897461
845.519897461 843.874938965 819.200195312 853.744812012
845.519897461 848.809875488 838.940002441 848.809875488
847.164855957 840.584960938 819.200195312 847.164855957
837.29498291 842.229919434 822.49017334 847.164855957
842.229919434 842.229919434 825.780151367 845.519897461
835.650024414 838.940002441 822.49017334 848.809875488
835.650024414 834.005004883 810.975280762 848.809875488
840.584960938 835.650024414 815.91027832 847.164855957
838.940002441 832.360046387 801.105407715 853.744812012
842.229919434 840.584960938 825.780151367 850.454833984
847.164855957 837.29498291 827.425109863 850.454833984
842.229919434 835.650024414 817.555236816 845.519897461
842.229919434 838.940002441 835.650024414 845.519897461
847.164855957 834.005004883 804.395385742 852.09979248
835.650024414 845.519897461 824.135131836 843.874938965
835.650024414 838.940002441 812.620300293 847.164855957
835.650024414 838.940002441 810.975280762 843.874938965
837.29498291 838.940002441 835.650024414 848.809875488
847.164855957 837.29498291 824.135131836 848.809875488
838.940002441 845.519897461 843.874938965 843.874938965
840.584960938 835.650024414 829.070068359 847.164855957
838.940002441 838.940002441 837.29498291 840.584960938
843.874938965 842.229919434 842.229919434 848.809875488
850.454833984 837.29498291 817.555236816 855.389770508
845.519897461 843.874938965 840.584960938 850.454833984
843.874938965 837.29498291 824.135131836 858.679748535
843.874938965 838.940002441 835.650024414 855.389770508
843.874938965 842.229919434 843.874938965 855.389770508
845.519897461 838.940002441 825.780151367 855.389770508
848.809875488 840.584960938 842.229919434 852.09979248
843.874938965 838.940002441 825.780151367 853.744812012
842.229919434 843.874938965 837.29498291 855.389770508
840.584960938 842.229919434 840.584960938 850.454833984
842.229919434 840.584960938 829.070068359 853.744812012
848.809875488 843.874938965 847.164855957 847.164855957
857.034729004 835.650024414 817.555236816 863.614685059
827.425109863 842.229919434 829.070068359 842.229919434
807.68536377 837.29498291 829.070068359 822.49017334
801.105407715 840.584960938 835.650024414 822.49017334
783.010620117 838.940002441 820.845214844 796.170471191
771.495788574 837.29498291 837.29498291 789.590576172
763.270874023 834.005004883 807.68536377 779.720703125
736.951171875 837.29498291 806.040344238 753.401000977
728.726318359 837.29498291 820.845214844 745.176086426
733.661254883 832.360046387 799.460449219 748.466064453
717.211425781 838.940002441 824.135131836 730.371276855
712.276489258 834.005004883 806.040344238 733.661254883
722.146362305 838.940002441 804.395385742 735.306213379
720.501403809 835.650024414 801.105407715 732.016235352
728.726318359 834.005004883 787.945556641 741.886108398
733.661254883 838.940002441 810.975280762 750.111022949
745.176086426 835.650024414 804.395385742 756.690979004
755.045959473 835.650024414 810.975280762 763.270874023
766.560852051 835.650024414 807.68536377 776.430725098
779.720703125 835.650024414 794.525512695 781.365661621
786.300598145 838.940002441 794.525512695 796.170471191
799.460449219 837.29498291 792.880554199 802.750427246
804.395385742 835.650024414 801.105407715 804.395385742
814.265258789 835.650024414 812.620300293 819.200195312
819.200195312 837.29498291 799.460449219 822.49017334
819.200195312 845.519897461 810.975280762 824.135131836
832.360046387 838.940002441 794.525512695 834.005004883
834.005004883 840.584960938 807.68536377 835.650024414
837.29498291 837.29498291 806.040344238 842.229919434
847.164855957 835.650024414 789.590576172 852.09979248
852.09979248 842.229919434 804.395385742 855.389770508
853.744812012 847.164855957 815.91027832 858.679748535
857.034729004 847.164855957 822.49017334 857.034729004
858.679748535 843.874938965 802.750427246 860.324707031
855.389770508 845.519897461 809.330322266 858.679748535
866.904663086 840.584960938 804.395385742 866.904663086
866.904663086 843.874938965 827.425109863 865.259643555
870.194580078 840.584960938 814.265258789 871.839599609
870.194580078 837.29498291 810.975280762 870.194580078
868.549621582 837.29498291 814.265258789 871.839599609
871.839599609 835.650024414 817.555236816 875.129516602
865.259643555 834.005004883 812.620300293 868.549621582
865.259643555 834.005004883 809.330322266 868.549621582
868.549621582 829.070068359 799.460449219 871.839599609
870.194580078 834.005004883 817.555236816 873.484558105
870.194580078 840.584960938 825.780151367 876.774536133
866.904663086 838.940002441 807.68536377 878.419494629
868.549621582 842.229919434 824.135131836 875.129516602
875.129516602 838.940002441 807.68536377 880.064453125
871.839599609 835.650024414 812.620300293 881.709472656
870.194580078 837.29498291 824.135131836 878.419494629
871.839599609 835.650024414 825.780151367 875.129516602
875.129516602 834.005004883 829.070068359 876.774536133
870.194580078 834.005004883 829.070068359 873.484558105
871.839599609 832.360046387 802.750427246 873.484558105
876.774536133 837.29498291 822.49017334 878.419494629
878.419494629 838.940002441 825.780151367 868.549621582
878.419494629 837.29498291 819.200195312 863.614685059
870.194580078 840.584960938 837.29498291 870.194580078
863.614685059 835.650024414 819.200195312 873.484558105
861.969726562 840.584960938 829.070068359 870.194580078
861.969726562 837.29498291 817.555236816 878.419494629
863.614685059 838.940002441 824.135131836 875.129516602
861.969726562 842.229919434 835.650024414 868.549621582
860.324707031 840.584960938 819.200195312 875.129516602
855.389770508 845.519897461 835.650024414 863.614685059
852.09979248 838.940002441 810.975280762 865.259643555
853.744812012 840.584960938 814.265258789 865.259643555
857.034729004 843.874938965 820.845214844 865.259643555
861.969726562 845.519897461 827.425109863 863.614685059
863.614685059 842.229919434 820.845214844 868.549621582
875.129516602 837.29498291 835.650024414 878.419494629
880.064453125 834.005004883 814.265258789 881.709472656
858.679748535 842.229919434 806.040344238 861.969726562
865.259643555 847.164855957 830.715087891 863.614685059
875.129516602 845.519897461 810.975280762 871.839599609
883.354431152 845.519897461 814.265258789 880.064453125
899.804260254 847.164855957 830.715087891 893.224304199
899.804260254 847.164855957 827.425109863 886.64440918
909.674133301 845.519897461 820.845214844 893.224304199
914.609069824 847.164855957 820.845214844 901.44921875
912.964111328 843.874938965 806.040344238 908.029174805
908.029174805 850.454833984 817.555236816 908.029174805
912.964111328 852.09979248 834.005004883 906.384155273
912.964111328 847.164855957 820.845214844 909.674133301
914.609069824 847.164855957 817.555236816 909.674133301
912.964111328 845.519897461 814.265258789 903.094238281
901.44921875 848.809875488 817.555236816 901.44921875
899.804260254 850.454833984 820.845214844 898.159240723
893.224304199 852.09979248 834.005004883 896.514282227
893.224304199 845.519897461 825.780151367 898.159240723
891.579345703 835.650024414 804.395385742 896.514282227
889.934387207 842.229919434 827.425109863 891.579345703
893.224304199 837.29498291 801.105407715 896.514282227
888.289367676 840.584960938 822.49017334 889.934387207
891.579345703 837.29498291 806.040344238 889.934387207
881.709472656 835.650024414 812.620300293 888.289367676
886.64440918 837.29498291 817.555236816 888.289367676
873.484558105 842.229919434 840.584960938 888.289367676
884.999450684 842.229919434 834.005004883 889.934387207
889.934387207 838.940002441 820.845214844 893.224304199
880.064453125 843.874938965 829.070068359 888.289367676
883.354431152 842.229919434 835.650024414 888.289367676
884.999450684 840.584960938 829.070068359 891.579345703
883.354431152 838.940002441 829.070068359 888.289367676
880.064453125 838.940002441 830.715087891 886.64440918
880.064453125 835.650024414 822.49017334 883.354431152
871.839599609 834.005004883 822.49017334 880.064453125
868.549621582 830.715087891 822.49017334 875.129516602
868.549621582 827.425109863 802.750427246 880.064453125
863.614685059 837.29498291 819.200195312 875.129516602
868.549621582 837.29498291 822.49017334 866.904663086
865.259643555 840.584960938 819.200195312 871.839599609
863.614685059 842.229919434 825.780151367 861.969726562
861.969726562 837.29498291 815.91027832 866.904663086
858.679748535 838.940002441 819.200195312 865.259643555
860.324707031 835.650024414 799.460449219 857.034729004
861.969726562 842.229919434 814.265258789 863.614685059
860.324707031 843.874938965 809.330322266 863.614685059
853.744812012 840.584960938 804.395385742 860.324707031
861.969726562 843.874938965 822.49017334 861.969726562
855.389770508 834.005004883 799.460449219 861.969726562
863.614685059 837.29498291 809.330322266 861.969726562
863.614685059 838.940002441 801.105407715 866.904663086
852.09979248 838.940002441 799.460449219 866.904663086
855.389770508 843.874938965 819.200195312 861.969726562
857.034729004 838.940002441 794.525512695 866.904663086
861.969726562 840.584960938 810.975280762 870.194580078
850.454833984 838.940002441 810.975280762 865.259643555
852.09979248 837.29498291 796.170471191 870.194580078
853.744812012 840.584960938 814.265258789 866.904663086
855.389770508 837.29498291 809.330322266 863.614685059
860.324707031 838.940002441 806.040344238 866.904663086
857.034729004 840.584960938 806.040344238 865.259643555
860.324707031 842.229919434 807.68536377 866.904663086
853.744812012 845.519897461 817.555236816 861.969726562
860.324707031 838.940002441 810.975280762 865.259643555
853.744812012 840.584960938 819.200195312 857.034729004
855.389770508 837.29498291 797.815490723 865.259643555
860.324707031 838.940002441 796.170471191 861.969726562
858.679748535 843.874938965 817.555236816 861.969726562
853.744812012 843.874938965 804.395385742 865.259643555
857.034729004 845.519897461 806.040344238 863.614685059
855.389770508 845.519897461 812.620300293 860.324707031
853.744812012 843.874938965 810.975280762 861.969726562
857.034729004 837.29498291 804.395385742 861.969726562
848.809875488 838.940002441 820.845214844 853.744812012
848.809875488 830.715087891 796.170471191 858.679748535
855.389770508 830.715087891 809.330322266 857.034729004
852.09979248 832.360046387 812.620300293 858.679748535
860.324707031 834.005004883 804.395385742 865.259643555
858.679748535 834.005004883 797.815490723 861.969726562
850.454833984 832.360046387 804.395385742 860.324707031
860.324707031 830.715087891 809.330322266 865.259643555
858.679748535 822.49017334 806.040344238 865.259643555
863.614685059 830.715087891 806.040344238 861.969726562
861.969726562 829.070068359 802.750427246 861.969726562
858.679748535 825.780151367 791.235534668 860.324707031
858.679748535 832.360046387 820.845214844 860.324707031
860.324707031 830.715087891 820.845214844 861.969726562
861.969726562 829.070068359 802.750427246 863.614685059
853.744812012 827.425109863 801.105407715 865.259643555
858.679748535 824.135131836 797.815490723 870.194580078
858.679748535 827.425109863 806.040344238 870.194580078
855.389770508 832.360046387 814.265258789 866.904663086
855.389770508 832.360046387 814.265258789 866.904663086
858.679748535 827.425109863 807.68536377 868.549621582
857.034729004 825.780151367 804.395385742 868.549621582
855.389770508 832.360046387 814.265258789 865.259643555
857.034729004 832.360046387 819.200195312 865.259643555
858.679748535 835.650024414 822.49017334 863.614685059
863.614685059 830.715087891 824.135131836 865.259643555
863.614685059 830.715087891 824.135131836 865.259643555
863.614685059 832.360046387 810.975280762 866.904663086
852.09979248 835.650024414 830.715087891 865.259643555
855.389770508 830.715087891 809.330322266 863.614685059
847.164855957 834.005004883 819.200195312 863.614685059
845.519897461 834.005004883 827.425109863 863.614685059
857.034729004 830.715087891 807.68536377 866.904663086
860.324707031 837.29498291 840.584960938 863.614685059
858.679748535 834.005004883 812.620300293 866.904663086
858.679748535 837.29498291 822.49017334 858.679748535
857.034729004 834.005004883 806.040344238 861.969726562
858.679748535 837.29498291 807.68536377 861.969726562
861.969726562 842.229919434 825.780151367 855.389770508
865.259643555 842.229919434 812.620300293 861.969726562
860.324707031 845.519897461 832.360046387 857.034729004
858.679748535 840.584960938 807.68536377 858.679748535
858.679748535 840.584960938 815.91027832 860.324707031
852.09979248 838.940002441 812.620300293 860.324707031
855.389770508 838.940002441 809.330322266 860.324707031
853.744812012 837.29498291 815.91027832 858.679748535
842.229919434 840.584960938 819.200195312 858.679748535
853.744812012 843.874938965 822.49017334 857.034729004
853.744812012 840.584960938 817.555236816 863.614685059
857.034729004 843.874938965 819.200195312 866.904663086
857.034729004 842.229919434 825.780151367 863.614685059
858.679748535 843.874938965 832.360046387 861.969726562
852.09979248 845.519897461 829.070068359 865.259643555
852.09979248 843.874938965 815.91027832 861.969726562
858.679748535 847.164855957 820.845214844 863.614685059
858.679748535 848.809875488 834.005004883 860.324707031
861.969726562 845.519897461 820.845214844 863.614685059
861.969726562 845.519897461 824.135131836 865.259643555
853.744812012 840.584960938 809.330322266 866.904663086
853.744812012 842.229919434 815.91027832 868.549621582
853.744812012 847.164855957 840.584960938 861.969726562
858.679748535 843.874938965 820.845214844 866.904663086
858.679748535 845.519897461 815.91027832 865.259643555
861.969726562 840.584960938 810.975280762 866.904663086
866.904663086 838.940002441 814.265258789 870.194580078
860.324707031 845.519897461 830.715087891 868.549621582
865.259643555 845.519897461 832.360046387 871.839599609
873.484558105 843.874938965 819.200195312 873.484558105
866.904663086 840.584960938 820.845214844 870.194580078
866.904663086 837.29498291 830.715087891 871.839599609
870.194580078 838.940002441 827.425109863 873.484558105
863.614685059 837.29498291 819.200195312 868.549621582
860.324707031 842.229919434 812.620300293 857.034729004
861.969726562 842.229919434 820.845214844 858.679748535
875.129516602 837.29498291 827.425109863 873.484558105
876.774536133 838.940002441 822.49017334 873.484558105
888.289367676 838.940002441 819.200195312 876.774536133
884.999450684 837.29498291 810.975280762 878.419494629
886.64440918 845.519897461 835.650024414 873.484558105
896.514282227 838.940002441 819.200195312 888.289367676
891.579345703 842.229919434 827.425109863 884.999450684
880.064453125 843.874938965 819.200195312 880.064453125
883.354431152 840.584960938 810.975280762 878.419494629
888.289367676 842.229919434 819.200195312 883.354431152
883.354431152 840.584960938 817.555236816 873.484558105
880.064453125 840.584960938 819.200195312 873.484558105
873.484558105 838.940002441 812.620300293 873.484558105
870.194580078 837.29498291 817.555236816 873.484558105
873.484558105 840.584960938 817.555236816 866.904663086
870.194580078 835.650024414 809.330322266 863.614685059
861.969726562 840.584960938 819.200195312 858.679748535
861.969726562 837.29498291 806.040344238 860.324707031
860.324707031 840.584960938 824.135131836 860.324707031
861.969726562 838.940002441 825.780151367 855.389770508
860.324707031 835.650024414 815.91027832 860.324707031
857.034729004 840.584960938 830.715087891 858.679748535
855.389770508 837.29498291 819.200195312 855.389770508
858.679748535 840.584960938 832.360046387 850.454833984
860.324707031 837.29498291 824.135131836 855.389770508
861.969726562 830.715087891 810.975280762 857.034729004
863.614685059 835.650024414 829.070068359 855.389770508
863.614685059 837.29498291 810.975280762 860.324707031
863.614685059 840.584960938 834.005004883 853.744812012
860.324707031 835.650024414 820.845214844 858.679748535
857.034729004 832.360046387 817.555236816 852.09979248
857.034729004 827.425109863 822.49017334 852.09979248
852.09979248 829.070068359 822.49017334 853.744812012
853.744812012 827.425109863 810.975280762 850.454833984
847.164855957 834.005004883 819.200195312 855.389770508
840.584960938 837.29498291 840.584960938 843.874938965
847.164855957 829.070068359 804.395385742 850.454833984
834.005004883 837.29498291 837.29498291 837.29498291
838.940002441 825.780151367 804.395385742 829.070068359
830.715087891 827.425109863 819.200195312 837.29498291
806.040344238 829.070068359 814.265258789 819.200195312
776.430725098 824.135131836 801.105407715 794.525512695
768.205810547 822.49017334 807.68536377 784.655639648
741.886108398 822.49017334 804.395385742 758.3359375
738.596191406 824.135131836 812.620300293 756.690979004
730.371276855 819.200195312 815.91027832 751.75604248
720.501403809 817.555236816 809.330322266 745.176086426
730.371276855 812.620300293 801.105407715 750.111022949
733.661254883 817.555236816 819.200195312 751.75604248
733.661254883 815.91027832 806.040344238 759.980895996
745.176086426 817.555236816 809.330322266 768.205810547
751.75604248 815.91027832 807.68536377 779.720703125
761.625915527 827.425109863 832.360046387 783.010620117
774.785766602 824.135131836 819.200195312 794.525512695
779.720703125 824.135131836 809.330322266 796.170471191
794.525512695 827.425109863 809.330322266 809.330322266
807.68536377 824.135131836 804.395385742 827.425109863
806.040344238 832.360046387 819.200195312 830.715087891
817.555236816 834.005004883 832.360046387 834.005004883
820.845214844 829.070068359 819.200195312 843.874938965
834.005004883 832.360046387 819.200195312 852.09979248
840.584960938 840.584960938 834.005004883 853.744812012
843.874938965 834.005004883 825.780151367 858.679748535
847.164855957 834.005004883 822.49017334 860.324707031
848.809875488 837.29498291 825.780151367 860.324707031
853.744812012 832.360046387 810.975280762 866.904663086
853.744812012 838.940002441 830.715087891 861.969726562
857.034729004 835.650024414 824.135131836 866.904663086
858.679748535 837.29498291 822.49017334 865.259643555
857.034729004 837.29498291 835.650024414 866.904663086
870.194580078 838.940002441 812.620300293 875.129516602
871.839599609 838.940002441 820.845214844 875.129516602
868.549621582 838.940002441 812.620300293 880.064453125
865.259643555 843.874938965 817.555236816 883.354431152
868.549621582 843.874938965 830.715087891 881.709472656
866.904663086 840.584960938 825.780151367 876.774536133
866.904663086 843.874938965 817.555236816 876.774536133
868.549621582 847.164855957 835.650024414 876.774536133
871.839599609 843.874938965 820.845214844 878.419494629
873.484558105 845.519897461 822.49017334 876.774536133
870.194580078 845.519897461 829.070068359 871.839599609
870.194580078 843.874938965 814.265258789 875.129516602
865.259643555 848.809875488 824.135131836 873.484558105
873.484558105 850.454833984 819.200195312 878.419494629
876.774536133 848.809875488 810.975280762 880.064453125
871.839599609 852.09979248 829.070068359 875.129516602
876.774536133 847.164855957 815.91027832 883.354431152
878.419494629 850.454833984 825.780151367 876.774536133
875.129516602 848.809875488 815.91027832 876.774536133
875.129516602 850.454833984 829.070068359 880.064453125
875.129516602 850.454833984 827.425109863 873.484558105
875.129516602 845.519897461 812.620300293 880.064453125
875.129516602 847.164855957 829.070068359 873.484558105
878.419494629 850.454833984 810.975280762 871.839599609
886.64440918 853.744812012 832.360046387 876.774536133
884.999450684 855.389770508 832.360046387 871.839599609
884.999450684 853.744812012 820.845214844 884.999450684
880.064453125 853.744812012 834.005004883 880.064453125
873.484558105 850.454833984 820.845214844 884.999450684
873.484558105 861.969726562 832.360046387 883.354431152
873.484558105 871.839599609 838.940002441 883.354431152
873.484558105 873.484558105 830.715087891 884.999450684
866.904663086 878.419494629 843.874938965 873.484558105
875.129516602 870.194580078 817.555236816 878.419494629
865.259643555 868.549621582 825.780151367 868.549621582
860.324707031 866.904663086 827.425109863 866.904663086
861.969726562 868.549621582 832.360046387 868.549621582
860.324707031 863.614685059 819.200195312 870.194580078
858.679748535 860.324707031 814.265258789 866.904663086
860.324707031 861.969726562 806.040344238 865.259643555
857.034729004 858.679748535 810.975280762 866.904663086
853.744812012 858.679748535 827.425109863 858.679748535
853.744812012 852.09979248 832.360046387 863.614685059
857.034729004 850.454833984 815.91027832 861.969726562
853.744812012 857.034729004 812.620300293 858.679748535
857.034729004 860.324707031 822.49017334 865.259643555
860.324707031 863.614685059 819.200195312 863.614685059
852.09979248 857.034729004 815.91027832 863.614685059
850.454833984 858.679748535 834.005004883 858.679748535
853.744812012 853.744812012 807.68536377 861.969726562
853.744812012 858.679748535 834.005004883 861.969726562
857.034729004 852.09979248 820.845214844 863.614685059
858.679748535 852.09979248 812.620300293 866.904663086
860.324707031 857.034729004 827.425109863 866.904663086
858.679748535 857.034729004 827.425109863 863.614685059
861.969726562 855.389770508 815.91027832 857.034729004
853.744812012 853.744812012 817.555236816 860.324707031
848.809875488 855.389770508 812.620300293 858.679748535
848.809875488 855.389770508 822.49017334 861.969726562
853.744812012 852.09979248 817.555236816 866.904663086
855.389770508 855.389770508 822.49017334 863.614685059
857.034729004 855.389770508 807.68536377 868.549621582
847.164855957 855.389770508 812.620300293 865.259643555
848.809875488 861.969726562 834.005004883 855.389770508
855.389770508 855.389770508 820.845214844 857.034729004
860.324707031 853.744812012 809.330322266 858.679748535
852.09979248 848.809875488 807.68536377 855.389770508
843.874938965 843.874938965 801.105407715 857.034729004
848.809875488 843.874938965 806.040344238 861.969726562
852.09979248 845.519897461 815.91027832 860.324707031
853.744812012 852.09979248 832.360046387 860.324707031
861.969726562 847.164855957 810.975280762 861.969726562
850.454833984 848.809875488 827.425109863 857.034729004
855.389770508 843.874938965 815.91027832 858.679748535
853.744812012 840.584960938 806.040344238 861.969726562
850.454833984 840.584960938 815.91027832 853.744812012
855.389770508 837.29498291 804.395385742 857.034729004
843.874938965 845.519897461 819.200195312 855.389770508
847.164855957 847.164855957 819.200195312 855.389770508
842.229919434 847.164855957 819.200195312 852.09979248
845.519897461 847.164855957 832.360046387 847.164855957
857.034729004 842.229919434 812.620300293 852.09979248
847.164855957 842.229919434 820.845214844 848.809875488
842.229919434 843.874938965 829.070068359 847.164855957
842.229919434 845.519897461 819.200195312 845.519897461
837.29498291 848.809875488 824.135131836 845.519897461
840.584960938 847.164855957 822.49017334 847.164855957
843.874938965 842.229919434 804.395385742 852.09979248
835.650024414 840.584960938 825.780151367 847.164855957
840.584960938 835.650024414 810.975280762 850.454833984
832.360046387 840.584960938 824.135131836 845.519897461
840.584960938 834.005004883 824.135131836 845.519897461
845.519897461 825.780151367 810.975280762 852.09979248
843.874938965 817.555236816 825.780151367 845.519897461
847.164855957 801.105407715 809.330322266 852.09979248
834.005004883 802.750427246 822.49017334 847.164855957
838.940002441 801.105407715 822.49017334 845.519897461
847.164855957 802.750427246 809.330322266 853.744812012
840.584960938 809.330322266 825.780151367 848.809875488
843.874938965 806.040344238 812.620300293 852.09979248
842.229919434 807.68536377 806.040344238 853.744812012
840.584960938 815.91027832 827.425109863 848.809875488
845.519897461 814.265258789 820.845214844 850.454833984
842.229919434 812.620300293 814.265258789 848.809875488
848.809875488 807.68536377 820.845214844 845.519897461
838.940002441 786.300598145 820.845214844 847.164855957
847.164855957 771.495788574 815.91027832 847.164855957
840.584960938 771.495788574 815.91027832 843.874938965
842.229919434 769.850830078 817.555236816 845.519897461
842.229919434 773.14074707 799.460449219 852.09979248
840.584960938 779.720703125 822.49017334 848.809875488
838.940002441 783.010620117 840.584960938 848.809875488
840.584960938 784.655639648 829.070068359 848.809875488
843.874938965 787.945556641 815.91027832 850.454833984
838.940002441 791.235534668 820.845214844 848.809875488
835.650024414 789.590576172 806.040344238 845.519897461
832.360046387 794.525512695 824.135131836 843.874938965
830.715087891 794.525512695 820.845214844 842.229919434
835.650024414 792.880554199 810.975280762 845.519897461
835.650024414 799.460449219 812.620300293 847.164855957
832.360046387 807.68536377 819.200195312 845.519897461
837.29498291 806.040344238 817.555236816 845.519897461
834.005004883 807.68536377 824.135131836 848.809875488
835.650024414 802.750427246 809.330322266 850.454833984
835.650024414 802.750427246 799.460449219 850.454833984
829.070068359 810.975280762 820.845214844 842.229919434
840.584960938 807.68536377 810.975280762 847.164855957
835.650024414 807.68536377 809.330322266 847.164855957
830.715087891 814.265258789 822.49017334 845.519897461
837.29498291 812.620300293 820.845214844 848.809875488
834.005004883 815.91027832 814.265258789 845.519897461
829.070068359 819.200195312 832.360046387 847.164855957
838.940002441 814.265258789 809.330322266 850.454833984
835.650024414 812.620300293 812.620300293 850.454833984
825.780151367 814.265258789 810.975280762 848.809875488
835.650024414 817.555236816 812.620300293 845.519897461
830.715087891 815.91027832 814.265258789 843.874938965
835.650024414 824.135131836 830.715087891 837.29498291
837.29498291 819.200195312 824.135131836 840.584960938
832.360046387 820.845214844 820.845214844 843.874938965
835.650024414 820.845214844 812.620300293 852.09979248
835.650024414 824.135131836 822.49017334 845.519897461
842.229919434 820.845214844 810.975280762 850.454833984
835.650024414 824.135131836 829.070068359 850.454833984
834.005004883 824.135131836 820.845214844 847.164855957
842.229919434 825.780151367 827.425109863 850.454833984
838.940002441 827.425109863 832.360046387 845.519897461
840.584960938 824.135131836 819.200195312 848.809875488
843.874938965 830.715087891 832.360046387 848.809875488
840.584960938 827.425109863 806.040344238 850.454833984
835.650024414 832.360046387 822.49017334 847.164855957
835.650024414 832.360046387 817.555236816 840.584960938
827.425109863 835.650024414 815.91027832 845.519897461
832.360046387 838.940002441 837.29498291 838.940002441
835.650024414 835.650024414 812.620300293 842.229919434
837.29498291 840.584960938 829.070068359 847.164855957
847.164855957 837.29498291 814.265258789 843.874938965
848.809875488 842.229919434 820.845214844 845.519897461
850.454833984 847.164855957 834.005004883 845.519897461
848.809875488 842.229919434 814.265258789 842.229919434
847.164855957 848.809875488 835.650024414 840.584960938
845.519897461 845.519897461 824.135131836 848.809875488
837.29498291 842.229919434 815.91027832 848.809875488
840.584960938 848.809875488 827.425109863 857.034729004
835.650024414 850.454833984 832.360046387 853.744812012
842.229919434 848.809875488 822.49017334 850.454833984
845.519897461 848.809875488 830.715087891 850.454833984
852.09979248 848.809875488 832.360046387 845.519897461
845.519897461 845.519897461 832.360046387 847.164855957
842.229919434 845.519897461 829.070068359 838.940002441
842.229919434 845.519897461 837.29498291 838.940002441
842.229919434 838.940002441 812.620300293 843.874938965
842.229919434 848.809875488 834.005004883 835.650024414
845.519897461 842.229919434 830.715087891 842.229919434
842.229919434 838.940002441 825.780151367 845.519897461
840.584960938 838.940002441 820.845214844 843.874938965
843.874938965 842.229919434 832.360046387 847.164855957
840.584960938 835.650024414 827.425109863 852.09979248
835.650024414 832.360046387 830.715087891 852.09979248
837.29498291 835.650024414 838.940002441 850.454833984
838.940002441 834.005004883 819.200195312 853.744812012
840.584960938 837.29498291 830.715087891 848.809875488
840.584960938 838.940002441 834.005004883 847.164855957
842.229919434 834.005004883 825.780151367 845.519897461
842.229919434 835.650024414 820.845214844 845.519897461
837.29498291 834.005004883 812.620300293 840.584960938
837.29498291 835.650024414 812.620300293 842.229919434
838.940002441 835.650024414 832.360046387 840.584960938
840.584960938 834.005004883 825.780151367 838.940002441
847.164855957 830.715087891 814.265258789 843.874938965
840.584960938 830.715087891 807.68536377 848.809875488
840.584960938 835.650024414 829.070068359 847.164855957
850.454833984 835.650024414 824.135131836 852.09979248
853.744812012 832.360046387 815.91027832 853.744812012
853.744812012 825.780151367 797.815490723 857.034729004
842.229919434 827.425109863 810.975280762 855.389770508
847.164855957 829.070068359 807.68536377 855.389770508
848.809875488 838.940002441 829.070068359 847.164855957
840.584960938 837.29498291 806.040344238 852.09979248
845.519897461 838.940002441 806.040344238 853.744812012
838.940002441 838.940002441 819.200195312 853.744812012
843.874938965 835.650024414 822.49017334 858.679748535
850.454833984 835.650024414 812.620300293 855.389770508
850.454833984 837.29498291 812.620300293 857.034729004
840.584960938 838.940002441 819.200195312 863.614685059
843.874938965 840.584960938 812.620300293 863.614685059
848.809875488 840.584960938 812.620300293 863.614685059
842.229919434 847.164855957 814.265258789 860.324707031
843.874938965 842.229919434 797.815490723 858.679748535
842.229919434 845.519897461 819.200195312 855.389770508
843.874938965 847.164855957 822.49017334 852.09979248
842.229919434 842.229919434 815.91027832 855.389770508
838.940002441 847.164855957 827.425109863 850.454833984
843.874938965 842.229919434 810.975280762 850.454833984
842.229919434 845.519897461 829.070068359 850.454833984
845.519897461 847.164855957 807.68536377 843.874938965
842.229919434 848.809875488 804.395385742 855.389770508
842.229919434 853.744812012 819.200195312 850.454833984
837.29498291 847.164855957 802.750427246 852.09979248
837.29498291 855.389770508 827.425109863 847.164855957
835.650024414 853.744812012 820.845214844 840.584960938
837.29498291 857.034729004 832.360046387 840.584960938
840.584960938 855.389770508 817.555236816 840.584960938
840.584960938 858.679748535 822.49017334 840.584960938
837.29498291 861.969726562 830.715087891 835.650024414
843.874938965 858.679748535 817.555236816 845.519897461
847.164855957 858.679748535 840.584960938 845.519897461
842.229919434 858.679748535 827.425109863 848.809875488
843.874938965 857.034729004 819.200195312 848.809875488
838.940002441 863.614685059 827.425109863 843.874938965
840.584960938 865.259643555 834.005004883 848.809875488
847.164855957 865.259643555 819.200195312 855.389770508
845.519897461 866.904663086 829.070068359 857.034729004
840.584960938 863.614685059 825.780151367 848.809875488
847.164855957 866.904663086 832.360046387 848.809875488
845.519897461 860.324707031 822.49017334 852.09979248
837.29498291 858.679748535 822.49017334 848.809875488
845.519897461 857.034729004 812.620300293 852.09979248
837.29498291 858.679748535 827.425109863 848.809875488
842.229919434 857.034729004 825.780151367 852.09979248
843.874938965 858.679748535 819.200195312 852.09979248
842.229919434 861.969726562 832.360046387 848.809875488
845.519897461 857.034729004 806.040344238 855.389770508
848.809875488 865.259643555 825.780151367 848.809875488
843.874938965 861.969726562 820.845214844 848.809875488
840.584960938 860.324707031 825.780151367 847.164855957
840.584960938 857.034729004 822.49017334 848.809875488
842.229919434 855.389770508 819.200195312 850.454833984
838.940002441 860.324707031 820.845214844 848.809875488
840.584960938 855.389770508 815.91027832 848.809875488
843.874938965 855.389770508 812.620300293 847.164855957
838.940002441 850.454833984 812.620300293 845.519897461
840.584960938 838.940002441 812.620300293 845.519897461
848.809875488 834.005004883 802.750427246 850.454833984
843.874938965 832.360046387 812.620300293 847.164855957
852.09979248 838.940002441 804.395385742 848.809875488
852.09979248 850.454833984 801.105407715 850.454833984
837.29498291 858.679748535 832.360046387 845.519897461
847.164855957 853.744812012 817.555236816 848.809875488
845.519897461 848.809875488 809.330322266 853.744812012
848.809875488 845.519897461 802.750427246 860.324707031
847.164855957 847.164855957 810.975280762 853.744812012
847.164855957 845.519897461 817.555236816 853.744812012
845.519897461 848.809875488 825.780151367 853.744812012
847.164855957 843.874938965 812.620300293 848.809875488
842.229919434 847.164855957 812.620300293 855.389770508
842.229919434 848.809875488 810.975280762 858.679748535
843.874938965 850.454833984 819.200195312 853.744812012
845.519897461 855.389770508 829.070068359 858.679748535
837.29498291 848.809875488 819.200195312 858.679748535
847.164855957 847.164855957 814.265258789 861.969726562
843.874938965 847.164855957 817.555236816 861.969726562
847.164855957 850.454833984 825.780151367 861.969726562
855.389770508 847.164855957 812.620300293 866.904663086
852.09979248 853.744812012 832.360046387 860.324707031
855.389770508 848.809875488 802.750427246 863.614685059
858.679748535 850.454833984 810.975280762 865.259643555
858.679748535 848.809875488 814.265258789 860.324707031
853.744812012 850.454833984 822.49017334 860.324707031
852.09979248 847.164855957 822.49017334 860.324707031
853.744812012 853.744812012 834.005004883 857.034729004
852.09979248 848.809875488 812.620300293 853.744812012
853.744812012 848.809875488 804.395385742 858.679748535
842.229919434 852.09979248 832.360046387 853.744812012
842.229919434 847.164855957 820.845214844 850.454833984
840.584960938 848.809875488 819.200195312 853.744812012
847.164855957 853.744812012 825.780151367 853.744812012
848.809875488 852.09979248 817.555236816 853.744812012
847.164855957 852.09979248 819.200195312 857.034729004
847.164855957 848.809875488 817.555236816 853.744812012
843.874938965 853.744812012 835.650024414 845.519897461
847.164855957 855.389770508 824.135131836 850.454833984
848.809875488 853.744812012 830.715087891 848.809875488
850.454833984 850.454833984 834.005004883 847.164855957
850.454833984 852.09979248 806.040344238 855.389770508
845.519897461 857.034729004 822.49017334 850.454833984
847.164855957 860.324707031 832.360046387 855.389770508
852.09979248 860.324707031 817.555236816 857.034729004
858.679748535 857.034729004 819.200195312 853.744812012
858.679748535 857.034729004 815.91027832 853.744812012
850.454833984 863.614685059 832.360046387 852.09979248
852.09979248 858.679748535 817.555236816 853.744812012
848.809875488 858.679748535 819.200195312 855.389770508
852.09979248 855.389770508 810.975280762 860.324707031
843.874938965 858.679748535 814.265258789 855.389770508
845.519897461 860.324707031 832.360046387 847.164855957
845.519897461 855.389770508 819.200195312 850.454833984
845.519897461 855.389770508 812.620300293 847.164855957
838.940002441 852.09979248 801.105407715 847.164855957
840.584960938 857.034729004 819.200195312 847.164855957
843.874938965 855.389770508 814.265258789 845.519897461
843.874938965 857.034729004 829.070068359 845.519897461
847.164855957 855.389770508 814.265258789 850.454833984
842.229919434 853.744812012 812.620300293 850.454833984
837.29498291 855.389770508 825.780151367 843.874938965
842.229919434 850.454833984 817.555236816 843.874938965
838.940002441 847.164855957 814.265258789 848.809875488
842.229919434 848.809875488 817.555236816 845.519897461
843.874938965 843.874938965 802.750427246 848.809875488
838.940002441 848.809875488 824.135131836 845.519897461
838.940002441 848.809875488 815.91027832 842.229919434
838.940002441 845.519897461 807.68536377 843.874938965
832.360046387 850.454833984 822.49017334 838.940002441
842.229919434 845.519897461 801.105407715 847.164855957
838.940002441 845.519897461 806.040344238 845.519897461
835.650024414 847.164855957 810.975280762 845.519897461
837.29498291 845.519897461 814.265258789 848.809875488
835.650024414 838.940002441 807.68536377 845.519897461
840.584960938 840.584960938 812.620300293 845.519897461
843.874938965 840.584960938 814.265258789 850.454833984
838.940002441 840.584960938 819.200195312 850.454833984
845.519897461 840.584960938 809.330322266 853.744812012
840.584960938 842.229919434 814.265258789 853.744812012
848.809875488 843.874938965 810.975280762 850.454833984
850.454833984 842.229919434 807.68536377 847.164855957
843.874938965 842.229919434 814.265258789 845.519897461
843.874938965 837.29498291 799.460449219 850.454833984
838.940002441 838.940002441 797.815490723 847.164855957
835.650024414 847.164855957 824.135131836 847.164855957
845.519897461 843.874938965 809.330322266 852.09979248
840.584960938 845.519897461 817.555236816 848.809875488
840.584960938 842.229919434 807.68536377 850.454833984
837.29498291 838.940002441 804.395385742 848.809875488
838.940002441 843.874938965 814.265258789 848.809875488
843.874938965 845.519897461 814.265258789 847.164855957
852.09979248 843.874938965 819.200195312 847.164855957
847.164855957 845.519897461 824.135131836 845.519897461
845.519897461 840.584960938 804.395385742 850.454833984
843.874938965 840.584960938 809.330322266 855.389770508
842.229919434 847.164855957 815.91027832 852.09979248
845.519897461 845.519897461 810.975280762 850.454833984
842.229919434 847.164855957 812.620300293 848.809875488
837.29498291 847.164855957 819.200195312 848.809875488
842.229919434 847.164855957 824.135131836 855.389770508
845.519897461 843.874938965 820.845214844 848.809875488
847.164855957 848.809875488 832.360046387 853.744812012
840.584960938 847.164855957 810.975280762 857.034729004
843.874938965 848.809875488 817.555236816 853.744812012
847.164855957 853.744812012 830.715087891 857.034729004
848.809875488 850.454833984 822.49017334 852.09979248
853.744812012 848.809875488 817.555236816 860.324707031
848.809875488 852.09979248 824.135131836 857.034729004
845.519897461 852.09979248 830.715087891 852.09979248
842.229919434 847.164855957 824.135131836 857.034729004
834.005004883 852.09979248 843.874938965 843.874938965
838.940002441 847.164855957 832.360046387 850.454833984
832.360046387 845.519897461 822.49017334 855.389770508
840.584960938 853.744812012 853.744812012 848.809875488
842.229919434 850.454833984 840.584960938 857.034729004
835.650024414 850.454833984 843.874938965 852.09979248
840.584960938 852.09979248 843.874938965 848.809875488
838.940002441 853.744812012 853.744812012 845.519897461
835.650024414 850.454833984 847.164855957 848.809875488
838.940002441 858.679748535 866.904663086 847.164855957
843.874938965 850.454833984 842.229919434 848.809875488
842.229919434 850.454833984 847.164855957 853.744812012
835.650024414 852.09979248 848.809875488 852.09979248
837.29498291 853.744812012 857.034729004 848.809875488
835.650024414 852.09979248 845.519897461 853.744812012
835.650024414 852.09979248 845.519897461 855.389770508
838.940002441 850.454833984 850.454833984 852.09979248
840.584960938 850.454833984 842.229919434 855.389770508
845.519897461 848.809875488 840.584960938 855.389770508
843.874938965 848.809875488 840.584960938 853.744812012
843.874938965 848.809875488 820.845214844 857.034729004
840.584960938 853.744812012 840.584960938 850.454833984
842.229919434 858.679748535 847.164855957 845.519897461
847.164855957 853.744812012 829.070068359 848.809875488
847.164855957 852.09979248 819.200195312 853.744812012
847.164855957 852.09979248 820.845214844 852.09979248
845.519897461 853.744812012 830.715087891 853.744812012
850.454833984 852.09979248 838.940002441 855.389770508
850.454833984 847.164855957 824.135131836 855.389770508
848.809875488 845.519897461 815.91027832 861.969726562
847.164855957 855.389770508 843.874938965 858.679748535
850.454833984 845.519897461 824.135131836 858.679748535
848.809875488 852.09979248 847.164855957 857.034729004
855.389770508 848.809875488 827.425109863 860.324707031
855.389770508 848.809875488 822.49017334 863.614685059
855.389770508 852.09979248 815.91027832 858.679748535
848.809875488 852.09979248 825.780151367 852.09979248
847.164855957 847.164855957 806.040344238 850.454833984
843.874938965 852.09979248 817.555236816 845.519897461
842.229919434 855.389770508 832.360046387 847.164855957
847.164855957 850.454833984 806.040344238 853.744812012
842.229919434 855.389770508 822.49017334 853.744812012
843.874938965 853.744812012 827.425109863 853.744812012
842.229919434 852.09979248 819.200195312 852.09979248
845.519897461 853.744812012 834.005004883 850.454833984
850.454833984 852.09979248 824.135131836 850.454833984
850.454833984 850.454833984 806.040344238 857.034729004
843.874938965 857.034729004 829.070068359 855.389770508
842.229919434 855.389770508 815.91027832 857.034729004
843.874938965 853.744812012 812.620300293 857.034729004
838.940002441 857.034729004 827.425109863 847.164855957
843.874938965 857.034729004 824.135131836 852.09979248
842.229919434 860.324707031 848.809875488 850.454833984
848.809875488 853.744812012 825.780151367 853.744812012
852.09979248 857.034729004 834.005004883 855.389770508
847.164855957 858.679748535 837.29498291 857.034729004
845.519897461 863.614685059 824.135131836 848.809875488
842.229919434 871.839599609 845.519897461 847.164855957
847.164855957 861.969726562 810.975280762 850.454833984
847.164855957 863.614685059 810.975280762 843.874938965
837.29498291 863.614685059 819.200195312 850.454833984
837.29498291 865.259643555 820.845214844 848.809875488
838.940002441 861.969726562 809.330322266 845.519897461
835.650024414 865.259643555 815.91027832 845.519897461
840.584960938 868.549621582 825.780151367 847.164855957
842.229919434 865.259643555 814.265258789 850.454833984
845.519897461 866.904663086 822.49017334 852.09979248
843.874938965 861.969726562 814.265258789 853.744812012
842.229919434 860.324707031 807.68536377 857.034729004
840.584960938 865.259643555 827.425109863 850.454833984
837.29498291 865.259643555 829.070068359 852.09979248
845.519897461 866.904663086 832.360046387 847.164855957
835.650024414 865.259643555 819.200195312 848.809875488
838.940002441 863.614685059 822.49017334 850.454833984
845.519897461 860.324707031 810.975280762 852.09979248
834.005004883 858.679748535 822.49017334 848.809875488
843.874938965 861.969726562 824.135131836 848.809875488
845.519897461 860.324707031 802.750427246 852.09979248
842.229919434 861.969726562 809.330322266 848.809875488
840.584960938 861.969726562 810.975280762 843.874938965
834.005004883 858.679748535 802.750427246 847.164855957
825.780151367 858.679748535 810.975280762 842.229919434
840.584960938 858.679748535 799.460449219 847.164855957
838.940002441 860.324707031 804.395385742 852.09979248
840.584960938 863.614685059 829.070068359 847.164855957
848.809875488 858.679748535 807.68536377 853.744812012
845.519897461 861.969726562 825.780151367 848.809875488
847.164855957 858.679748535 814.265258789 847.164855957
843.874938965 863.614685059 819.200195312 850.454833984
842.229919434 861.969726562 824.135131836 850.454833984
838.940002441 855.389770508 802.750427246 848.809875488
834.005004883 857.034729004 820.845214844 843.874938965
837.29498291 857.034729004 820.845214844 847.164855957
838.940002441 857.034729004 822.49017334 848.809875488
843.874938965 860.324707031 838.940002441 850.454833984
852.09979248 855.389770508 815.91027832 855.389770508
850.454833984 855.389770508 822.49017334 855.389770508
845.519897461 855.389770508 830.715087891 855.389770508
847.164855957 853.744812012 825.780151367 855.389770508
845.519897461 850.454833984 825.780151367 850.454833984
852.09979248 853.744812012 829.070068359 857.034729004
848.809875488 853.744812012 819.200195312 857.034729004
838.940002441 853.744812012 830.715087891 855.389770508
847.164855957 855.389770508 834.005004883 855.389770508
838.940002441 853.744812012 830.715087891 852.09979248
847.164855957 857.034729004 838.940002441 857.034729004
845.519897461 855.389770508 843.874938965 852.09979248
845.519897461 852.09979248 827.425109863 855.389770508
847.164855957 858.679748535 842.229919434 858.679748535
845.519897461 852.09979248 835.650024414 857.034729004
852.09979248 855.389770508 835.650024414 860.324707031
855.389770508 857.034729004 840.584960938 861.969726562
855.389770508 848.809875488 814.265258789 863.614685059
853.744812012 858.679748535 830.715087891 860.324707031
845.519897461 857.034729004 834.005004883 861.969726562
847.164855957 852.09979248 824.135131836 861.969726562
852.09979248 853.744812012 829.070068359 863.614685059
853.744812012 855.389770508 837.29498291 865.259643555
858.679748535 852.09979248 830.715087891 866.904663086
857.034729004 857.034729004 842.229919434 861.969726562
861.969726562 857.034729004 843.874938965 861.969726562
853.744812012 852.09979248 819.200195312 865.259643555
850.454833984 858.679748535 837.29498291 858.679748535
857.034729004 853.744812012 842.229919434 860.324707031
860.324707031 850.454833984 825.780151367 857.034729004
847.164855957 850.454833984 829.070068359 855.389770508
850.454833984 852.09979248 834.005004883 852.09979248
845.519897461 848.809875488 827.425109863 852.09979248
843.874938965 847.164855957 822.49017334 852.09979248
845.519897461 852.09979248 832.360046387 848.809875488
838.940002441 850.454833984 835.650024414 847.164855957
838.940002441 847.164855957 825.780151367 853.744812012
837.29498291 848.809875488 838.940002441 855.389770508
840.584960938 847.164855957 829.070068359 850.454833984
835.650024414 843.874938965 817.555236816 853.744812012
837.29498291 852.09979248 843.874938965 847.164855957
834.005004883 852.09979248 853.744812012 843.874938965
838.940002441 847.164855957 832.360046387 847.164855957
834.005004883 845.519897461 834.005004883 847.164855957
837.29498291 845.519897461 830.715087891 850.454833984
834.005004883 845.519897461 822.49017334 853.744812012
827.425109863 855.389770508 843.874938965 845.519897461
832.360046387 848.809875488 822.49017334 848.809875488
832.360046387 852.09979248 825.780151367 850.454833984
840.584960938 853.744812012 827.425109863 857.034729004
838.940002441 853.744812012 842.229919434 855.389770508
840.584960938 852.09979248 825.780151367 852.09979248
837.29498291 848.809875488 827.425109863 848.809875488
838.940002441 845.519897461 815.91027832 847.164855957
834.005004883 853.744812012 829.070068359 848.809875488
840.584960938 857.034729004 840.584960938 845.519897461
843.874938965 852.09979248 815.91027832 853.744812012
840.584960938 857.034729004 842.229919434 850.454833984
843.874938965 848.809875488 820.845214844 850.454833984
838.940002441 853.744812012 825.780151367 845.519897461
843.874938965 857.034729004 822.49017334 850.454833984
843.874938965 860.324707031 830.715087891 848.809875488
850.454833984 857.034729004 825.780151367 850.454833984
848.809875488 855.389770508 822.49017334 852.09979248
847.164855957 855.389770508 815.91027832 848.809875488
845.519897461 853.744812012 815.91027832 850.454833984
840.584960938 855.389770508 825.780151367 853.744812012
840.584960938 857.034729004 835.650024414 847.164855957
842.229919434 852.09979248 817.555236816 847.164855957
837.29498291 857.034729004 824.135131836 848.809875488
842.229919434 857.034729004 830.715087891 842.229919434
842.229919434 855.389770508 817.555236816 848.809875488
842.229919434 858.679748535 835.650024414 848.809875488
847.164855957 850.454833984 806.040344238 853.744812012
847.164855957 855.389770508 812.620300293 852.09979248
848.809875488 855.389770508 827.425109863 852.09979248
840.584960938 850.454833984 819.200195312 853.744812012
838.940002441 855.389770508 838.940002441 842.229919434
843.874938965 850.454833984 822.49017334 850.454833984
840.584960938 853.744812012 835.650024414 850.454833984
843.874938965 848.809875488 817.555236816 852.09979248
840.584960938 848.809875488 822.49017334 845.519897461
838.940002441 847.164855957 819.200195312 843.874938965
847.164855957 847.164855957 820.845214844 840.584960938
850.454833984 845.519897461 819.200195312 848.809875488
842.229919434 848.809875488 825.780151367 845.519897461
843.874938965 845.519897461 814.265258789 843.874938965
842.229919434 845.519897461 810.975280762 845.519897461
845.519897461 850.454833984 834.005004883 842.229919434
853.744812012 847.164855957 817.555236816 855.389770508
845.519897461 847.164855957 827.425109863 847.164855957
842.229919434 847.164855957 819.200195312 847.164855957
847.164855957 843.874938965 812.620300293 848.809875488
852.09979248 845.519897461 824.135131836 855.389770508
853.744812012 847.164855957 829.070068359 855.389770508
852.09979248 845.519897461 824.135131836 855.389770508
852.09979248 848.809875488 825.780151367 855.389770508
850.454833984 850.454833984 829.070068359 853.744812012
857.034729004 850.454833984 825.780151367 858.679748535
857.034729004 850.454833984 827.425109863 861.969726562
853.744812012 848.809875488 830.715087891 855.389770508
855.389770508 845.519897461 810.975280762 857.034729004
847.164855957 848.809875488 829.070068359 850.454833984
847.164855957 850.454833984 842.229919434 848.809875488
845.519897461 848.809875488 827.425109863 853.744812012
845.519897461 847.164855957 820.845214844 855.389770508
847.164855957 845.519897461 815.91027832 853.744812012
853.744812012 847.164855957 824.135131836 850.454833984
848.809875488 847.164855957 827.425109863 848.809875488
848.809875488 847.164855957 832.360046387 850.454833984
855.389770508 845.519897461 824.135131836 855.389770508
843.874938965 843.874938965 820.845214844 857.034729004
845.519897461 848.809875488 832.360046387 853.744812012
845.519897461 848.809875488 827.425109863 850.454833984
840.584960938 845.519897461 820.845214844 850.454833984
840.584960938 847.164855957 822.49017334 850.454833984
840.584960938 842.229919434 810.975280762 850.454833984
847.164855957 850.454833984 835.650024414 847.164855957
852.09979248 850.454833984 824.135131836 847.164855957
850.454833984 850.454833984 832.360046387 847.164855957
853.744812012 852.09979248 835.650024414 847.164855957
843.874938965 847.164855957 827.425109863 843.874938965
842.229919434 857.034729004 848.809875488 840.584960938
838.940002441 850.454833984 817.555236816 845.519897461
837.29498291 857.034729004 830.715087891 843.874938965
835.650024414 853.744812012 832.360046387 850.454833984
838.940002441 850.454833984 825.780151367 848.809875488
837.29498291 855.389770508 848.809875488 843.874938965
832.360046387 848.809875488 824.135131836 850.454833984
830.715087891 852.09979248 832.360046387 848.809875488
835.650024414 852.09979248 835.650024414 848.809875488
843.874938965 850.454833984 834.005004883 852.09979248
838.940002441 850.454833984 825.780151367 858.679748535
848.809875488 853.744812012 832.360046387 857.034729004
834.005004883 847.164855957 815.91027832 855.389770508
834.005004883 852.09979248 829.070068359 852.09979248
842.229919434 855.389770508 835.650024414 847.164855957
840.584960938 850.454833984 822.49017334 847.164855957
847.164855957 852.09979248 842.229919434 845.519897461
843.874938965 847.164855957 822.49017334 848.809875488
840.584960938 848.809875488 820.845214844 850.454833984
843.874938965 855.389770508 830.715087891 845.519897461
850.454833984 853.744812012 827.425109863 847.164855957
843.874938965 852.09979248 825.780151367 852.09979248
847.164855957 853.744812012 837.29498291 847.164855957
843.874938965 845.519897461 807.68536377 852.09979248
842.229919434 850.454833984 832.360046387 845.519897461
847.164855957 847.164855957 820.845214844 845.519897461
850.454833984 847.164855957 817.555236816 848.809875488
838.940002441 848.809875488 820.845214844 855.389770508
838.940002441 853.744812012 832.360046387 853.744812012
840.584960938 850.454833984 822.49017334 855.389770508
840.584960938 852.09979248 832.360046387 855.389770508
842.229919434 848.809875488 829.070068359 853.744812012
840.584960938 845.519897461 810.975280762 855.389770508
843.874938965 847.164855957 829.070068359 848.809875488
848.809875488 850.454833984 824.135131836 852.09979248
850.454833984 852.09979248 822.49017334 852.09979248
847.164855957 850.454833984 817.555236816 858.679748535
848.809875488 852.09979248 825.780151367 860.324707031
848.809875488 852.09979248 832.360046387 858.679748535
850.454833984 852.09979248 824.135131836 863.614685059
848.809875488 853.744812012 825.780151367 860.324707031
840.584960938 850.454833984 827.425109863 858.679748535
843.874938965 848.809875488 825.780151367 855.389770508
843.874938965 847.164855957 824.135131836 855.389770508
845.519897461 848.809875488 830.715087891 853.744812012
850.454833984 847.164855957 807.68536377 857.034729004
848.809875488 848.809875488 832.360046387 853.744812012
852.09979248 852.09979248 840.584960938 848.809875488
858.679748535 845.519897461 824.135131836 855.389770508
855.389770508 845.519897461 814.265258789 850.454833984
852.09979248 845.519897461 810.975280762 855.389770508
843.874938965 842.229919434 820.845214844 855.389770508
840.584960938 840.584960938 819.200195312 852.09979248
843.874938965 842.229919434 815.91027832 857.034729004
843.874938965 840.584960938 809.330322266 853.744812012
845.519897461 847.164855957 837.29498291 848.809875488
847.164855957 840.584960938 819.200195312 850.454833984
843.874938965 843.874938965 837.29498291 852.09979248
855.389770508 840.584960938 812.620300293 855.389770508
848.809875488 842.229919434 815.91027832 858.679748535
842.229919434 842.229919434 814.265258789 857.034729004
845.519897461 847.164855957 837.29498291 853.744812012
842.229919434 845.519897461 812.620300293 857.034729004
845.519897461 852.09979248 827.425109863 850.454833984
847.164855957 848.809875488 827.425109863 852.09979248
845.519897461 845.519897461 812.620300293 850.454833984
842.229919434 848.809875488 829.070068359 848.809875488
845.519897461 843.874938965 802.750427246 852.09979248
842.229919434 848.809875488 820.845214844 850.454833984
834.005004883 848.809875488 824.135131836 850.454833984
842.229919434 845.519897461 817.555236816 853.744812012
842.229919434 848.809875488 827.425109863 853.744812012
834.005004883 850.454833984 830.715087891 847.164855957
847.164855957 842.229919434 810.975280762 852.09979248
838.940002441 848.809875488 834.005004883 850.454833984
842.229919434 847.164855957 825.780151367 848.809875488
845.519897461 845.519897461 815.91027832 855.389770508
838.940002441 850.454833984 829.070068359 853.744812012
847.164855957 848.809875488 810.975280762 855.389770508
840.584960938 848.809875488 812.620300293 852.09979248
832.360046387 853.744812012 824.135131836 850.454833984
840.584960938 852.09979248 820.845214844 848.809875488
835.650024414 853.744812012 829.070068359 850.454833984
847.164855957 852.09979248 824.135131836 857.034729004
848.809875488 852.09979248 812.620300293 861.969726562
843.874938965 857.034729004 829.070068359 857.034729004
850.454833984 852.09979248 824.135131836 861.969726562
855.389770508 852.09979248 820.845214844 861.969726562
852.09979248 853.744812012 830.715087891 861.969726562
855.389770508 850.454833984 809.330322266 865.259643555
853.744812012 858.679748535 830.715087891 861.969726562
847.164855957 852.09979248 825.780151367 861.969726562
847.164855957 855.389770508 820.845214844 857.034729004
847.164855957 857.034729004 814.265258789 857.034729004
842.229919434 858.679748535 825.780151367 852.09979248
847.164855957 861.969726562 834.005004883 845.519897461
848.809875488 857.034729004 817.555236816 852.09979248
848.809875488 857.034729004 812.620300293 853.744812012
850.454833984 857.034729004 809.330322266 852.09979248
853.744812012 858.679748535 815.91027832 852.09979248
848.809875488 860.324707031 825.780151367 852.09979248
850.454833984 860.324707031 830.715087891 852.09979248
848.809875488 855.389770508 810.975280762 853.744812012
837.29498291 857.034729004 824.135131836 850.454833984
838.940002441 858.679748535 834.005004883 848.809875488
838.940002441 855.389770508 817.555236816 847.164855957
845.519897461 857.034729004 824.135131836 853.744812012
843.874938965 853.744812012 814.265258789 847.164855957
843.874938965 853.744812012 812.620300293 852.09979248
847.164855957 858.679748535 837.29498291 845.519897461
847.164855957 857.034729004 837.29498291 845.519897461
852.09979248 853.744812012 820.845214844 852.09979248
847.164855957 853.744812012 827.425109863 853.744812012
852.09979248 852.09979248 817.555236816 860.324707031
852.09979248 852.09979248 822.49017334 860.324707031
847.164855957 857.034729004 843.874938965 855.389770508
843.874938965 853.744812012 819.200195312 853.744812012
850.454833984 853.744812012 820.845214844 857.034729004
842.229919434 853.744812012 840.584960938 853.744812012
850.454833984 848.809875488 827.425109863 853.744812012
852.09979248 853.744812012 845.519897461 847.164855957
848.809875488 845.519897461 819.200195312 850.454833984
850.454833984 853.744812012 834.005004883 853.744812012
850.454833984 857.034729004 835.650024414 850.454833984
848.809875488 855.389770508 825.780151367 855.389770508
852.09979248 858.679748535 829.070068359 853.744812012
843.874938965 850.454833984 810.975280762 852.09979248
843.874938965 850.454833984 827.425109863 847.164855957
852.09979248 853.744812012 840.584960938 847.164855957
848.809875488 852.09979248 840.584960938 848.809875488
848.809875488 850.454833984 838.940002441 852.09979248
845.519897461 848.809875488 825.780151367 857.034729004
847.164855957 852.09979248 827.425109863 855.389770508
850.454833984 852.09979248 829.070068359 853.744812012
852.09979248 852.09979248 834.005004883 847.164855957
852.09979248 848.809875488 825.780151367 852.09979248
852.09979248 852.09979248 829.070068359 850.454833984
850.454833984 852.09979248 835.650024414 850.454833984
857.034729004 852.09979248 824.135131836 853.744812012
855.389770508 853.744812012 835.650024414 852.09979248
853.744812012 847.164855957 824.135131836 852.09979248
853.744812012 847.164855957 822.49017334 857.034729004
850.454833984 855.389770508 843.874938965 852.09979248
845.519897461 852.09979248 825.780151367 857.034729004
848.809875488 855.389770508 837.29498291 857.034729004
848.809875488 855.389770508 838.940002441 860.324707031
848.809875488 850.454833984 827.425109863 865.259643555
845.519897461 852.09979248 834.005004883 860.324707031
840.584960938 853.744812012 837.29498291 858.679748535
842.229919434 848.809875488 824.135131836 857.034729004
843.874938965 850.454833984 825.780151367 853.744812012
847.164855957 852.09979248 819.200195312 852.09979248
843.874938965 852.09979248 825.780151367 850.454833984
848.809875488 850.454833984 819.200195312 857.034729004
842.229919434 852.09979248 822.49017334 853.744812012
842.229919434 853.744812012 824.135131836 855.389770508
840.584960938 852.09979248 824.135131836 852.09979248
832.360046387 852.09979248 827.425109863 843.874938965
832.360046387 848.809875488 822.49017334 845.519897461
837.29498291 843.874938965 814.265258789 843.874938965
834.005004883 848.809875488 835.650024414 845.519897461
837.29498291 847.164855957 825.780151367 850.454833984
840.584960938 850.454833984 825.780151367 848.809875488
835.650024414 852.09979248 834.005004883 848.809875488
840.584960938 847.164855957 819.200195312 855.389770508
843.874938965 850.454833984 832.360046387 850.454833984
845.519897461 850.454833984 830.715087891 855.389770508
845.519897461 850.454833984 825.780151367 853.744812012
837.29498291 848.809875488 824.135131836 848.809875488
834.005004883 847.164855957 824.135131836 847.164855957
827.425109863 845.519897461 829.070068359 843.874938965
832.360046387 843.874938965 819.200195312 845.519897461
838.940002441 847.164855957 832.360046387 845.519897461
852.09979248 842.229919434 820.845214844 853.744812012
847.164855957 840.584960938 819.200195312 858.679748535
835.650024414 852.09979248 843.874938965 855.389770508
842.229919434 850.454833984 829.070068359 855.389770508
842.229919434 852.09979248 830.715087891 843.874938965
848.809875488 850.454833984 814.265258789 852.09979248
843.874938965 848.809875488 820.845214844 850.454833984
843.874938965 850.454833984 827.425109863 853.744812012
837.29498291 852.09979248 832.360046387 857.034729004
835.650024414 852.09979248 827.425109863 845.519897461
840.584960938 848.809875488 817.555236816 845.519897461
830.715087891 848.809875488 815.91027832 845.519897461
838.940002441 850.454833984 815.91027832 842.229919434
840.584960938 848.809875488 820.845214844 847.164855957
829.070068359 848.809875488 830.715087891 848.809875488
840.584960938 845.519897461 810.975280762 850.454833984
835.650024414 847.164855957 817.555236816 843.874938965
837.29498291 848.809875488 822.49017334 843.874938965
838.940002441 850.454833984 817.555236816 843.874938965
840.584960938 853.744812012 825.780151367 842.229919434
840.584960938 847.164855957 815.91027832 848.809875488
835.650024414 853.744812012 837.29498291 847.164855957
842.229919434 853.744812012 822.49017334 853.744812012
834.005004883 850.454833984 820.845214844 853.744812012
838.940002441 852.09979248 829.070068359 838.940002441
840.584960938 845.519897461 815.91027832 842.229919434
835.650024414 847.164855957 834.005004883 837.29498291
834.005004883 848.809875488 830.715087891 835.650024414
834.005004883 847.164855957 815.91027832 840.584960938
830.715087891 848.809875488 820.845214844 840.584960938
834.005004883 848.809875488 824.135131836 843.874938965
840.584960938 843.874938965 825.780151367 840.584960938
842.229919434 842.229919434 819.200195312 845.519897461
842.229919434 843.874938965 822.49017334 843.874938965
837.29498291 848.809875488 814.265258789 848.809875488
838.940002441 853.744812012 834.005004883 848.809875488
852.09979248 847.164855957 817.555236816 857.034729004
852.09979248 848.809875488 837.29498291 858.679748535
853.744812012 850.454833984 829.070068359 860.324707031
847.164855957 848.809875488 817.555236816 865.259643555
843.874938965 850.454833984 834.005004883 855.389770508
842.229919434 850.454833984 830.715087891 852.09979248
842.229919434 847.164855957 827.425109863 855.389770508
843.874938965 852.09979248 842.229919434 852.09979248
834.005004883 848.809875488 822.49017334 855.389770508
845.519897461 848.809875488 819.200195312 853.744812012
860.324707031 855.389770508 837.29498291 847.164855957
847.164855957 850.454833984 815.91027832 848.809875488
850.454833984 850.454833984 822.49017334 847.164855957
830.715087891 847.164855957 824.135131836 850.454833984
822.49017334 843.874938965 829.070068359 852.09979248
837.29498291 850.454833984 820.845214844 850.454833984
838.940002441 850.454833984 838.940002441 852.09979248
835.650024414 850.454833984 820.845214844 853.744812012
832.360046387 852.09979248 822.49017334 852.09979248
838.940002441 853.744812012 832.360046387 852.09979248
843.874938965 855.389770508 832.360046387 852.09979248
852.09979248 852.09979248 825.780151367 857.034729004
850.454833984 853.744812012 827.425109863 860.324707031
