a 0.351793527603 0.438952237368 0.178776338696 0.276296108961
b 0.223432824016 0.153838455677 0.140438437462 0.240799054503
d 0.259948372841 0.218071967363 0.350482642651 0.210937321186
g 0.0577138140798 0.0535491928458 0.117886513472 0.212343782187
t 0.10711145401 0.135588139296 0.212416067719 0.0596237070858
h 1.0 1.0 1.0 1.0
c 0.521427154541 0 0 0
Aa 0.440345674753 0.414757847786 -0.0655171349645 0.319849431515
Ab 0.243204787374 -0.0405944995582 -0.170341148973 0.260129421949
Ad 0.308944940567 0.110940434039 0.226839348674 0.202628090978
Ag -0.3446623981 -0.498906463385 -0.246363043785 0.205514222383
At -0.0761062577367 -0.0954376980662 0.00936019886285 -0.346106380224
as 0.125 0.191919192672 0.0 0.088235296309
bs 0.40000000596 0.163265302777 0.0 0.0
ds 0.115384615958 0.0 0.0 0.0628571435809
gs 0.0 0.135135129094 0.592592597008 0.260869562626
ts 0.0 0.0 0.130434781313 0.0
a 0.342084556818 0.417490512133 0.260220885277 0.214043229818
b 0.242320373654 0.132322862744 0.111856341362 0.271437823772
d 0.266615986824 0.25672608614 0.336326152086 0.223129451275
g 0.0592638030648 0.0420149564743 0.08999235183 0.243765696883
t 0.0897152796388 0.151445582509 0.201604276896 0.04762378335
h 1.0 1.0 1.0 1.0
c 0.507268488407 0 0 0
Aa 0.408752828836 0.491817891598 0.213780254126 0.15883885324
Ab 0.25900927186 -0.00719381868839 -0.152901276946 0.262007713318
Ad 0.300505518913 0.280641287565 0.325198769569 0.176894232631
Ag -0.35259115696 -0.505424797535 -0.247356250882 0.215309932828
At -0.172514244914 0.0514278933406 0.102937854826 -0.493838787079
as 0.0961538478732 0.275510191917 0.282828271389 0.0
bs 0.449999988079 0.224489793181 0.0 0.0
ds 0.110497236252 0.0 0.0 0.0457142852247
gs 0.0 0.108108110726 0.592592597008 0.304347813129
ts 0.0 0.0353982299566 0.208695650101 0.0
a 0.342084556818 0.395040124655 0.316808432341 0.214043229818
b 0.242320373654 0.0908147543669 0.0765288546681 0.271437823772
d 0.266615986824 0.328838586807 0.353497207165 0.223129451275
g 0.0592638030648 0.0259349215776 0.0568123273551 0.243765696883
t 0.0897152796388 0.159371599555 0.196353182197 0.04762378335
h 1.0 1.0 1.0 1.0
c 0.493109762669 0 0 0
Aa 0.408752828836 0.681746125221 0.491681367159 0.15883885324
Ab 0.25900927186 0.0432613454759 -0.125290125608 0.262007713318
Ad 0.300505518913 0.60208773613 0.53927063942 0.176894232631
Ag -0.35259115696 -0.501010119915 -0.254672765732 0.215309932828
At -0.172514244914 0.287515848875 0.283922582865 -0.493838787079
as 0.0961538478732 0.469387769699 0.565656542778 0.0
bs 0.449999988079 0.333333343267 0.0 0.0
ds 0.110497236252 0.18902438879 0.0925925895572 0.0457142852247
gs 0.0 0.135135129094 0.555555582047 0.304347813129
ts 0.0 0.241071432829 0.365217387676 0.0
a 0.342084556818 0.348603010178 0.310398101807 0.214043229818
b 0.242320373654 0.0604687780142 0.0513889528811 0.271437823772
d 0.266615986824 0.408889651299 0.402930706739 0.223129451275
g 0.0592638030648 0.0155322942883 0.0343454256654 0.243765696883
t 0.0897152796388 0.166506245732 0.200936809182 0.04762378335
h 1.0 1.0 1.0 1.0
c 0.478951066732 0 0 0
Aa 0.408752828836 0.863219738007 0.691612184048 0.15883885324
Ab 0.25900927186 0.102419771254 -0.0894371196628 0.262007713318
Ad 0.300505518913 0.932494699955 0.804923474789 0.176894232631
Ag -0.35259115696 -0.487875789404 -0.264437973499 0.215309932828
At -0.172514244914 0.542319118977 0.5027526021 -0.493838787079
as 0.0961538478732 0.653061211109 0.767676770687 0.0
bs 0.449999988079 0.458333343267 0.0645161271095 0.0
ds 0.110497236252 0.385093182325 0.253086417913 0.0457142852247
gs 0.0 0.162162154913 0.518518507481 0.304347813129
ts 0.0 0.464285701513 0.556521713734 0.0
a 0.342084556818 0.301615387201 0.273435562849 0.214043229818
b 0.242320373654 0.0436948575079 0.0372030362487 0.271437823772
d 0.266615986824 0.469452440739 0.454746931791 0.223129451275
g 0.0592638030648 0.0102365138009 0.0222613792866 0.243765696883
t 0.0897152796388 0.175000801682 0.212353095412 0.04762378335
h 1.0 1.0 1.0 1.0
c 0.464792370796 0 0 0
Aa 0.408752828836 1.00049865246 0.817357897758 0.15883885324
Ab 0.25900927186 0.161475479603 -0.0489187315106 0.262007713318
Ad 0.300505518913 1.19263672829 1.03827261925 0.176894232631
Ag -0.35259115696 -0.468802809715 -0.271945029497 0.215309932828
At -0.172514244914 0.764085173607 0.70756149292 -0.493838787079
as 0.0961538478732 0.795918345451 0.888888895512 0.0
bs 0.449999988079 0.583333313465 0.129032254219 0.0
ds 0.110497236252 0.553459107876 0.401234567165 0.0457142852247
gs 0.0 0.222222223878 0.518518507481 0.304347813129
ts 0.0 0.657657682896 0.730434775352 0.0
a 0.342084556818 0.251513898373 0.222830429673 0.214043229818
b 0.242320373654 0.0355200767517 0.0300748962909 0.271437823772
d 0.266615986824 0.519268631935 0.503798782825 0.223129451275
g 0.0592638030648 0.00780023820698 0.0163359623402 0.243765696883
t 0.0897152796388 0.185897111893 0.226959913969 0.04762378335
h 1.0 1.0 1.0 1.0
c 0.45063367486 0 0 0
Aa 0.408752828836 1.06201314926 0.859429419041 0.15883885324
Ab 0.25900927186 0.211925044656 -0.0103409206495 0.262007713318
Ad 0.300505518913 1.37684321404 1.21371209621 0.176894232631
Ag -0.35259115696 -0.44644099474 -0.275400370359 0.215309932828
At -0.172514244914 0.930723786354 0.867404103279 -0.493838787079
as 0.0961538478732 0.875 0.939393937588 0.0
bs 0.449999988079 0.6875 0.193548381329 0.0
ds 0.110497236252 0.670886099339 0.506172835827 0.0457142852247
gs 0.0 0.277777791023 0.481481492519 0.304347813129
ts 0.0 0.810810804367 0.869565188885 0.0
a 0.342084556818 0.215417966247 0.188482910395 0.214043229818
b 0.242320373654 0.0315493233502 0.0260345451534 0.271437823772
d 0.266615986824 0.551581680775 0.53656488657 0.223129451275
g 0.0592638030648 0.00666912226006 0.0131488656625 0.243765696883
t 0.0897152796388 0.194781914353 0.235768809915 0.04762378335
h 1.0 1.0 1.0 1.0
c 0.436474978924 0 0 0
Aa 0.408752828836 1.0883346796 0.881226420403 0.15883885324
Ab 0.25900927186 0.254042774439 0.021504431963 0.262007713318
Ad 0.300505518913 1.49666249752 1.33557665348 0.176894232631
Ag -0.35259115696 -0.420878618956 -0.275157302618 0.215309932828
At -0.172514244914 1.04460132122 0.978440761566 -0.493838787079
as 0.0961538478732 0.90625 0.959183692932 0.0
bs 0.449999988079 0.787234067917 0.241935476661 0.0
ds 0.110497236252 0.74522292614 0.580246925354 0.0457142852247
gs 0.0 0.361111104488 0.461538463831 0.304347813129
ts 0.0 0.909909904003 0.973913013935 0.0
a 0.342084556818 0.193047776818 0.167441889644 0.214043229818
b 0.242320373654 0.0298707503825 0.023589970544 0.271437823772
d 0.266615986824 0.570300221443 0.559380054474 0.223129451275
g 0.0592638030648 0.00618383614346 0.0113197620958 0.243765696883
t 0.0897152796388 0.200597420335 0.238268315792 0.04762378335
h 1.0 1.0 1.0 1.0
c 0.422316282988 0 0 0
Aa 0.408752828836 1.10000193119 0.896255552769 0.15883885324
Ab 0.25900927186 0.289583265781 0.0451188273728 0.262007713318
Ad 0.300505518913 1.57044064999 1.42009842396 0.176894232631
Ag -0.35259115696 -0.394404917955 -0.273771286011 0.215309932828
At -0.172514244914 1.11666250229 1.04945766926 -0.493838787079
as 0.0961538478732 0.916666686535 0.969387769699 0.0
bs 0.449999988079 0.87234044075 0.274193555117 0.0
ds 0.110497236252 0.796178340912 0.651898741722 0.0457142852247
gs 0.0 0.416666656733 0.461538463831 0.304347813129
ts 0.0 0.981818199158 1.0 0.0
a 0.175632148981 0.184916436672 0.15878175199 0.200151577592
b 0.0856366381049 0.0291392002255 0.0218191891909 0.0850589126348
d 0.391860604286 0.576982438564 0.574241399765 0.560520112514
g 0.0249251071364 0.00596124352887 0.0100711714476 0.0283960998058
t 0.321945488453 0.203000694513 0.235086500645 0.125873312354
h 1.0 1.0 1.0 1.0
c 0.41034796834 0 0 0
Aa 0.742681801319 1.12111711502 0.92328363657 0.96780538559
Ab 0.430737406015 0.318619251251 0.0613216795027 0.596166193485
Ad 1.09120941162 1.61530423164 1.4815775156 1.41503751278
Ag -0.105285160244 -0.370521515608 -0.274436920881 0.119705036283
At 1.00586020947 1.16163909435 1.09371078014 0.766380012035
as 0.413461536169 0.9375 1.0 0.715686261654
bs 0.875 0.936170220375 0.306451618671 0.78125
ds 0.556179761887 0.821656048298 0.68987339735 0.754285693169
gs 0.566666662693 0.485714286566 0.479999989271 0.0
ts 0.689922451973 1.0 1.0 0.556291401386
a 0.192012906075 0.175184771419 0.156363457441 0.220712348819
b 0.0909404680133 0.0288458094001 0.0203970167786 0.0942439585924
d 0.395539015532 0.584707558155 0.585016906261 0.527052938938
g 0.0254137925804 0.0057919556275 0.0090413345024 0.0308474265039
t 0.296093791723 0.205469921231 0.229181289673 0.127143338323
h 1.0 1.0 1.0 1.0
c 0.39837962389 0 0 0
Aa 0.766625285149 1.12111711502 0.957955420017 0.982710301876
Ab 0.442052066326 0.33770352602 0.0733868479729 0.613137185574
Ad 1.08048415184 1.6445595026 1.53098857403 1.36073791981
Ag -0.111635640264 -0.359553962946 -0.279947280884 0.128102615476
At 0.954724192619 1.19036900997 1.12399935722 0.743177294731
as 0.432692319155 0.967741906643 1.0 0.735294103622
bs 0.899999976158 0.978723406792 0.322580635548 0.84375
ds 0.550561785698 0.840764343739 0.721518993378 0.7257142663
gs 0.566666662693 0.514285743237 0.479999989271 0.0
ts 0.651162803173 1.0 1.0 0.543046355247
a 0.200845420361 0.187226593494 0.156053826213 0.249756202102
b 0.0906592309475 0.0277975890785 0.0192662421614 0.0986005589366
d 0.419951617718 0.575268387794 0.593039393425 0.488601744175
g 0.0247617457062 0.00545600382611 0.00815241690725 0.032741881907
t 0.263781964779 0.204251393676 0.223488107324 0.13029961288
h 1.0 1.0 1.0 1.0
c 0.386202543974 0 0 0
Aa 0.785694777966 1.18496096134 0.99170845747 1.02263844013
Ab 0.440244853497 0.356600552797 0.0832310318947 0.619001567364
Ad 1.1060321331 1.67246389389 1.57151758671 1.31407725811
Ag -0.123385876417 -0.35053190589 -0.290279597044 0.140225842595
At 0.90407794714 1.22275841236 1.14768838882 0.740065336227
as 0.451923072338 1.0 1.0 0.77450978756
bs 0.899999976158 1.0 0.338709682226 0.903225779533
ds 0.561797738075 0.859872639179 0.7468354702 0.697142839432
gs 0.5 0.542857170105 0.439999997616 0.0416666679084
ts 0.612403094769 1.0 1.0 0.543046355247
a 0.197854593396 0.178814813495 0.147638246417 0.277767151594
b 0.0870798677206 0.0274294689298 0.0186296049505 0.0973206087947
d 0.459955871105 0.579837739468 0.6052775383 0.455929219723
g 0.0234820730984 0.00517775025219 0.00744531257078 0.0334305092692
t 0.231627583504 0.208740219474 0.22100931406 0.135552510619
h 1.0 1.0 1.0 1.0
c 0.374095052481 0 0 0
Aa 0.786160290241 1.187104702 0.99170845747 1.07006728649
Ab 0.429731935263 0.372918665409 0.0927132442594 0.614591240883
Ad 1.15253031254 1.69800770283 1.60446417332 1.28528380394
Ag -0.13944940269 -0.351157665253 -0.30560746789 0.150529399514
At 0.854604423046 1.25430738926 1.16692018509 0.758494019508
as 0.451923072338 1.0 1.0 0.823529422283
bs 0.875 1.0 0.354838699102 0.870967745781
ds 0.589887619019 0.87261146307 0.764331221581 0.680000007153
gs 0.466666668653 0.542857170105 0.360000014305 0.0833333358169
ts 0.573643386364 1.0 1.0 0.556291401386
a 0.196068242192 0.170511931181 0.140719100833 0.279173314571
b 0.0822158232331 0.0271395873278 0.0181284584105 0.0946439951658
d 0.496545940638 0.583497345448 0.615626454353 0.446925073862
g 0.0220398437232 0.00483304914087 0.00681948522106 0.0338269136846
t 0.203130155802 0.214018076658 0.21870650351 0.145430713892
h 1.0 1.0 1.0 1.0
c 0.361430883408 0 0 0
Aa 0.791041791439 1.187104702 0.99170845747 1.07319319248
Ab 0.413589954376 0.388953179121 0.101716265082 0.603412389755
Ad 1.19459402561 1.72138881683 1.6326726675 1.27755403519
Ag -0.158156916499 -0.36042881012 -0.322893023491 0.156581699848
At 0.80640900135 1.285800457 1.18321704865 0.789975464344
as 0.461538463831 1.0 1.0 0.823529422283
bs 0.824999988079 1.0 0.370967745781 0.838709652424
ds 0.612359523773 0.891719758511 0.783439517021 0.674285709858
gs 0.40000000596 0.514285743237 0.319999992847 0.0833333358169
ts 0.534883737564 1.0 1.0 0.573333323002
a 0.195579782128 0.163395822048 0.134713202715 0.27639451623
b 0.0782151147723 0.0269996207207 0.0176882818341 0.0906114801764
d 0.522029042244 0.586533784866 0.62492275238 0.444714039564
g 0.021088078618 0.00448696827516 0.00627625407651 0.0335858426988
t 0.183088004589 0.218583807349 0.216399520636 0.154694139957
h 1.0 1.0 1.0 1.0
c 0.348365992308 0 0 0
Aa 0.791041791439 1.187104702 0.99170845747 1.07319319248
Ab 0.39300853014 0.40522146225 0.109983921051 0.58884704113
Ad 1.21741247177 1.74215686321 1.65812456608 1.27974462509
Ag -0.176245138049 -0.374183177948 -0.340001195669 0.157820045948
At 0.762377738953 1.31348180771 1.19755458832 0.821137666702
as 0.461538463831 1.0 1.0 0.823529422283
bs 0.774999976158 1.0 0.387096762657 0.806451618671
ds 0.623595476151 0.922077894211 0.796178340912 0.683908045292
gs 0.310344815254 0.457142859697 0.239999994636 0.125
ts 0.50387597084 1.0 1.0 0.597315430641
a 0.199477568269 0.157985657454 0.129664078355 0.275704205036
b 0.0757772773504 0.0268287900835 0.0172211211175 0.0874259695411
d 0.532988369465 0.589591383934 0.633235394955 0.442185074091
g 0.0207954403013 0.00416602520272 0.00583407888189 0.0332894101739
t 0.170961365104 0.2214281708 0.214045286179 0.161395326257
h 1.0 1.0 1.0 1.0
c 0.334665298462 0 0 0
Aa 0.791041791439 1.187104702 0.99170845747 1.07319319248
Ab 0.370686739683 0.41708818078 0.114950165153 0.574390292168
Ad 1.21786546707 1.75903820992 1.68045389652 1.27835392952
Ag -0.190884113312 -0.391790986061 -0.3551389575 0.15505592525
At 0.724045753479 1.3337199688 1.20939445496 0.84064078331
as 0.461538463831 1.0 1.0 0.823529422283
bs 0.725000023842 1.0 0.387096762657 0.741935491562
ds 0.623595476151 0.941176474094 0.815286636353 0.682080924511
gs 0.275862067938 0.428571432829 0.159999996424 0.0833333358169
ts 0.472868204117 1.0 1.0 0.614864885807
a 0.206815034151 0.154828116298 0.12624605 0.281107842922
b 0.0748748406768 0.0264456961304 0.0167678762227 0.0861987248063
d 0.532170951366 0.592300832272 0.639997541904 0.434943556786
g 0.021127615124 0.0039167124778 0.00550438091159 0.0333136320114
t 0.165011569858 0.222508639097 0.211484178901 0.164436250925
h 1.0 1.0 1.0 1.0
c 0.320706903934 0 0 0
Aa 0.791041791439 1.187104702 0.99170845747 1.0759960413
Ab 0.349795639515 0.419609904289 0.114968687296 0.562623977661
Ad 1.20151090622 1.76979732513 1.6966688633 1.26555609703
Ag -0.19968983531 -0.409823387861 -0.368800908327 0.149745106697
At 0.692974090576 1.34460175037 1.21576845646 0.84312069416
as 0.461538463831 1.0 1.0 0.823529422283
bs 0.675000011921 1.0 0.413793116808 0.709677398205
ds 0.617977499962 0.953642368317 0.821656048298 0.670520246029
gs 0.24137930572 0.371428579092 0.119999997318 0.0869565233588
ts 0.449612408876 1.0 1.0 0.614864885807
a 0.215324252844 0.154471829534 0.125270575285 0.289502620697
b 0.0749933645129 0.0258323065937 0.0164437871426 0.0870766192675
d 0.52516502142 0.593805730343 0.643518865108 0.423318207264
g 0.0218152794987 0.00378837110475 0.00533398520201 0.0337964966893
t 0.162702068686 0.222101777792 0.209432780743 0.166306048632
h 1.0 1.0 1.0 1.0
c 0.306097507477 0 0 0
Aa 0.791041791439 1.187104702 0.99170845747 1.0759960413
Ab 0.332971692085 0.410418629646 0.109861217439 0.554245173931
Ad 1.17824470997 1.77189981937 1.70242071152 1.24101054668
Ag -0.203290343285 -0.423292040825 -0.379088789225 0.143215283751
At 0.669341921806 1.34480750561 1.2149040699 0.835251629353
as 0.456310689449 1.0 1.0 0.823529422283
bs 0.625 1.0 0.413793116808 0.677419364452
ds 0.606741547585 0.952702701092 0.828025460243 0.658959507942
gs 0.206896558404 0.342857152224 0.0799999982119 0.0434782616794
ts 0.444444447756 1.0 1.0 0.608108103275
a 0.223461136222 0.158444315195 0.127680823207 0.299895018339
b 0.075781494379 0.0251321941614 0.0163716133684 0.0892474427819
d 0.515695214272 0.59206622839 0.644072651863 0.409582406282
g 0.0226393509656 0.00383438938297 0.00538641912863 0.0344740413129
t 0.162422806025 0.220522865653 0.206488505006 0.166801095009
h 1.0 1.0 1.0 1.0
c 0.291125118732 0 0 0
Aa 0.791041791439 1.187104702 0.99170845747 1.0759960413
Ab 0.321402966976 0.387458503246 0.0996742397547 0.54962259531
Ad 1.15423285961 1.75959837437 1.69451761246 1.21136808395
Ag -0.203296229243 -0.429075688124 -0.383117079735 0.136519014835
At 0.652486801147 1.33068168163 1.20047867298 0.821225702763
as 0.456310689449 1.0 1.0 0.823529422283
bs 0.600000023842 0.980392158031 0.396551728249 0.677419364452
ds 0.589887619019 0.94594591856 0.821656048298 0.641618490219
gs 0.206896558404 0.314285725355 0.0799999982119 0.0
ts 0.428571432829 1.0 1.0 0.601351380348
a 0.230108737946 0.169104009867 0.134437948465 0.30931147933
b 0.0767009407282 0.0247058067471 0.0166648309678 0.0916826277971
d 0.506339251995 0.583511590958 0.641962230206 0.396386772394
g 0.0234187301248 0.00411474844441 0.005734202452 0.0352029576898
t 0.163432314992 0.218563824892 0.201200798154 0.167416155338
h 1.0 1.0 1.0 1.0
c 0.276440620422 0 0 0
Aa 0.791041791439 1.187104702 0.99170845747 1.0759960413
Ab 0.313909381628 0.351749867201 0.0849874913692 0.547887086868
Ad 1.13355028629 1.72500038147 1.67069602013 1.18371915817
Ag -0.201327949762 -0.426705867052 -0.378340393305 0.132179185748
At 0.642446637154 1.2985291481 1.16681623459 0.809397399426
as 0.456310689449 1.0 1.0 0.823529422283
bs 0.564102590084 0.901960790157 0.36206895113 0.699999988079
ds 0.578651666641 0.918918907642 0.808917224407 0.624277472496
gs 0.24137930572 0.314285725355 0.0799999982119 0.0
ts 0.420634925365 1.0 1.0 0.594594597816
a 0.233037784696 0.188799872994 0.146483168006 0.316174834967
b 0.0765823572874 0.0247663781047 0.0173679739237 0.0936317592859
d 0.5032299757 0.565769195557 0.637370288372 0.386831611395
g 0.0239312630147 0.00466454634443 0.00641353707761 0.0358211062849
t 0.163218587637 0.215999990702 0.192365020514 0.167540684342
h 1.0 1.0 1.0 1.0
c 0.261756151915 0 0 0
Aa 0.791041791439 1.187104702 0.99170845747 1.0759960413
Ab 0.307744204998 0.304965555668 0.0656699091196 0.547491967678
Ad 1.12538194656 1.66374242306 1.63031256199 1.16359078884
Ag -0.197418928146 -0.420087516308 -0.366981655359 0.130207821727
At 0.636385083199 1.24555683136 1.11004686356 0.800189077854
as 0.456310689449 1.0 1.0 0.821782171726
bs 0.564102590084 0.819999992847 0.327586203814 0.666666686535
ds 0.573033690453 0.878378391266 0.783439517021 0.612716734409
gs 0.24137930572 0.342857152224 0.119999997318 0.0
ts 0.412698417902 1.0 1.0 0.587837815285
a 0.234603181481 0.21347373724 0.157349735498 0.320443481207
b 0.0765947923064 0.0252513047308 0.018567558378 0.100649952888
d 0.521780669689 0.541370689869 0.635325074196 0.365544080734
g 0.0244913306087 0.00540454033762 0.00738532142714 0.0381235666573
t 0.142530009151 0.214499726892 0.181372284889 0.175238922238
h 1.0 1.0 1.0 1.0
c 0.247071653605 0 0 0
Aa 0.786096215248 1.1803869009 0.975088059902 1.05450081825
Ab 0.299961537123 0.253326207399 0.0469768494368 0.551563024521
Ad 1.13325035572 1.58453714848 1.58121800423 1.11168920994
Ag -0.195225328207 -0.416198849678 -0.353408545256 0.129942938685
At 0.569668591022 1.18246912956 1.03679299355 0.792379975319
as 0.44660192728 1.0 0.980769217014 0.80198019743
bs 0.538461565971 0.72000002861 0.293103456497 0.699999988079
ds 0.578651666641 0.824324309826 0.751592338085 0.583815038204
gs 0.24137930572 0.342857152224 0.159999996424 0.0
ts 0.365079373121 0.966386556625 0.942622959614 0.581081092358
a 0.209569737315 0.226029425859 0.159491583705 0.323708683252
b 0.0744882598519 0.0256029311568 0.02003245987 0.10659750551
d 0.569184243679 0.525062739849 0.641068100929 0.346292942762
g 0.0252666063607 0.00608096644282 0.00837496854365 0.0401514060795
t 0.121491126716 0.21722394228 0.171032905579 0.183249428868
h 1.0 1.0 1.0 1.0
c 0.232675105333 0 0 0
Aa 0.73106110096 1.15020489693 0.937343120575 1.03982138634
Ab 0.281820386648 0.20432959497 0.0363395959139 0.557414054871
Ad 1.16498541832 1.51625108719 1.54150950909 1.06911063194
Ag -0.187720522285 -0.419987469912 -0.342411488295 0.13336776197
At 0.494277089834 1.13294756413 0.967685043812 0.792709648609
as 0.398058265448 0.968085110188 0.94059407711 0.792079210281
bs 0.487179487944 0.620000004768 0.263157904148 0.699999988079
ds 0.595505595207 0.777027010918 0.726114630699 0.560693621635
gs 0.275862067938 0.323529422283 0.239999994636 0.0
ts 0.303999990225 0.923728823662 0.885245919228 0.576388895512
a 0.174065455794 0.213394761086 0.154570475221 0.317657113075
b 0.0697823092341 0.0250786840916 0.0211992077529 0.111034780741
d 0.626448512077 0.528725683689 0.651006698608 0.33496978879
g 0.0259695276618 0.00635648565367 0.00898492522538 0.0418269000947
t 0.103734180331 0.226444423199 0.16423869133 0.194511428475
h 1.0 1.0 1.0 1.0
c 0.218946024776 0 0 0
Aa 0.650941252708 1.09333515167 0.899747788906 1.02048552036
Ab 0.253974020481 0.163456141949 0.0369408838451 0.563986003399
Ad 1.20711410046 1.48738181591 1.52420675755 1.04353260994
Ag -0.175307258964 -0.432631552219 -0.335864275694 0.139982670546
At 0.426150560379 1.11911296844 0.926096737385 0.807472109795
as 0.32038834691 0.903225779533 0.910891115665 0.772277235985
bs 0.410256415606 0.540000021458 0.272727280855 0.733333349228
ds 0.617977499962 0.756756782532 0.727272748947 0.543352603912
gs 0.310344815254 0.29411765933 0.239999994636 0.0454545468092
ts 0.247999995947 0.915254235268 0.852459013462 0.587412595749
a 0.146078407764 0.18175509572 0.143187314272 0.301375627518
b 0.0643893331289 0.0236157272011 0.0218800399452 0.113791018724
d 0.670500397682 0.548375666142 0.663225114346 0.334704130888
g 0.0269042886794 0.00620964728296 0.00919479224831 0.0433408878744
t 0.0921275988221 0.240043848753 0.16251270473 0.206788346171
h 1.0 1.0 1.0 1.0
c 0.20617236197 0 0 0
Aa 0.576166927814 1.01582407951 0.859996199608 0.992040216923
Ab 0.220394849777 0.129538804293 0.0441397540271 0.569040060043
Ad 1.23798000813 1.49541568756 1.52575266361 1.0375931263
Ag -0.158597573638 -0.45059555769 -0.33236643672 0.149829894304
At 0.375970691442 1.13662803173 0.914978981018 0.82845813036
as 0.242718443274 0.817204296589 0.871287107468 0.74257427454
bs 0.333333343267 0.479999989271 0.290909081697 0.766666650772
ds 0.634831488132 0.763513505459 0.723684191704 0.537572264671
gs 0.379310339689 0.235294118524 0.280000001192 0.0909090936184
ts 0.208000004292 0.923728823662 0.844262301922 0.612676084042
a 0.139037624002 0.172721937299 0.135586678982 0.281625181437
b 0.060449745506 0.0222804881632 0.0221953876317 0.115172669291
d 0.683632969856 0.556745171547 0.670470178127 0.334460049868
g 0.0283310879022 0.00586574245244 0.00929178483784 0.0451234765351
t 0.088548541069 0.242386683822 0.162455961108 0.223618626595
h 1.0 1.0 1.0 1.0
c 0.194354102015 0 0 0
Aa 0.552230894566 1.01582407951 0.834921777248 0.959110558033
Ab 0.190493002534 0.126401305199 0.0489675030112 0.570788502693
Ad 1.24392151833 1.5241330862 1.52908420563 1.03378331661
Ag -0.138638228178 -0.453200429678 -0.329196095467 0.163841620088
At 0.356279939413 1.16298532486 0.913440406322 0.858947038651
as 0.22330096364 0.817204296589 0.839999973774 0.712871313095
bs 0.256410270929 0.460000008345 0.309090912342 0.766666650772
ds 0.640449464321 0.787671208382 0.73026317358 0.540697693825
gs 0.448275864124 0.235294118524 0.280000001192 0.136363640428
ts 0.192000001669 0.94915252924 0.844262301922 0.633802831173
a 0.143327057362 0.162425741553 0.130146667361 0.269208818674
b 0.0596222989261 0.0211215410382 0.0225972421467 0.115176990628
d 0.669860720634 0.564531862736 0.675469219685 0.328433662653
g 0.0303938724101 0.00572663825005 0.00961183104664 0.0467586405575
t 0.0967960208654 0.246194198728 0.16217507422 0.240421891212
h 1.0 1.0 1.0 1.0
c 0.183726832271 0 0 0
Aa 0.557773292065 0.984901249409 0.806978523731 0.940925180912
Ab 0.17685380578 0.0989720001817 0.0466009192169 0.572201609612
Ad 1.22742962837 1.52593481541 1.52215099335 1.02728354931
Ag -0.115768872201 -0.467853844166 -0.324648350477 0.180697768927
At 0.387302577496 1.16552424431 0.902529597282 0.891809880733
as 0.233009710908 0.784946262836 0.810000002384 0.693069279194
bs 0.205128207803 0.419999986887 0.290909081697 0.766666650772
ds 0.629213511944 0.793103456497 0.723684191704 0.534883737564
gs 0.5 0.176470592618 0.280000001192 0.227272734046
ts 0.216000005603 0.94915252924 0.842975199223 0.654929578304
a 0.220700696111 0.155107483268 0.117039486766 0.264838635921
b 0.0549609214067 0.0202427767217 0.0235842932016 0.111253917217
d 0.573399782181 0.57158601284 0.685828983784 0.31646797061
g 0.0285849459469 0.00585339032114 0.0104331914335 0.0460235849023
t 0.122353643179 0.247210338712 0.16311404109 0.2614158988
h 1.0 1.0 1.0 1.0
c 0.183726832271 0 0 0
Aa 0.797796666622 0.945903003216 0.733505427837 0.959116876125
Ab 0.194046974182 0.0615403167903 0.0377959124744 0.582450866699
Ad 1.2124505043 1.51235187054 1.50138890743 1.03646528721
Ag -0.0898696407676 -0.477322280407 -0.316409796476 0.199116006494
At 0.541609883308 1.14833688736 0.877664387226 0.953467547894
as 0.456310689449 0.739130437374 0.740000009537 0.712871313095
bs 0.256410270929 0.326530605555 0.290909081697 0.800000011921
ds 0.623595476151 0.797202825546 0.710526287556 0.540697693825
gs 0.607142865658 0.151515156031 0.291666656733 0.318181812763
ts 0.344000011683 0.940677940845 0.818181812763 0.697183072567
a 0.329272985458 0.148315995932 0.0976450890303 0.326878368855
b 0.0462625548244 0.0195207819343 0.0254313275218 0.0923172011971
d 0.444858849049 0.580893158913 0.699703872204 0.286526471376
g 0.0223395433277 0.00623577460647 0.0117838243023 0.0372367762029
t 0.157266065478 0.245034277439 0.165435865521 0.257041186094
h 1.0 1.0 1.0 1.0
c 0.183726832271 0 0 0
Aa 1.10563790798 0.896215617657 0.613325178623 1.16066944599
Ab 0.25331145525 0.0155248194933 0.0290438272059 0.611565887928
Ad 1.23630404472 1.48912382126 1.46858906746 1.10344803333
Ag -0.0628438815475 -0.48008197546 -0.305038958788 0.217255294323
At 0.784716844559 1.11425447464 0.842304468155 1.05628597736
as 0.757281541824 0.684782624245 0.620000004768 0.910891115665
bs 0.410256415606 0.224489793181 0.272727280855 0.899999976158
ds 0.634831488132 0.783216774464 0.690789461136 0.584795296192
gs 0.714285731316 0.151515156031 0.333333343267 0.409090906382
ts 0.536000013351 0.906779646873 0.793388426304 0.767605662346
a 0.372076928616 0.143515065312 0.0919244065881 0.372025609016
b 0.0402934961021 0.0186506193131 0.027442663908 0.0744483321905
d 0.376629024744 0.589594244957 0.701725542545 0.276530534029
g 0.0168704763055 0.00675032474101 0.0132842781022 0.0281247757375
t 0.194130063057 0.241489723325 0.165623083711 0.248870760202
h 1.0 1.0 1.0 1.0
c 0.19408300519 0 0 0
Aa 1.30475378036 0.848781645298 0.547059059143 1.35719895363
Ab 0.339355945587 -0.0374225825071 0.0220545381308 0.658481121063
Ad 1.31003475189 1.46243739128 1.42979550362 1.22836923599
Ag -0.0387516580522 -0.478791177273 -0.293033778667 0.235715225339
At 1.02221381664 1.07478284836 0.802749156952 1.18260002136
as 0.951456308365 0.641304373741 0.550000011921 1.0
bs 0.641025662422 0.122448980808 0.254545450211 1.0
ds 0.683615803719 0.758865237236 0.668874144554 0.660818696022
gs 0.785714268684 0.151515156031 0.416666656733 0.454545468092
ts 0.727999985218 0.872881352901 0.760330557823 0.859154939651
a 0.36496219039 0.147140145302 0.094849511981 0.34996420145
b 0.0407521128654 0.0179234724492 0.0295938346535 0.0665799081326
d 0.374272853136 0.590749800205 0.694383621216 0.300304412842
g 0.017154103145 0.00724563980475 0.0146990222856 0.0234703402966
t 0.202858746052 0.236940920353 0.166473984718 0.259681135416
h 1.0 1.0 1.0 1.0
c 0.205496475101 0 0 0
Aa 1.30475378036 0.835714697838 0.527798116207 1.43020617962
Ab 0.352656036615 -0.0785943567753 0.0219642519951 0.709525763988
Ad 1.31569421291 1.43938708305 1.3923624754 1.36374425888
Ag -0.0231260824949 -0.471939772367 -0.281948536634 0.256701946259
At 1.04969966412 1.0426235199 0.772109389305 1.30062294006
as 0.951456308365 0.615384638309 0.540000021458 1.0
bs 0.666666686535 0.0408163256943 0.254545450211 1.0
ds 0.691428542137 0.744680821896 0.646666646004 0.741176486015
gs 0.821428596973 0.181818187237 0.458333343267 0.54545456171
ts 0.751999974251 0.847457647324 0.733333349228 0.943661987782
a 0.353934377432 0.150859951973 0.0980697274208 0.303018569946
b 0.0410289727151 0.0177668854594 0.0311376862228 0.0634586289525
d 0.377656191587 0.588883936405 0.683886826038 0.336853444576
g 0.0172378066927 0.00757075753063 0.0155300134793 0.0215218570083
t 0.210142672062 0.23491846025 0.171375736594 0.275147497654
h 1.0 1.0 1.0 1.0
c 0.218645006418 0 0 0
Aa 1.30475378036 0.835714697838 0.525897979736 1.43029522896
Ab 0.368921667337 -0.0932479798794 0.0276493486017 0.751316606998
Ad 1.33292758465 1.42717039585 1.3693472147 1.47626686096
Ag -0.00768693629652 -0.463719934225 -0.274465143681 0.281705677509
At 1.07834529877 1.02805781364 0.768312394619 1.38839149475
as 0.951456308365 0.615384638309 0.52999997139 1.0
bs 0.71794873476 0.0 0.277777791023 1.0
ds 0.70520234108 0.735714256763 0.633333325386 0.805882334709
gs 0.892857134342 0.181818187237 0.458333343267 0.681818187237
ts 0.776000022888 0.846153855324 0.733333349228 1.0
a 0.340353876352 0.1490688622 0.096914768219 0.292163848877
b 0.041030947119 0.0181342512369 0.0309773478657 0.063374504447
d 0.385064899921 0.588301718235 0.677515983582 0.343121737242
g 0.0171579327434 0.0076673082076 0.0152052994817 0.0213351603597
t 0.216392323375 0.236827880144 0.179386630654 0.280004739761
h 1.0 1.0 1.0 1.0
c 0.232769519091 0 0 0
Aa 1.30475378036 0.835714697838 0.53252363205 1.43029522896
Ab 0.385934591293 -0.079172603786 0.0371779277921 0.766583263874
Ad 1.35835695267 1.43192791939 1.3770532608 1.50011694431
Ag 0.00728803686798 -0.453029304743 -0.271871328354 0.293764621019
At 1.10806488991 1.03676056862 0.79992377758 1.41183412075
as 0.951456308365 0.615384638309 0.540000021458 1.0
bs 0.743589758873 0.0408163256943 0.296296298504 1.0
ds 0.716763019562 0.742857158184 0.630872488022 0.822485208511
gs 0.964285731316 0.242424249649 0.5 0.727272748947
ts 0.791999995708 0.846153855324 0.758333325386 1.0
a 0.325304806232 0.147342249751 0.0909322723746 0.279443085194
b 0.0407044552267 0.0188171099871 0.0292783845216 0.0628119111061
d 0.394850462675 0.584630191326 0.676750123501 0.351448863745
g 0.0169722605497 0.00752656068653 0.0138921430334 0.0210868362337
t 0.222168028355 0.241683915257 0.18914707005 0.285209327936
h 1.0 1.0 1.0 1.0
c 0.247951343656 0 0 0
Aa 1.30475378036 0.850905001163 0.541406929493 1.43029522896
Ab 0.402105212212 -0.0428693816066 0.0492360033095 0.782043814659
Ad 1.38889586926 1.44945895672 1.41311728954 1.52986395359
Ag 0.0222029779106 -0.440825730562 -0.274541884661 0.308013230562
At 1.13914477825 1.06582546234 0.859488487244 1.43916547298
as 0.951456308365 0.637362658978 0.550000011921 1.0
bs 0.794871807098 0.122448980808 0.32075470686 1.0
ds 0.738372087479 0.757142841816 0.666666686535 0.840236663818
gs 1.0 0.272727280855 0.458333343267 0.818181812763
ts 0.824000000954 0.879310369492 0.808333337307 1.0
