815.91027832 783.010620117 876.774536133 871.839599609
820.845214844 784.655639648 880.064453125 878.419494629
820.845214844 784.655639648 878.419494629 883.354431152
820.845214844 786.300598145 873.484558105 876.774536133
827.425109863 789.590576172 865.259643555 875.129516602
825.780151367 789.590576172 868.549621582 884.999450684
832.360046387 796.170471191 868.549621582 881.709472656
838.940002441 802.750427246 871.839599609 886.64440918
834.005004883 801.105407715 868.549621582 876.774536133
830.715087891 801.105407715 860.324707031 871.839599609
838.940002441 802.750427246 857.034729004 863.614685059
840.584960938 806.040344238 853.744812012 865.259643555
840.584960938 812.620300293 858.679748535 873.484558105
843.874938965 812.620300293 853.744812012 871.839599609
843.874938965 815.91027832 852.09979248 880.064453125
838.940002441 814.265258789 848.809875488 870.194580078
837.29498291 817.555236816 845.519897461 868.549621582
837.29498291 815.91027832 843.874938965 870.194580078
842.229919434 824.135131836 847.164855957 871.839599609
842.229919434 825.780151367 843.874938965 868.549621582
843.874938965 825.780151367 843.874938965 866.904663086
843.874938965 825.780151367 842.229919434 870.194580078
843.874938965 825.780151367 842.229919434 871.839599609
842.229919434 825.780151367 837.29498291 870.194580078
847.164855957 827.425109863 832.360046387 866.904663086
852.09979248 829.070068359 834.005004883 855.389770508
848.809875488 829.070068359 835.650024414 866.904663086
852.09979248 835.650024414 835.650024414 873.484558105
850.454833984 838.940002441 835.650024414 876.774536133
852.09979248 837.29498291 832.360046387 871.839599609
861.969726562 843.874938965 835.650024414 871.839599609
855.389770508 843.874938965 842.229919434 873.484558105
847.164855957 837.29498291 842.229919434 865.259643555
843.874938965 830.715087891 843.874938965 866.904663086
838.940002441 824.135131836 852.09979248 858.679748535
832.360046387 815.91027832 853.744812012 861.969726562
829.070068359 814.265258789 861.969726562 868.549621582
820.845214844 809.330322266 857.034729004 858.679748535
822.49017334 809.330322266 853.744812012 861.969726562
827.425109863 810.975280762 855.389770508 866.904663086
837.29498291 814.265258789 848.809875488 865.259643555
843.874938965 819.200195312 850.454833984 876.774536133
845.519897461 824.135131836 848.809875488 876.774536133
848.809875488 829.070068359 852.09979248 883.354431152
847.164855957 832.360046387 855.389770508 891.579345703
845.519897461 827.425109863 842.229919434 876.774536133
852.09979248 825.780151367 843.874938965 878.419494629
850.454833984 827.425109863 843.874938965 873.484558105
853.744812012 837.29498291 842.229919434 868.549621582
852.09979248 842.229919434 847.164855957 866.904663086
850.454833984 840.584960938 842.229919434 863.614685059
848.809875488 837.29498291 838.940002441 866.904663086
848.809875488 835.650024414 842.229919434 865.259643555
852.09979248 837.29498291 838.940002441 857.034729004
853.744812012 838.940002441 837.29498291 861.969726562
850.454833984 838.940002441 840.584960938 870.194580078
842.229919434 837.29498291 835.650024414 863.614685059
850.454833984 837.29498291 832.360046387 865.259643555
855.389770508 837.29498291 832.360046387 858.679748535
855.389770508 838.940002441 834.005004883 861.969726562
850.454833984 838.940002441 837.29498291 868.549621582
850.454833984 837.29498291 835.650024414 868.549621582
852.09979248 842.229919434 838.940002441 870.194580078
847.164855957 838.940002441 832.360046387 855.389770508
847.164855957 840.584960938 834.005004883 863.614685059
842.229919434 843.874938965 829.070068359 865.259643555
840.584960938 843.874938965 827.425109863 861.969726562
842.229919434 845.519897461 827.425109863 860.324707031
840.584960938 847.164855957 827.425109863 853.744812012
840.584960938 848.809875488 829.070068359 848.809875488
840.584960938 845.519897461 827.425109863 855.389770508
847.164855957 845.519897461 825.780151367 855.389770508
848.809875488 847.164855957 829.070068359 850.454833984
845.519897461 842.229919434 820.845214844 852.09979248
843.874938965 843.874938965 825.780151367 858.679748535
842.229919434 845.519897461 825.780151367 866.904663086
845.519897461 842.229919434 827.425109863 861.969726562
845.519897461 840.584960938 825.780151367 855.389770508
843.874938965 838.940002441 825.780151367 848.809875488
838.940002441 840.584960938 825.780151367 850.454833984
834.005004883 835.650024414 825.780151367 850.454833984
837.29498291 838.940002441 827.425109863 857.034729004
840.584960938 838.940002441 830.715087891 860.324707031
840.584960938 838.940002441 829.070068359 855.389770508
843.874938965 840.584960938 830.715087891 861.969726562
837.29498291 834.005004883 825.780151367 858.679748535
838.940002441 830.715087891 824.135131836 857.034729004
848.809875488 827.425109863 824.135131836 868.549621582
853.744812012 835.650024414 817.555236816 860.324707031
850.454833984 848.809875488 822.49017334 858.679748535
848.809875488 853.744812012 814.265258789 857.034729004
847.164855957 863.614685059 806.040344238 850.454833984
840.584960938 866.904663086 794.525512695 840.584960938
847.164855957 878.419494629 787.945556641 842.229919434
843.874938965 888.289367676 783.010620117 825.780151367
840.584960938 891.579345703 776.430725098 815.91027832
845.519897461 894.86932373 771.495788574 815.91027832
847.164855957 894.86932373 771.495788574 825.780151367
848.809875488 896.514282227 773.14074707 829.070068359
852.09979248 893.224304199 774.785766602 829.070068359
857.034729004 888.289367676 774.785766602 830.715087891
857.034729004 886.64440918 776.430725098 832.360046387
860.324707031 889.934387207 783.010620117 842.229919434
865.259643555 888.289367676 794.525512695 855.389770508
857.034729004 881.709472656 786.300598145 848.809875488
863.614685059 878.419494629 784.655639648 840.584960938
863.614685059 881.709472656 791.235534668 848.809875488
863.614685059 883.354431152 794.525512695 847.164855957
858.679748535 883.354431152 797.815490723 845.519897461
855.389770508 880.064453125 796.170471191 843.874938965
852.09979248 876.774536133 794.525512695 845.519897461
848.809875488 875.129516602 796.170471191 842.229919434
852.09979248 878.419494629 799.460449219 847.164855957
850.454833984 875.129516602 799.460449219 842.229919434
852.09979248 873.484558105 796.170471191 834.005004883
845.519897461 876.774536133 799.460449219 838.940002441
840.584960938 873.484558105 801.105407715 842.229919434
845.519897461 873.484558105 806.040344238 847.164855957
840.584960938 875.129516602 807.68536377 847.164855957
838.940002441 873.484558105 804.395385742 835.650024414
845.519897461 875.129516602 809.330322266 838.940002441
847.164855957 871.839599609 807.68536377 830.715087891
848.809875488 870.194580078 809.330322266 834.005004883
847.164855957 868.549621582 809.330322266 837.29498291
843.874938965 868.549621582 810.975280762 835.650024414
842.229919434 865.259643555 810.975280762 834.005004883
834.005004883 863.614685059 810.975280762 834.005004883
837.29498291 861.969726562 807.68536377 832.360046387
837.29498291 860.324707031 807.68536377 825.780151367
837.29498291 857.034729004 809.330322266 834.005004883
837.29498291 860.324707031 814.265258789 840.584960938
840.584960938 860.324707031 814.265258789 834.005004883
838.940002441 858.679748535 815.91027832 829.070068359
837.29498291 858.679748535 820.845214844 837.29498291
835.650024414 857.034729004 820.845214844 835.650024414
832.360046387 858.679748535 825.780151367 840.584960938
827.425109863 863.614685059 824.135131836 842.229919434
815.91027832 855.389770508 819.200195312 814.265258789
814.265258789 853.744812012 820.845214844 824.135131836
814.265258789 853.744812012 815.91027832 827.425109863
822.49017334 853.744812012 817.555236816 829.070068359
825.780151367 855.389770508 822.49017334 837.29498291
820.845214844 853.744812012 825.780151367 834.005004883
820.845214844 853.744812012 825.780151367 837.29498291
825.780151367 857.034729004 825.780151367 835.650024414
820.845214844 855.389770508 820.845214844 827.425109863
830.715087891 855.389770508 822.49017334 827.425109863
820.845214844 853.744812012 822.49017334 829.070068359
825.780151367 853.744812012 824.135131836 832.360046387
825.780151367 850.454833984 820.845214844 834.005004883
832.360046387 857.034729004 822.49017334 829.070068359
830.715087891 858.679748535 819.200195312 830.715087891
832.360046387 857.034729004 815.91027832 827.425109863
834.005004883 860.324707031 824.135131836 834.005004883
829.070068359 855.389770508 824.135131836 837.29498291
830.715087891 855.389770508 824.135131836 842.229919434
825.780151367 857.034729004 825.780151367 842.229919434
825.780151367 853.744812012 822.49017334 837.29498291
837.29498291 858.679748535 822.49017334 843.874938965
835.650024414 866.904663086 820.845214844 838.940002441
834.005004883 871.839599609 819.200195312 835.650024414
832.360046387 875.129516602 810.975280762 832.360046387
830.715087891 881.709472656 806.040344238 820.845214844
834.005004883 889.934387207 799.460449219 817.555236816
830.715087891 899.804260254 789.590576172 806.040344238
832.360046387 911.319091797 789.590576172 802.750427246
830.715087891 912.964111328 783.010620117 801.105407715
832.360046387 916.25402832 778.075683594 789.590576172
835.650024414 914.609069824 781.365661621 801.105407715
832.360046387 909.674133301 779.720703125 804.395385742
830.715087891 906.384155273 781.365661621 806.040344238
832.360046387 901.44921875 779.720703125 809.330322266
837.29498291 896.514282227 779.720703125 814.265258789
843.874938965 894.86932373 783.010620117 819.200195312
843.874938965 891.579345703 784.655639648 824.135131836
852.09979248 889.934387207 789.590576172 824.135131836
845.519897461 883.354431152 787.945556641 822.49017334
852.09979248 881.709472656 791.235534668 835.650024414
853.744812012 881.709472656 792.880554199 834.005004883
853.744812012 881.709472656 789.590576172 830.715087891
852.09979248 880.064453125 791.235534668 830.715087891
857.034729004 880.064453125 796.170471191 832.360046387
850.454833984 873.484558105 796.170471191 843.874938965
853.744812012 876.774536133 802.750427246 847.164855957
852.09979248 873.484558105 801.105407715 832.360046387
852.09979248 868.549621582 799.460449219 840.584960938
857.034729004 868.549621582 804.395385742 845.519897461
853.744812012 863.614685059 799.460449219 840.584960938
847.164855957 865.259643555 804.395385742 840.584960938
850.454833984 863.614685059 806.040344238 838.940002441
857.034729004 861.969726562 812.620300293 845.519897461
850.454833984 865.259643555 812.620300293 848.809875488
855.389770508 865.259643555 812.620300293 855.389770508
857.034729004 866.904663086 810.975280762 857.034729004
853.744812012 863.614685059 807.68536377 837.29498291
863.614685059 865.259643555 814.265258789 852.09979248
857.034729004 863.614685059 815.91027832 847.164855957
850.454833984 863.614685059 819.200195312 850.454833984
855.389770508 866.904663086 825.780151367 866.904663086
853.744812012 866.904663086 824.135131836 850.454833984
858.679748535 866.904663086 822.49017334 847.164855957
853.744812012 861.969726562 822.49017334 853.744812012
858.679748535 858.679748535 822.49017334 850.454833984
857.034729004 858.679748535 829.070068359 860.324707031
853.744812012 858.679748535 829.070068359 860.324707031
857.034729004 858.679748535 822.49017334 853.744812012
852.09979248 860.324707031 822.49017334 852.09979248
850.454833984 861.969726562 829.070068359 857.034729004
852.09979248 860.324707031 827.425109863 850.454833984
853.744812012 858.679748535 825.780151367 850.454833984
845.519897461 855.389770508 824.135131836 842.229919434
848.809875488 853.744812012 822.49017334 847.164855957
857.034729004 860.324707031 825.780151367 853.744812012
847.164855957 863.614685059 832.360046387 852.09979248
843.874938965 860.324707031 827.425109863 850.454833984
843.874938965 860.324707031 827.425109863 845.519897461
840.584960938 861.969726562 829.070068359 848.809875488
843.874938965 861.969726562 829.070068359 843.874938965
842.229919434 858.679748535 827.425109863 843.874938965
842.229919434 857.034729004 832.360046387 848.809875488
848.809875488 857.034729004 834.005004883 853.744812012
850.454833984 860.324707031 835.650024414 857.034729004
842.229919434 863.614685059 834.005004883 857.034729004
837.29498291 861.969726562 832.360046387 850.454833984
842.229919434 860.324707031 829.070068359 852.09979248
837.29498291 857.034729004 829.070068359 850.454833984
840.584960938 858.679748535 830.715087891 852.09979248
842.229919434 857.034729004 830.715087891 845.519897461
848.809875488 860.324707031 835.650024414 855.389770508
845.519897461 860.324707031 835.650024414 847.164855957
847.164855957 863.614685059 835.650024414 850.454833984
847.164855957 863.614685059 835.650024414 860.324707031
845.519897461 863.614685059 827.425109863 848.809875488
858.679748535 861.969726562 827.425109863 853.744812012
858.679748535 861.969726562 830.715087891 855.389770508
855.389770508 863.614685059 834.005004883 863.614685059
850.454833984 863.614685059 837.29498291 861.969726562
847.164855957 865.259643555 835.650024414 865.259643555
850.454833984 861.969726562 832.360046387 860.324707031
852.09979248 863.614685059 832.360046387 861.969726562
850.454833984 866.904663086 834.005004883 863.614685059
853.744812012 870.194580078 832.360046387 858.679748535
852.09979248 865.259643555 830.715087891 855.389770508
852.09979248 863.614685059 832.360046387 861.969726562
853.744812012 866.904663086 832.360046387 861.969726562
850.454833984 865.259643555 834.005004883 858.679748535
850.454833984 863.614685059 835.650024414 858.679748535
852.09979248 865.259643555 835.650024414 863.614685059
845.519897461 863.614685059 835.650024414 871.839599609
857.034729004 866.904663086 837.29498291 866.904663086
850.454833984 866.904663086 837.29498291 875.129516602
853.744812012 863.614685059 837.29498291 868.549621582
860.324707031 866.904663086 842.229919434 878.419494629
857.034729004 866.904663086 835.650024414 861.969726562
865.259643555 868.549621582 837.29498291 865.259643555
860.324707031 865.259643555 837.29498291 860.324707031
865.259643555 868.549621582 840.584960938 870.194580078
863.614685059 870.194580078 843.874938965 883.354431152
865.259643555 870.194580078 838.940002441 875.129516602
866.904663086 875.129516602 842.229919434 881.709472656
857.034729004 870.194580078 838.940002441 865.259643555
857.034729004 868.549621582 837.29498291 863.614685059
853.744812012 866.904663086 834.005004883 860.324707031
860.324707031 863.614685059 835.650024414 860.324707031
858.679748535 865.259643555 837.29498291 865.259643555
857.034729004 865.259643555 837.29498291 860.324707031
853.744812012 863.614685059 838.940002441 861.969726562
855.389770508 863.614685059 837.29498291 863.614685059
865.259643555 866.904663086 834.005004883 860.324707031
861.969726562 871.839599609 842.229919434 876.774536133
858.679748535 870.194580078 837.29498291 866.904663086
858.679748535 865.259643555 838.940002441 868.549621582
861.969726562 871.839599609 838.940002441 876.774536133
865.259643555 871.839599609 840.584960938 876.774536133
865.259643555 870.194580078 840.584960938 878.419494629
873.484558105 868.549621582 840.584960938 875.129516602
873.484558105 871.839599609 842.229919434 873.484558105
866.904663086 873.484558105 837.29498291 858.679748535
866.904663086 880.064453125 837.29498291 865.259643555
858.679748535 884.999450684 834.005004883 857.034729004
852.09979248 881.709472656 822.49017334 852.09979248
861.969726562 889.934387207 827.425109863 863.614685059
857.034729004 884.999450684 824.135131836 855.389770508
861.969726562 883.354431152 827.425109863 865.259643555
865.259643555 884.999450684 832.360046387 865.259643555
863.614685059 883.354431152 829.070068359 861.969726562
865.259643555 881.709472656 829.070068359 861.969726562
865.259643555 881.709472656 830.715087891 861.969726562
863.614685059 880.064453125 832.360046387 873.484558105
863.614685059 876.774536133 834.005004883 881.709472656
870.194580078 878.419494629 832.360046387 876.774536133
873.484558105 880.064453125 835.650024414 866.904663086
866.904663086 878.419494629 832.360046387 871.839599609
866.904663086 881.709472656 830.715087891 870.194580078
865.259643555 881.709472656 832.360046387 880.064453125
868.549621582 883.354431152 830.715087891 876.774536133
876.774536133 886.64440918 834.005004883 878.419494629
873.484558105 888.289367676 840.584960938 889.934387207
871.839599609 881.709472656 835.650024414 880.064453125
870.194580078 876.774536133 834.005004883 878.419494629
871.839599609 880.064453125 835.650024414 868.549621582
871.839599609 883.354431152 837.29498291 875.129516602
866.904663086 886.64440918 840.584960938 878.419494629
861.969726562 883.354431152 837.29498291 873.484558105
855.389770508 876.774536133 838.940002441 868.549621582
852.09979248 875.129516602 840.584960938 865.259643555
848.809875488 876.774536133 840.584960938 861.969726562
850.454833984 880.064453125 840.584960938 865.259643555
850.454833984 878.419494629 835.650024414 865.259643555
853.744812012 875.129516602 832.360046387 860.324707031
855.389770508 871.839599609 832.360046387 857.034729004
853.744812012 871.839599609 840.584960938 868.549621582
855.389770508 871.839599609 843.874938965 860.324707031
858.679748535 875.129516602 840.584960938 868.549621582
861.969726562 876.774536133 842.229919434 871.839599609
861.969726562 875.129516602 830.715087891 860.324707031
865.259643555 875.129516602 834.005004883 865.259643555
861.969726562 875.129516602 837.29498291 863.614685059
860.324707031 875.129516602 835.650024414 861.969726562
866.904663086 876.774536133 838.940002441 871.839599609
865.259643555 876.774536133 842.229919434 876.774536133
866.904663086 876.774536133 840.584960938 881.709472656
871.839599609 878.419494629 840.584960938 881.709472656
873.484558105 876.774536133 840.584960938 886.64440918
880.064453125 880.064453125 840.584960938 884.999450684
876.774536133 878.419494629 835.650024414 875.129516602
873.484558105 880.064453125 837.29498291 884.999450684
870.194580078 876.774536133 837.29498291 878.419494629
871.839599609 878.419494629 832.360046387 878.419494629
875.129516602 881.709472656 835.650024414 876.774536133
878.419494629 881.709472656 832.360046387 871.839599609
881.709472656 884.999450684 835.650024414 881.709472656
880.064453125 880.064453125 835.650024414 881.709472656
884.999450684 880.064453125 837.29498291 891.579345703
883.354431152 880.064453125 832.360046387 893.224304199
881.709472656 883.354431152 832.360046387 891.579345703
881.709472656 880.064453125 829.070068359 888.289367676
881.709472656 876.774536133 829.070068359 886.64440918
880.064453125 876.774536133 827.425109863 886.64440918
875.129516602 871.839599609 824.135131836 888.289367676
881.709472656 875.129516602 827.425109863 889.934387207
881.709472656 878.419494629 829.070068359 889.934387207
876.774536133 873.484558105 827.425109863 883.354431152
875.129516602 873.484558105 832.360046387 893.224304199
875.129516602 870.194580078 830.715087891 886.64440918
881.709472656 873.484558105 832.360046387 894.86932373
884.999450684 871.839599609 827.425109863 891.579345703
888.289367676 866.904663086 829.070068359 888.289367676
886.64440918 870.194580078 834.005004883 899.804260254
886.64440918 866.904663086 837.29498291 904.739196777
881.709472656 871.839599609 835.650024414 903.094238281
886.64440918 871.839599609 830.715087891 893.224304199
883.354431152 868.549621582 827.425109863 878.419494629
893.224304199 868.549621582 832.360046387 891.579345703
894.86932373 870.194580078 835.650024414 896.514282227
893.224304199 870.194580078 837.29498291 893.224304199
884.999450684 866.904663086 832.360046387 886.64440918
886.64440918 866.904663086 835.650024414 880.064453125
889.934387207 865.259643555 834.005004883 891.579345703
889.934387207 868.549621582 834.005004883 899.804260254
891.579345703 868.549621582 834.005004883 894.86932373
884.999450684 870.194580078 838.940002441 896.514282227
883.354431152 870.194580078 840.584960938 899.804260254
886.64440918 868.549621582 838.940002441 898.159240723
884.999450684 868.549621582 842.229919434 903.094238281
884.999450684 865.259643555 837.29498291 891.579345703
888.289367676 868.549621582 840.584960938 891.579345703
880.064453125 870.194580078 843.874938965 888.289367676
871.839599609 868.549621582 838.940002441 883.354431152
875.129516602 871.839599609 842.229919434 889.934387207
875.129516602 865.259643555 838.940002441 880.064453125
883.354431152 865.259643555 838.940002441 876.774536133
878.419494629 868.549621582 840.584960938 878.419494629
878.419494629 866.904663086 837.29498291 878.419494629
880.064453125 865.259643555 835.650024414 880.064453125
878.419494629 866.904663086 837.29498291 881.709472656
875.129516602 866.904663086 835.650024414 880.064453125
876.774536133 868.549621582 838.940002441 884.999450684
876.774536133 868.549621582 840.584960938 883.354431152
871.839599609 863.614685059 837.29498291 876.774536133
873.484558105 865.259643555 843.874938965 881.709472656
865.259643555 868.549621582 845.519897461 880.064453125
865.259643555 868.549621582 838.940002441 870.194580078
863.614685059 865.259643555 835.650024414 858.679748535
873.484558105 865.259643555 834.005004883 863.614685059
870.194580078 861.969726562 847.164855957 873.484558105
857.034729004 858.679748535 855.389770508 876.774536133
860.324707031 845.519897461 858.679748535 880.064453125
852.09979248 835.650024414 868.549621582 884.999450684
848.809875488 820.845214844 871.839599609 889.934387207
852.09979248 812.620300293 881.709472656 889.934387207
843.874938965 807.68536377 889.934387207 891.579345703
847.164855957 801.105407715 891.579345703 886.64440918
848.809875488 797.815490723 899.804260254 906.384155273
840.584960938 787.945556641 896.514282227 908.029174805
845.519897461 786.300598145 896.514282227 901.44921875
845.519897461 791.235534668 894.86932373 903.094238281
847.164855957 794.525512695 889.934387207 894.86932373
855.389770508 802.750427246 896.514282227 903.094238281
843.874938965 801.105407715 889.934387207 891.579345703
847.164855957 801.105407715 883.354431152 873.484558105
847.164855957 807.68536377 886.64440918 881.709472656
840.584960938 809.330322266 886.64440918 888.289367676
847.164855957 809.330322266 884.999450684 891.579345703
855.389770508 812.620300293 883.354431152 889.934387207
853.744812012 817.555236816 881.709472656 891.579345703
855.389770508 817.555236816 880.064453125 891.579345703
857.034729004 819.200195312 881.709472656 898.159240723
845.519897461 817.555236816 876.774536133 886.64440918
848.809875488 819.200195312 873.484558105 875.129516602
845.519897461 820.845214844 873.484558105 880.064453125
850.454833984 822.49017334 873.484558105 886.64440918
848.809875488 825.780151367 876.774536133 886.64440918
838.940002441 827.425109863 871.839599609 870.194580078
840.584960938 829.070068359 866.904663086 863.614685059
843.874938965 829.070068359 865.259643555 863.614685059
845.519897461 832.360046387 868.549621582 875.129516602
853.744812012 837.29498291 866.904663086 876.774536133
853.744812012 837.29498291 863.614685059 860.324707031
852.09979248 838.940002441 865.259643555 861.969726562
847.164855957 835.650024414 863.614685059 861.969726562
845.519897461 838.940002441 860.324707031 866.904663086
840.584960938 837.29498291 857.034729004 870.194580078
842.229919434 837.29498291 853.744812012 873.484558105
838.940002441 834.005004883 853.744812012 863.614685059
847.164855957 837.29498291 855.389770508 858.679748535
840.584960938 837.29498291 853.744812012 860.324707031
838.940002441 835.650024414 850.454833984 845.519897461
845.519897461 838.940002441 853.744812012 852.09979248
848.809875488 838.940002441 857.034729004 861.969726562
845.519897461 840.584960938 858.679748535 857.034729004
843.874938965 842.229919434 853.744812012 853.744812012
842.229919434 842.229919434 852.09979248 853.744812012
845.519897461 838.940002441 848.809875488 848.809875488
845.519897461 843.874938965 850.454833984 858.679748535
840.584960938 842.229919434 848.809875488 861.969726562
842.229919434 842.229919434 847.164855957 855.389770508
843.874938965 843.874938965 845.519897461 853.744812012
843.874938965 845.519897461 848.809875488 857.034729004
845.519897461 840.584960938 850.454833984 860.324707031
847.164855957 843.874938965 855.389770508 861.969726562
840.584960938 840.584960938 850.454833984 853.744812012
845.519897461 840.584960938 848.809875488 852.09979248
842.229919434 840.584960938 847.164855957 850.454833984
840.584960938 837.29498291 842.229919434 850.454833984
842.229919434 840.584960938 848.809875488 855.389770508
837.29498291 840.584960938 845.519897461 855.389770508
837.29498291 838.940002441 843.874938965 852.09979248
842.229919434 840.584960938 843.874938965 860.324707031
838.940002441 840.584960938 838.940002441 860.324707031
838.940002441 838.940002441 838.940002441 857.034729004
840.584960938 843.874938965 845.519897461 861.969726562
837.29498291 842.229919434 842.229919434 858.679748535
837.29498291 842.229919434 842.229919434 853.744812012
840.584960938 843.874938965 842.229919434 858.679748535
840.584960938 842.229919434 838.940002441 853.744812012
848.809875488 845.519897461 845.519897461 858.679748535
840.584960938 842.229919434 843.874938965 857.034729004
837.29498291 845.519897461 848.809875488 873.484558105
830.715087891 843.874938965 848.809875488 870.194580078
829.070068359 837.29498291 845.519897461 861.969726562
840.584960938 838.940002441 847.164855957 848.809875488
843.874938965 838.940002441 837.29498291 827.425109863
835.650024414 842.229919434 843.874938965 848.809875488
837.29498291 843.874938965 842.229919434 855.389770508
834.005004883 842.229919434 845.519897461 858.679748535
837.29498291 840.584960938 840.584960938 845.519897461
840.584960938 838.940002441 842.229919434 842.229919434
835.650024414 842.229919434 842.229919434 847.164855957
842.229919434 840.584960938 842.229919434 847.164855957
835.650024414 837.29498291 842.229919434 845.519897461
835.650024414 838.940002441 838.940002441 842.229919434
827.425109863 838.940002441 838.940002441 842.229919434
829.070068359 838.940002441 842.229919434 845.519897461
825.780151367 837.29498291 837.29498291 842.229919434
819.200195312 830.715087891 835.650024414 832.360046387
834.005004883 834.005004883 837.29498291 830.715087891
827.425109863 835.650024414 838.940002441 840.584960938
819.200195312 834.005004883 842.229919434 843.874938965
820.845214844 829.070068359 838.940002441 834.005004883
822.49017334 830.715087891 842.229919434 842.229919434
827.425109863 829.070068359 838.940002441 835.650024414
832.360046387 832.360046387 848.809875488 843.874938965
824.135131836 830.715087891 847.164855957 835.650024414
815.91027832 824.135131836 843.874938965 832.360046387
815.91027832 829.070068359 845.519897461 834.005004883
815.91027832 827.425109863 842.229919434 829.070068359
812.620300293 825.780151367 838.940002441 835.650024414
807.68536377 819.200195312 837.29498291 827.425109863
810.975280762 820.845214844 840.584960938 822.49017334
814.265258789 820.845214844 840.584960938 824.135131836
810.975280762 824.135131836 847.164855957 838.940002441
815.91027832 825.780151367 845.519897461 835.650024414
812.620300293 822.49017334 838.940002441 829.070068359
812.620300293 822.49017334 835.650024414 824.135131836
812.620300293 825.780151367 838.940002441 825.780151367
812.620300293 824.135131836 842.229919434 827.425109863
812.620300293 825.780151367 845.519897461 832.360046387
819.200195312 829.070068359 845.519897461 832.360046387
820.845214844 824.135131836 838.940002441 825.780151367
817.555236816 825.780151367 837.29498291 825.780151367
812.620300293 830.715087891 843.874938965 830.715087891
814.265258789 827.425109863 842.229919434 825.780151367
820.845214844 832.360046387 845.519897461 827.425109863
817.555236816 829.070068359 845.519897461 829.070068359
819.200195312 827.425109863 843.874938965 830.715087891
817.555236816 832.360046387 847.164855957 834.005004883
809.330322266 829.070068359 838.940002441 820.845214844
814.265258789 825.780151367 840.584960938 829.070068359
810.975280762 824.135131836 840.584960938 825.780151367
814.265258789 822.49017334 835.650024414 815.91027832
815.91027832 825.780151367 843.874938965 830.715087891
815.91027832 825.780151367 840.584960938 822.49017334
815.91027832 829.070068359 843.874938965 825.780151367
812.620300293 827.425109863 845.519897461 820.845214844
814.265258789 822.49017334 842.229919434 825.780151367
817.555236816 822.49017334 842.229919434 829.070068359
807.68536377 825.780151367 843.874938965 806.040344238
787.945556641 822.49017334 840.584960938 784.655639648
771.495788574 829.070068359 837.29498291 773.14074707
748.466064453 830.715087891 832.360046387 748.466064453
735.306213379 829.070068359 834.005004883 740.241149902
725.436340332 825.780151367 832.360046387 725.436340332
705.696594238 824.135131836 845.519897461 705.696594238
702.406616211 820.845214844 838.940002441 702.406616211
717.211425781 825.780151367 840.584960938 718.856384277
720.501403809 825.780151367 842.229919434 733.661254883
728.726318359 820.845214844 837.29498291 745.176086426
738.596191406 820.845214844 842.229919434 755.045959473
746.821105957 824.135131836 843.874938965 761.625915527
756.690979004 824.135131836 838.940002441 763.270874023
774.785766602 827.425109863 847.164855957 791.235534668
779.720703125 824.135131836 840.584960938 791.235534668
786.300598145 830.715087891 840.584960938 806.040344238
787.945556641 830.715087891 835.650024414 797.815490723
799.460449219 832.360046387 837.29498291 806.040344238
801.105407715 830.715087891 837.29498291 809.330322266
801.105407715 830.715087891 834.005004883 799.460449219
806.040344238 834.005004883 840.584960938 810.975280762
807.68536377 834.005004883 843.874938965 814.265258789
809.330322266 835.650024414 845.519897461 814.265258789
814.265258789 830.715087891 840.584960938 815.91027832
817.555236816 832.360046387 837.29498291 814.265258789
815.91027832 832.360046387 840.584960938 812.620300293
815.91027832 832.360046387 843.874938965 825.780151367
809.330322266 834.005004883 845.519897461 827.425109863
807.68536377 832.360046387 840.584960938 819.200195312
815.91027832 832.360046387 838.940002441 820.845214844
812.620300293 837.29498291 843.874938965 812.620300293
810.975280762 835.650024414 842.229919434 817.555236816
812.620300293 835.650024414 838.940002441 824.135131836
807.68536377 835.650024414 838.940002441 824.135131836
807.68536377 834.005004883 838.940002441 825.780151367
799.460449219 832.360046387 838.940002441 820.845214844
791.235534668 829.070068359 837.29498291 824.135131836
799.460449219 824.135131836 829.070068359 815.91027832
801.105407715 827.425109863 835.650024414 807.68536377
799.460449219 827.425109863 830.715087891 796.170471191
810.975280762 832.360046387 835.650024414 802.750427246
799.460449219 832.360046387 838.940002441 815.91027832
806.040344238 829.070068359 837.29498291 825.780151367
809.330322266 829.070068359 837.29498291 830.715087891
807.68536377 829.070068359 835.650024414 829.070068359
814.265258789 829.070068359 837.29498291 827.425109863
812.620300293 830.715087891 835.650024414 822.49017334
812.620300293 832.360046387 837.29498291 815.91027832
822.49017334 834.005004883 838.940002441 827.425109863
814.265258789 835.650024414 835.650024414 825.780151367
819.200195312 837.29498291 837.29498291 832.360046387
815.91027832 835.650024414 834.005004883 832.360046387
807.68536377 830.715087891 830.715087891 825.780151367
820.845214844 837.29498291 835.650024414 834.005004883
820.845214844 832.360046387 834.005004883 832.360046387
825.780151367 837.29498291 838.940002441 840.584960938
827.425109863 840.584960938 837.29498291 837.29498291
824.135131836 838.940002441 835.650024414 843.874938965
817.555236816 835.650024414 832.360046387 838.940002441
817.555236816 835.650024414 834.005004883 830.715087891
825.780151367 838.940002441 834.005004883 827.425109863
830.715087891 838.940002441 837.29498291 832.360046387
827.425109863 837.29498291 837.29498291 832.360046387
829.070068359 832.360046387 835.650024414 838.940002441
829.070068359 838.940002441 837.29498291 847.164855957
827.425109863 837.29498291 832.360046387 837.29498291
830.715087891 838.940002441 830.715087891 838.940002441
825.780151367 837.29498291 830.715087891 838.940002441
830.715087891 837.29498291 830.715087891 838.940002441
843.874938965 843.874938965 835.650024414 850.454833984
837.29498291 843.874938965 832.360046387 848.809875488
838.940002441 840.584960938 835.650024414 850.454833984
835.650024414 838.940002441 834.005004883 840.584960938
834.005004883 837.29498291 835.650024414 838.940002441
834.005004883 840.584960938 837.29498291 843.874938965
834.005004883 835.650024414 829.070068359 845.519897461
838.940002441 834.005004883 827.425109863 850.454833984
842.229919434 838.940002441 827.425109863 857.034729004
838.940002441 843.874938965 827.425109863 847.164855957
852.09979248 848.809875488 820.845214844 853.744812012
863.614685059 857.034729004 812.620300293 857.034729004
875.129516602 866.904663086 804.395385742 858.679748535
886.64440918 876.774536133 794.525512695 861.969726562
894.86932373 884.999450684 792.880554199 878.419494629
904.739196777 888.289367676 787.945556641 878.419494629
904.739196777 884.999450684 779.720703125 868.549621582
912.964111328 884.999450684 778.075683594 875.129516602
921.188964844 889.934387207 784.655639648 871.839599609
914.609069824 888.289367676 786.300598145 873.484558105
906.384155273 886.64440918 786.300598145 881.709472656
898.159240723 880.064453125 789.590576172 878.419494629
893.224304199 873.484558105 787.945556641 863.614685059
894.86932373 876.774536133 791.235534668 875.129516602
898.159240723 878.419494629 796.170471191 875.129516602
884.999450684 876.774536133 796.170471191 880.064453125
883.354431152 873.484558105 794.525512695 880.064453125
883.354431152 870.194580078 797.815490723 873.484558105
881.709472656 863.614685059 802.750427246 865.259643555
884.999450684 861.969726562 799.460449219 858.679748535
888.289367676 870.194580078 804.395385742 865.259643555
878.419494629 866.904663086 806.040344238 870.194580078
881.709472656 868.549621582 807.68536377 873.484558105
875.129516602 866.904663086 814.265258789 871.839599609
870.194580078 858.679748535 809.330322266 858.679748535
871.839599609 858.679748535 809.330322266 853.744812012
868.549621582 863.614685059 815.91027832 861.969726562
870.194580078 865.259643555 819.200195312 865.259643555
866.904663086 860.324707031 812.620300293 857.034729004
861.969726562 868.549621582 820.845214844 861.969726562
855.389770508 865.259643555 815.91027832 855.389770508
852.09979248 863.614685059 819.200195312 855.389770508
847.164855957 863.614685059 822.49017334 858.679748535
852.09979248 861.969726562 814.265258789 853.744812012
850.454833984 863.614685059 815.91027832 855.389770508
848.809875488 863.614685059 817.555236816 848.809875488
855.389770508 865.259643555 822.49017334 855.389770508
853.744812012 865.259643555 825.780151367 858.679748535
855.389770508 865.259643555 827.425109863 852.09979248
847.164855957 860.324707031 819.200195312 852.09979248
847.164855957 861.969726562 822.49017334 853.744812012
852.09979248 857.034729004 815.91027832 838.940002441
855.389770508 863.614685059 822.49017334 857.034729004
847.164855957 861.969726562 820.845214844 850.454833984
842.229919434 860.324707031 819.200195312 845.519897461
837.29498291 860.324707031 822.49017334 850.454833984
847.164855957 857.034729004 825.780151367 848.809875488
847.164855957 857.034729004 824.135131836 840.584960938
852.09979248 860.324707031 825.780151367 843.874938965
842.229919434 861.969726562 825.780151367 845.519897461
843.874938965 861.969726562 822.49017334 845.519897461
838.940002441 861.969726562 827.425109863 850.454833984
837.29498291 861.969726562 829.070068359 850.454833984
840.584960938 865.259643555 830.715087891 857.034729004
835.650024414 861.969726562 830.715087891 850.454833984
842.229919434 861.969726562 825.780151367 850.454833984
842.229919434 858.679748535 820.845214844 843.874938965
845.519897461 863.614685059 822.49017334 843.874938965
847.164855957 866.904663086 827.425109863 843.874938965
838.940002441 861.969726562 825.780151367 842.229919434
848.809875488 863.614685059 827.425109863 843.874938965
845.519897461 863.614685059 829.070068359 855.389770508
838.940002441 866.904663086 829.070068359 857.034729004
842.229919434 866.904663086 827.425109863 858.679748535
843.874938965 863.614685059 827.425109863 853.744812012
842.229919434 865.259643555 827.425109863 853.744812012
843.874938965 865.259643555 827.425109863 853.744812012
845.519897461 868.549621582 827.425109863 855.389770508
847.164855957 870.194580078 830.715087891 865.259643555
852.09979248 870.194580078 827.425109863 865.259643555
868.549621582 871.839599609 830.715087891 868.549621582
835.650024414 866.904663086 838.940002441 848.809875488
814.265258789 858.679748535 830.715087891 829.070068359
807.68536377 853.744812012 835.650024414 822.49017334
776.430725098 843.874938965 843.874938965 810.975280762
776.430725098 842.229919434 853.744812012 806.040344238
761.625915527 835.650024414 861.969726562 787.945556641
740.241149902 827.425109863 866.904663086 786.300598145
741.886108398 820.845214844 866.904663086 789.590576172
738.596191406 815.91027832 873.484558105 794.525512695
740.241149902 814.265258789 878.419494629 804.395385742
759.980895996 819.200195312 875.129516602 807.68536377
764.91583252 820.845214844 876.774536133 815.91027832
773.14074707 829.070068359 876.774536133 835.650024414
784.655639648 830.715087891 876.774536133 829.070068359
794.525512695 835.650024414 878.419494629 832.360046387
801.105407715 835.650024414 870.194580078 838.940002441
807.68536377 838.940002441 871.839599609 848.809875488
809.330322266 845.519897461 875.129516602 855.389770508
814.265258789 847.164855957 871.839599609 857.034729004
825.780151367 855.389770508 875.129516602 863.614685059
822.49017334 852.09979248 868.549621582 858.679748535
820.845214844 860.324707031 870.194580078 865.259643555
822.49017334 863.614685059 865.259643555 857.034729004
835.650024414 870.194580078 863.614685059 870.194580078
838.940002441 873.484558105 865.259643555 878.419494629
840.584960938 870.194580078 858.679748535 871.839599609
847.164855957 873.484558105 863.614685059 888.289367676
842.229919434 873.484558105 863.614685059 880.064453125
848.809875488 875.129516602 861.969726562 875.129516602
848.809875488 878.419494629 863.614685059 881.709472656
838.940002441 875.129516602 855.389770508 861.969726562
840.584960938 876.774536133 855.389770508 865.259643555
840.584960938 878.419494629 855.389770508 875.129516602
848.809875488 876.774536133 852.09979248 873.484558105
855.389770508 881.709472656 858.679748535 876.774536133
860.324707031 884.999450684 855.389770508 878.419494629
861.969726562 883.354431152 853.744812012 881.709472656
863.614685059 884.999450684 858.679748535 886.64440918
861.969726562 883.354431152 857.034729004 888.289367676
860.324707031 884.999450684 857.034729004 891.579345703
861.969726562 886.64440918 853.744812012 891.579345703
861.969726562 886.64440918 853.744812012 888.289367676
861.969726562 883.354431152 847.164855957 880.064453125
870.194580078 886.64440918 850.454833984 891.579345703
873.484558105 891.579345703 855.389770508 896.514282227
870.194580078 888.289367676 853.744812012 893.224304199
873.484558105 891.579345703 855.389770508 896.514282227
876.774536133 891.579345703 855.389770508 886.64440918
875.129516602 889.934387207 848.809875488 888.289367676
873.484558105 889.934387207 847.164855957 891.579345703
868.549621582 889.934387207 840.584960938 881.709472656
875.129516602 886.64440918 843.874938965 884.999450684
880.064453125 886.64440918 847.164855957 891.579345703
875.129516602 886.64440918 852.09979248 899.804260254
876.774536133 889.934387207 848.809875488 898.159240723
881.709472656 889.934387207 843.874938965 898.159240723
883.354431152 889.934387207 845.519897461 908.029174805
888.289367676 889.934387207 843.874938965 906.384155273
