875.129516602 845.519897461 820.845214844 873.484558105
873.484558105 845.519897461 820.845214844 868.549621582
870.194580078 840.584960938 817.555236816 870.194580078
861.969726562 837.29498291 817.555236816 866.904663086
865.259643555 838.940002441 815.91027832 865.259643555
868.549621582 842.229919434 820.845214844 868.549621582
865.259643555 835.650024414 815.91027832 860.324707031
865.259643555 838.940002441 815.91027832 873.484558105
863.614685059 843.874938965 819.200195312 866.904663086
857.034729004 842.229919434 817.555236816 857.034729004
863.614685059 847.164855957 815.91027832 860.324707031
868.549621582 847.164855957 812.620300293 852.09979248
861.969726562 847.164855957 820.845214844 870.194580078
857.034729004 848.809875488 819.200195312 868.549621582
865.259643555 848.809875488 822.49017334 860.324707031
861.969726562 848.809875488 822.49017334 861.969726562
866.904663086 848.809875488 819.200195312 855.389770508
873.484558105 853.744812012 822.49017334 863.614685059
860.324707031 850.454833984 822.49017334 863.614685059
861.969726562 850.454833984 822.49017334 860.324707031
858.679748535 845.519897461 820.845214844 861.969726562
858.679748535 847.164855957 819.200195312 858.679748535
866.904663086 848.809875488 817.555236816 855.389770508
858.679748535 848.809875488 820.845214844 868.549621582
853.744812012 847.164855957 819.200195312 857.034729004
855.389770508 843.874938965 819.200195312 866.904663086
852.09979248 845.519897461 819.200195312 858.679748535
857.034729004 843.874938965 815.91027832 852.09979248
858.679748535 847.164855957 822.49017334 863.614685059
861.969726562 850.454833984 822.49017334 861.969726562
866.904663086 850.454833984 822.49017334 866.904663086
865.259643555 847.164855957 822.49017334 860.324707031
863.614685059 845.519897461 824.135131836 861.969726562
863.614685059 847.164855957 819.200195312 857.034729004
861.969726562 850.454833984 827.425109863 863.614685059
858.679748535 850.454833984 824.135131836 855.389770508
855.389770508 843.874938965 824.135131836 855.389770508
850.454833984 843.874938965 827.425109863 858.679748535
852.09979248 845.519897461 824.135131836 858.679748535
852.09979248 845.519897461 820.845214844 858.679748535
853.744812012 847.164855957 822.49017334 857.034729004
852.09979248 845.519897461 819.200195312 857.034729004
850.454833984 843.874938965 817.555236816 860.324707031
853.744812012 848.809875488 824.135131836 861.969726562
853.744812012 847.164855957 820.845214844 861.969726562
857.034729004 847.164855957 822.49017334 861.969726562
860.324707031 850.454833984 825.780151367 865.259643555
850.454833984 848.809875488 829.070068359 863.614685059
850.454833984 847.164855957 825.780151367 865.259643555
842.229919434 847.164855957 824.135131836 858.679748535
845.519897461 845.519897461 824.135131836 860.324707031
847.164855957 845.519897461 824.135131836 858.679748535
852.09979248 847.164855957 829.070068359 857.034729004
855.389770508 848.809875488 829.070068359 853.744812012
850.454833984 848.809875488 827.425109863 853.744812012
843.874938965 850.454833984 827.425109863 857.034729004
850.454833984 850.454833984 825.780151367 858.679748535
847.164855957 855.389770508 825.780151367 853.744812012
850.454833984 853.744812012 825.780151367 855.389770508
852.09979248 852.09979248 822.49017334 850.454833984
843.874938965 850.454833984 822.49017334 845.519897461
840.584960938 848.809875488 825.780151367 855.389770508
837.29498291 848.809875488 822.49017334 850.454833984
842.229919434 850.454833984 822.49017334 855.389770508
847.164855957 848.809875488 819.200195312 852.09979248
847.164855957 850.454833984 824.135131836 855.389770508
847.164855957 848.809875488 827.425109863 853.744812012
845.519897461 850.454833984 827.425109863 857.034729004
842.229919434 850.454833984 827.425109863 861.969726562
852.09979248 852.09979248 825.780151367 860.324707031
852.09979248 852.09979248 824.135131836 861.969726562
855.389770508 852.09979248 825.780151367 865.259643555
845.519897461 843.874938965 827.425109863 860.324707031
840.584960938 843.874938965 834.005004883 860.324707031
832.360046387 835.650024414 840.584960938 858.679748535
824.135131836 825.780151367 845.519897461 857.034729004
822.49017334 819.200195312 848.809875488 847.164855957
819.200195312 809.330322266 855.389770508 847.164855957
812.620300293 806.040344238 863.614685059 853.744812012
806.040344238 806.040344238 868.549621582 850.454833984
810.975280762 799.460449219 868.549621582 861.969726562
810.975280762 801.105407715 866.904663086 861.969726562
812.620300293 802.750427246 868.549621582 858.679748535
820.845214844 801.105407715 861.969726562 865.259643555
822.49017334 804.395385742 858.679748535 866.904663086
822.49017334 804.395385742 858.679748535 875.129516602
825.780151367 806.040344238 858.679748535 881.709472656
825.780151367 809.330322266 855.389770508 875.129516602
835.650024414 814.265258789 857.034729004 876.774536133
835.650024414 814.265258789 853.744812012 878.419494629
840.584960938 814.265258789 852.09979248 876.774536133
838.940002441 820.845214844 855.389770508 878.419494629
837.29498291 822.49017334 853.744812012 868.549621582
845.519897461 822.49017334 852.09979248 865.259643555
840.584960938 824.135131836 852.09979248 870.194580078
840.584960938 822.49017334 848.809875488 861.969726562
843.874938965 824.135131836 848.809875488 866.904663086
838.940002441 830.715087891 853.744812012 866.904663086
837.29498291 829.070068359 848.809875488 853.744812012
834.005004883 830.715087891 847.164855957 863.614685059
842.229919434 834.005004883 848.809875488 866.904663086
838.940002441 830.715087891 843.874938965 863.614685059
837.29498291 832.360046387 845.519897461 866.904663086
838.940002441 835.650024414 847.164855957 863.614685059
832.360046387 832.360046387 842.229919434 855.389770508
832.360046387 838.940002441 843.874938965 853.744812012
835.650024414 838.940002441 842.229919434 855.389770508
832.360046387 837.29498291 835.650024414 848.809875488
834.005004883 838.940002441 835.650024414 847.164855957
835.650024414 838.940002441 838.940002441 852.09979248
830.715087891 837.29498291 840.584960938 848.809875488
830.715087891 842.229919434 837.29498291 843.874938965
830.715087891 840.584960938 838.940002441 847.164855957
829.070068359 842.229919434 840.584960938 852.09979248
832.360046387 842.229919434 837.29498291 843.874938965
835.650024414 843.874938965 838.940002441 848.809875488
840.584960938 848.809875488 837.29498291 853.744812012
840.584960938 847.164855957 837.29498291 843.874938965
840.584960938 848.809875488 842.229919434 845.519897461
835.650024414 845.519897461 842.229919434 843.874938965
832.360046387 843.874938965 832.360046387 838.940002441
840.584960938 847.164855957 830.715087891 842.229919434
830.715087891 848.809875488 834.005004883 848.809875488
829.070068359 848.809875488 830.715087891 843.874938965
829.070068359 848.809875488 830.715087891 842.229919434
832.360046387 850.454833984 827.425109863 838.940002441
837.29498291 850.454833984 829.070068359 842.229919434
842.229919434 853.744812012 834.005004883 852.09979248
842.229919434 855.389770508 838.940002441 853.744812012
838.940002441 853.744812012 838.940002441 850.454833984
837.29498291 852.09979248 838.940002441 850.454833984
835.650024414 852.09979248 840.584960938 852.09979248
834.005004883 857.034729004 837.29498291 850.454833984
834.005004883 861.969726562 842.229919434 860.324707031
830.715087891 858.679748535 840.584960938 852.09979248
829.070068359 855.389770508 832.360046387 842.229919434
835.650024414 855.389770508 835.650024414 843.874938965
835.650024414 853.744812012 834.005004883 834.005004883
830.715087891 855.389770508 835.650024414 837.29498291
835.650024414 860.324707031 835.650024414 838.940002441
835.650024414 857.034729004 830.715087891 840.584960938
838.940002441 858.679748535 830.715087891 847.164855957
837.29498291 860.324707031 832.360046387 845.519897461
835.650024414 853.744812012 835.650024414 850.454833984
832.360046387 852.09979248 834.005004883 848.809875488
837.29498291 857.034729004 832.360046387 840.584960938
835.650024414 858.679748535 834.005004883 848.809875488
843.874938965 858.679748535 834.005004883 842.229919434
837.29498291 860.324707031 832.360046387 832.360046387
838.940002441 860.324707031 832.360046387 840.584960938
840.584960938 863.614685059 834.005004883 843.874938965
838.940002441 863.614685059 840.584960938 847.164855957
827.425109863 858.679748535 845.519897461 848.809875488
827.425109863 852.09979248 842.229919434 847.164855957
825.780151367 847.164855957 850.454833984 850.454833984
814.265258789 838.940002441 850.454833984 852.09979248
815.91027832 837.29498291 858.679748535 857.034729004
801.105407715 830.715087891 858.679748535 852.09979248
801.105407715 829.070068359 857.034729004 852.09979248
796.170471191 834.005004883 857.034729004 855.389770508
796.170471191 832.360046387 853.744812012 845.519897461
796.170471191 835.650024414 855.389770508 842.229919434
797.815490723 834.005004883 852.09979248 850.454833984
814.265258789 834.005004883 848.809875488 847.164855957
801.105407715 835.650024414 853.744812012 850.454833984
802.750427246 834.005004883 850.454833984 848.809875488
796.170471191 837.29498291 852.09979248 852.09979248
796.170471191 840.584960938 848.809875488 853.744812012
804.395385742 840.584960938 842.229919434 852.09979248
812.620300293 847.164855957 847.164855957 857.034729004
815.91027832 845.519897461 845.519897461 855.389770508
819.200195312 848.809875488 847.164855957 861.969726562
810.975280762 852.09979248 845.519897461 865.259643555
809.330322266 852.09979248 843.874938965 861.969726562
822.49017334 852.09979248 843.874938965 860.324707031
834.005004883 855.389770508 847.164855957 865.259643555
850.454833984 857.034729004 843.874938965 865.259643555
852.09979248 858.679748535 840.584960938 858.679748535
857.034729004 861.969726562 843.874938965 861.969726562
860.324707031 860.324707031 843.874938965 865.259643555
870.194580078 860.324707031 843.874938965 863.614685059
870.194580078 863.614685059 847.164855957 866.904663086
858.679748535 860.324707031 837.29498291 850.454833984
855.389770508 858.679748535 837.29498291 852.09979248
861.969726562 858.679748535 837.29498291 857.034729004
865.259643555 853.744812012 835.650024414 863.614685059
857.034729004 855.389770508 848.809875488 868.549621582
853.744812012 850.454833984 852.09979248 863.614685059
845.519897461 842.229919434 861.969726562 865.259643555
840.584960938 832.360046387 865.259643555 855.389770508
845.519897461 827.425109863 871.839599609 863.614685059
834.005004883 820.845214844 875.129516602 861.969726562
820.845214844 815.91027832 878.419494629 865.259643555
838.940002441 817.555236816 880.064453125 875.129516602
840.584960938 822.49017334 875.129516602 863.614685059
848.809875488 829.070068359 871.839599609 863.614685059
848.809875488 834.005004883 868.549621582 871.839599609
852.09979248 834.005004883 863.614685059 878.419494629
853.744812012 834.005004883 858.679748535 881.709472656
860.324707031 835.650024414 861.969726562 878.419494629
857.034729004 837.29498291 857.034729004 868.549621582
855.389770508 834.005004883 853.744812012 865.259643555
860.324707031 838.940002441 857.034729004 870.194580078
860.324707031 840.584960938 855.389770508 865.259643555
852.09979248 840.584960938 848.809875488 853.744812012
860.324707031 840.584960938 847.164855957 855.389770508
858.679748535 840.584960938 845.519897461 863.614685059
863.614685059 847.164855957 847.164855957 876.774536133
860.324707031 847.164855957 845.519897461 868.549621582
861.969726562 845.519897461 843.874938965 870.194580078
861.969726562 847.164855957 838.940002441 871.839599609
858.679748535 845.519897461 835.650024414 861.969726562
861.969726562 852.09979248 840.584960938 868.549621582
860.324707031 852.09979248 837.29498291 868.549621582
860.324707031 852.09979248 842.229919434 863.614685059
861.969726562 847.164855957 838.940002441 873.484558105
860.324707031 848.809875488 837.29498291 876.774536133
860.324707031 852.09979248 838.940002441 870.194580078
866.904663086 852.09979248 838.940002441 871.839599609
870.194580078 860.324707031 843.874938965 871.839599609
866.904663086 857.034729004 842.229919434 863.614685059
855.389770508 853.744812012 840.584960938 855.389770508
858.679748535 857.034729004 845.519897461 865.259643555
853.744812012 858.679748535 843.874938965 863.614685059
853.744812012 858.679748535 840.584960938 865.259643555
853.744812012 857.034729004 835.650024414 852.09979248
850.454833984 857.034729004 835.650024414 852.09979248
853.744812012 852.09979248 832.360046387 843.874938965
845.519897461 853.744812012 837.29498291 848.809875488
840.584960938 855.389770508 838.940002441 850.454833984
843.874938965 852.09979248 834.005004883 845.519897461
855.389770508 857.034729004 834.005004883 845.519897461
855.389770508 855.389770508 832.360046387 845.519897461
850.454833984 853.744812012 832.360046387 852.09979248
848.809875488 852.09979248 834.005004883 850.454833984
852.09979248 852.09979248 837.29498291 860.324707031
857.034729004 850.454833984 830.715087891 857.034729004
858.679748535 853.744812012 835.650024414 860.324707031
847.164855957 853.744812012 837.29498291 865.259643555
852.09979248 853.744812012 835.650024414 863.614685059
855.389770508 853.744812012 830.715087891 853.744812012
853.744812012 857.034729004 834.005004883 863.614685059
852.09979248 857.034729004 832.360046387 860.324707031
848.809875488 855.389770508 829.070068359 848.809875488
852.09979248 853.744812012 834.005004883 853.744812012
853.744812012 850.454833984 832.360046387 855.389770508
861.969726562 858.679748535 829.070068359 860.324707031
850.454833984 870.194580078 830.715087891 850.454833984
848.809875488 870.194580078 822.49017334 845.519897461
858.679748535 871.839599609 809.330322266 838.940002441
863.614685059 886.64440918 804.395385742 843.874938965
858.679748535 896.514282227 801.105407715 843.874938965
861.969726562 901.44921875 792.880554199 837.29498291
858.679748535 904.739196777 786.300598145 814.265258789
865.259643555 899.804260254 789.590576172 820.845214844
866.904663086 898.159240723 781.365661621 824.135131836
865.259643555 898.159240723 784.655639648 824.135131836
863.614685059 896.514282227 784.655639648 834.005004883
871.839599609 891.579345703 783.010620117 840.584960938
876.774536133 891.579345703 787.945556641 843.874938965
871.839599609 893.224304199 792.880554199 842.229919434
870.194580078 888.289367676 796.170471191 848.809875488
870.194580078 884.999450684 791.235534668 837.29498291
871.839599609 888.289367676 797.815490723 848.809875488
871.839599609 888.289367676 799.460449219 848.809875488
866.904663086 884.999450684 802.750427246 857.034729004
861.969726562 883.354431152 804.395385742 858.679748535
860.324707031 876.774536133 799.460449219 850.454833984
868.549621582 878.419494629 807.68536377 858.679748535
860.324707031 878.419494629 807.68536377 855.389770508
861.969726562 875.129516602 804.395385742 853.744812012
860.324707031 876.774536133 807.68536377 852.09979248
857.034729004 870.194580078 799.460449219 838.940002441
860.324707031 871.839599609 804.395385742 845.519897461
863.614685059 876.774536133 810.975280762 848.809875488
858.679748535 871.839599609 812.620300293 853.744812012
865.259643555 870.194580078 810.975280762 850.454833984
870.194580078 873.484558105 810.975280762 848.809875488
865.259643555 870.194580078 810.975280762 845.519897461
861.969726562 866.904663086 814.265258789 847.164855957
855.389770508 868.549621582 817.555236816 852.09979248
847.164855957 863.614685059 814.265258789 850.454833984
857.034729004 865.259643555 812.620300293 850.454833984
850.454833984 865.259643555 812.620300293 847.164855957
852.09979248 863.614685059 812.620300293 850.454833984
855.389770508 863.614685059 817.555236816 852.09979248
848.809875488 861.969726562 815.91027832 848.809875488
848.809875488 860.324707031 814.265258789 853.744812012
835.650024414 857.034729004 812.620300293 843.874938965
842.229919434 857.034729004 809.330322266 838.940002441
840.584960938 855.389770508 809.330322266 834.005004883
845.519897461 858.679748535 810.975280762 838.940002441
840.584960938 857.034729004 810.975280762 832.360046387
835.650024414 855.389770508 812.620300293 837.29498291
842.229919434 852.09979248 814.265258789 840.584960938
842.229919434 850.454833984 817.555236816 848.809875488
840.584960938 847.164855957 812.620300293 848.809875488
842.229919434 850.454833984 814.265258789 850.454833984
843.874938965 850.454833984 814.265258789 847.164855957
845.519897461 852.09979248 817.555236816 850.454833984
842.229919434 852.09979248 815.91027832 848.809875488
845.519897461 852.09979248 812.620300293 847.164855957
845.519897461 852.09979248 810.975280762 845.519897461
847.164855957 848.809875488 809.330322266 843.874938965
840.584960938 850.454833984 815.91027832 850.454833984
843.874938965 847.164855957 817.555236816 850.454833984
847.164855957 848.809875488 814.265258789 853.744812012
858.679748535 850.454833984 817.555236816 863.614685059
860.324707031 853.744812012 814.265258789 858.679748535
850.454833984 853.744812012 809.330322266 848.809875488
855.389770508 855.389770508 807.68536377 855.389770508
848.809875488 858.679748535 806.040344238 850.454833984
857.034729004 853.744812012 807.68536377 853.744812012
853.744812012 853.744812012 814.265258789 855.389770508
850.454833984 852.09979248 810.975280762 855.389770508
853.744812012 848.809875488 806.040344238 850.454833984
857.034729004 848.809875488 807.68536377 857.034729004
855.389770508 850.454833984 812.620300293 858.679748535
843.874938965 845.519897461 812.620300293 850.454833984
845.519897461 843.874938965 814.265258789 860.324707031
847.164855957 848.809875488 812.620300293 860.324707031
850.454833984 848.809875488 812.620300293 860.324707031
850.454833984 847.164855957 815.91027832 858.679748535
855.389770508 848.809875488 819.200195312 847.164855957
855.389770508 845.519897461 815.91027832 843.874938965
860.324707031 847.164855957 817.555236816 855.389770508
860.324707031 850.454833984 817.555236816 865.259643555
866.904663086 848.809875488 812.620300293 861.969726562
865.259643555 852.09979248 819.200195312 860.324707031
860.324707031 845.519897461 814.265258789 855.389770508
860.324707031 847.164855957 819.200195312 858.679748535
863.614685059 847.164855957 819.200195312 860.324707031
868.549621582 843.874938965 815.91027832 855.389770508
866.904663086 848.809875488 822.49017334 863.614685059
866.904663086 847.164855957 822.49017334 868.549621582
861.969726562 843.874938965 824.135131836 875.129516602
857.034729004 845.519897461 822.49017334 866.904663086
863.614685059 847.164855957 820.845214844 865.259643555
861.969726562 845.519897461 820.845214844 868.549621582
861.969726562 845.519897461 819.200195312 863.614685059
868.549621582 843.874938965 820.845214844 866.904663086
861.969726562 843.874938965 822.49017334 868.549621582
863.614685059 847.164855957 824.135131836 865.259643555
865.259643555 847.164855957 822.49017334 858.679748535
860.324707031 845.519897461 822.49017334 860.324707031
858.679748535 847.164855957 820.845214844 860.324707031
857.034729004 845.519897461 815.91027832 857.034729004
868.549621582 850.454833984 822.49017334 871.839599609
861.969726562 847.164855957 822.49017334 873.484558105
860.324707031 847.164855957 822.49017334 868.549621582
860.324707031 847.164855957 822.49017334 863.614685059
852.09979248 843.874938965 825.780151367 860.324707031
857.034729004 842.229919434 825.780151367 858.679748535
852.09979248 838.940002441 825.780151367 861.969726562
857.034729004 843.874938965 827.425109863 863.614685059
855.389770508 847.164855957 825.780151367 861.969726562
853.744812012 847.164855957 824.135131836 857.034729004
853.744812012 847.164855957 825.780151367 853.744812012
845.519897461 845.519897461 829.070068359 860.324707031
852.09979248 845.519897461 825.780151367 853.744812012
855.389770508 843.874938965 824.135131836 857.034729004
852.09979248 845.519897461 825.780151367 866.904663086
852.09979248 845.519897461 819.200195312 858.679748535
852.09979248 840.584960938 817.555236816 855.389770508
853.744812012 847.164855957 820.845214844 857.034729004
855.389770508 843.874938965 819.200195312 853.744812012
850.454833984 838.940002441 819.200195312 853.744812012
848.809875488 842.229919434 824.135131836 865.259643555
843.874938965 835.650024414 817.555236816 857.034729004
843.874938965 837.29498291 820.845214844 857.034729004
843.874938965 838.940002441 817.555236816 858.679748535
850.454833984 835.650024414 815.91027832 853.744812012
843.874938965 835.650024414 815.91027832 848.809875488
845.519897461 840.584960938 817.555236816 850.454833984
843.874938965 837.29498291 817.555236816 848.809875488
842.229919434 838.940002441 819.200195312 857.034729004
838.940002441 835.650024414 815.91027832 857.034729004
843.874938965 835.650024414 815.91027832 857.034729004
842.229919434 837.29498291 817.555236816 857.034729004
843.874938965 834.005004883 814.265258789 858.679748535
848.809875488 837.29498291 819.200195312 860.324707031
843.874938965 832.360046387 817.555236816 852.09979248
840.584960938 830.715087891 819.200195312 855.389770508
840.584960938 830.715087891 815.91027832 852.09979248
840.584960938 832.360046387 815.91027832 848.809875488
848.809875488 830.715087891 819.200195312 860.324707031
855.389770508 834.005004883 819.200195312 863.614685059
845.519897461 832.360046387 822.49017334 870.194580078
847.164855957 829.070068359 824.135131836 860.324707031
848.809875488 830.715087891 819.200195312 855.389770508
852.09979248 830.715087891 817.555236816 850.454833984
852.09979248 832.360046387 817.555236816 853.744812012
848.809875488 832.360046387 812.620300293 852.09979248
847.164855957 832.360046387 815.91027832 843.874938965
847.164855957 834.005004883 820.845214844 845.519897461
845.519897461 830.715087891 817.555236816 845.519897461
843.874938965 832.360046387 819.200195312 857.034729004
838.940002441 830.715087891 817.555236816 850.454833984
842.229919434 825.780151367 815.91027832 848.809875488
835.650024414 825.780151367 815.91027832 848.809875488
840.584960938 822.49017334 814.265258789 842.229919434
837.29498291 827.425109863 820.845214844 858.679748535
830.715087891 832.360046387 817.555236816 843.874938965
835.650024414 835.650024414 814.265258789 838.940002441
832.360046387 834.005004883 815.91027832 847.164855957
832.360046387 830.715087891 815.91027832 847.164855957
829.070068359 830.715087891 817.555236816 847.164855957
835.650024414 834.005004883 822.49017334 850.454833984
840.584960938 835.650024414 820.845214844 840.584960938
834.005004883 834.005004883 815.91027832 835.650024414
825.780151367 830.715087891 812.620300293 845.519897461
822.49017334 834.005004883 815.91027832 847.164855957
824.135131836 829.070068359 810.975280762 832.360046387
827.425109863 832.360046387 817.555236816 830.715087891
834.005004883 830.715087891 817.555236816 829.070068359
824.135131836 827.425109863 815.91027832 835.650024414
830.715087891 825.780151367 814.265258789 842.229919434
817.555236816 827.425109863 817.555236816 842.229919434
830.715087891 830.715087891 810.975280762 835.650024414
825.780151367 829.070068359 812.620300293 837.29498291
834.005004883 829.070068359 814.265258789 847.164855957
840.584960938 832.360046387 817.555236816 858.679748535
838.940002441 830.715087891 817.555236816 855.389770508
843.874938965 837.29498291 815.91027832 855.389770508
837.29498291 834.005004883 809.330322266 848.809875488
842.229919434 835.650024414 809.330322266 847.164855957
843.874938965 837.29498291 809.330322266 852.09979248
847.164855957 837.29498291 807.68536377 853.744812012
852.09979248 840.584960938 809.330322266 858.679748535
848.809875488 835.650024414 807.68536377 860.324707031
850.454833984 837.29498291 809.330322266 852.09979248
842.229919434 837.29498291 810.975280762 847.164855957
834.005004883 837.29498291 810.975280762 852.09979248
832.360046387 832.360046387 809.330322266 842.229919434
832.360046387 830.715087891 809.330322266 847.164855957
837.29498291 832.360046387 807.68536377 852.09979248
835.650024414 832.360046387 809.330322266 850.454833984
834.005004883 830.715087891 810.975280762 853.744812012
835.650024414 827.425109863 809.330322266 857.034729004
837.29498291 829.070068359 807.68536377 855.389770508
845.519897461 829.070068359 807.68536377 852.09979248
847.164855957 834.005004883 815.91027832 868.549621582
840.584960938 830.715087891 814.265258789 863.614685059
840.584960938 827.425109863 807.68536377 853.744812012
842.229919434 829.070068359 806.040344238 853.744812012
845.519897461 830.715087891 807.68536377 848.809875488
845.519897461 835.650024414 814.265258789 855.389770508
843.874938965 835.650024414 814.265258789 861.969726562
842.229919434 835.650024414 814.265258789 861.969726562
843.874938965 832.360046387 807.68536377 853.744812012
840.584960938 835.650024414 810.975280762 865.259643555
845.519897461 838.940002441 810.975280762 861.969726562
853.744812012 838.940002441 809.330322266 857.034729004
852.09979248 837.29498291 807.68536377 852.09979248
850.454833984 835.650024414 807.68536377 848.809875488
852.09979248 832.360046387 806.040344238 850.454833984
848.809875488 834.005004883 809.330322266 857.034729004
843.874938965 832.360046387 809.330322266 858.679748535
845.519897461 830.715087891 806.040344238 855.389770508
848.809875488 834.005004883 807.68536377 852.09979248
850.454833984 834.005004883 806.040344238 850.454833984
857.034729004 835.650024414 810.975280762 852.09979248
850.454833984 835.650024414 810.975280762 847.164855957
845.519897461 832.360046387 807.68536377 845.519897461
853.744812012 832.360046387 809.330322266 845.519897461
847.164855957 834.005004883 809.330322266 843.874938965
848.809875488 832.360046387 809.330322266 845.519897461
850.454833984 835.650024414 812.620300293 852.09979248
842.229919434 834.005004883 810.975280762 845.519897461
843.874938965 832.360046387 810.975280762 845.519897461
838.940002441 832.360046387 810.975280762 855.389770508
840.584960938 834.005004883 812.620300293 852.09979248
842.229919434 832.360046387 809.330322266 853.744812012
840.584960938 834.005004883 812.620300293 857.034729004
837.29498291 832.360046387 810.975280762 845.519897461
834.005004883 829.070068359 809.330322266 847.164855957
837.29498291 834.005004883 814.265258789 855.389770508
843.874938965 834.005004883 814.265258789 853.744812012
845.519897461 834.005004883 817.555236816 860.324707031
845.519897461 834.005004883 819.200195312 863.614685059
843.874938965 835.650024414 822.49017334 858.679748535
847.164855957 835.650024414 820.845214844 863.614685059
852.09979248 842.229919434 819.200195312 860.324707031
853.744812012 843.874938965 822.49017334 865.259643555
847.164855957 842.229919434 819.200195312 855.389770508
843.874938965 838.940002441 817.555236816 850.454833984
843.874938965 840.584960938 815.91027832 858.679748535
842.229919434 842.229919434 817.555236816 855.389770508
843.874938965 840.584960938 817.555236816 858.679748535
843.874938965 843.874938965 819.200195312 860.324707031
837.29498291 838.940002441 815.91027832 843.874938965
838.940002441 834.005004883 810.975280762 840.584960938
842.229919434 835.650024414 814.265258789 847.164855957
840.584960938 834.005004883 815.91027832 848.809875488
842.229919434 838.940002441 817.555236816 848.809875488
842.229919434 838.940002441 817.555236816 852.09979248
838.940002441 840.584960938 815.91027832 840.584960938
842.229919434 834.005004883 815.91027832 838.940002441
838.940002441 835.650024414 817.555236816 850.454833984
838.940002441 838.940002441 817.555236816 842.229919434
838.940002441 834.005004883 812.620300293 834.005004883
838.940002441 835.650024414 814.265258789 842.229919434
842.229919434 834.005004883 815.91027832 847.164855957
842.229919434 835.650024414 820.845214844 853.744812012
842.229919434 837.29498291 817.555236816 850.454833984
838.940002441 834.005004883 819.200195312 848.809875488
838.940002441 834.005004883 817.555236816 838.940002441
837.29498291 840.584960938 815.91027832 847.164855957
834.005004883 838.940002441 819.200195312 852.09979248
832.360046387 834.005004883 814.265258789 843.874938965
840.584960938 832.360046387 817.555236816 848.809875488
837.29498291 830.715087891 824.135131836 850.454833984
845.519897461 835.650024414 822.49017334 848.809875488
843.874938965 835.650024414 819.200195312 848.809875488
847.164855957 837.29498291 819.200195312 840.584960938
848.809875488 842.229919434 815.91027832 840.584960938
838.940002441 840.584960938 814.265258789 837.29498291
848.809875488 843.874938965 819.200195312 840.584960938
842.229919434 837.29498291 817.555236816 850.454833984
840.584960938 835.650024414 815.91027832 843.874938965
842.229919434 840.584960938 817.555236816 845.519897461
834.005004883 838.940002441 814.265258789 838.940002441
830.715087891 838.940002441 819.200195312 848.809875488
832.360046387 837.29498291 815.91027832 842.229919434
835.650024414 834.005004883 817.555236816 843.874938965
838.940002441 837.29498291 820.845214844 852.09979248
834.005004883 838.940002441 814.265258789 837.29498291
834.005004883 837.29498291 815.91027832 840.584960938
830.715087891 835.650024414 810.975280762 829.070068359
837.29498291 837.29498291 814.265258789 830.715087891
838.940002441 838.940002441 817.555236816 840.584960938
837.29498291 840.584960938 817.555236816 842.229919434
835.650024414 842.229919434 815.91027832 847.164855957
834.005004883 837.29498291 810.975280762 829.070068359
830.715087891 837.29498291 815.91027832 832.360046387
830.715087891 832.360046387 815.91027832 838.940002441
832.360046387 835.650024414 817.555236816 842.229919434
832.360046387 837.29498291 819.200195312 848.809875488
837.29498291 834.005004883 814.265258789 842.229919434
835.650024414 838.940002441 815.91027832 843.874938965
825.780151367 835.650024414 815.91027832 840.584960938
832.360046387 835.650024414 815.91027832 845.519897461
834.005004883 837.29498291 819.200195312 847.164855957
832.360046387 834.005004883 815.91027832 845.519897461
838.940002441 832.360046387 814.265258789 842.229919434
835.650024414 832.360046387 815.91027832 848.809875488
835.650024414 834.005004883 814.265258789 847.164855957
837.29498291 832.360046387 812.620300293 848.809875488
838.940002441 832.360046387 812.620300293 842.229919434
838.940002441 837.29498291 815.91027832 848.809875488
843.874938965 835.650024414 814.265258789 842.229919434
847.164855957 835.650024414 814.265258789 847.164855957
840.584960938 834.005004883 814.265258789 847.164855957
847.164855957 834.005004883 814.265258789 848.809875488
845.519897461 834.005004883 814.265258789 850.454833984
848.809875488 835.650024414 819.200195312 860.324707031
842.229919434 835.650024414 812.620300293 843.874938965
835.650024414 829.070068359 809.330322266 837.29498291
835.650024414 832.360046387 814.265258789 843.874938965
843.874938965 834.005004883 815.91027832 847.164855957
840.584960938 830.715087891 820.845214844 852.09979248
840.584960938 832.360046387 817.555236816 848.809875488
838.940002441 834.005004883 815.91027832 855.389770508
837.29498291 835.650024414 814.265258789 853.744812012
840.584960938 837.29498291 812.620300293 858.679748535
835.650024414 837.29498291 812.620300293 858.679748535
834.005004883 835.650024414 810.975280762 848.809875488
840.584960938 837.29498291 814.265258789 852.09979248
842.229919434 837.29498291 812.620300293 855.389770508
847.164855957 835.650024414 812.620300293 855.389770508
845.519897461 837.29498291 814.265258789 857.034729004
847.164855957 840.584960938 807.68536377 850.454833984
847.164855957 840.584960938 809.330322266 852.09979248
848.809875488 840.584960938 810.975280762 852.09979248
842.229919434 840.584960938 810.975280762 848.809875488
834.005004883 838.940002441 807.68536377 850.454833984
843.874938965 842.229919434 809.330322266 850.454833984
845.519897461 840.584960938 807.68536377 845.519897461
845.519897461 838.940002441 809.330322266 834.005004883
838.940002441 842.229919434 812.620300293 845.519897461
838.940002441 838.940002441 810.975280762 837.29498291
837.29498291 837.29498291 807.68536377 845.519897461
840.584960938 838.940002441 812.620300293 848.809875488
837.29498291 838.940002441 814.265258789 838.940002441
837.29498291 843.874938965 819.200195312 847.164855957
835.650024414 847.164855957 817.555236816 845.519897461
832.360046387 842.229919434 814.265258789 845.519897461
837.29498291 838.940002441 810.975280762 842.229919434
834.005004883 837.29498291 812.620300293 840.584960938
838.940002441 835.650024414 810.975280762 848.809875488
835.650024414 837.29498291 814.265258789 843.874938965
830.715087891 840.584960938 819.200195312 843.874938965
825.780151367 840.584960938 814.265258789 837.29498291
824.135131836 840.584960938 817.555236816 824.135131836
829.070068359 842.229919434 817.555236816 834.005004883
830.715087891 840.584960938 815.91027832 834.005004883
829.070068359 848.809875488 829.070068359 838.940002441
820.845214844 843.874938965 819.200195312 820.845214844
814.265258789 838.940002441 819.200195312 804.395385742
786.300598145 834.005004883 820.845214844 792.880554199
774.785766602 837.29498291 819.200195312 774.785766602
750.111022949 838.940002441 825.780151367 753.401000977
717.211425781 835.650024414 834.005004883 728.726318359
681.021850586 832.360046387 840.584960938 694.18170166
644.832275391 815.91027832 843.874938965 662.927062988
628.382507324 812.620300293 861.969726562 664.57208252
613.577697754 801.105407715 861.969726562 648.122253418
616.867614746 791.235534668 873.484558105 657.992126465
613.577697754 786.300598145 888.289367676 667.861999512
615.22265625 776.430725098 889.934387207 677.731872559
633.317443848 766.560852051 896.514282227 689.246765137
639.897338867 759.980895996 894.86932373 708.98651123
659.637145996 759.980895996 894.86932373 718.856384277
669.507019043 761.625915527 898.159240723 740.241149902
700.76159668 758.3359375 893.224304199 756.690979004
713.921447754 766.560852051 891.579345703 779.720703125
730.371276855 764.91583252 883.354431152 787.945556641
756.690979004 774.785766602 878.419494629 797.815490723
764.91583252 787.945556641 875.129516602 817.555236816
779.720703125 783.010620117 865.259643555 817.555236816
796.170471191 787.945556641 858.679748535 835.650024414
815.91027832 794.525512695 860.324707031 850.454833984
825.780151367 794.525512695 857.034729004 860.324707031
834.005004883 802.750427246 855.389770508 871.839599609
843.874938965 806.040344238 848.809875488 876.774536133
852.09979248 802.750427246 845.519897461 880.064453125
858.679748535 807.68536377 843.874938965 894.86932373
870.194580078 814.265258789 843.874938965 899.804260254
880.064453125 812.620300293 838.940002441 908.029174805
884.999450684 817.555236816 837.29498291 909.674133301
891.579345703 817.555236816 838.940002441 916.25402832
891.579345703 819.200195312 837.29498291 919.544006348
894.86932373 820.845214844 835.650024414 922.833984375
896.514282227 822.49017334 830.715087891 917.899047852
901.44921875 825.780151367 829.070068359 924.478942871
903.094238281 825.780151367 825.780151367 917.899047852
898.159240723 829.070068359 825.780151367 911.319091797
896.514282227 825.780151367 817.555236816 908.029174805
903.094238281 825.780151367 817.555236816 906.384155273
908.029174805 829.070068359 820.845214844 919.544006348
909.674133301 829.070068359 825.780151367 931.058898926
906.384155273 830.715087891 825.780151367 932.703857422
908.029174805 834.005004883 824.135131836 931.058898926
911.319091797 840.584960938 824.135131836 931.058898926
904.739196777 842.229919434 820.845214844 931.058898926
911.319091797 845.519897461 819.200195312 924.478942871
908.029174805 842.229919434 815.91027832 924.478942871
911.319091797 840.584960938 815.91027832 931.058898926
912.964111328 843.874938965 810.975280762 922.833984375
906.384155273 842.229919434 810.975280762 908.029174805
904.739196777 843.874938965 812.620300293 916.25402832
901.44921875 845.519897461 814.265258789 911.319091797
906.384155273 840.584960938 814.265258789 911.319091797
906.384155273 843.874938965 820.845214844 922.833984375
899.804260254 838.940002441 814.265258789 908.029174805
906.384155273 840.584960938 815.91027832 911.319091797
894.86932373 842.229919434 817.555236816 914.609069824
891.579345703 840.584960938 817.555236816 914.609069824
889.934387207 840.584960938 812.620300293 898.159240723
891.579345703 842.229919434 812.620300293 898.159240723
893.224304199 840.584960938 807.68536377 891.579345703
896.514282227 843.874938965 812.620300293 898.159240723
891.579345703 845.519897461 817.555236816 903.094238281
889.934387207 842.229919434 812.620300293 901.44921875
889.934387207 843.874938965 815.91027832 908.029174805
888.289367676 842.229919434 814.265258789 896.514282227
889.934387207 840.584960938 815.91027832 894.86932373
888.289367676 840.584960938 817.555236816 898.159240723
893.224304199 842.229919434 817.555236816 889.934387207
884.999450684 837.29498291 812.620300293 884.999450684
881.709472656 842.229919434 817.555236816 893.224304199
875.129516602 842.229919434 815.91027832 886.64440918
876.774536133 843.874938965 817.555236816 888.289367676
880.064453125 845.519897461 812.620300293 888.289367676
878.419494629 848.809875488 815.91027832 886.64440918
878.419494629 848.809875488 815.91027832 883.354431152
880.064453125 848.809875488 814.265258789 875.129516602
875.129516602 848.809875488 815.91027832 871.839599609
871.839599609 847.164855957 812.620300293 876.774536133
878.419494629 847.164855957 814.265258789 876.774536133
871.839599609 848.809875488 819.200195312 884.999450684
868.549621582 843.874938965 810.975280762 880.064453125
870.194580078 843.874938965 815.91027832 883.354431152
865.259643555 843.874938965 819.200195312 873.484558105
863.614685059 845.519897461 820.845214844 880.064453125
865.259643555 843.874938965 819.200195312 875.129516602
868.549621582 843.874938965 819.200195312 880.064453125
871.839599609 845.519897461 822.49017334 876.774536133
875.129516602 843.874938965 819.200195312 868.549621582
870.194580078 845.519897461 812.620300293 853.744812012
865.259643555 843.874938965 815.91027832 858.679748535
861.969726562 838.940002441 814.265258789 857.034729004
863.614685059 843.874938965 820.845214844 865.259643555
861.969726562 847.164855957 820.845214844 868.549621582
858.679748535 848.809875488 815.91027832 865.259643555
857.034729004 847.164855957 814.265258789 865.259643555
860.324707031 850.454833984 819.200195312 863.614685059
857.034729004 845.519897461 817.555236816 857.034729004
852.09979248 845.519897461 819.200195312 858.679748535
845.519897461 847.164855957 822.49017334 866.904663086
845.519897461 840.584960938 819.200195312 852.09979248
855.389770508 843.874938965 819.200195312 860.324707031
857.034729004 843.874938965 822.49017334 860.324707031
850.454833984 847.164855957 824.135131836 860.324707031
853.744812012 845.519897461 824.135131836 861.969726562
845.519897461 842.229919434 819.200195312 857.034729004
855.389770508 845.519897461 817.555236816 853.744812012
852.09979248 845.519897461 819.200195312 853.744812012
843.874938965 845.519897461 819.200195312 855.389770508
845.519897461 845.519897461 817.555236816 848.809875488
845.519897461 842.229919434 817.555236816 847.164855957
848.809875488 842.229919434 820.845214844 848.809875488
848.809875488 843.874938965 822.49017334 848.809875488
845.519897461 847.164855957 824.135131836 853.744812012
837.29498291 843.874938965 820.845214844 848.809875488
838.940002441 843.874938965 819.200195312 850.454833984
837.29498291 845.519897461 819.200195312 847.164855957
842.229919434 845.519897461 819.200195312 852.09979248
840.584960938 848.809875488 822.49017334 857.034729004
842.229919434 847.164855957 824.135131836 863.614685059
850.454833984 848.809875488 822.49017334 857.034729004
843.874938965 843.874938965 820.845214844 845.519897461
843.874938965 843.874938965 822.49017334 845.519897461
842.229919434 842.229919434 817.555236816 848.809875488
848.809875488 847.164855957 825.780151367 858.679748535
847.164855957 848.809875488 825.780151367 863.614685059
843.874938965 845.519897461 822.49017334 853.744812012
845.519897461 843.874938965 825.780151367 852.09979248
840.584960938 840.584960938 824.135131836 847.164855957
835.650024414 835.650024414 820.845214844 840.584960938
852.09979248 838.940002441 825.780151367 852.09979248
853.744812012 842.229919434 822.49017334 858.679748535
845.519897461 852.09979248 819.200195312 850.454833984
840.584960938 855.389770508 814.265258789 845.519897461
850.454833984 863.614685059 806.040344238 847.164855957
847.164855957 870.194580078 797.815490723 837.29498291
857.034729004 883.354431152 792.880554199 845.519897461
860.324707031 893.224304199 786.300598145 840.584960938
860.324707031 901.44921875 778.075683594 835.650024414
863.614685059 906.384155273 766.560852051 822.49017334
871.839599609 914.609069824 763.270874023 825.780151367
870.194580078 919.544006348 759.980895996 819.200195312
876.774536133 926.123962402 753.401000977 817.555236816
893.224304199 927.768920898 750.111022949 829.070068359
898.159240723 934.348815918 745.176086426 829.070068359
903.094238281 939.283752441 741.886108398 827.425109863
889.934387207 940.928771973 745.176086426 834.005004883
893.224304199 939.283752441 743.53112793 829.070068359
888.289367676 934.348815918 740.241149902 832.360046387
898.159240723 926.123962402 741.886108398 842.229919434
906.384155273 927.768920898 753.401000977 848.809875488
904.739196777 922.833984375 758.3359375 852.09979248
893.224304199 917.899047852 764.91583252 847.164855957
884.999450684 909.674133301 763.270874023 838.940002441
884.999450684 904.739196777 764.91583252 843.874938965
881.709472656 903.094238281 771.495788574 852.09979248
883.354431152 899.804260254 773.14074707 850.454833984
880.064453125 894.86932373 773.14074707 843.874938965
878.419494629 889.934387207 776.430725098 852.09979248
875.129516602 888.289367676 779.720703125 855.389770508
878.419494629 888.289367676 781.365661621 847.164855957
881.709472656 886.64440918 779.720703125 842.229919434
870.194580078 883.354431152 786.300598145 843.874938965
870.194580078 880.064453125 786.300598145 840.584960938
865.259643555 880.064453125 792.880554199 845.519897461
855.389770508 876.774536133 791.235534668 847.164855957
861.969726562 870.194580078 789.590576172 838.940002441
863.614685059 871.839599609 797.815490723 847.164855957
861.969726562 868.549621582 797.815490723 853.744812012
868.549621582 873.484558105 804.395385742 855.389770508
861.969726562 873.484558105 802.750427246 850.454833984
865.259643555 871.839599609 801.105407715 857.034729004
863.614685059 870.194580078 804.395385742 855.389770508
866.904663086 870.194580078 807.68536377 852.09979248
865.259643555 868.549621582 810.975280762 860.324707031
863.614685059 866.904663086 809.330322266 858.679748535
860.324707031 863.614685059 807.68536377 858.679748535
857.034729004 863.614685059 807.68536377 860.324707031
855.389770508 860.324707031 806.040344238 852.09979248
852.09979248 861.969726562 809.330322266 850.454833984
852.09979248 857.034729004 807.68536377 843.874938965
857.034729004 855.389770508 807.68536377 850.454833984
850.454833984 853.744812012 810.975280762 857.034729004
853.744812012 848.809875488 807.68536377 857.034729004
858.679748535 850.454833984 810.975280762 861.969726562
860.324707031 853.744812012 812.620300293 857.034729004
860.324707031 855.389770508 812.620300293 855.389770508
860.324707031 853.744812012 810.975280762 863.614685059
858.679748535 852.09979248 810.975280762 860.324707031
863.614685059 847.164855957 814.265258789 861.969726562
863.614685059 850.454833984 822.49017334 861.969726562
861.969726562 848.809875488 819.200195312 863.614685059
870.194580078 852.09979248 817.555236816 868.549621582
865.259643555 852.09979248 815.91027832 876.774536133
865.259643555 848.809875488 815.91027832 875.129516602
855.389770508 850.454833984 827.425109863 880.064453125
855.389770508 847.164855957 824.135131836 873.484558105
868.549621582 850.454833984 827.425109863 876.774536133
863.614685059 848.809875488 825.780151367 866.904663086
858.679748535 848.809875488 820.845214844 865.259643555
865.259643555 850.454833984 824.135131836 876.774536133
870.194580078 847.164855957 820.845214844 871.839599609
873.484558105 857.034729004 824.135131836 876.774536133
861.969726562 858.679748535 824.135131836 863.614685059
857.034729004 857.034729004 820.845214844 868.549621582
857.034729004 860.324707031 815.91027832 861.969726562
853.744812012 860.324707031 819.200195312 863.614685059
861.969726562 858.679748535 819.200195312 865.259643555
852.09979248 858.679748535 817.555236816 845.519897461
848.809875488 855.389770508 820.845214844 858.679748535
848.809875488 853.744812012 822.49017334 858.679748535
843.874938965 850.454833984 819.200195312 852.09979248
850.454833984 852.09979248 824.135131836 855.389770508
843.874938965 848.809875488 820.845214844 857.034729004
848.809875488 845.519897461 819.200195312 857.034729004
855.389770508 852.09979248 825.780151367 871.839599609
850.454833984 852.09979248 824.135131836 876.774536133
850.454833984 853.744812012 825.780151367 863.614685059
842.229919434 850.454833984 822.49017334 861.969726562
842.229919434 847.164855957 820.845214844 853.744812012
838.940002441 845.519897461 822.49017334 853.744812012
840.584960938 847.164855957 822.49017334 863.614685059
838.940002441 847.164855957 822.49017334 857.034729004
834.005004883 843.874938965 819.200195312 850.454833984
838.940002441 847.164855957 820.845214844 847.164855957
838.940002441 843.874938965 819.200195312 847.164855957
837.29498291 840.584960938 822.49017334 852.09979248
837.29498291 842.229919434 822.49017334 852.09979248
834.005004883 842.229919434 814.265258789 840.584960938
835.650024414 845.519897461 820.845214844 842.229919434
837.29498291 843.874938965 817.555236816 840.584960938
837.29498291 843.874938965 820.845214844 843.874938965
847.164855957 842.229919434 822.49017334 852.09979248
837.29498291 837.29498291 819.200195312 852.09979248
843.874938965 843.874938965 827.425109863 858.679748535
838.940002441 842.229919434 827.425109863 855.389770508
838.940002441 842.229919434 822.49017334 857.034729004
842.229919434 838.940002441 824.135131836 848.809875488
838.940002441 837.29498291 822.49017334 845.519897461
845.519897461 840.584960938 825.780151367 853.744812012
845.519897461 840.584960938 827.425109863 852.09979248
847.164855957 842.229919434 827.425109863 857.034729004
837.29498291 835.650024414 822.49017334 855.389770508
838.940002441 835.650024414 825.780151367 857.034729004
837.29498291 835.650024414 829.070068359 858.679748535
842.229919434 838.940002441 834.005004883 861.969726562
838.940002441 837.29498291 829.070068359 857.034729004
843.874938965 840.584960938 830.715087891 853.744812012
848.809875488 843.874938965 829.070068359 853.744812012
857.034729004 840.584960938 820.845214844 852.09979248
857.034729004 842.229919434 830.715087891 858.679748535
819.200195312 834.005004883 838.940002441 840.584960938
801.105407715 830.715087891 843.874938965 830.715087891
773.14074707 819.200195312 850.454833984 804.395385742
746.821105957 809.330322266 853.744812012 781.365661621
732.016235352 801.105407715 858.679748535 768.205810547
715.566467285 791.235534668 865.259643555 758.3359375
695.826660156 787.945556641 875.129516602 751.75604248
695.826660156 783.010620117 878.419494629 755.045959473
702.406616211 779.720703125 878.419494629 751.75604248
700.76159668 776.430725098 881.709472656 764.91583252
728.726318359 778.075683594 873.484558105 776.430725098
735.306213379 784.655639648 866.904663086 779.720703125
755.045959473 784.655639648 860.324707031 791.235534668
774.785766602 786.300598145 876.774536133 797.815490723
784.655639648 792.880554199 873.484558105 820.845214844
784.655639648 794.525512695 875.129516602 837.29498291
783.010620117 799.460449219 875.129516602 847.164855957
786.300598145 799.460449219 866.904663086 855.389770508
797.815490723 801.105407715 871.839599609 857.034729004
807.68536377 802.750427246 865.259643555 857.034729004
814.265258789 807.68536377 860.324707031 857.034729004
814.265258789 810.975280762 858.679748535 853.744812012
820.845214844 812.620300293 853.744812012 855.389770508
834.005004883 819.200195312 855.389770508 870.194580078
825.780151367 819.200195312 852.09979248 870.194580078
827.425109863 814.265258789 848.809875488 860.324707031
834.005004883 817.555236816 853.744812012 866.904663086
838.940002441 817.555236816 848.809875488 860.324707031
838.940002441 819.200195312 848.809875488 870.194580078
838.940002441 822.49017334 850.454833984 878.419494629
837.29498291 820.845214844 847.164855957 873.484558105
832.360046387 820.845214844 847.164855957 868.549621582
837.29498291 825.780151367 848.809875488 870.194580078
835.650024414 825.780151367 843.874938965 857.034729004
834.005004883 825.780151367 845.519897461 853.744812012
840.584960938 827.425109863 840.584960938 853.744812012
842.229919434 827.425109863 837.29498291 860.324707031
843.874938965 829.070068359 838.940002441 861.969726562
843.874938965 834.005004883 840.584960938 863.614685059
835.650024414 834.005004883 837.29498291 861.969726562
832.360046387 832.360046387 834.005004883 853.744812012
842.229919434 829.070068359 834.005004883 860.324707031
835.650024414 829.070068359 838.940002441 866.904663086
838.940002441 827.425109863 829.070068359 857.034729004
840.584960938 832.360046387 832.360046387 866.904663086
837.29498291 830.715087891 827.425109863 857.034729004
838.940002441 830.715087891 829.070068359 855.389770508
838.940002441 832.360046387 829.070068359 858.679748535
840.584960938 830.715087891 825.780151367 857.034729004
842.229919434 837.29498291 829.070068359 861.969726562
838.940002441 834.005004883 827.425109863 863.614685059
840.584960938 832.360046387 827.425109863 863.614685059
