a 0.390874922276 0.204298049212 0.199152827263 0.301942378283
b 0.163906753063 0.0741120427847 0.0573255047202 0.157138586044
d 0.163073807955 0.424163788557 0.346262991428 0.117493353784
g 0.0860589891672 0.02819375135 0.031745813787 0.104464374483
t 0.196085527539 0.269232362509 0.365512877703 0.318961292505
h 1.0 1.0 1.0 1.0
c 0.365368276834 0 0 0
Aa 0.598916530609 0.468839734793 0.126363635063 0.51990956068
Ab 0.221475601196 0.02846429497 -0.41447493434 0.236268296838
Ad 0.219262957573 0.786109089851 0.366583228111 0.109998747706
Ag -0.0583250187337 -0.391271620989 -0.671136379242 0.0589536689222
At 0.299324303865 0.588702738285 0.390079855919 0.543723404408
as 0.464788734913 0.71111112833 0.410958915949 0.329787224531
bs 0.0 0.850000023842 0.0 0.162790700793
ds 0.0 0.43846154213 0.178571432829 0.0
gs 0.214285716414 0.681818187237 0.0 0.600000023842
ts 0.115384615958 0.652892589569 0.51239669323 0.456521749496
a 0.410021334887 0.200996816158 0.197078704834 0.29824078083
b 0.155008345842 0.07521250844 0.0612359642982 0.163427814841
d 0.157091140747 0.425275146961 0.341333687305 0.107862435281
g 0.0925464555621 0.0295055061579 0.032421387732 0.119029171765
t 0.185332715511 0.269010037184 0.367930263281 0.311439782381
h 1.0 1.0 1.0 1.0
c 0.365368276834 0 0 0
Aa 0.625363707542 0.468839734793 0.126363635063 0.51990956068
Ab 0.202912375331 0.0419406034052 -0.381269484758 0.258668482304
Ad 0.208709001541 0.794320583344 0.364903092384 0.0782127156854
Ag -0.0210829228163 -0.364446401596 -0.657444477081 0.120995901525
At 0.280509382486 0.595418989658 0.397489458323 0.538716614246
as 0.492957741022 0.71111112833 0.410958915949 0.329787224531
bs 0.0 0.875 0.0 0.232558146119
ds 0.0 0.446153849363 0.178571432829 0.0
gs 0.272727280855 0.727272748947 0.0 0.695652186871
ts 0.089743591845 0.658333361149 0.520661175251 0.456521749496
a 0.422982096672 0.198897048831 0.194691926241 0.293344825506
b 0.148395299911 0.0763485357165 0.0655530691147 0.16798453033
d 0.155813887715 0.425229400396 0.340166658163 0.1027495116
g 0.101402007043 0.0319143533707 0.0335645489395 0.135917916894
t 0.171406686306 0.267610669136 0.366023808718 0.300003200769
h 1.0 1.0 1.0 1.0
c 0.365368276834 0 0 0
Aa 0.639019906521 0.468839734793 0.126363635063 0.51990956068
Ab 0.18411809206 0.0530120842159 -0.346391260624 0.277800351381
Ad 0.20530410111 0.798834681511 0.368707418442 0.0643108561635
Ag 0.0187444854528 -0.325802534819 -0.637103497982 0.185807794333
At 0.246725708246 0.597714781761 0.400525003672 0.529657006264
as 0.514285743237 0.71111112833 0.410958915949 0.329787224531
bs 0.0 0.899999976158 0.0500000007451 0.279069781303
ds 0.0 0.453846156597 0.184523805976 0.0
gs 0.345454543829 0.813953459263 0.0454545468092 0.782608687878
ts 0.0384615398943 0.666666686535 0.520661175251 0.445652186871
a 0.4350451231 0.198912397027 0.191361501813 0.287120014429
b 0.142559021711 0.0775749310851 0.0699651911855 0.170766726136
d 0.158669829369 0.423978120089 0.342249751091 0.103859223425
g 0.110001839697 0.0356453619897 0.0353751890361 0.15307636559
t 0.153724178672 0.263889163733 0.361048340797 0.28517767787
h 1.0 1.0 1.0 1.0
c 0.376241981983 0 0 0
Aa 0.65717202425 0.468839734793 0.126363635063 0.52203553915
Ab 0.172632396221 0.059899289161 -0.310608953238 0.296375364065
Ad 0.219132035971 0.797521352768 0.378852188587 0.0804171711206
Ag 0.0600376427174 -0.27781906724 -0.606792211533 0.248880252242
At 0.205379858613 0.591599464417 0.402074426413 0.519087612629
as 0.528571426868 0.71111112833 0.410958915949 0.329787224531
bs 0.0 0.925000011921 0.15000000596 0.302325576544
ds 0.0 0.446153849363 0.190476194024 0.0
gs 0.418181806803 0.930232584476 0.113636367023 0.884057998657
ts 0.0 0.658333361149 0.520661175251 0.434782594442
a 0.433891296387 0.203401580453 0.18539609015 0.278808385134
b 0.140191569924 0.0792040526867 0.0740117281675 0.172404840589
d 0.168643116951 0.419831693172 0.349179387093 0.111372038722
g 0.118373431265 0.0406164079905 0.0375784598291 0.168156281114
t 0.138900578022 0.256946265697 0.353834331036 0.269258469343
h 1.0 1.0 1.0 1.0
c 0.388322681189 0 0 0
Aa 0.662484109402 0.468839734793 0.122176609933 0.52203553915
Ab 0.171825066209 0.059232827276 -0.276623427868 0.313279181719
Ad 0.252071768045 0.783560633659 0.397124618292 0.12350589782
Ag 0.0983573719859 -0.230813071132 -0.570985019207 0.30244281888
At 0.16780719161 0.570327699184 0.402876019478 0.506899058819
as 0.542857170105 0.707865178585 0.410958915949 0.329787224531
bs 0.0 0.925000011921 0.22499999404 0.357142865658
ds 0.0 0.43846154213 0.196428567171 0.0
gs 0.490909099579 1.0 0.204545453191 0.955882370472
ts 0.0 0.641666650772 0.520661175251 0.413043469191
a 0.425441682339 0.21292579174 0.180801153183 0.272712737322
b 0.138755664229 0.081723280251 0.0770923048258 0.172993257642
d 0.182217612863 0.40982183814 0.3571639359 0.121674418449
g 0.124608024955 0.0466909371316 0.0396675057709 0.179262071848
t 0.128977015615 0.248838156462 0.345275104046 0.253357499838
h 1.0 1.0 1.0 1.0
c 0.401227235794 0 0 0
Aa 0.662484109402 0.464133173227 0.122176609933 0.523388385773
Ab 0.175894796848 0.048250682652 -0.248013526201 0.325712114573
Ad 0.294234395027 0.74849998951 0.417843014002 0.172882214189
Ag 0.129190057516 -0.194862529635 -0.536589682102 0.341171354055
At 0.144156381488 0.531821906567 0.403140693903 0.491416722536
as 0.550724625587 0.70454543829 0.410958915949 0.322580635548
bs 0.0 0.899999976158 0.307692319155 0.380952388048
ds 0.00826446246356 0.415384620428 0.215568855405 0.0
gs 0.54545456171 1.0 0.272727280855 1.0
ts 0.0 0.608333349228 0.529411792755 0.402173906565
a 0.416940748692 0.222936213017 0.177447840571 0.270657062531
b 0.136344566941 0.0859252661467 0.0793054848909 0.173362627625
d 0.194732278585 0.393491774797 0.363765448332 0.131450340152
g 0.128564894199 0.0538149364293 0.041630897671 0.186633616686
t 0.123417519033 0.243831828237 0.337850302458 0.237896338105
h 1.0 1.0 1.0 1.0
c 0.41443541646 0 0 0
Aa 0.662484109402 0.442875385284 0.122176609933 0.525674939156
Ab 0.177047610283 0.0288156867027 -0.227590873837 0.332211077213
Ad 0.331847697496 0.689630448818 0.433927357197 0.212017312646
Ag 0.151532128453 -0.174402371049 -0.507478296757 0.364245474339
At 0.133786559105 0.481785178185 0.401830226183 0.469643354416
as 0.550724625587 0.681818187237 0.410958915949 0.322580635548
bs 0.0 0.850000023842 0.35897436738 0.404761910439
ds 0.0413223132491 0.369230777025 0.221556887031 0.00763358781114
gs 0.581818163395 1.0 0.340909093618 1.0
ts 0.0 0.56302523613 0.529411792755 0.380434781313
a 0.411557137966 0.223023310304 0.173496469855 0.271589398384
b 0.133189499378 0.0918802917004 0.0797772407532 0.173976451159
d 0.202718377113 0.376472294331 0.376131922007 0.139853224158
g 0.131615430117 0.0613363943994 0.0429844371974 0.191637054086
t 0.120919533074 0.247287720442 0.327609926462 0.222943857312
h 1.0 1.0 1.0 1.0
c 0.427947223186 0 0 0
Aa 0.662484109402 0.393185943365 0.122176609933 0.526203453541
Ab 0.17252394557 0.00805803667754 -0.215235039592 0.332781136036
Ad 0.354947060347 0.620568692684 0.458226144314 0.237963140011
Ag 0.167360752821 -0.167446091771 -0.48380279541 0.374770134687
At 0.130550414324 0.438038229942 0.398243039846 0.440486162901
as 0.550724625587 0.625 0.410958915949 0.322580635548
bs 0.0 0.820512831211 0.368421047926 0.404761910439
ds 0.0578512400389 0.315384626389 0.239520952106 0.0305343512446
gs 0.618181824684 1.0 0.395348846912 1.0
ts 0.0 0.533898293972 0.529411792755 0.347826093435
a 0.409256964922 0.22270424664 0.16612547636 0.275967985392
b 0.130918845534 0.0932578667998 0.0773268938065 0.174245327711
d 0.205417305231 0.365399032831 0.399046629667 0.149469092488
g 0.134902611375 0.0644293427467 0.0430947691202 0.194511115551
t 0.119504258037 0.254209518433 0.314406216145 0.205806493759
h 1.0 1.0 1.0 1.0
c 0.441610872746 0 0 0
Aa 0.662484109402 0.36783477664 0.122176609933 0.529323935509
Ab 0.167490169406 -0.0102082723752 -0.209929063916 0.3296264112
Ad 0.363125026226 0.582873642445 0.502763986588 0.26301664114
Ag 0.180508375168 -0.170810043812 -0.463835060596 0.377409666777
At 0.127871394157 0.425298064947 0.399231493473 0.401924341917
as 0.550724625587 0.602272748947 0.410958915949 0.333333343267
bs 0.0 0.769230782986 0.394736856222 0.414634138346
ds 0.0666666701436 0.284615397453 0.263473063707 0.0458015277982
gs 0.636363625526 1.0 0.441860467196 1.0
ts 0.0 0.516949176788 0.529411792755 0.304347813129
a 0.408074021339 0.208109796047 0.187173843384 0.284654140472
b 0.130439892411 0.0810820609331 0.0640137940645 0.171189367771
d 0.205267623067 0.393743604422 0.427236706018 0.167742148042
g 0.139092043042 0.0568293072283 0.0371771864593 0.193316787481
t 0.11712642014 0.260235249996 0.284398466349 0.183097556233
h 1.0 1.0 1.0 1.0
c 0.455527544022 0 0 0
Aa 0.662484109402 0.383429825306 0.257096350193 0.545881211758
Ab 0.167155578732 -0.025937911123 -0.208875238895 0.325040489435
Ad 0.364065587521 0.660350799561 0.615519762039 0.316205888987
Ag 0.195047423244 -0.180290311575 -0.444872289896 0.377833276987
At 0.120400004089 0.480503439903 0.438778400421 0.354246228933
as 0.550724625587 0.620689630508 0.589041113853 0.351648360491
bs 0.0 0.71794873476 0.394736856222 0.390243887901
ds 0.0666666701436 0.346153855324 0.329341322184 0.0839694663882
gs 0.666666686535 1.0 0.488372087479 1.0
ts 0.0 0.567796587944 0.56302523613 0.252747267485
a 0.406677216291 0.192797839642 0.194607332349 0.277154713869
b 0.131697639823 0.0565248839557 0.0455794967711 0.166515320539
d 0.203694090247 0.460277855396 0.476831912994 0.207916229963
g 0.14419285953 0.0400486476719 0.0275877825916 0.190521225333
t 0.113738201559 0.250350773335 0.255393475294 0.157892495394
h 1.0 1.0 1.0 1.0
c 0.469658315182 0 0 0
Aa 0.662484109402 0.487723469734 0.420197427273 0.541632950306
Ab 0.172812238336 -0.0451390184462 -0.210192218423 0.32036486268
Ad 0.362212657928 0.865641355515 0.809403538704 0.416799038649
Ag 0.212177976966 -0.19479085505 -0.428244978189 0.378854036331
At 0.109140619636 0.601170241833 0.538248002529 0.297272145748
as 0.550724625587 0.747126460075 0.821917831898 0.351648360491
bs 0.0 0.666666686535 0.394736856222 0.390243887901
ds 0.0666666701436 0.5 0.449101805687 0.160305336118
gs 0.692307710648 1.0 0.534883737564 1.0
ts 0.0 0.669491529465 0.647058844566 0.177777782083
a 0.404409706593 0.161864176393 0.170250400901 0.242331445217
b 0.133773118258 0.03614545241 0.0310897827148 0.161966130137
d 0.203592866659 0.539324522018 0.541281104088 0.271877348423
g 0.148814424872 0.0261486656964 0.019418226555 0.187434196472
t 0.109409891069 0.236517205834 0.237960502505 0.136390864849
h 1.0 1.0 1.0 1.0
c 0.484110236168 0 0 0
Aa 0.662484109402 0.577344477177 0.525433182716 0.490578860044
Ab 0.182031393051 -0.0737526118755 -0.213037237525 0.31559330225
Ad 0.364425092936 1.10004389286 1.02776789665 0.540542125702
Ag 0.228307589889 -0.21435675025 -0.417445361614 0.379017919302
At 0.0947191119194 0.742056429386 0.670849978924 0.240954369307
as 0.550724625587 0.847058832645 0.958904087543 0.296703308821
bs 0.0 0.589743614197 0.394736856222 0.365853667259
ds 0.0666666701436 0.684615373611 0.574850320816 0.259541988373
gs 0.730769217014 0.978260874748 0.558139562607 1.0
ts 0.0 0.788135588169 0.752136766911 0.122222222388
a 0.378985434771 0.125473618507 0.134467512369 0.213054805994
b 0.140904203057 0.0238012094051 0.0222140550613 0.153117060661
d 0.214188054204 0.607893943787 0.601602852345 0.336548566818
g 0.156204044819 0.0178671013564 0.0140982838348 0.177919104695
t 0.109718263149 0.224964097142 0.227617293596 0.119360469282
h 1.0 1.0 1.0 1.0
c 0.498681783676 0 0 0
Aa 0.623392641544 0.609749138355 0.564810156822 0.45425465703
Ab 0.193694040179 -0.112204246223 -0.217179343104 0.310786902905
Ad 0.375565350056 1.2950245142 1.21550273895 0.652811050415
Ag 0.238462388515 -0.236749187112 -0.414640963078 0.375985920429
At 0.0850490257144 0.863309919834 0.793398082256 0.202623844147
as 0.492753624916 0.89411765337 1.0 0.244444444776
bs 0.0232558138669 0.512820541859 0.368421047926 0.365853667259
ds 0.0750000029802 0.829457342625 0.688622772694 0.33846154809
gs 0.745098054409 0.934782624245 0.558139562607 1.0
ts 0.0 0.88983052969 0.854700863361 0.0777777805924
a 0.321912616491 0.0889539048076 0.103594765067 0.197277158499
b 0.15486459434 0.0171624924988 0.0171967390925 0.142936423421
d 0.240574017167 0.663266599178 0.647902786732 0.382661670446
g 0.165977075696 0.0134932212532 0.0109617682174 0.164702177048
t 0.116671726108 0.217123791575 0.220343977213 0.112422592938
h 1.0 1.0 1.0 1.0
c 0.513253390789 0 0 0
Aa 0.527177274227 0.560538709164 0.556151688099 0.446239411831
Ab 0.20939143002 -0.154045939445 -0.223740071058 0.306305497885
Ad 0.400688022375 1.43306183815 1.35232365131 0.733977556229
Ag 0.239487409592 -0.258510679007 -0.419305533171 0.367861926556
At 0.0864049419761 0.948081076145 0.883915007114 0.202016204596
as 0.347826093435 0.835294127464 1.0 0.233333334327
bs 0.047619048506 0.384615391493 0.342105269432 0.34999999404
ds 0.10000000149 0.937984466553 0.772455096245 0.40000000596
gs 0.745098054409 0.891304373741 0.558139562607 1.0
ts 0.0 0.974358975887 0.931623935699 0.0777777805924
a 0.263289749622 0.0706316009164 0.0875829830766 0.183537647128
b 0.16870200634 0.0135132186115 0.0143170217052 0.135668560863
d 0.272819072008 0.695457041264 0.675854623318 0.412057220936
g 0.169186159968 0.0111420759931 0.00914504565299 0.152337759733
t 0.126003012061 0.209256067872 0.21310031414 0.11639881134
h 1.0 1.0 1.0 1.0
c 0.527541935444 0 0 0
Aa 0.423828214407 0.524660646915 0.552135944366 0.433948427439
Ab 0.230514511466 -0.193579599261 -0.234431132674 0.302702486515
Ad 0.439269006252 1.51793193817 1.43956947327 0.785180807114
Ag 0.231759101152 -0.277372270823 -0.429097920656 0.353030860424
At 0.103775195777 0.996339678764 0.938300251961 0.23617182672
as 0.202898547053 0.797619044781 1.0 0.222222223878
bs 0.0975609719753 0.282051295042 0.315789461136 0.34999999404
ds 0.133333340287 1.0 0.831325292587 0.43846154213
gs 0.72549021244 0.866666674614 0.534883737564 0.985714256763
ts 0.0 1.0 0.982758641243 0.111111111939
a 0.240735888481 0.0637307986617 0.0802963301539 0.172739446163
b 0.17324000597 0.0115588326007 0.0126442220062 0.130110755563
d 0.295926183462 0.711661994457 0.691316783428 0.430775076151
g 0.158996671438 0.00991278886795 0.00814020913094 0.139688998461
t 0.131101235747 0.203135564923 0.207602456212 0.126685738564
h 1.0 1.0 1.0 1.0
c 0.541428208351 0 0 0
Aa 0.398714095354 0.51352250576 0.552135944366 0.4227001369
Ab 0.255821466446 -0.227912858129 -0.250667631626 0.299621850252
Ad 0.488356679678 1.56144690514 1.48711740971 0.819559156895
Ag 0.218561306596 -0.294630974531 -0.441924154758 0.330470830202
At 0.134780034423 1.01695919037 0.964672744274 0.288036346436
as 0.176470592618 0.785714268684 1.0 0.211111113429
bs 0.146341457963 0.205128207803 0.289473682642 0.35897436738
ds 0.17499999702 1.0 0.855421662331 0.469230771065
gs 0.705882370472 0.822222232819 0.511627912521 0.957142829895
ts 0.0 1.0 1.0 0.177777782083
a 0.234721958637 0.0614586398005 0.0772553607821 0.165826350451
b 0.172216042876 0.0104642799124 0.0115575846285 0.12450966239
d 0.315296500921 0.719149470329 0.699370205402 0.445895731449
g 0.143659085035 0.00914016086608 0.00754709076136 0.125184193254
t 0.13410641253 0.199787423015 0.204269781709 0.138584062457
h 1.0 1.0 1.0 1.0
c 0.554629147053 0 0 0
Aa 0.416267603636 0.510278582573 0.552135944366 0.419632315636
Ab 0.281787514687 -0.258595019579 -0.272925615311 0.295181810856
Ad 0.544433057308 1.57851481438 1.50891447067 0.849212110043
Ag 0.20304697752 -0.317350536585 -0.458013147116 0.297528296709
At 0.173163443804 1.02226376534 0.974411427975 0.341692060232
as 0.191176474094 0.785714268684 1.0 0.215909093618
bs 0.219512194395 0.128205135465 0.236842110753 0.333333343267
ds 0.216666668653 1.0 0.87349396944 0.492307692766
gs 0.666666686535 0.777777791023 0.465116292238 0.914285719395
ts 0.048192769289 1.0 1.0 0.233333334327
a 0.216708779335 0.0610661804676 0.0761125460267 0.158388391137
b 0.171846553683 0.00974530726671 0.0106713706627 0.118983305991
d 0.342024087906 0.722427666187 0.703594148159 0.462929010391
g 0.13046631217 0.008341033943 0.00707134231925 0.108918555081
t 0.138954281807 0.198419809341 0.202550575137 0.1507807374
h 1.0 1.0 1.0 1.0
c 0.56690621376 0 0 0
Aa 0.406441122293 0.510278582573 0.552135944366 0.413369327784
Ab 0.305705457926 -0.286726623774 -0.301100105047 0.289132028818
Ad 0.604621350765 1.5832722187 1.51800191402 0.879160404205
Ag 0.18606300652 -0.354302316904 -0.479818433523 0.250747859478
At 0.213436558843 1.02206289768 0.977213144302 0.391991853714
as 0.176470592618 0.795180737972 1.0 0.204545453191
bs 0.268292695284 0.0512820519507 0.135135129094 0.333333343267
ds 0.268907576799 1.0 0.87349396944 0.515384614468
gs 0.627451002598 0.688888907433 0.418604642153 0.842857122421
ts 0.096385538578 1.0 1.0 0.288888901472
a 0.190446272492 0.0610774420202 0.0756526961923 0.14976619184
b 0.172634422779 0.00936225336045 0.00989513471723 0.114770308137
d 0.37467160821 0.724298596382 0.706211745739 0.480290919542
g 0.11874499917 0.00733518460765 0.00660040322691 0.091953009367
t 0.143502697349 0.1979265064 0.201639994979 0.163219556212
h 1.0 1.0 1.0 1.0
c 0.578303813934 0 0 0
Aa 0.372745811939 0.510278582573 0.552135944366 0.400658339262
Ab 0.330100744963 -0.304221868515 -0.331266731024 0.285074084997
Ad 0.666624128819 1.5843154192 1.52224647999 0.906748950481
Ag 0.167588695884 -0.410191208124 -0.507117986679 0.188810482621
At 0.249833449721 1.02090167999 0.977888226509 0.438016742468
as 0.132352948189 0.795180737972 1.0 0.193181812763
bs 0.341463416815 0.0 0.0540540553629 0.307692319155
ds 0.319327741861 1.0 0.879518091679 0.530769228935
gs 0.607843160629 0.577777802944 0.348837196827 0.757142841816
ts 0.144578307867 1.0 1.0 0.344444453716
a 0.157695367932 0.061164803803 0.075503192842 0.143553227186
b 0.17692258954 0.00932156573981 0.00914578605443 0.113122925162
d 0.409592688084 0.725475668907 0.708229362965 0.492035537958
g 0.109125673771 0.00622369349003 0.00613506417722 0.0761469304562
t 0.146663680673 0.197814285755 0.200986593962 0.175141379237
h 1.0 1.0 1.0 1.0
c 0.588419735432 0 0 0
Aa 0.310097545385 0.510278582573 0.552135944366 0.392317563295
Ab 0.360061913729 -0.306734144688 -0.364608317614 0.28885525465
Ad 0.724630773067 1.58439981937 1.52434456348 0.927301108837
Ag 0.150205567479 -0.482174813747 -0.538010299206 0.116957008839
At 0.278601199389 1.02003467083 0.97733771801 0.478693366051
as 0.0441176481545 0.795180737972 1.0 0.174418598413
bs 0.414634138346 0.0 0.0 0.333333343267
ds 0.369747906923 1.0 0.879518091679 0.546153843403
gs 0.568627476692 0.422222226858 0.279069781303 0.642857134342
ts 0.180722892284 1.0 1.0 0.393258422613
a 0.128095984459 0.0611861683428 0.0754817128181 0.13918183744
b 0.184834942222 0.00975267216563 0.00859167426825 0.114927053452
d 0.438616514206 0.726013898849 0.709731280804 0.496182471514
g 0.101855881512 0.00527239078656 0.00576072139665 0.0637406259775
t 0.146596670151 0.197774857283 0.200434610248 0.185968011618
h 1.0 1.0 1.0 1.0
c 0.588419735432 0 0 0
Aa 0.238680332899 0.510278582573 0.552135944366 0.387091189623
Ab 0.397928893566 -0.287251055241 -0.391628026962 0.303930878639
Ad 0.773229777813 1.58457028866 1.5253881216 0.939149975777
Ag 0.139130905271 -0.554367125034 -0.565228939056 0.0479249246418
At 0.297268897295 1.01979637146 0.976266920567 0.512946844101
as 0.0 0.795180737972 1.0 0.162790700793
bs 0.512195110321 0.0512820519507 0.0 0.35897436738
ds 0.411764711142 1.0 0.879518091679 0.56153845787
gs 0.549019634724 0.244444444776 0.209302321076 0.557142853737
ts 0.192771077156 1.0 1.0 0.413793116808
a 0.117095030844 0.0611143000424 0.0754840150476 0.13665419817
b 0.192753240466 0.0105994204059 0.00831917766482 0.119338609278
d 0.451178103685 0.725719153881 0.710732579231 0.493124395609
g 0.0966345965862 0.00475140102208 0.0055191880092 0.0558496490121
t 0.142339020967 0.197815716267 0.199945017695 0.195033147931
h 1.0 1.0 1.0 1.0
c 0.588419735432 0 0 0
Aa 0.222416505218 0.510278582573 0.552135944366 0.387091189623
Ab 0.438879698515 -0.250582128763 -0.405638635159 0.328249156475
Ad 0.808226048946 1.58490431309 1.52598714828 0.944424688816
Ag 0.139010682702 -0.599042594433 -0.583843886852 -0.00151135283522
At 0.307202011347 1.02039647102 0.975191533566 0.541576623917
as 0.0 0.795180737972 1.0 0.162790700793
bs 0.609756112099 0.153846159577 0.0 0.435897439718
ds 0.445378154516 1.0 0.879518091679 0.56153845787
gs 0.540000021458 0.155555561185 0.162790700793 0.485714286566
ts 0.204819276929 1.0 1.0 0.448275864124
a 0.112211070955 0.0610661953688 0.0756194964051 0.135389938951
b 0.200440764427 0.0116753010079 0.0083305388689 0.124833717942
d 0.454727530479 0.725028455257 0.710913777351 0.484933018684
g 0.0950516536832 0.00475334888324 0.00540255382657 0.0523588135839
t 0.137568980455 0.197476670146 0.199733614922 0.20248451829
h 1.0 1.0 1.0 1.0
c 0.588419735432 0 0 0
Aa 0.222416505218 0.510278582573 0.551981449127 0.391287595034
Ab 0.4743668437 -0.2082542032 -0.405979216099 0.356033116579
Ad 0.830132067204 1.58483278751 1.52516460419 0.94538295269
Ag 0.150340482593 -0.598522603512 -0.594053268433 -0.0213089864701
At 0.310901343822 1.01999354362 0.973798811436 0.566093027592
as 0.0 0.792682945728 1.0 0.174418598413
bs 0.68292683363 0.256410270929 0.0 0.487179487944
ds 0.457627117634 1.0 0.879518091679 0.56153845787
gs 0.571428596973 0.155555561185 0.139534890652 0.457142859697
ts 0.219512194395 1.0 1.0 0.471264362335
a 0.109019219875 0.0613993965089 0.0762227252126 0.134923040867
b 0.205655068159 0.0128840347752 0.00854548905045 0.129784569144
d 0.455643743277 0.724396944046 0.710786283016 0.473701685667
g 0.0958858579397 0.0052329278551 0.00535369617864 0.0518943481147
t 0.133796095848 0.196086704731 0.199091807008 0.209696352482
h 1.0 1.0 1.0 1.0
c 0.588419735432 0 0 0
Aa 0.222416505218 0.510278582573 0.551981449127 0.396911174059
Ab 0.498052835464 -0.16783362627 -0.398366123438 0.38004809618
Ad 0.843538820744 1.58209109306 1.52163600922 0.94232994318
Ag 0.166667997837 -0.559140741825 -0.60144931078 -0.0180549025536
At 0.31135687232 1.01456260681 0.968950331211 0.588415920734
as 0.0 0.792682945728 1.0 0.176470592618
bs 0.756097555161 0.35897436738 0.0 0.564102590084
ds 0.466101706028 1.0 0.879518091679 0.56153845787
gs 0.591836750507 0.244444444776 0.119047619402 0.457142859697
ts 0.219512194395 0.991071403027 1.0 0.505747139454
a 0.107142329216 0.0633481070399 0.078496478498 0.134785339236
b 0.207686036825 0.0142864072695 0.0089397802949 0.133930295706
d 0.457036286592 0.724464952946 0.7111992836 0.460721850395
g 0.0966625213623 0.00607684627175 0.00535849388689 0.0523844696581
t 0.131472826004 0.191823706031 0.196006000042 0.218178033829
h 1.0 1.0 1.0 1.0
c 0.588419735432 0 0 0
Aa 0.222416505218 0.510278582573 0.551661193371 0.396911174059
Ab 0.509862720966 -0.136532023549 -0.391862094402 0.394147366285
Ad 0.852406084538 1.56856238842 1.50880229473 0.930707335472
Ag 0.177713543177 -0.507776796818 -0.614146232605 -0.0135289076716
At 0.31129142642 0.991447210312 0.949080407619 0.6060795784
as 0.0 0.792682945728 1.0 0.176470592618
bs 0.800000011921 0.435897439718 0.0 0.589743614197
ds 0.478632479906 0.985294103622 0.87349396944 0.553846180439
gs 0.632653057575 0.340909093618 0.0714285746217 0.441176474094
ts 0.219512194395 0.973214268684 0.982758641243 0.517241358757
a 0.106315471232 0.0691311210394 0.0842330977321 0.138673096895
b 0.208028316498 0.0163268297911 0.00967609230429 0.137727722526
d 0.460811674595 0.723636746407 0.711810827255 0.442904263735
g 0.0953483954072 0.00734532671049 0.00551953818649 0.0520479418337
t 0.129496157169 0.183559969068 0.188760444522 0.228646993637
h 1.0 1.0 1.0 1.0
c 0.588419735432 0 0 0
Aa 0.222416505218 0.510278582573 0.548148453236 0.39798822999
Ab 0.513942480087 -0.116493180394 -0.391634315252 0.39501735568
Ad 0.859343469143 1.53012561798 1.475030303 0.902305841446
Ag 0.175133422017 -0.463383942842 -0.635431587696 -0.0276004429907
At 0.308076888323 0.934382915497 0.898576676846 0.615161478519
as 0.0 0.792682945728 1.0 0.188235297799
bs 0.800000011921 0.487179487944 0.0 0.60526317358
ds 0.487179487944 0.963235318661 0.854545474052 0.530769228935
gs 0.604166686535 0.454545468092 0.023809524253 0.426470577717
ts 0.219512194395 0.919642865658 0.939655184746 0.528735637665
a 0.106428831816 0.0819009616971 0.096736997366 0.144421726465
b 0.20861171186 0.0198697000742 0.0111402990296 0.142563566566
d 0.465216547251 0.717822909355 0.709554672241 0.421027392149
g 0.0917964950204 0.00938249286264 0.00605175597593 0.0506982430816
t 0.127946406603 0.171023905277 0.176516309381 0.241289064288
h 1.0 1.0 1.0 1.0
c 0.588419735432 0 0 0
Aa 0.222416505218 0.507901728153 0.541424155235 0.388163805008
Ab 0.514695882797 -0.107195973396 -0.397271573544 0.382539778948
Ad 0.863012373447 1.45063006878 1.40681743622 0.852841615677
Ag 0.158183291554 -0.433069050312 -0.662286996841 -0.0664758235216
At 0.302385300398 0.827669560909 0.802616417408 0.6110689044
as 0.0 0.792682945728 0.986301362514 0.168674692512
bs 0.800000011921 0.526315808296 0.0 0.578947365284
ds 0.487179487944 0.904411792755 0.81097561121 0.492307692766
gs 0.583333313465 0.522727251053 0.0 0.367647051811
ts 0.207317069173 0.821428596973 0.853448271751 0.528735637665
a 0.106276914477 0.100489616394 0.106558144093 0.155077755451
b 0.210409671068 0.0267396569252 0.0141754038632 0.148332938552
d 0.469857484102 0.704206109047 0.709900975227 0.395008981228
g 0.0875490829349 0.01305467356 0.00742156477645 0.0484619513154
t 0.125906854868 0.155509933829 0.161943927407 0.253118366003
h 1.0 1.0 1.0 1.0
c 0.588419735432 0 0 0
Aa 0.216772213578 0.46906003356 0.469379097223 0.38000062108
Ab 0.513399004936 -0.105905346572 -0.406672090292 0.360688716173
Ad 0.862299442291 1.31463861465 1.29299020767 0.786058068275
Ag 0.132584869862 -0.417295128107 -0.687712073326 -0.125147998333
At 0.290382623672 0.658696949482 0.651157140732 0.592774748802
as 0.0 0.753086447716 0.890410959721 0.15662650764
bs 0.800000011921 0.526315808296 0.0 0.513513505459
ds 0.487179487944 0.801470577717 0.743902444839 0.43846154213
gs 0.520833313465 0.54545456171 0.0 0.279411762953
ts 0.195121943951 0.675675690174 0.72413790226 0.505747139454
a 0.112569905818 0.112350262702 0.102552570403 0.190267816186
b 0.210513263941 0.0415841266513 0.0204596780241 0.15026652813
d 0.471412628889 0.684180378914 0.718703448772 0.362091809511
g 0.0834335237741 0.0205798707902 0.0105371624231 0.044953700155
t 0.12207069248 0.141305372119 0.147747129202 0.252420127392
h 1.0 1.0 1.0 1.0
c 0.577317118645 0 0 0
Aa 0.237571075559 0.324591368437 0.283672362566 0.441121816635
Ab 0.509428262711 -0.107055149972 -0.416375398636 0.338618755341
Ad 0.859549999237 1.10918784142 1.12927556038 0.720575213432
Ag 0.107489362359 -0.412540107965 -0.704550504684 -0.185478076339
At 0.272760182619 0.424175918102 0.44224485755 0.563880503178
as 0.0273972600698 0.5679012537 0.630136966705 0.228915661573
bs 0.800000011921 0.526315808296 0.0 0.459459453821
ds 0.487179487944 0.654411792755 0.646341443062 0.392307698727
gs 0.479166656733 0.568181812763 0.0 0.191176474094
ts 0.170731708407 0.459459453821 0.543103456497 0.471264362335
a 0.118747062981 0.127370119095 0.0822420865297 0.232291430235
b 0.207360669971 0.0732382535934 0.0326091349125 0.147330775857
d 0.475791335106 0.63039958477 0.73078674078 0.33854830265
g 0.0800139829516 0.03596014902 0.0169117506593 0.0417035855353
t 0.11808693409 0.133031874895 0.137450262904 0.240125894547
h 1.0 1.0 1.0 1.0
c 0.565498173237 0 0 0
Aa 0.261459469795 0.134833350778 -0.0236799046397 0.524213552475
Ab 0.503562986851 -0.105496220291 -0.4254347682 0.326473861933
Ad 0.864253103733 0.82938170433 0.925016641617 0.687801003456
Ag 0.0900024846196 -0.41441270709 -0.710585474968 -0.221646264195
At 0.259038448334 0.153721511364 0.199371546507 0.538619339466
as 0.0547945201397 0.33750000596 0.205479457974 0.325301200151
bs 0.774999976158 0.526315808296 0.0 0.416666656733
ds 0.487179487944 0.444444447756 0.518292665482 0.369230777025
gs 0.4375 0.54545456171 0.0 0.147058829665
ts 0.160493820906 0.216216221452 0.336206883192 0.448275864124
a 0.16547241807 0.158482789993 0.0764415189624 0.310128033161
b 0.186809152365 0.124264247715 0.0504197925329 0.127106517553
d 0.461043447256 0.50670838356 0.711907327175 0.313665807247
g 0.0712027847767 0.0593730509281 0.0266270451248 0.0363708883524
t 0.115472204983 0.151171535254 0.13460431993 0.212728738785
h 1.0 1.0 1.0 1.0
c 0.553628087044 0 0 0
Aa 0.448296159506 0.00861864071339 -0.251621812582 0.720792293549
Ab 0.500968694687 -0.0970172658563 -0.432350069284 0.333419114351
Ad 0.893312394619 0.513394653797 0.717472314835 0.725718438625
Ag 0.0820675194263 -0.41777408123 -0.709628164768 -0.209994837642
At 0.292048037052 -0.011893408373 -0.00589215708897 0.557077467442
as 0.305555552244 0.177215188742 0.0 0.566265046597
bs 0.774999976158 0.552631556988 0.0 0.444444447756
ds 0.512820541859 0.207407400012 0.390243887901 0.392307698727
gs 0.416666656733 0.54545456171 0.0 0.161764711142
ts 0.197530865669 0.0720720738173 0.155172407627 0.45977011323
