a 0.269959211349 0.410890161991 0.273024320602 0.190040305257
b 0.186971873045 0.0923155844212 0.0585167594254 0.119685865939
d 0.226529151201 0.193879008293 0.321912020445 0.389358252287
g 0.110376961529 0.0386567488313 0.0484713800251 0.101995117962
t 0.206162810326 0.264258503914 0.29807549715 0.198920458555
h 1.0 1.0 1.0 1.0
c 0.342923164368 0 0 0
Aa 0.487111836672 0.420331835747 0.204958364367 0.190886795521
Ab 0.327589988708 -0.228118881583 -0.463962703943 -0.00991605967283
Ad 0.410937786102 0.0941368937492 0.276494204998 0.502390444279
Ag 0.0986921340227 -0.606168568134 -0.545757591724 -0.0793795287609
At 0.37002402544 0.22863510251 0.243083313107 0.210720524192
as 0.33962264657 0.659574449062 0.370000004768 0.0
bs 0.375 0.363636374474 0.0 0.0
ds 0.0 0.0 0.0 0.0390625
gs 0.457627117634 0.0250000003725 0.29411765933 0.152542367578
ts 0.28125 0.322314053774 0.305555552244 0.0487804859877
a 0.28090646863 0.403283447027 0.283017843962 0.195636302233
b 0.180582121015 0.0738621428609 0.05018049106 0.119925238192
d 0.216393232346 0.204362899065 0.305312305689 0.391538232565
g 0.112573809922 0.0292527005076 0.0384156517684 0.104144737124
t 0.209544375539 0.289238810539 0.323073714972 0.188755482435
h 1.0 1.0 1.0 1.0
c 0.332450270653 0 0 0
Aa 0.541396200657 0.535885035992 0.346779316664 0.238601073623
Ab 0.349509239197 -0.201303482056 -0.404499560595 0.0260622147471
Ad 0.428078174591 0.240676686168 0.379709869623 0.539925813675
Ag 0.144271865487 -0.603559434414 -0.52052628994 -0.035211045295
At 0.414110481739 0.391531169415 0.404267132282 0.223051190376
as 0.452830195427 0.776595771313 0.509999990463 0.0
bs 0.425000011921 0.431818187237 0.108695648611 0.0
ds 0.0152671756223 0.0652173906565 0.0793650820851 0.0703125
gs 0.525423705578 0.0500000007451 0.382352948189 0.220338985324
ts 0.322916656733 0.454545468092 0.453703701496 0.0609756112099
a 0.293460786343 0.377968490124 0.267843365669 0.203611090779
b 0.173617720604 0.0630599409342 0.0451309271157 0.121791891754
d 0.210353791714 0.216203793883 0.310841321945 0.395822823048
g 0.111519098282 0.0237784087658 0.0313237719238 0.105385921896
t 0.211048603058 0.318989366293 0.344860613346 0.173388257623
h 1.0 1.0 1.0 1.0
c 0.332450270653 0 0 0
Aa 0.595139622688 0.601018428802 0.431267470121 0.296864897013
Ab 0.367183625698 -0.176683589816 -0.342139184475 0.0736818388104
Ad 0.450539886951 0.35842615366 0.495925337076 0.585564315319
Ag 0.174938797951 -0.600254416466 -0.500739336014 0.0108460709453
At 0.451972037554 0.527339041233 0.541030168533 0.227083146572
as 0.547169804573 0.851063847542 0.612244904041 0.0625
bs 0.449999988079 0.465116292238 0.260869562626 0.0243902429938
ds 0.0305343512446 0.152173906565 0.159999996424 0.1015625
gs 0.568965494633 0.0500000007451 0.441176474094 0.305084735155
ts 0.364583343267 0.561983466148 0.583333313465 0.0609756112099
a 0.305686205626 0.343979328871 0.244814619422 0.215565592051
b 0.166574567556 0.0583171918988 0.0429202467203 0.126303747296
d 0.20972147584 0.223324269056 0.323697805405 0.397089064121
g 0.108153522015 0.0210502129048 0.0266543850303 0.106041193008
t 0.209864243865 0.353329002857 0.361912935972 0.155000388622
h 1.0 1.0 1.0 1.0
c 0.332450270653 0 0 0
Aa 0.646649479866 0.617480158806 0.473911702633 0.364574939013
Ab 0.382982373238 -0.153255611658 -0.282263427973 0.132411718369
Ad 0.483016580343 0.429883688688 0.595214128494 0.629883408546
Ag 0.195414334536 -0.595795691013 -0.489156991243 0.0564700961113
At 0.483312129974 0.629127085209 0.643678426743 0.221328258514
as 0.641509413719 0.870967745781 0.666666686535 0.208333328366
bs 0.512820541859 0.511627912521 0.377777785063 0.170731708407
ds 0.053435113281 0.202898547053 0.239999994636 0.140625
gs 0.603448271751 0.0500000007451 0.454545468092 0.372881352901
ts 0.395833343267 0.649999976158 0.675925910473 0.0617283955216
a 0.299020439386 0.318058162928 0.21722766757 0.230988070369
b 0.164244741201 0.0568104609847 0.0426942929626 0.132820412517
d 0.219195634127 0.224267497659 0.341974258423 0.393122822046
g 0.106600679457 0.0196813736111 0.0238044261932 0.106499053538
t 0.210938513279 0.381182491779 0.374299347401 0.13656963408
h 1.0 1.0 1.0 1.0
c 0.332450270653 0 0 0
Aa 0.660012125969 0.620459496975 0.475049108267 0.437007665634
Ab 0.399802714586 -0.127618744969 -0.231496214867 0.196682959795
Ad 0.525143146515 0.468719273806 0.672127425671 0.667946398258
Ag 0.212071239948 -0.587991654873 -0.485208302736 0.100763864815
At 0.508467137814 0.699085891247 0.711353003979 0.20877225697
as 0.67924529314 0.881720423698 0.680851042271 0.354166656733
bs 0.564102590084 0.581395328045 0.488888889551 0.31707316637
ds 0.0839694663882 0.222222223878 0.303999990225 0.173228353262
gs 0.63793104887 0.0750000029802 0.454545468092 0.457627117634
ts 0.427083343267 0.708333313465 0.747663557529 0.0493827164173
a 0.289692342281 0.300380647182 0.199777424335 0.233157247305
b 0.16293810308 0.057110760361 0.0431328639388 0.142616301775
d 0.232158735394 0.226637259126 0.356265485287 0.392717570066
g 0.10578815639 0.0189074408263 0.021834583953 0.108927756548
t 0.209422662854 0.396963864565 0.378989636898 0.122581101954
h 1.0 1.0 1.0 1.0
c 0.332450270653 0 0 0
Aa 0.667319536209 0.626434206963 0.475049108267 0.473440527916
Ab 0.417405158281 -0.094519816339 -0.190688997507 0.259960770607
Ad 0.571167528629 0.504093527794 0.72627645731 0.699871957302
Ag 0.229819566011 -0.574604988098 -0.48635238409 0.142930164933
At 0.526406168938 0.747513234615 0.753130018711 0.194215118885
as 0.67924529314 0.891304373741 0.703296720982 0.4375
bs 0.589743614197 0.642857134342 0.568181812763 0.487804889679
ds 0.122137404978 0.244444444776 0.344000011683 0.196850389242
gs 0.672413766384 0.102564103901 0.454545468092 0.525423705578
ts 0.442105263472 0.741666674614 0.785046756268 0.0246913582087
a 0.280260562897 0.283872127533 0.192016750574 0.224117442966
b 0.162256225944 0.0579195432365 0.0436563752592 0.153439864516
d 0.245588123798 0.240324825048 0.367570877075 0.39712780714
g 0.106358118355 0.0181907489896 0.0203388035297 0.112452715635
t 0.205536961555 0.399692744017 0.376417189837 0.112862169743
h 1.0 1.0 1.0 1.0
c 0.34330624342 0 0 0
Aa 0.670549213886 0.635905563831 0.484529674053 0.48043474555
Ab 0.433188557625 -0.054392054677 -0.158761769533 0.315897315741
Ad 0.613194525242 0.563581466675 0.766531646252 0.728889405727
Ag 0.249757826328 -0.557366609573 -0.490484058857 0.180929034948
At 0.535877108574 0.784509122372 0.776859998703 0.18250747025
as 0.698113203049 0.899999976158 0.714285731316 0.458333343267
bs 0.641025662422 0.738095223904 0.651162803173 0.609756112099
ds 0.15267175436 0.288888901472 0.375999987125 0.220472440124
gs 0.706896543503 0.153846159577 0.454545468092 0.593220353127
ts 0.452631592751 0.774999976158 0.803738296032 0.0123456791043
a 0.273016750813 0.271852552891 0.186699211597 0.221219450235
b 0.160410657525 0.0575721040368 0.0441968478262 0.159842118621
d 0.26103207469 0.263055771589 0.375779896975 0.401158601046
g 0.10737516731 0.0170815400779 0.0192045643926 0.113236144185
t 0.198165372014 0.390438020229 0.374119460583 0.104543671012
h 1.0 1.0 1.0 1.0
c 0.35487473011 0 0 0
Aa 0.675389885902 0.660483837128 0.491246432066 0.502822935581
Ab 0.444433838129 -0.0136375129223 -0.134504750371 0.361690819263
Ad 0.655894458294 0.6461982131 0.795037508011 0.761315703392
Ag 0.270104467869 -0.541322588921 -0.496491611004 0.211984679103
At 0.536228358746 0.81770247221 0.793114244938 0.177297353745
as 0.698113203049 0.933333337307 0.72527474165 0.5
bs 0.666666686535 0.833333313465 0.697674393654 0.731707334518
ds 0.178294569254 0.343283593655 0.395161300898 0.244094491005
gs 0.741379320621 0.205128207803 0.424242436886 0.644067823887
ts 0.457446813583 0.800000011921 0.822429895401 0.0123456791043
a 0.270237833261 0.25504937768 0.182007074356 0.220488339663
b 0.154802829027 0.0567701272666 0.0448226928711 0.160608142614
d 0.282955765724 0.292251974344 0.38047015667 0.410410583019
g 0.10653731972 0.0159366056323 0.018233075738 0.110446624458
t 0.185466274619 0.379991918802 0.374466985464 0.0980463176966
h 1.0 1.0 1.0 1.0
c 0.366870224476 0 0 0
Aa 0.691127419472 0.673750936985 0.493074387312 0.534635126591
Ab 0.449160128832 0.0212465617806 -0.115515910089 0.397017031908
Ad 0.711099803448 0.732884168625 0.813306748867 0.804468035698
Ag 0.286882996559 -0.530477464199 -0.50615388155 0.234401926398
At 0.527646183968 0.846901059151 0.806399703026 0.182680785656
as 0.73584908247 0.955056190491 0.72527474165 0.5625
bs 0.692307710648 0.928571403027 0.744186043739 0.800000011921
ds 0.224806204438 0.410447746515 0.411290317774 0.275590538979
gs 0.758620679379 0.230769231915 0.39393940568 0.677966117859
ts 0.457446813583 0.824999988079 0.831775724888 0.0125000001863
a 0.260484784842 0.234887436032 0.178763329983 0.210339561105
b 0.145247161388 0.0555877350271 0.0453831739724 0.157516226172
d 0.321960180998 0.32469278574 0.381260037422 0.433222293854
g 0.102982722223 0.0148702859879 0.0172044336796 0.105595760047
t 0.169325172901 0.369961768389 0.37738904357 0.0933261439204
h 1.0 1.0 1.0 1.0
c 0.379436701536 0 0 0
Aa 0.700784802437 0.673750936985 0.493074387312 0.551226973534
Ab 0.447110146284 0.0478701218963 -0.102309159935 0.425631284714
Ad 0.792804658413 0.814363777637 0.822017252445 0.865016818047
Ag 0.2977668643 -0.524789512157 -0.523563623428 0.251952469349
At 0.51372396946 0.871047973633 0.817585229874 0.198309332132
as 0.754716992378 0.955056190491 0.72527474165 0.604166686535
bs 0.666666686535 1.0 0.790697693825 0.875
ds 0.286821693182 0.473684221506 0.419354826212 0.322834640741
gs 0.793103456497 0.230769231915 0.333333343267 0.711864411831
ts 0.436170220375 0.850000023842 0.84112149477 0.0375000014901
a 0.240100055933 0.216136470437 0.177230983973 0.190027102828
b 0.131672739983 0.0538084432483 0.0459168367088 0.151392817497
d 0.381111741066 0.359810143709 0.378026366234 0.468384504318
g 0.0963370725513 0.0139214042574 0.0160024892539 0.0999759957194
t 0.150778383017 0.356323540211 0.382823348045 0.0902195796371
h 1.0 1.0 1.0 1.0
c 0.392286241055 0 0 0
Aa 0.700784802437 0.673750936985 0.493074387312 0.551226973534
Ab 0.439888447523 0.0698733255267 -0.093493282795 0.452516674995
Ad 0.901444911957 0.895096302032 0.822056829929 0.943013906479
Ag 0.304186016321 -0.517294049263 -0.551277697086 0.272307157516
At 0.498731642962 0.89086741209 0.827533185482 0.227712199092
as 0.754716992378 0.955056190491 0.722222208977 0.604166686535
bs 0.657894730568 1.0 0.785714268684 0.949999988079
ds 0.37209302187 0.533834576607 0.419354826212 0.385826766491
gs 0.793103456497 0.256410270929 0.272727280855 0.745762705803
ts 0.425531923771 0.866666674614 0.850467264652 0.0750000029802
a 0.22000977397 0.197637826204 0.176786124706 0.16751088202
b 0.114891178906 0.0519118122756 0.046566542238 0.143119186163
d 0.44715192914 0.397977173328 0.373081892729 0.508012712002
g 0.0868715941906 0.013300769031 0.014653801918 0.0945085659623
t 0.131075531244 0.339172422886 0.388911634684 0.0868486911058
h 1.0 1.0 1.0 1.0
c 0.405823022127 0 0 0
Aa 0.71222370863 0.673750936985 0.493074387312 0.551226973534
Ab 0.430068403482 0.0931470617652 -0.0862998068333 0.482881814241
Ad 1.02023684978 0.977739036083 0.817430377007 1.03305852413
Ag 0.308659523726 -0.498242378235 -0.58842343092 0.302655130625
At 0.487303346395 0.908301413059 0.835477173328 0.26594722271
as 0.773584902287 0.965909063816 0.73033708334 0.604166686535
bs 0.631578922272 1.0 0.809523820877 1.0
ds 0.465116292238 0.59398496151 0.411290317774 0.456692904234
gs 0.824561417103 0.307692319155 0.151515156031 0.796610176563
ts 0.404255330563 0.883333325386 0.859813094139 0.11249999702
a 0.196379393339 0.180400758982 0.176748201251 0.144783899188
b 0.0990854427218 0.0502179153264 0.0474320016801 0.134204342961
d 0.513762533665 0.434872746468 0.369117766619 0.549347877502
g 0.0770049914718 0.0131009453908 0.0133674768731 0.089411765337
t 0.113767638803 0.321407645941 0.393334537745 0.0822521299124
h 1.0 1.0 1.0 1.0
c 0.419925928116 0 0 0
Aa 0.718048930168 0.673750936985 0.493074387312 0.551226973534
Ab 0.420962899923 0.118371292949 -0.0782091468573 0.518273293972
Ad 1.13571548462 1.05587482452 0.81288433075 1.13035416603
Ag 0.311471909285 -0.465184748173 -0.628231167793 0.341901361942
At 0.4809717834 0.924568831921 0.840481460094 0.305653840303
as 0.792452812195 0.965909063816 0.738636374474 0.608695626259
bs 0.60526317358 1.0 0.833333313465 1.0
ds 0.546875 0.654135346413 0.411290317774 0.53543305397
gs 0.824561417103 0.384615391493 0.0303030312061 0.864406764507
ts 0.404255330563 0.891666650772 0.869158864021 0.16249999404
a 0.172599434853 0.16685757041 0.17751711607 0.134754016995
b 0.086105234921 0.04909433797 0.0486705191433 0.123552948236
d 0.574771404266 0.463980078697 0.367575228214 0.584133207798
g 0.0673829466105 0.0132937477902 0.012415509671 0.0827405974269
t 0.0991409868002 0.306774258614 0.393821626902 0.0748192295432
h 1.0 1.0 1.0 1.0
c 0.434594899416 0 0 0
Aa 0.718048930168 0.673750936985 0.493074387312 0.592869281769
Ab 0.41603910923 0.142436429858 -0.0688998624682 0.555180668831
Ad 1.24050474167 1.11790430546 0.809180378914 1.22983944416
Ag 0.309559583664 -0.424947530031 -0.662201285362 0.381046205759
At 0.477262824774 0.938223958015 0.839133739471 0.337340772152
as 0.792452812195 0.977011501789 0.755813956261 0.695652186871
bs 0.578947365284 1.0 0.857142865658 1.0
ds 0.6328125 0.69924813509 0.406504064798 0.614173233509
gs 0.824561417103 0.487179487944 0.0 0.932203412056
ts 0.393617033958 0.908333361149 0.877358496189 0.202531650662
a 0.152356371284 0.158940404654 0.180545523763 0.126308098435
b 0.0762067586184 0.0486957132816 0.0505176521838 0.112803436816
d 0.627057850361 0.482661694288 0.368420779705 0.619990706444
g 0.0583278685808 0.0138119570911 0.012066796422 0.0752746090293
t 0.0860511362553 0.295890241861 0.388449251652 0.0656231492758
h 1.0 1.0 1.0 1.0
c 0.449683487415 0 0 0
Aa 0.718048930168 0.673750936985 0.493074387312 0.636514484882
Ab 0.417181819677 0.160007372499 -0.060069154948 0.587405622005
Ad 1.33249592781 1.15615952015 0.80283176899 1.32746851444
Ag 0.30106446147 -0.387228131294 -0.681920349598 0.411731809378
At 0.469944953918 0.943647265434 0.825821995735 0.352140367031
as 0.792452812195 0.977011501789 0.755813956261 0.782608687878
bs 0.578947365284 1.0 0.880952358246 1.0
ds 0.703125 0.729323327541 0.398373991251 0.68503934145
gs 0.807017564774 0.60526317358 0.0 1.0
ts 0.393617033958 0.908333361149 0.858490586281 0.215189874172
a 0.13333491981 0.154124319553 0.187051132321 0.111517600715
b 0.0693526566029 0.0491523779929 0.0530876964331 0.10329721123
d 0.672455906868 0.493878751993 0.370015710592 0.660143256187
g 0.0506810322404 0.0145037099719 0.0124396188185 0.0681394785643
t 0.0741754770279 0.288340836763 0.377405822277 0.0569024682045
h 1.0 1.0 1.0 1.0
c 0.464625597 0 0 0
Aa 0.708628177643 0.666383385658 0.493074387312 0.644412875175
Ab 0.424747377634 0.170056730509 -0.0538920499384 0.611158013344
Ad 1.41134810448 1.17213249207 0.789334237576 1.41670763493
Ag 0.288529723883 -0.360008686781 -0.684078872204 0.430468291044
At 0.45394462347 0.938418388367 0.797922670841 0.352200567722
as 0.773584902287 0.965517222881 0.752941191196 0.804347813129
bs 0.60526317358 1.0 0.880952358246 1.0
ds 0.765625 0.744360923767 0.390243887901 0.755905508995
gs 0.789473712444 0.684210538864 0.0 1.0
ts 0.358695656061 0.908333361149 0.839622616768 0.215189874172
a 0.118646547198 0.15166079998 0.193516030908 0.0991372317076
b 0.0646656379104 0.0499917417765 0.0562428943813 0.0948045402765
d 0.708540856838 0.502678334713 0.375264912844 0.694430589676
g 0.0448748543859 0.0151639347896 0.0135391689837 0.0614954382181
t 0.0632720738649 0.280505150557 0.361436992884 0.050132188946
h 1.0 1.0 1.0 1.0
c 0.479274719954 0 0 0
Aa 0.699463605881 0.655483663082 0.484049320221 0.644412875175
Ab 0.43588206172 0.173508629203 -0.052599966526 0.625005245209
Ad 1.47557342052 1.1759005785 0.771670341492 1.48980498314
Ag 0.277211517096 -0.344577759504 -0.671075582504 0.437019020319
At 0.426420539618 0.922551214695 0.755364954472 0.348292797804
as 0.754716992378 0.954023003578 0.746987938881 0.804347813129
bs 0.631578922272 1.0 0.904761910439 1.0
ds 0.818897664547 0.744360923767 0.373983740807 0.818897664547
gs 0.754385948181 0.702702701092 0.0 1.0
ts 0.326086968184 0.890756309032 0.792452812195 0.215189874172
a 0.107259996235 0.152982383966 0.193850725889 0.0907482355833
b 0.0614352114499 0.0503510273993 0.0597098581493 0.0875610113144
d 0.735949635506 0.512584030628 0.390226870775 0.719383239746
g 0.0409263409674 0.0154722826555 0.0152327502146 0.0558577813208
t 0.0544288307428 0.268610268831 0.340979814529 0.0464497543871
h 1.0 1.0 1.0 1.0
c 0.493923842907 0 0 0
Aa 0.689187765121 0.655483663082 0.453641504049 0.644412875175
Ab 0.447167366743 0.172850608826 -0.057779867202 0.628885447979
Ad 1.52559804916 1.18060731888 0.757491230965 1.54353499413
Ag 0.270752906799 -0.339603334665 -0.651047587395 0.433658361435
At 0.394579023123 0.899964928627 0.698902726173 0.353558123112
as 0.73584908247 0.964705884457 0.710843384266 0.804347813129
bs 0.657894730568 1.0 0.880952358246 1.0
ds 0.858267724514 0.748091578484 0.360655725002 0.858267724514
gs 0.754385948181 0.729729712009 0.0285714287311 1.0
ts 0.296703308821 0.873949587345 0.745283007622 0.215189874172
a 0.0951206460595 0.148561194539 0.191705167294 0.0850252136588
b 0.0588401816785 0.0499883294106 0.0629239603877 0.0810289084911
d 0.759367406368 0.532477319241 0.407773345709 0.737738072872
g 0.0382119528949 0.015455532819 0.0173612292856 0.0510302446783
t 0.0484598465264 0.253517597914 0.320236295462 0.0451775789261
h 1.0 1.0 1.0 1.0
c 0.508433818817 0 0 0
Aa 0.663442969322 0.642255783081 0.415323376656 0.644412875175
Ab 0.454842180014 0.169218972325 -0.0684944242239 0.623505115509
Ad 1.56562006474 1.19665145874 0.743108391762 1.58276736736
Ag 0.267367392778 -0.340565681458 -0.627729952335 0.422692805529
At 0.370550215244 0.874358475208 0.63816010952 0.369788110256
as 0.67924529314 0.964285731316 0.658536612988 0.804347813129
bs 0.702702701092 1.0 0.857142865658 1.0
ds 0.889763772488 0.753846168518 0.347107440233 0.889763772488
gs 0.754385948181 0.729729712009 0.088235296309 0.983333349228
ts 0.274725288153 0.848739504814 0.688679218292 0.240506336093
a 0.0794990137219 0.143469557166 0.179130792618 0.0807324126363
b 0.056293591857 0.0484760291874 0.06641484797 0.0747030973434
d 0.781592309475 0.557354092598 0.427430272102 0.752076089382
g 0.0359616167843 0.0151113197207 0.0199301410466 0.0466830320656
t 0.0466534718871 0.235589027405 0.307093948126 0.0458053611219
h 1.0 1.0 1.0 1.0
c 0.522511839867 0 0 0
Aa 0.606909573078 0.633264660835 0.347294598818 0.644412875175
Ab 0.457006812096 0.162031948566 -0.0836104527116 0.610703587532
Ad 1.59952807426 1.22263610363 0.724989593029 1.61362671852
Ag 0.262387037277 -0.344192683697 -0.606365263462 0.406524002552
At 0.375431835651 0.848659992218 0.581395626068 0.398281276226
as 0.566037714481 0.952380955219 0.573170721531 0.804347813129
bs 0.702702701092 1.0 0.809523820877 1.0
ds 0.921259820461 0.776923060417 0.330578505993 0.913385808468
gs 0.736842095852 0.702702701092 0.147058829665 0.94915252924
ts 0.274725288153 0.831932783127 0.632075488567 0.278481006622
a 0.0665755793452 0.141494989395 0.170561596751 0.0759045556188
b 0.0535836145282 0.0462705306709 0.0677110031247 0.0689179003239
d 0.796686947346 0.579018175602 0.448591202497 0.764703214169
g 0.0335705950856 0.0147152906284 0.0219912920147 0.0427341386676
t 0.0495832487941 0.218501016498 0.291144907475 0.0477401874959
h 1.0 1.0 1.0 1.0
c 0.536267638206 0 0 0
Aa 0.549083948135 0.633264660835 0.298479914665 0.635209798813
Ab 0.454800993204 0.147828057408 -0.102742098272 0.593273997307
Ad 1.62705671787 1.24521577358 0.718449413776 1.63843488693
Ag 0.251727998257 -0.349707573652 -0.591150581837 0.385716915131
At 0.421103954315 0.821977078915 0.530707836151 0.433826088905
as 0.471698105335 0.952380955219 0.524390220642 0.782608687878
bs 0.702702701092 1.0 0.785714268684 1.0
ds 0.937007844448 0.792307674885 0.330578505993 0.929133832455
gs 0.732142865658 0.702702701092 0.205882355571 0.915254235268
ts 0.329670339823 0.806722700596 0.584905683994 0.316455692053
a 0.0694818198681 0.142577528954 0.16696934402 0.066750779748
b 0.0507215335965 0.0441040322185 0.0637068673968 0.0644705146551
d 0.793917715549 0.592728614807 0.481799334288 0.779681146145
g 0.0308530796319 0.0145876845345 0.0220889616758 0.0395471677184
t 0.0550258569419 0.206002160907 0.265435516834 0.0495503693819
h 1.0 1.0 1.0 1.0
c 0.549442112446 0 0 0
Aa 0.587215542793 0.633264660835 0.298479914665 0.587984919548
Ab 0.450536727905 0.123691871762 -0.119970589876 0.572889745235
Ad 1.64511990547 1.25206947327 0.75870937109 1.65544557571
Ag 0.234642893076 -0.356800079346 -0.579981505871 0.360643953085
At 0.48591119051 0.793085336685 0.499802201986 0.458575457335
as 0.528301894665 0.952380955219 0.551282048225 0.695652186871
bs 0.702702701092 0.980000019073 0.731707334518 1.0
ds 0.952380955219 0.8046875 0.363636374474 0.944881916046
gs 0.696428596973 0.675675690174 0.235294118524 0.881355941296
ts 0.395604401827 0.781512618065 0.552380979061 0.354430377483
a 0.0688418596983 0.144767433405 0.1483515203 0.0563117787242
b 0.0493313074112 0.0423666872084 0.0541648976505 0.0616053789854
d 0.789812088013 0.599697470665 0.556234180927 0.79336810112
g 0.0287293642759 0.0149170029908 0.0200354587287 0.0371469445527
t 0.0632853657007 0.198251441121 0.221213966608 0.0515678077936
h 1.0 1.0 1.0 1.0
c 0.561893820763 0 0 0
Aa 0.591439187527 0.6233279109 0.298479914665 0.513631641865
Ab 0.446709245443 0.0896815285087 -0.139094159007 0.552651047707
Ad 1.65111041069 1.24058926105 0.872445583344 1.6625071764
Ag 0.211912617087 -0.363661408424 -0.571012794971 0.332955539227
At 0.554889917374 0.759873390198 0.472000449896 0.475411087275
as 0.547169804573 0.940476179123 0.567567586899 0.521739125252
bs 0.666666686535 0.91836732626 0.68292683363 0.959183692932
ds 0.96031743288 0.795275568962 0.454545468092 0.95275592804
gs 0.660714268684 0.648648619652 0.264705896378 0.830508470535
ts 0.472527474165 0.754237294197 0.523809552193 0.367088615894
a 0.0687621235847 0.138473033905 0.122992925346 0.0493410751224
b 0.04924755916 0.0413955152035 0.0433860421181 0.0600342527032
d 0.783353865147 0.607383608818 0.640497922897 0.802156686783
g 0.0271301753819 0.0158400405198 0.017023364082 0.0355162099004
t 0.071506254375 0.196907788515 0.176099747419 0.0529517568648
h 1.0 1.0 1.0 1.0
c 0.573764264584 0 0 0
Aa 0.591439187527 0.575727045536 0.297336310148 0.450263619423
Ab 0.446474611759 0.0513151176274 -0.155193790793 0.53545409441
Ad 1.64804792404 1.21782493591 1.01397395134 1.66131424904
Ag 0.187542513013 -0.365881890059 -0.561498403549 0.307481616735
At 0.608433902264 0.7286247015 0.453214913607 0.480935364962
as 0.547169804573 0.880952358246 0.567567586899 0.391304343939
bs 0.666666686535 0.836734712124 0.625 0.91836732626
ds 0.952000021935 0.769841253757 0.57024794817 0.95275592804
gs 0.625 0.648648619652 0.29411765933 0.796610176563
ts 0.538461565971 0.728813588619 0.509615361691 0.379746824503
a 0.0689529925585 0.133949369192 0.10093101114 0.0504796914756
b 0.0504060909152 0.0404371991754 0.0345147736371 0.0592312179506
d 0.776405632496 0.610674738884 0.710218548775 0.801972031593
g 0.0260677654296 0.0170088950545 0.0142792072147 0.0344563238323
t 0.0781675130129 0.197929784656 0.140056461096 0.053860720247
h 1.0 1.0 1.0 1.0
c 0.584762811661 0 0 0
Aa 0.587971508503 0.535834252834 0.297336310148 0.452845543623
Ab 0.451901435852 0.0156746655703 -0.168683290482 0.522279500961
Ad 1.63950705528 1.19470357895 1.14470362663 1.65388810635
Ag 0.165522232652 -0.360430300236 -0.551984250546 0.286997795105
At 0.642444729805 0.705404758453 0.439614832401 0.481000989676
as 0.547169804573 0.833333313465 0.575342476368 0.391304343939
bs 0.694444417953 0.755102038383 0.600000023842 0.897959172726
ds 0.952000021935 0.753968238831 0.675000011921 0.944444417953
gs 0.571428596973 0.675675690174 0.323529422283 0.745762705803
ts 0.577777802944 0.700854718685 0.5 0.379746824503
a 0.0682055726647 0.128888383508 0.0875516757369 0.0537525974214
b 0.0527650825679 0.0395310521126 0.0282959751785 0.059199847281
d 0.769946336746 0.612113654613 0.757224142551 0.798205077648
g 0.0256838873029 0.0182218402624 0.0122353844345 0.0338955931365
t 0.0833990871906 0.201245084405 0.11469284445 0.0549468547106
h 1.0 1.0 1.0 1.0
c 0.59547072649 0 0 0
Aa 0.573471128941 0.499427348375 0.312041044235 0.469259917736
Ab 0.461997926235 -0.0138480737805 -0.178498744965 0.511181056499
Ad 1.62611174583 1.1760456562 1.24900102615 1.64097499847
Ag 0.149312034249 -0.350194185972 -0.542605817318 0.269003689289
At 0.660812616348 0.692938864231 0.429312884808 0.478803306818
as 0.509433984756 0.797619044781 0.589041113853 0.434782594442
bs 0.722222208977 0.693877577782 0.574999988079 0.877551019192
ds 0.93599998951 0.738095223904 0.766666650772 0.936507940292
gs 0.553571403027 0.702702701092 0.352941185236 0.728813588619
ts 0.595505595207 0.692307710648 0.490384608507 0.379746824503
a 0.0728146061301 0.125417813659 0.0789881199598 0.0552211813629
b 0.0556870214641 0.0381112247705 0.0242480989546 0.0596560537815
d 0.758286416531 0.612418353558 0.786871433258 0.794921338558
g 0.0259022358805 0.0191292893142 0.0109262596816 0.0333755649626
t 0.0873097255826 0.204923346639 0.0989660918713 0.0568258725107
h 1.0 1.0 1.0 1.0
c 0.605604946613 0 0 0
Aa 0.588077068329 0.473437935114 0.326315253973 0.462661623955
Ab 0.47161257267 -0.0438683703542 -0.186568841338 0.496210455894
Ad 1.60569190979 1.16212689877 1.32465720177 1.62088012695
Ag 0.13919582963 -0.343222439289 -0.532775044441 0.243984594941
At 0.666921198368 0.686670184135 0.424239873886 0.475102066994
as 0.547169804573 0.761904776096 0.602739751339 0.413043469191
bs 0.75 0.632653057575 0.550000011921 0.854166686535
ds 0.920000016689 0.736000001431 0.831932783127 0.920634925365
gs 0.535714268684 0.729729712009 0.382352948189 0.677966117859
ts 0.602272748947 0.681034505367 0.485436886549 0.367088615894
a 0.0800176411867 0.124231465161 0.0726564079523 0.0583455301821
b 0.059116255492 0.0362892858684 0.0218092538416 0.0601126849651
d 0.742974102497 0.613074302673 0.805282652378 0.78945171833
g 0.0268839877099 0.0195885114372 0.0102341761813 0.0324075594544
t 0.0910080075264 0.206816464663 0.0900175198913 0.0596825107932
h 1.0 1.0 1.0 1.0
c 0.605604946613 0 0 0
Aa 0.606726586819 0.457541972399 0.327840328217 0.459148287773
Ab 0.47524780035 -0.0769112557173 -0.194792792201 0.472106844187
Ad 1.57451450825 1.15082347393 1.37251472473 1.59046626091
Ag 0.133034557104 -0.344688206911 -0.523380696774 0.203787058592
At 0.662620484829 0.678895413876 0.420893460512 0.46898779273
as 0.566037714481 0.75 0.61643832922 0.413043469191
bs 0.75 0.571428596973 0.524999976158 0.8125
ds 0.896000027657 0.727999985218 0.873949587345 0.896825373173
gs 0.527272701263 0.722222208977 0.411764711142 0.61016947031
ts 0.597701132298 0.681034505367 0.485436886549 0.367088615894
a 0.0866482034326 0.122683756053 0.0694841593504 0.0648098215461
b 0.063272446394 0.0342669598758 0.0204637553543 0.0606703273952
d 0.725257635117 0.618601918221 0.81427615881 0.779402017593
g 0.0288139972836 0.0196245927364 0.00997132435441 0.0310629680753
t 0.096007719636 0.204822763801 0.0858045816422 0.0640548914671
h 1.0 1.0 1.0 1.0
c 0.605604946613 0 0 0
Aa 0.607492208481 0.442733168602 0.327840328217 0.46749162674
Ab 0.470947235823 -0.111178338528 -0.203060120344 0.438827157021
Ad 1.53022491932 1.14535737038 1.39672625065 1.54761230946
Ag 0.129336133599 -0.353253215551 -0.515292644501 0.148093760014
At 0.652038812637 0.66532433033 0.4194650352 0.46240311861
as 0.566037714481 0.726190447807 0.625 0.434782594442
bs 0.75 0.510204076767 0.524999976158 0.75
ds 0.864000022411 0.72000002861 0.890756309032 0.864000022411
gs 0.527272701263 0.722222208977 0.411764711142 0.525423705578
ts 0.586206912994 0.663793087006 0.485436886549 0.35897436738
a 0.0933192893863 0.123251780868 0.0684845745564 0.0738705098629
b 0.0685926154256 0.0325109064579 0.0197666883469 0.062184240669
d 0.702681481838 0.626700639725 0.815753936768 0.762253522873
g 0.0318952202797 0.019319454208 0.00989049300551 0.0300678573549
t 0.103511400521 0.198217242956 0.0861042812467 0.071623891592
h 1.0 1.0 1.0 1.0
c 0.605604946613 0 0 0
Aa 0.595944702625 0.442733168602 0.327840328217 0.47738724947
Ab 0.462250620127 -0.136030972004 -0.211818471551 0.402596503496
Ad 1.47273182869 1.14900004864 1.40380680561 1.49101555347
Ag 0.129698887467 -0.362065196037 -0.512534439564 0.0870186313987
At 0.64096146822 0.649081408978 0.427272349596 0.463974028826
as 0.547169804573 0.726190447807 0.619718313217 0.434782594442
bs 0.722222208977 0.448979586363 0.5 0.666666686535
ds 0.815999984741 0.727999985218 0.899159669876 0.824000000954
gs 0.527272701263 0.694444417953 0.441176474094 0.406779646873
ts 0.569767415524 0.660869538784 0.485436886549 0.35897436738
a 0.105689816177 0.119720451534 0.0686185881495 0.0831679180264
b 0.0750209018588 0.0316467992961 0.0196055211127 0.065369002521
d 0.669180631638 0.641721129417 0.814540207386 0.736766517162
g 0.0360108837485 0.0191744789481 0.00985954888165 0.0301906093955
t 0.114097781479 0.187737122178 0.087376140058 0.084505982697
h 1.0 1.0 1.0 1.0
c 0.605604946613 0 0 0
Aa 0.603860497475 0.432583302259 0.327840328217 0.475801110268
Ab 0.455009639263 -0.145255237818 -0.216223046184 0.371217161417
Ad 1.40537071228 1.16176128387 1.40231108665 1.42317509651
Ag 0.136261150241 -0.362861454487 -0.514744400978 0.0357171706855
At 0.637104570866 0.627965092659 0.432791411877 0.482732743025
as 0.566037714481 0.714285731316 0.619718313217 0.434782594442
bs 0.694444417953 0.4375 0.47499999404 0.604166686535
ds 0.759999990463 0.736000001431 0.899159669876 0.768000006676
gs 0.527272701263 0.694444417953 0.411764711142 0.327586203814
ts 0.558139562607 0.640350878239 0.495049506426 0.389610379934
a 0.11846961081 0.123105548322 0.0679079145193 0.089757591486
b 0.082269847393 0.0311882309616 0.019542010501 0.069433838129
d 0.630721747875 0.653680026531 0.815767407417 0.708011507988
g 0.0408053249121 0.0191715843976 0.00978909246624 0.0313404910266
t 0.127733498812 0.172854617238 0.0869935825467 0.101456545293
h 1.0 1.0 1.0 1.0
c 0.605604946613 0 0 0
Aa 0.611003041267 0.452195376158 0.318159162998 0.460601627827
Ab 0.452636778355 -0.144091501832 -0.222791954875 0.349101603031
Ad 1.33723390102 1.17728292942 1.39780509472 1.3575707674
Ag 0.148112893105 -0.355424255133 -0.52301877737 0.00363624677993
At 0.643700897694 0.599598765373 0.425726026297 0.513810515404
as 0.584905683994 0.738095223904 0.614285707474 0.413043469191
bs 0.694444417953 0.4375 0.47499999404 0.565217375755
ds 0.703999996185 0.744000017643 0.890756309032 0.712000012398
gs 0.563636362553 0.694444417953 0.411764711142 0.275862067938
ts 0.569767415524 0.614035069942 0.485148519278 0.428571432829
a 0.131542891264 0.124608330429 0.0634897649288 0.0908287465572
b 0.0885544121265 0.0313932858407 0.0195194557309 0.0717634111643
d 0.592866778374 0.665646910667 0.82101547718 0.685246169567
g 0.0454356409609 0.0198304671794 0.00982453208417 0.0323591455817
t 0.141600251198 0.158520981669 0.0861507877707 0.11980252713
h 1.0 1.0 1.0 1.0
c 0.605604946613 0 0 0
Aa 0.623944342136 0.4575060606 0.279530614614 0.434961140156
Ab 0.452087193727 -0.141204208136 -0.232705354691 0.332640856504
Ad 1.27783405781 1.1852029562 1.39117825031 1.31258440018
Ag 0.1622736305 -0.340708047152 -0.530861198902 -0.0132651459426
At 0.655941009521 0.562045753002 0.412086188793 0.555203795433
as 0.603773593903 0.746987938881 0.557142853737 0.347826093435
bs 0.694444417953 0.446808516979 0.449999988079 0.521739125252
ds 0.65600001812 0.751999974251 0.890756309032 0.680000007153
gs 0.581818163395 0.75 0.382352948189 0.24137930572
ts 0.581395328045 0.578947365284 0.475247532129 0.480519473553
a 0.139666691422 0.129194676876 0.0542405992746 0.0922325998545
b 0.0938531681895 0.0322300940752 0.0196627788246 0.0706663355231
d 0.561564683914 0.671605825424 0.833824574947 0.667204082012
g 0.0497701317072 0.0210532750934 0.00991736538708 0.0324707552791
t 0.155145317316 0.145916119218 0.082354657352 0.13742621243
h 1.0 1.0 1.0 1.0
c 0.605604946613 0 0 0
Aa 0.623944342136 0.463635504246 0.199867188931 0.433434128761
Ab 0.451300442219 -0.139347568154 -0.240812405944 0.317762255669
Ad 1.22825133801 1.17950534821 1.3866174221 1.29280841351
Ag 0.175820305943 -0.324289441109 -0.538061022758 -0.0199579037726
At 0.669590175152 0.51649415493 0.381230831146 0.606619238853
as 0.603773593903 0.746987938881 0.442857146263 0.347826093435
bs 0.694444417953 0.446808516979 0.425000011921 0.5
ds 0.629032254219 0.751999974251 0.882352948189 0.669354856014
gs 0.600000023842 0.777777791023 0.352941185236 0.24137930572
ts 0.604651153088 0.530973434448 0.445544540882 0.54545456171
a 0.147344172001 0.134703189135 0.0542135499418 0.0915549695492
b 0.0991002246737 0.0336585305631 0.0195292625576 0.067934513092
d 0.53430134058 0.669140219688 0.837675452232 0.655013799667
g 0.0542239770293 0.0227921232581 0.00995616428554 0.0321573205292
t 0.165030270815 0.139705911279 0.078625574708 0.153339371085
h 1.0 1.0 1.0 1.0
c 0.605604946613 0 0 0
Aa 0.623944342136 0.463635504246 0.193399176002 0.433434128761
Ab 0.451686024666 -0.138647198677 -0.250022828579 0.303842663765
Ad 1.18339765072 1.15977478027 1.38236713409 1.28800261021
Ag 0.189802765846 -0.307957559824 -0.542616665363 -0.0209679622203
At 0.673175036907 0.479472398758 0.354855179787 0.657405853271
as 0.603773593903 0.746987938881 0.428571432829 0.347826093435
bs 0.694444417953 0.446808516979 0.40000000596 0.456521749496
ds 0.588709652424 0.741935491562 0.882352948189 0.661290347576
gs 0.629629611969 0.882352948189 0.352941185236 0.24137930572
ts 0.604651153088 0.508928596973 0.419999986887 0.618421077728
a 0.153705820441 0.138750642538 0.0508056655526 0.0906224399805
b 0.106256939471 0.0353183336556 0.0200702045113 0.0654255524278
d 0.509836792946 0.660322248936 0.83880764246 0.643938064575
g 0.0598077848554 0.0242850892246 0.0102292150259 0.0322994031012
t 0.170392662287 0.141323700547 0.080087274313 0.16771453619
h 1.0 1.0 1.0 1.0
c 0.605604946613 0 0 0
Aa 0.619147062302 0.463635504246 0.157976865768 0.433434128761
Ab 0.45881408453 -0.130599305034 -0.245383486152 0.291945785284
Ad 1.13988792896 1.14115643501 1.37572705746 1.28504252434
Ag 0.209214508533 -0.29325979948 -0.538092970848 -0.0146070932969
At 0.663907647133 0.4716155231 0.355628222227 0.700769126415
as 0.603773593903 0.746987938881 0.385714292526 0.355555564165
bs 0.722222208977 0.468085110188 0.40000000596 0.434782594442
ds 0.556451618671 0.723577260971 0.873949587345 0.661290347576
gs 0.666666686535 0.941176474094 0.363636374474 0.24137930572
ts 0.595238089561 0.5 0.419999986887 0.684210538864
a 0.159037306905 0.136617168784 0.059001903981 0.0882214903831
b 0.115515746176 0.0363329946995 0.0211532842368 0.0642281100154
d 0.489489078522 0.653774440289 0.825355052948 0.635028600693
g 0.0662065222859 0.0244833789766 0.0106066307053 0.0330253727734
t 0.16975133121 0.148791998625 0.0838831439614 0.179496407509
h 1.0 1.0 1.0 1.0
c 0.605604946613 0 0 0
Aa 0.617042541504 0.463635504246 0.215411156416 0.425926566124
Ab 0.478184700012 -0.111568562686 -0.230077072978 0.288077324629
Ad 1.105286479 1.14355814457 1.36118590832 1.2831454277
Ag 0.236444279552 -0.282998412848 -0.52987742424 -0.000800082867499
At 0.645356714725 0.500709831715 0.368219852448 0.734407901764
as 0.584905683994 0.746987938881 0.457142859697 0.333333343267
bs 0.777777791023 0.510638296604 0.449999988079 0.422222226858
ds 0.524193525314 0.721311450005 0.865546226501 0.661290347576
gs 0.703703701496 0.970588207245 0.39393940568 0.275862067938
ts 0.571428596973 0.526785731316 0.444444447756 0.723684191704
a 0.163491100073 0.128057107329 0.0692705884576 0.0867096409202
b 0.1245239079 0.0362735614181 0.0233852844685 0.063554354012
d 0.477760434151 0.65511238575 0.798801779747 0.631679952145
g 0.0720257461071 0.0231173131615 0.0113463299349 0.0337383151054
t 0.162198826671 0.157439634204 0.0971960127354 0.184317708015
h 1.0 1.0 1.0 1.0
c 0.605604946613 0 0 0
Aa 0.624407351017 0.463635504246 0.264371335506 0.425926566124
Ab 0.506165981293 -0.0841779708862 -0.207234889269 0.291004508734
Ad 1.09012341499 1.17254769802 1.32626152039 1.28835630417
Ag 0.268401056528 -0.279830813408 -0.521322131157 0.0159825813025
At 0.620960950851 0.553345918655 0.411470919847 0.753426253796
as 0.603773593903 0.746987938881 0.528571426868 0.333333343267
bs 0.833333313465 0.553191483021 0.5 0.422222226858
ds 0.516129016876 0.74590164423 0.837606847286 0.669354856014
gs 0.777777791023 0.970588207245 0.40625 0.293103456497
ts 0.548780500889 0.576576590538 0.484848499298 0.759999990463
a 0.152211889625 0.117639243603 0.0817921757698 0.0846668258309
b 0.133698150516 0.0354052558541 0.0268206968904 0.0626992359757
d 0.478896826506 0.662645876408 0.760700345039 0.634732365608
g 0.0775064155459 0.0210191830993 0.0125594828278 0.0337404161692
t 0.157686725259 0.163290470839 0.118127286434 0.184161156416
h 1.0 1.0 1.0 1.0
c 0.605604946613 0 0 0
Aa 0.590206742287 0.463635504246 0.29679697752 0.425926566124
Ab 0.53388351202 -0.0578489676118 -0.187444746494 0.295475572348
Ad 1.08800005913 1.21436476707 1.26529884338 1.30080389977
Ag 0.297095835209 -0.284300863743 -0.51694303751 0.0263637341559
At 0.605553269386 0.606044173241 0.456435412169 0.763411343098
as 0.538461565971 0.746987938881 0.571428596973 0.333333343267
bs 0.916666686535 0.617021262646 0.550000011921 0.422222226858
ds 0.508064508438 0.776859521866 0.786324799061 0.68292683363
gs 0.814814805984 0.941176474094 0.40625 0.310344815254
ts 0.524390220642 0.621621608734 0.525252521038 0.783783793449
a 0.153645530343 0.111362025142 0.0975408554077 0.0826129540801
b 0.13824698329 0.0344794653356 0.0316947512329 0.0609787143767
d 0.470875382423 0.668032109737 0.708804011345 0.641584157944
g 0.080281034112 0.0191761124879 0.0144253913313 0.0327346846461
t 0.156951084733 0.166950315237 0.147535011172 0.182089462876
h 1.0 1.0 1.0 1.0
c 0.605604946613 0 0 0
Aa 0.598433196545 0.469312667847 0.313192307949 0.426229327917
Ab 0.552568912506 -0.0398639403284 -0.175006911159 0.294359445572
Ad 1.08481919765 1.24737286568 1.17453193665 1.31643486023
Ag 0.31652623415 -0.294663906097 -0.516866624355 0.0241893660277
At 0.607677578926 0.645162761211 0.492900848389 0.769465982914
as 0.557692289352 0.759036123753 0.600000023842 0.333333343267
bs 0.972222208977 0.659574449062 0.564102590084 0.422222226858
ds 0.5 0.801652908325 0.706896543503 0.691056907177
gs 0.85185188055 0.911764681339 0.40625 0.310344815254
ts 0.536585390568 0.657657682896 0.56701028347 0.808219194412
a 0.159833267331 0.11005859822 0.119848489761 0.0840384364128
b 0.139989614487 0.0340534113348 0.0380257889628 0.0583820864558
d 0.456757605076 0.666511833668 0.638844251633 0.646948456764
g 0.0809453800321 0.0180446878076 0.0170825347304 0.0308256763965
t 0.162474140525 0.171331480145 0.186198920012 0.179805353284
h 1.0 1.0 1.0 1.0
c 0.605604946613 0 0 0
Aa 0.618624687195 0.479071170092 0.326745808125 0.445259720087
Ab 0.561053335667 -0.0303921792656 -0.17180852592 0.287061363459
Ad 1.07464325428 1.26125502586 1.05350828171 1.3316514492
Ag 0.32314953208 -0.306203424931 -0.519334435463 0.00969437509775
At 0.6257417202 0.671284377575 0.518090426922 0.775584340096
as 0.596153855324 0.771084308624 0.614285707474 0.377777785063
bs 1.0 0.680851042271 0.589743614197 0.40000000596
ds 0.49180328846 0.818181812763 0.603448271751 0.707317054272
gs 0.870370388031 0.882352948189 0.40625 0.293103456497
ts 0.548780500889 0.684684693813 0.597938120365 0.808219194412
a 0.159995511174 0.110451199114 0.155339717865 0.0872821360826
b 0.141011208296 0.0344724468887 0.0453677326441 0.0557027384639
d 0.444104790688 0.656866729259 0.549568533897 0.649296343327
g 0.0799724534154 0.0176557991654 0.0202651582658 0.0286029241979
t 0.174916058779 0.180553823709 0.229458853602 0.179115861654
h 1.0 1.0 1.0 1.0
c 0.605604946613 0 0 0
Aa 0.618624687195 0.483196556568 0.361843883991 0.474979996681
Ab 0.563770532608 -0.0225017555058 -0.172691553831 0.27993118763
Ad 1.06200230122 1.25750339031 0.910583198071 1.34649753571
Ag 0.317457288504 -0.313086479902 -0.522688627243 -0.00953494478017
At 0.65734654665 0.696632802486 0.531266212463 0.787188649178
as 0.596153855324 0.771084308624 0.676470577717 0.444444447756
bs 1.0 0.702127635479 0.589743614197 0.40000000596
ds 0.483606547117 0.816666662693 0.482758611441 0.713114738464
gs 0.867924511433 0.882352948189 0.40625 0.245614036918
ts 0.585365831852 0.7090908885 0.60824739933 0.821917831898
a 0.154816657305 0.107731439173 0.189624503255 0.0982616916299
b 0.14076782763 0.0353972502053 0.0522463843226 0.0531133562326
d 0.436588525772 0.644651114941 0.464092642069 0.643219172955
g 0.076803393662 0.0175921935588 0.0232150088996 0.0263544786721
t 0.191023617983 0.194627985358 0.270821481943 0.179051294923
h 1.0 1.0 1.0 1.0
c 0.605604946613 0 0 0
Aa 0.606857478619 0.471872508526 0.386078447104 0.546549737453
Ab 0.565543174744 -0.0115003949031 -0.173759773374 0.279369264841
Ad 1.05711209774 1.24885475636 0.774788677692 1.36252450943
Ag 0.302420169115 -0.3151499331 -0.526047170162 -0.0249800700694
At 0.698126792908 0.728735327721 0.540867090225 0.807142972946
as 0.557692289352 0.759036123753 0.705882370472 0.600000023842
bs 1.0 0.717391312122 0.578947365284 0.40000000596
ds 0.47499999404 0.816666662693 0.36206895113 0.729508221149
gs 0.830188691616 0.852941155434 0.375 0.210526317358
ts 0.646341443062 0.745454549789 0.618556678295 0.861111104488
a 0.144985407591 0.117324285209 0.22788476944 0.103412792087
b 0.138857290149 0.0356325767934 0.0549364313483 0.0514598526061
d 0.435261815786 0.623418271542 0.400921702385 0.637460052967
g 0.0721465200186 0.0171691030264 0.024171276018 0.0247002858669
t 0.208748966455 0.206455737352 0.292085826397 0.182966992259
h 1.0 1.0 1.0 1.0
c 0.605604946613 0 0 0
Aa 0.585882663727 0.518934905529 0.44352465868 0.588749587536
Ab 0.567127048969 0.00139424542431 -0.174330174923 0.285643905401
Ad 1.06330895424 1.24432659149 0.688868939877 1.37862837315
Ag 0.282773733139 -0.315705418587 -0.530891060829 -0.0331226661801
At 0.744182646275 0.764373958111 0.55131983757 0.836548089981
as 0.519230782986 0.819277107716 0.805970132351 0.70454543829
bs 1.0 0.739130437374 0.578947365284 0.40000000596
ds 0.483333319426 0.81512606144 0.293103456497 0.74590164423
gs 0.792452812195 0.852941155434 0.375 0.192982450128
ts 0.695121943951 0.770642220974 0.62886595726 0.902777791023
a 0.139269277453 0.111998878419 0.233493059874 0.100068338215
b 0.134082630277 0.0355936959386 0.0549581348896 0.0505828782916
d 0.436811178923 0.617919623852 0.388235896826 0.635682046413
g 0.0668038055301 0.0167096722871 0.0239677578211 0.0235810671002
t 0.223033100367 0.217778116465 0.299345165491 0.190085664392
h 1.0 1.0 1.0 1.0
c 0.605604946613 0 0 0
Aa 0.581251740456 0.504877865314 0.450186342001 0.588749587536
Ab 0.564768910408 0.0070372549817 -0.178055644035 0.292456448078
Ad 1.07769012451 1.24659621716 0.671008050442 1.39169287682
Ag 0.262197643518 -0.321367889643 -0.538460195065 -0.0389836356044
At 0.785765767097 0.793678402901 0.558084607124 0.867402255535
as 0.519230782986 0.792682945728 0.846153855324 0.70454543829
bs 1.0 0.760869562626 0.578947365284 0.422222226858
ds 0.491666674614 0.81512606144 0.275862067938 0.760330557823
gs 0.754716992378 0.852941155434 0.34375 0.192982450128
ts 0.753086447716 0.803738296032 0.639175236225 0.944444417953
a 0.133576408029 0.113139495254 0.231487721205 0.0984562784433
b 0.128334462643 0.0340539105237 0.0513526722789 0.0501478388906
d 0.441897779703 0.614146411419 0.39639800787 0.631561279297
g 0.0630047544837 0.015723247081 0.0225028228015 0.0229217596352
t 0.233186602592 0.222936913371 0.298258781433 0.19691285491
h 1.0 1.0 1.0 1.0
c 0.605604946613 0 0 0
Aa 0.572102606297 0.523447334766 0.462642133236 0.589134037495
Ab 0.554716110229 0.0020000950899 -0.191322758794 0.296142816544
Ad 1.09169471264 1.2581050396 0.696245610714 1.3963060379
Ag 0.245746150613 -0.333624660969 -0.549648821354 -0.0438614748418
At 0.814076423645 0.818015098572 0.572707414627 0.890164673328
as 0.5 0.81707316637 0.875 0.70454543829
bs 0.971428573132 0.739130437374 0.552631556988 0.422222226858
ds 0.512605071068 0.822033882141 0.293103456497 0.760330557823
gs 0.716981112957 0.794117629528 0.3125 0.175438597798
ts 0.790123462677 0.839622616768 0.64948451519 1.0
a 0.130016431212 0.107914835215 0.216653332114 0.0993836969137
b 0.123192027211 0.0310222078115 0.0452090352774 0.0510296709836
d 0.444792449474 0.620896041393 0.419332236052 0.621535539627
g 0.0620005652308 0.0142441177741 0.0201627332717 0.0233630239964
t 0.239998519421 0.225922822952 0.298642665148 0.204688042402
h 1.0 1.0 1.0 1.0
c 0.605604946613 0 0 0
Aa 0.561736047268 0.531149983406 0.473237514496 0.589134037495
Ab 0.538320362568 -0.0102584566921 -0.207302615047 0.299641609192
Ad 1.09589517117 1.29108774662 0.760030388832 1.38528478146
Ag 0.240133449435 -0.348295599222 -0.557978451252 -0.0396520979702
At 0.82794636488 0.85202896595 0.612623989582 0.902911365032
as 0.480769217014 0.829268276691 0.890625 0.70454543829
bs 0.942857146263 0.717391312122 0.5 0.444444447756
ds 0.512605071068 0.855932176113 0.353448271751 0.752066135406
gs 0.716981112957 0.764705896378 0.28125 0.192982450128
ts 0.814814805984 0.867924511433 0.697916686535 1.0
a 0.128414317966 0.0951234251261 0.181278660893 0.103055112064
b 0.120229266584 0.0266856886446 0.0373211950064 0.0542516000569
d 0.442200958729 0.637991309166 0.466513603926 0.603892505169
g 0.0640995576978 0.0121984155849 0.0170418955386 0.0255054831505
t 0.245055899024 0.228001147509 0.297844648361 0.213295295835
h 1.0 1.0 1.0 1.0
c 0.605604946613 0 0 0
Aa 0.550283193588 0.529155194759 0.464765161276 0.589134037495
Ab 0.521679997444 -0.0228538699448 -0.221625968814 0.310477048159
Ad 1.08728945255 1.35568249226 0.875282764435 1.3570240736
Ag 0.248524770141 -0.362828880548 -0.562063634396 -0.0173019580543
At 0.830934941769 0.90880471468 0.680408298969 0.905045747757
as 0.461538463831 0.827160477638 0.875 0.70454543829
bs 0.885714292526 0.695652186871 0.473684221506 0.454545468092
ds 0.504201710224 0.914529919624 0.448275864124 0.727272748947
gs 0.73584908247 0.735294103622 0.28125 0.228070169687
ts 0.814814805984 0.933333337307 0.770833313465 1.0
a 0.128731861711 0.0797191187739 0.146307036281 0.108935855329
b 0.120297402143 0.0223047602922 0.0290690436959 0.0601385012269
d 0.4312915802 0.658097088337 0.522818624973 0.58005720377
g 0.0689873769879 0.0101127969101 0.0138569558039 0.0294656679034
t 0.250691771507 0.229766204953 0.287948340178 0.221402749419
h 1.0 1.0 1.0 1.0
c 0.605604946613 0 0 0
Aa 0.539467871189 0.522607147694 0.465650171041 0.589134037495
Ab 0.510038018227 -0.0305578391999 -0.236184313893 0.331115782261
Ad 1.06455278397 1.43933463097 1.01873600483 1.31543397903
Ag 0.268551409245 -0.374084115028 -0.557947218418 0.0212794560939
At 0.828921854496 0.982330799103 0.759699523449 0.897146165371
as 0.442307680845 0.814814805984 0.875 0.70454543829
bs 0.857142865658 0.673913061619 0.421052634716 0.5
ds 0.487394958735 0.991452991962 0.573913037777 0.694214880466
gs 0.773584902287 0.676470577717 0.28125 0.285714298487
ts 0.8125 1.0 0.854166686535 0.985915482044
a 0.12730447948 0.0683820620179 0.118108071387 0.117610104382
b 0.123043358326 0.018966095522 0.0230475198478 0.0671668723226
d 0.414833545685 0.673497259617 0.575934588909 0.552363455296
g 0.0752812176943 0.00846383906901 0.011397190392 0.0344878472388
t 0.259537398815 0.230690747499 0.271512597799 0.228371724486
h 1.0 1.0 1.0 1.0
c 0.605604946613 0 0 0
Aa 0.518048882484 0.522607147694 0.465650171041 0.594323456287
Ab 0.503263413906 -0.0343571454287 -0.244005188346 0.351033896208
Ad 1.03107905388 1.51600074768 1.1537437439 1.26610374451
Ag 0.289891898632 -0.384767711163 -0.549831569195 0.0615448877215
At 0.82740521431 1.05069506168 0.827160596848 0.882521152496
as 0.403846144676 0.814814805984 0.888888895512 0.720930218697
bs 0.828571438789 0.652173936367 0.405405402184 0.54545456171
ds 0.462184876204 1.0 0.686956524849 0.658333361149
gs 0.811320781708 0.666666686535 0.290322571993 0.357142865658
ts 0.81012660265 1.0 0.916666686535 0.971830964088
a 0.133700534701 0.0612628124654 0.100695736706 0.132874876261
b 0.124153181911 0.0168120022863 0.0190338697284 0.0727572441101
d 0.39665672183 0.683136343956 0.616611480713 0.523397922516
g 0.0792153328657 0.00750663550571 0.00978067144752 0.0388352759182
t 0.266274213791 0.231282189488 0.253878265619 0.232134670019
h 1.0 1.0 1.0 1.0
c 0.616162180901 0 0 0
Aa 0.52975165844 0.522607147694 0.465650171041 0.627312541008
Ab 0.497576355934 -0.0389703959227 -0.257833808661 0.365745902061
Ad 1.00203335285 1.56991755962 1.25265073776 1.22270166874
Ag 0.302427768707 -0.389144480228 -0.546992242336 0.0930960476398
At 0.828947603703 1.09955239296 0.86726462841 0.86960965395
as 0.423076927662 0.8125 0.903225779533 0.790697693825
bs 0.828571438789 0.652173936367 0.378378391266 0.571428596973
ds 0.432203382254 1.0 0.773913025856 0.625
gs 0.846153855324 0.666666686535 0.290322571993 0.418181806803
ts 0.822784781456 1.0 0.958333313465 0.957746505737
a 0.157652512193 0.0576542764902 0.0927262753248 0.185055375099
b 0.117510072887 0.0155385481194 0.0164620578289 0.0708253160119
d 0.383059233427 0.686469376087 0.640698373318 0.478024482727
g 0.0765391215682 0.00728209456429 0.00898703560233 0.0389949120581
t 0.265239059925 0.23305568099 0.2411262393 0.22709992528
h 1.0 1.0 1.0 1.0
c 0.627023041248 0 0 0
Aa 0.616963803768 0.522607147694 0.466201394796 0.791211247444
Ab 0.489337980747 -0.046813968569 -0.28451731801 0.374098062515
Ad 1.00252878666 1.59839677811 1.30565226078 1.20335972309
Ag 0.303146362305 -0.37596809864 -0.547384977341 0.114917457104
At 0.842900395393 1.12923526764 0.881243050098 0.880126535892
as 0.576923072338 0.8125 0.933333337307 1.0
bs 0.800000011921 0.630434811115 0.297297298908 0.595238089561
ds 0.435897439718 1.0 0.81739127636 0.608333349228
gs 0.846153855324 0.6875 0.290322571993 0.454545468092
ts 0.835443019867 1.0 0.989473700523 0.971830964088
a 0.222254320979 0.055935561657 0.0908200591803 0.231530472636
b 0.0996533259749 0.0147831216455 0.0150738824159 0.0634580403566
d 0.364058196545 0.685631453991 0.652398228645 0.443838208914
g 0.0650586113334 0.00766988331452 0.00880661793053 0.0359471440315
t 0.248975545168 0.235979959369 0.232901230454 0.225226134062
h 1.0 1.0 1.0 1.0
c 0.638026893139 0 0 0
Aa 0.830661714077 0.522607147694 0.466201394796 0.942275106907
Ab 0.482303291559 -0.0553147308528 -0.313755244017 0.380153566599
Ad 1.04498231411 1.6110098362 1.32253241539 1.2248916626
Ag 0.297116279602 -0.34029212594 -0.547171235085 0.13333132863
At 0.879968166351 1.14779424667 0.875191390514 0.930285692215
as 1.0 0.8125 0.932203412056 1.0
bs 0.771428585052 0.613636374474 0.216216221452 0.619047641754
ds 0.470085471869 1.0 0.834782600403 0.625
gs 0.826923072338 0.8125 0.290322571993 0.490909099579
ts 0.884615361691 1.0 0.978947341442 1.0
a 0.280333817005 0.0583972111344 0.0888795629144 0.251883983612
b 0.0819247886539 0.0142333181575 0.0144302370027 0.0549423731863
d 0.349357813597 0.681385219097 0.660135030746 0.432180047035
g 0.0532309710979 0.00831846427172 0.0091390395537 0.0321203358471
t 0.235152587295 0.237665787339 0.227416113019 0.228873282671
h 1.0 1.0 1.0 1.0
c 0.649334430695 0 0 0
Aa 1.01568090916 0.553040146828 0.45087620616 1.04938030243
Ab 0.481420725584 -0.0600457899272 -0.338652253151 0.388087153435
Ad 1.11127591133 1.62004077435 1.32170712948 1.28384447098
Ag 0.294169783592 -0.293308824301 -0.537025153637 0.15495981276
At 0.939355194569 1.16261470318 0.858895540237 1.00777482986
as 1.0 0.850000023842 0.915254235268 1.0
bs 0.771428585052 0.613636374474 0.162162154913 0.642857134342
ds 0.529914557934 1.0 0.834782600403 0.675000011921
gs 0.826923072338 0.9375 0.322580635548 0.527272701263
ts 0.961538434029 1.0 0.968421041965 1.0
a 0.302823871374 0.0578023456037 0.0899352431297 0.240986958146
b 0.0710930153728 0.013927128166 0.0143202934414 0.0488534867764
d 0.347458720207 0.681674897671 0.662969708443 0.4442961514
g 0.0459113381803 0.00888589583337 0.00980188790709 0.0294352918863
t 0.232713058591 0.237709701061 0.222972854972 0.236428111792
h 1.0 1.0 1.0 1.0
c 0.661258041859 0 0 0
Aa 1.11889529228 0.560639798641 0.449074327946 1.09241044521
Ab 0.489532202482 -0.0574440695345 -0.348903685808 0.399312436581
Ad 1.17860841751 1.63227164745 1.31663811207 1.35808944702
Ag 0.299625188112 -0.252604424953 -0.513545870781 0.179285213351
At 1.0045260191 1.17474126816 0.843396365643 1.08411598206
as 1.0 0.860759496689 0.915254235268 1.0
bs 0.794117629528 0.604651153088 0.135135129094 0.68292683363
ds 0.589743614197 1.0 0.826086938381 0.733333349228
gs 0.846153855324 1.0 0.387096762657 0.581818163395
ts 1.0 1.0 0.957446813583 1.0
