825.780151367 819.200195312 855.389770508 829.070068359
829.070068359 815.91027832 860.324707031 832.360046387
827.425109863 815.91027832 858.679748535 827.425109863
827.425109863 817.555236816 857.034729004 829.070068359
830.715087891 815.91027832 858.679748535 830.715087891
820.845214844 815.91027832 857.034729004 829.070068359
822.49017334 815.91027832 858.679748535 825.780151367
824.135131836 815.91027832 860.324707031 829.070068359
825.780151367 819.200195312 858.679748535 829.070068359
825.780151367 817.555236816 858.679748535 830.715087891
827.425109863 817.555236816 857.034729004 834.005004883
825.780151367 817.555236816 860.324707031 830.715087891
824.135131836 812.620300293 858.679748535 829.070068359
827.425109863 817.555236816 857.034729004 829.070068359
825.780151367 814.265258789 855.389770508 824.135131836
829.070068359 815.91027832 853.744812012 832.360046387
824.135131836 815.91027832 853.744812012 829.070068359
820.845214844 817.555236816 855.389770508 824.135131836
819.200195312 814.265258789 858.679748535 834.005004883
819.200195312 814.265258789 857.034729004 827.425109863
822.49017334 815.91027832 857.034729004 827.425109863
822.49017334 817.555236816 855.389770508 832.360046387
822.49017334 820.845214844 853.744812012 830.715087891
822.49017334 815.91027832 857.034729004 837.29498291
814.265258789 814.265258789 855.389770508 834.005004883
815.91027832 819.200195312 853.744812012 827.425109863
814.265258789 819.200195312 853.744812012 825.780151367
814.265258789 819.200195312 850.454833984 830.715087891
815.91027832 819.200195312 850.454833984 834.005004883
814.265258789 815.91027832 853.744812012 834.005004883
820.845214844 817.555236816 852.09979248 834.005004883
817.555236816 819.200195312 853.744812012 832.360046387
814.265258789 815.91027832 853.744812012 832.360046387
814.265258789 817.555236816 850.454833984 830.715087891
819.200195312 819.200195312 850.454833984 832.360046387
819.200195312 820.845214844 850.454833984 825.780151367
817.555236816 820.845214844 850.454833984 827.425109863
812.620300293 819.200195312 853.744812012 829.070068359
819.200195312 820.845214844 852.09979248 827.425109863
817.555236816 820.845214844 848.809875488 827.425109863
815.91027832 815.91027832 850.454833984 827.425109863
820.845214844 815.91027832 850.454833984 830.715087891
817.555236816 815.91027832 855.389770508 835.650024414
819.200195312 815.91027832 855.389770508 832.360046387
824.135131836 817.555236816 852.09979248 832.360046387
820.845214844 819.200195312 857.034729004 832.360046387
817.555236816 817.555236816 858.679748535 830.715087891
815.91027832 814.265258789 855.389770508 830.715087891
815.91027832 815.91027832 855.389770508 827.425109863
814.265258789 815.91027832 852.09979248 825.780151367
814.265258789 817.555236816 852.09979248 829.070068359
817.555236816 820.845214844 853.744812012 829.070068359
814.265258789 815.91027832 853.744812012 829.070068359
812.620300293 815.91027832 853.744812012 827.425109863
814.265258789 817.555236816 852.09979248 827.425109863
814.265258789 815.91027832 853.744812012 829.070068359
819.200195312 814.265258789 852.09979248 830.715087891
815.91027832 814.265258789 850.454833984 825.780151367
815.91027832 817.555236816 850.454833984 832.360046387
819.200195312 819.200195312 850.454833984 835.650024414
822.49017334 820.845214844 852.09979248 834.005004883
827.425109863 819.200195312 850.454833984 837.29498291
830.715087891 820.845214844 852.09979248 837.29498291
822.49017334 822.49017334 852.09979248 834.005004883
819.200195312 822.49017334 850.454833984 830.715087891
822.49017334 820.845214844 853.744812012 832.360046387
819.200195312 820.845214844 853.744812012 830.715087891
820.845214844 820.845214844 857.034729004 830.715087891
822.49017334 824.135131836 855.389770508 829.070068359
822.49017334 820.845214844 855.389770508 830.715087891
820.845214844 820.845214844 850.454833984 827.425109863
819.200195312 817.555236816 847.164855957 825.780151367
817.555236816 817.555236816 847.164855957 824.135131836
820.845214844 820.845214844 845.519897461 824.135131836
820.845214844 819.200195312 848.809875488 825.780151367
822.49017334 819.200195312 850.454833984 832.360046387
820.845214844 817.555236816 852.09979248 832.360046387
819.200195312 819.200195312 848.809875488 825.780151367
820.845214844 819.200195312 847.164855957 829.070068359
819.200195312 815.91027832 850.454833984 829.070068359
822.49017334 817.555236816 852.09979248 829.070068359
817.555236816 817.555236816 853.744812012 830.715087891
817.555236816 819.200195312 853.744812012 827.425109863
812.620300293 820.845214844 852.09979248 830.715087891
815.91027832 817.555236816 852.09979248 830.715087891
819.200195312 815.91027832 848.809875488 830.715087891
814.265258789 815.91027832 848.809875488 829.070068359
820.845214844 817.555236816 850.454833984 827.425109863
820.845214844 815.91027832 850.454833984 827.425109863
825.780151367 817.555236816 850.454833984 824.135131836
832.360046387 817.555236816 847.164855957 820.845214844
830.715087891 815.91027832 847.164855957 820.845214844
825.780151367 814.265258789 847.164855957 830.715087891
810.975280762 814.265258789 848.809875488 827.425109863
810.975280762 814.265258789 850.454833984 832.360046387
812.620300293 815.91027832 848.809875488 832.360046387
817.555236816 817.555236816 848.809875488 829.070068359
822.49017334 817.555236816 850.454833984 834.005004883
819.200195312 820.845214844 848.809875488 830.715087891
820.845214844 819.200195312 848.809875488 827.425109863
825.780151367 817.555236816 848.809875488 827.425109863
824.135131836 815.91027832 845.519897461 825.780151367
820.845214844 814.265258789 848.809875488 825.780151367
819.200195312 817.555236816 847.164855957 829.070068359
822.49017334 815.91027832 847.164855957 830.715087891
810.975280762 815.91027832 847.164855957 829.070068359
819.200195312 819.200195312 847.164855957 825.780151367
819.200195312 817.555236816 847.164855957 824.135131836
820.845214844 820.845214844 852.09979248 827.425109863
827.425109863 820.845214844 850.454833984 825.780151367
825.780151367 820.845214844 850.454833984 827.425109863
819.200195312 820.845214844 853.744812012 827.425109863
815.91027832 819.200195312 852.09979248 827.425109863
819.200195312 819.200195312 848.809875488 827.425109863
815.91027832 819.200195312 852.09979248 825.780151367
820.845214844 822.49017334 850.454833984 825.780151367
825.780151367 817.555236816 850.454833984 829.070068359
819.200195312 819.200195312 852.09979248 827.425109863
817.555236816 820.845214844 848.809875488 822.49017334
819.200195312 819.200195312 848.809875488 829.070068359
814.265258789 824.135131836 847.164855957 824.135131836
822.49017334 820.845214844 845.519897461 834.005004883
820.845214844 820.845214844 847.164855957 840.584960938
827.425109863 820.845214844 845.519897461 832.360046387
825.780151367 820.845214844 845.519897461 838.940002441
827.425109863 822.49017334 847.164855957 832.360046387
822.49017334 824.135131836 847.164855957 825.780151367
820.845214844 824.135131836 845.519897461 835.650024414
834.005004883 820.845214844 840.584960938 852.09979248
858.679748535 820.845214844 842.229919434 870.194580078
825.780151367 810.975280762 861.969726562 852.09979248
812.620300293 812.620300293 865.259643555 837.29498291
817.555236816 806.040344238 873.484558105 840.584960938
809.330322266 794.525512695 876.774536133 835.650024414
829.070068359 789.590576172 880.064453125 847.164855957
825.780151367 778.075683594 889.934387207 838.940002441
824.135131836 769.850830078 898.159240723 837.29498291
812.620300293 766.560852051 899.804260254 829.070068359
820.845214844 761.625915527 899.804260254 840.584960938
824.135131836 755.045959473 912.964111328 855.389770508
814.265258789 753.401000977 911.319091797 852.09979248
817.555236816 748.466064453 911.319091797 857.034729004
815.91027832 746.821105957 914.609069824 858.679748535
820.845214844 746.821105957 911.319091797 861.969726562
815.91027832 743.53112793 916.25402832 861.969726562
822.49017334 741.886108398 912.964111328 870.194580078
825.780151367 743.53112793 911.319091797 870.194580078
810.975280762 745.176086426 908.029174805 858.679748535
827.425109863 748.466064453 898.159240723 868.549621582
817.555236816 753.401000977 898.159240723 852.09979248
814.265258789 758.3359375 893.224304199 850.454833984
814.265258789 761.625915527 889.934387207 855.389770508
819.200195312 763.270874023 888.289367676 860.324707031
820.845214844 764.91583252 883.354431152 857.034729004
817.555236816 764.91583252 883.354431152 852.09979248
820.845214844 769.850830078 880.064453125 853.744812012
825.780151367 774.785766602 873.484558105 853.744812012
820.845214844 778.075683594 873.484558105 852.09979248
819.200195312 779.720703125 868.549621582 847.164855957
820.845214844 781.365661621 868.549621582 848.809875488
817.555236816 783.010620117 868.549621582 852.09979248
819.200195312 783.010620117 866.904663086 852.09979248
820.845214844 787.945556641 863.614685059 848.809875488
824.135131836 789.590576172 863.614685059 845.519897461
827.425109863 789.590576172 861.969726562 845.519897461
827.425109863 794.525512695 857.034729004 838.940002441
819.200195312 797.815490723 855.389770508 843.874938965
815.91027832 797.815490723 852.09979248 842.229919434
820.845214844 802.750427246 848.809875488 842.229919434
822.49017334 804.395385742 848.809875488 840.584960938
824.135131836 804.395385742 845.519897461 840.584960938
830.715087891 806.040344238 843.874938965 843.874938965
827.425109863 809.330322266 843.874938965 843.874938965
829.070068359 809.330322266 842.229919434 840.584960938
834.005004883 812.620300293 840.584960938 838.940002441
824.135131836 812.620300293 840.584960938 834.005004883
825.780151367 812.620300293 842.229919434 837.29498291
825.780151367 817.555236816 835.650024414 832.360046387
825.780151367 814.265258789 834.005004883 835.650024414
824.135131836 814.265258789 832.360046387 837.29498291
830.715087891 815.91027832 830.715087891 838.940002441
830.715087891 815.91027832 834.005004883 840.584960938
834.005004883 817.555236816 834.005004883 838.940002441
838.940002441 819.200195312 835.650024414 840.584960938
835.650024414 817.555236816 838.940002441 843.874938965
835.650024414 817.555236816 838.940002441 848.809875488
834.005004883 820.845214844 834.005004883 845.519897461
832.360046387 819.200195312 837.29498291 847.164855957
832.360046387 820.845214844 835.650024414 852.09979248
834.005004883 817.555236816 835.650024414 852.09979248
834.005004883 819.200195312 837.29498291 848.809875488
834.005004883 822.49017334 835.650024414 843.874938965
830.715087891 820.845214844 838.940002441 847.164855957
825.780151367 820.845214844 838.940002441 852.09979248
820.845214844 817.555236816 840.584960938 847.164855957
824.135131836 817.555236816 840.584960938 850.454833984
824.135131836 819.200195312 840.584960938 850.454833984
825.780151367 822.49017334 843.874938965 848.809875488
822.49017334 825.780151367 840.584960938 834.005004883
822.49017334 827.425109863 843.874938965 834.005004883
820.845214844 829.070068359 843.874938965 824.135131836
819.200195312 827.425109863 843.874938965 830.715087891
824.135131836 824.135131836 843.874938965 837.29498291
824.135131836 825.780151367 845.519897461 829.070068359
829.070068359 822.49017334 848.809875488 837.29498291
830.715087891 827.425109863 847.164855957 834.005004883
829.070068359 825.780151367 847.164855957 835.650024414
832.360046387 824.135131836 842.229919434 832.360046387
827.425109863 824.135131836 843.874938965 835.650024414
827.425109863 822.49017334 843.874938965 838.940002441
825.780151367 820.845214844 845.519897461 834.005004883
825.780151367 822.49017334 842.229919434 827.425109863
834.005004883 822.49017334 843.874938965 829.070068359
842.229919434 822.49017334 845.519897461 830.715087891
847.164855957 820.845214844 843.874938965 834.005004883
845.519897461 822.49017334 843.874938965 832.360046387
837.29498291 819.200195312 842.229919434 834.005004883
834.005004883 820.845214844 843.874938965 843.874938965
824.135131836 820.845214844 847.164855957 840.584960938
824.135131836 819.200195312 847.164855957 842.229919434
825.780151367 819.200195312 847.164855957 843.874938965
825.780151367 819.200195312 848.809875488 842.229919434
829.070068359 822.49017334 850.454833984 847.164855957
825.780151367 819.200195312 852.09979248 838.940002441
825.780151367 819.200195312 852.09979248 835.650024414
814.265258789 817.555236816 850.454833984 830.715087891
822.49017334 820.845214844 852.09979248 832.360046387
825.780151367 822.49017334 852.09979248 834.005004883
824.135131836 824.135131836 853.744812012 834.005004883
822.49017334 824.135131836 853.744812012 838.940002441
822.49017334 819.200195312 855.389770508 835.650024414
815.91027832 819.200195312 857.034729004 830.715087891
815.91027832 819.200195312 858.679748535 829.070068359
819.200195312 822.49017334 858.679748535 829.070068359
819.200195312 824.135131836 860.324707031 832.360046387
820.845214844 820.845214844 860.324707031 830.715087891
820.845214844 822.49017334 860.324707031 825.780151367
819.200195312 819.200195312 860.324707031 827.425109863
820.845214844 819.200195312 861.969726562 829.070068359
817.555236816 820.845214844 861.969726562 825.780151367
819.200195312 819.200195312 863.614685059 822.49017334
817.555236816 820.845214844 858.679748535 822.49017334
814.265258789 822.49017334 853.744812012 817.555236816
817.555236816 819.200195312 853.744812012 819.200195312
809.330322266 819.200195312 853.744812012 810.975280762
815.91027832 815.91027832 857.034729004 814.265258789
810.975280762 817.555236816 853.744812012 812.620300293
807.68536377 820.845214844 850.454833984 814.265258789
807.68536377 817.555236816 853.744812012 814.265258789
809.330322266 822.49017334 852.09979248 812.620300293
812.620300293 824.135131836 852.09979248 810.975280762
817.555236816 819.200195312 853.744812012 814.265258789
812.620300293 820.845214844 852.09979248 807.68536377
815.91027832 819.200195312 853.744812012 809.330322266
824.135131836 819.200195312 850.454833984 814.265258789
819.200195312 817.555236816 850.454833984 814.265258789
820.845214844 812.620300293 848.809875488 822.49017334
819.200195312 814.265258789 848.809875488 822.49017334
812.620300293 812.620300293 850.454833984 824.135131836
812.620300293 810.975280762 848.809875488 817.555236816
814.265258789 815.91027832 847.164855957 815.91027832
815.91027832 810.975280762 848.809875488 819.200195312
817.555236816 810.975280762 848.809875488 814.265258789
819.200195312 814.265258789 847.164855957 817.555236816
814.265258789 812.620300293 850.454833984 822.49017334
812.620300293 812.620300293 848.809875488 814.265258789
814.265258789 812.620300293 850.454833984 817.555236816
820.845214844 814.265258789 848.809875488 817.555236816
817.555236816 814.265258789 847.164855957 819.200195312
822.49017334 817.555236816 845.519897461 815.91027832
815.91027832 817.555236816 847.164855957 815.91027832
807.68536377 815.91027832 848.809875488 815.91027832
809.330322266 812.620300293 848.809875488 810.975280762
807.68536377 812.620300293 848.809875488 812.620300293
799.460449219 812.620300293 848.809875488 810.975280762
799.460449219 812.620300293 848.809875488 812.620300293
804.395385742 815.91027832 847.164855957 817.555236816
804.395385742 817.555236816 843.874938965 817.555236816
812.620300293 815.91027832 842.229919434 817.555236816
806.040344238 812.620300293 842.229919434 822.49017334
802.750427246 814.265258789 843.874938965 820.845214844
807.68536377 815.91027832 843.874938965 817.555236816
807.68536377 817.555236816 843.874938965 815.91027832
812.620300293 815.91027832 843.874938965 817.555236816
812.620300293 817.555236816 843.874938965 820.845214844
792.880554199 817.555236816 838.940002441 815.91027832
791.235534668 817.555236816 838.940002441 810.975280762
791.235534668 817.555236816 840.584960938 807.68536377
792.880554199 817.555236816 837.29498291 812.620300293
802.750427246 819.200195312 840.584960938 812.620300293
794.525512695 822.49017334 840.584960938 806.040344238
792.880554199 822.49017334 838.940002441 807.68536377
796.170471191 820.845214844 838.940002441 807.68536377
797.815490723 822.49017334 838.940002441 807.68536377
797.815490723 822.49017334 837.29498291 809.330322266
797.815490723 820.845214844 840.584960938 807.68536377
801.105407715 817.555236816 843.874938965 809.330322266
797.815490723 819.200195312 842.229919434 810.975280762
796.170471191 819.200195312 843.874938965 809.330322266
797.815490723 819.200195312 842.229919434 812.620300293
797.815490723 819.200195312 840.584960938 810.975280762
799.460449219 814.265258789 838.940002441 812.620300293
802.750427246 815.91027832 840.584960938 815.91027832
802.750427246 819.200195312 842.229919434 815.91027832
806.040344238 819.200195312 842.229919434 817.555236816
806.040344238 815.91027832 842.229919434 817.555236816
806.040344238 817.555236816 840.584960938 817.555236816
807.68536377 814.265258789 840.584960938 822.49017334
810.975280762 815.91027832 840.584960938 824.135131836
812.620300293 819.200195312 840.584960938 832.360046387
809.330322266 817.555236816 840.584960938 830.715087891
815.91027832 819.200195312 838.940002441 825.780151367
812.620300293 820.845214844 840.584960938 827.425109863
815.91027832 819.200195312 840.584960938 829.070068359
815.91027832 819.200195312 840.584960938 835.650024414
814.265258789 822.49017334 840.584960938 834.005004883
820.845214844 820.845214844 840.584960938 832.360046387
820.845214844 824.135131836 837.29498291 834.005004883
815.91027832 822.49017334 840.584960938 835.650024414
815.91027832 820.845214844 842.229919434 824.135131836
815.91027832 825.780151367 840.584960938 824.135131836
817.555236816 825.780151367 842.229919434 822.49017334
815.91027832 822.49017334 840.584960938 824.135131836
819.200195312 820.845214844 840.584960938 832.360046387
817.555236816 817.555236816 847.164855957 834.005004883
822.49017334 810.975280762 845.519897461 840.584960938
820.845214844 810.975280762 850.454833984 843.874938965
817.555236816 817.555236816 848.809875488 840.584960938
824.135131836 825.780151367 843.874938965 834.005004883
817.555236816 829.070068359 843.874938965 830.715087891
819.200195312 832.360046387 838.940002441 829.070068359
801.105407715 825.780151367 847.164855957 817.555236816
799.460449219 825.780151367 845.519897461 817.555236816
809.330322266 820.845214844 848.809875488 819.200195312
810.975280762 819.200195312 845.519897461 824.135131836
817.555236816 815.91027832 845.519897461 824.135131836
824.135131836 819.200195312 845.519897461 820.845214844
829.070068359 820.845214844 845.519897461 822.49017334
840.584960938 819.200195312 845.519897461 825.780151367
847.164855957 820.845214844 843.874938965 825.780151367
837.29498291 820.845214844 847.164855957 825.780151367
825.780151367 817.555236816 845.519897461 830.715087891
825.780151367 814.265258789 845.519897461 835.650024414
815.91027832 814.265258789 845.519897461 837.29498291
820.845214844 812.620300293 843.874938965 837.29498291
824.135131836 820.845214844 842.229919434 829.070068359
824.135131836 815.91027832 843.874938965 832.360046387
820.845214844 810.975280762 843.874938965 832.360046387
829.070068359 814.265258789 845.519897461 832.360046387
829.070068359 814.265258789 843.874938965 829.070068359
830.715087891 815.91027832 843.874938965 832.360046387
834.005004883 817.555236816 847.164855957 834.005004883
830.715087891 817.555236816 847.164855957 830.715087891
830.715087891 817.555236816 850.454833984 832.360046387
827.425109863 817.555236816 852.09979248 830.715087891
825.780151367 820.845214844 848.809875488 830.715087891
825.780151367 817.555236816 850.454833984 834.005004883
825.780151367 819.200195312 848.809875488 832.360046387
830.715087891 820.845214844 845.519897461 830.715087891
834.005004883 820.845214844 852.09979248 835.650024414
832.360046387 820.845214844 852.09979248 832.360046387
824.135131836 819.200195312 852.09979248 837.29498291
817.555236816 817.555236816 852.09979248 837.29498291
820.845214844 815.91027832 850.454833984 834.005004883
825.780151367 820.845214844 852.09979248 838.940002441
827.425109863 820.845214844 850.454833984 834.005004883
830.715087891 819.200195312 848.809875488 842.229919434
825.780151367 819.200195312 847.164855957 834.005004883
829.070068359 817.555236816 850.454833984 835.650024414
829.070068359 819.200195312 852.09979248 834.005004883
830.715087891 819.200195312 853.744812012 834.005004883
825.780151367 817.555236816 855.389770508 832.360046387
825.780151367 817.555236816 852.09979248 834.005004883
822.49017334 815.91027832 850.454833984 835.650024414
819.200195312 817.555236816 847.164855957 832.360046387
819.200195312 812.620300293 850.454833984 832.360046387
820.845214844 815.91027832 852.09979248 827.425109863
827.425109863 815.91027832 850.454833984 827.425109863
824.135131836 815.91027832 852.09979248 832.360046387
817.555236816 817.555236816 848.809875488 822.49017334
819.200195312 814.265258789 850.454833984 822.49017334
822.49017334 815.91027832 847.164855957 827.425109863
815.91027832 814.265258789 847.164855957 824.135131836
820.845214844 814.265258789 845.519897461 829.070068359
824.135131836 814.265258789 843.874938965 822.49017334
822.49017334 812.620300293 847.164855957 824.135131836
829.070068359 814.265258789 850.454833984 834.005004883
820.845214844 810.975280762 853.744812012 834.005004883
812.620300293 812.620300293 853.744812012 835.650024414
815.91027832 810.975280762 852.09979248 840.584960938
815.91027832 810.975280762 850.454833984 847.164855957
820.845214844 812.620300293 850.454833984 847.164855957
817.555236816 814.265258789 848.809875488 837.29498291
817.555236816 814.265258789 847.164855957 827.425109863
819.200195312 815.91027832 848.809875488 829.070068359
819.200195312 810.975280762 848.809875488 829.070068359
822.49017334 809.330322266 850.454833984 837.29498291
815.91027832 810.975280762 850.454833984 838.940002441
810.975280762 810.975280762 848.809875488 834.005004883
814.265258789 807.68536377 850.454833984 837.29498291
819.200195312 802.750427246 850.454833984 845.519897461
829.070068359 797.815490723 852.09979248 850.454833984
837.29498291 817.555236816 845.519897461 853.744812012
824.135131836 829.070068359 838.940002441 835.650024414
814.265258789 822.49017334 845.519897461 835.650024414
804.395385742 824.135131836 848.809875488 825.780151367
817.555236816 815.91027832 850.454833984 835.650024414
822.49017334 817.555236816 845.519897461 840.584960938
822.49017334 819.200195312 843.874938965 838.940002441
817.555236816 820.845214844 845.519897461 835.650024414
815.91027832 817.555236816 848.809875488 834.005004883
820.845214844 819.200195312 847.164855957 834.005004883
824.135131836 822.49017334 845.519897461 832.360046387
817.555236816 817.555236816 848.809875488 832.360046387
814.265258789 815.91027832 850.454833984 832.360046387
820.845214844 817.555236816 848.809875488 824.135131836
819.200195312 820.845214844 847.164855957 827.425109863
817.555236816 819.200195312 850.454833984 829.070068359
812.620300293 820.845214844 850.454833984 820.845214844
812.620300293 820.845214844 850.454833984 824.135131836
809.330322266 820.845214844 848.809875488 819.200195312
810.975280762 817.555236816 848.809875488 820.845214844
822.49017334 819.200195312 845.519897461 832.360046387
819.200195312 817.555236816 845.519897461 829.070068359
819.200195312 817.555236816 845.519897461 830.715087891
817.555236816 817.555236816 843.874938965 829.070068359
819.200195312 817.555236816 845.519897461 824.135131836
817.555236816 817.555236816 842.229919434 825.780151367
817.555236816 817.555236816 842.229919434 827.425109863
822.49017334 822.49017334 843.874938965 829.070068359
819.200195312 820.845214844 840.584960938 827.425109863
824.135131836 817.555236816 843.874938965 832.360046387
824.135131836 817.555236816 840.584960938 829.070068359
820.845214844 814.265258789 842.229919434 832.360046387
820.845214844 819.200195312 838.940002441 830.715087891
820.845214844 820.845214844 838.940002441 830.715087891
820.845214844 819.200195312 842.229919434 834.005004883
822.49017334 819.200195312 838.940002441 832.360046387
817.555236816 817.555236816 837.29498291 832.360046387
815.91027832 815.91027832 838.940002441 834.005004883
817.555236816 819.200195312 837.29498291 832.360046387
820.845214844 819.200195312 838.940002441 837.29498291
820.845214844 819.200195312 840.584960938 832.360046387
825.780151367 822.49017334 838.940002441 837.29498291
824.135131836 820.845214844 842.229919434 835.650024414
825.780151367 815.91027832 840.584960938 830.715087891
824.135131836 815.91027832 840.584960938 837.29498291
827.425109863 817.555236816 837.29498291 830.715087891
822.49017334 815.91027832 835.650024414 825.780151367
825.780151367 817.555236816 837.29498291 834.005004883
822.49017334 815.91027832 835.650024414 827.425109863
817.555236816 812.620300293 842.229919434 837.29498291
817.555236816 817.555236816 842.229919434 838.940002441
822.49017334 819.200195312 840.584960938 832.360046387
824.135131836 815.91027832 840.584960938 834.005004883
825.780151367 814.265258789 843.874938965 832.360046387
829.070068359 814.265258789 840.584960938 832.360046387
824.135131836 815.91027832 842.229919434 835.650024414
817.555236816 819.200195312 842.229919434 832.360046387
824.135131836 820.845214844 845.519897461 832.360046387
830.715087891 820.845214844 847.164855957 835.650024414
842.229919434 817.555236816 847.164855957 837.29498291
840.584960938 815.91027832 847.164855957 837.29498291
834.005004883 815.91027832 847.164855957 837.29498291
830.715087891 814.265258789 850.454833984 843.874938965
822.49017334 819.200195312 847.164855957 847.164855957
819.200195312 815.91027832 848.809875488 845.519897461
817.555236816 815.91027832 847.164855957 845.519897461
822.49017334 817.555236816 847.164855957 840.584960938
825.780151367 814.265258789 847.164855957 837.29498291
829.070068359 814.265258789 850.454833984 838.940002441
825.780151367 817.555236816 852.09979248 837.29498291
820.845214844 815.91027832 850.454833984 830.715087891
825.780151367 817.555236816 848.809875488 832.360046387
824.135131836 814.265258789 850.454833984 834.005004883
819.200195312 817.555236816 850.454833984 835.650024414
822.49017334 814.265258789 850.454833984 838.940002441
822.49017334 815.91027832 847.164855957 837.29498291
825.780151367 815.91027832 850.454833984 832.360046387
825.780151367 817.555236816 848.809875488 834.005004883
820.845214844 815.91027832 850.454833984 832.360046387
822.49017334 815.91027832 847.164855957 835.650024414
819.200195312 812.620300293 845.519897461 834.005004883
824.135131836 810.975280762 847.164855957 837.29498291
822.49017334 815.91027832 847.164855957 837.29498291
819.200195312 815.91027832 850.454833984 837.29498291
825.780151367 814.265258789 852.09979248 840.584960938
824.135131836 817.555236816 850.454833984 837.29498291
829.070068359 817.555236816 850.454833984 838.940002441
827.425109863 814.265258789 850.454833984 840.584960938
825.780151367 819.200195312 852.09979248 843.874938965
825.780151367 819.200195312 852.09979248 840.584960938
829.070068359 817.555236816 852.09979248 838.940002441
830.715087891 817.555236816 848.809875488 838.940002441
824.135131836 817.555236816 847.164855957 835.650024414
827.425109863 819.200195312 847.164855957 834.005004883
820.845214844 819.200195312 847.164855957 835.650024414
822.49017334 819.200195312 845.519897461 834.005004883
824.135131836 817.555236816 847.164855957 834.005004883
822.49017334 817.555236816 847.164855957 834.005004883
824.135131836 819.200195312 850.454833984 834.005004883
820.845214844 817.555236816 848.809875488 834.005004883
822.49017334 819.200195312 848.809875488 834.005004883
820.845214844 819.200195312 848.809875488 832.360046387
815.91027832 819.200195312 848.809875488 832.360046387
822.49017334 817.555236816 848.809875488 834.005004883
817.555236816 817.555236816 845.519897461 830.715087891
822.49017334 815.91027832 840.584960938 827.425109863
820.845214844 815.91027832 843.874938965 829.070068359
815.91027832 815.91027832 847.164855957 825.780151367
819.200195312 812.620300293 843.874938965 832.360046387
819.200195312 812.620300293 843.874938965 829.070068359
824.135131836 814.265258789 838.940002441 829.070068359
824.135131836 815.91027832 842.229919434 834.005004883
824.135131836 817.555236816 843.874938965 832.360046387
824.135131836 817.555236816 843.874938965 835.650024414
827.425109863 817.555236816 842.229919434 837.29498291
829.070068359 819.200195312 842.229919434 837.29498291
830.715087891 817.555236816 845.519897461 840.584960938
824.135131836 815.91027832 845.519897461 838.940002441
819.200195312 810.975280762 847.164855957 838.940002441
824.135131836 814.265258789 847.164855957 837.29498291
822.49017334 814.265258789 850.454833984 838.940002441
824.135131836 815.91027832 847.164855957 837.29498291
819.200195312 817.555236816 845.519897461 830.715087891
820.845214844 814.265258789 847.164855957 834.005004883
827.425109863 819.200195312 845.519897461 829.070068359
834.005004883 817.555236816 848.809875488 835.650024414
827.425109863 817.555236816 847.164855957 838.940002441
820.845214844 819.200195312 847.164855957 840.584960938
827.425109863 815.91027832 847.164855957 837.29498291
824.135131836 815.91027832 845.519897461 837.29498291
819.200195312 814.265258789 843.874938965 834.005004883
825.780151367 817.555236816 843.874938965 840.584960938
822.49017334 819.200195312 843.874938965 840.584960938
822.49017334 817.555236816 843.874938965 838.940002441
825.780151367 817.555236816 842.229919434 842.229919434
815.91027832 817.555236816 840.584960938 830.715087891
817.555236816 820.845214844 838.940002441 830.715087891
820.845214844 817.555236816 842.229919434 832.360046387
819.200195312 814.265258789 842.229919434 832.360046387
825.780151367 815.91027832 840.584960938 834.005004883
830.715087891 815.91027832 847.164855957 843.874938965
829.070068359 817.555236816 847.164855957 840.584960938
830.715087891 819.200195312 847.164855957 840.584960938
829.070068359 817.555236816 847.164855957 847.164855957
824.135131836 817.555236816 843.874938965 840.584960938
830.715087891 817.555236816 847.164855957 845.519897461
825.780151367 817.555236816 845.519897461 843.874938965
827.425109863 815.91027832 847.164855957 838.940002441
832.360046387 819.200195312 843.874938965 837.29498291
830.715087891 820.845214844 842.229919434 835.650024414
832.360046387 817.555236816 843.874938965 838.940002441
827.425109863 819.200195312 838.940002441 835.650024414
832.360046387 817.555236816 838.940002441 838.940002441
832.360046387 815.91027832 840.584960938 840.584960938
832.360046387 817.555236816 838.940002441 840.584960938
832.360046387 817.555236816 840.584960938 835.650024414
832.360046387 815.91027832 838.940002441 840.584960938
834.005004883 812.620300293 835.650024414 835.650024414
837.29498291 814.265258789 838.940002441 838.940002441
835.650024414 812.620300293 840.584960938 842.229919434
842.229919434 815.91027832 837.29498291 837.29498291
840.584960938 817.555236816 837.29498291 845.519897461
840.584960938 815.91027832 838.940002441 847.164855957
835.650024414 817.555236816 835.650024414 845.519897461
840.584960938 815.91027832 842.229919434 850.454833984
838.940002441 817.555236816 842.229919434 850.454833984
835.650024414 817.555236816 842.229919434 847.164855957
840.584960938 817.555236816 843.874938965 842.229919434
834.005004883 814.265258789 843.874938965 850.454833984
835.650024414 817.555236816 842.229919434 845.519897461
837.29498291 817.555236816 842.229919434 847.164855957
835.650024414 819.200195312 843.874938965 845.519897461
840.584960938 820.845214844 843.874938965 843.874938965
835.650024414 817.555236816 845.519897461 843.874938965
834.005004883 817.555236816 845.519897461 847.164855957
829.070068359 815.91027832 845.519897461 847.164855957
832.360046387 817.555236816 845.519897461 843.874938965
834.005004883 814.265258789 845.519897461 845.519897461
829.070068359 812.620300293 848.809875488 845.519897461
829.070068359 812.620300293 850.454833984 840.584960938
829.070068359 810.975280762 848.809875488 840.584960938
832.360046387 814.265258789 848.809875488 837.29498291
834.005004883 814.265258789 845.519897461 832.360046387
835.650024414 812.620300293 843.874938965 830.715087891
835.650024414 814.265258789 847.164855957 834.005004883
838.940002441 814.265258789 845.519897461 842.229919434
834.005004883 815.91027832 843.874938965 843.874938965
825.780151367 815.91027832 843.874938965 845.519897461
827.425109863 814.265258789 843.874938965 852.09979248
829.070068359 817.555236816 845.519897461 848.809875488
832.360046387 815.91027832 845.519897461 843.874938965
830.715087891 815.91027832 845.519897461 842.229919434
824.135131836 815.91027832 842.229919434 830.715087891
825.780151367 802.750427246 843.874938965 843.874938965
858.679748535 815.91027832 842.229919434 876.774536133
848.809875488 838.940002441 832.360046387 855.389770508
810.975280762 829.070068359 837.29498291 817.555236816
806.040344238 842.229919434 835.650024414 810.975280762
779.720703125 845.519897461 827.425109863 776.430725098
786.300598145 843.874938965 837.29498291 789.590576172
784.655639648 855.389770508 825.780151367 787.945556641
764.91583252 855.389770508 827.425109863 763.270874023
764.91583252 857.034729004 829.070068359 756.690979004
783.010620117 855.389770508 824.135131836 773.14074707
771.495788574 857.034729004 827.425109863 758.3359375
764.91583252 852.09979248 829.070068359 761.625915527
773.14074707 850.454833984 827.425109863 773.14074707
773.14074707 852.09979248 825.780151367 771.495788574
787.945556641 848.809875488 825.780151367 786.300598145
791.235534668 840.584960938 827.425109863 791.235534668
791.235534668 840.584960938 827.425109863 787.945556641
801.105407715 840.584960938 827.425109863 794.525512695
802.750427246 837.29498291 829.070068359 797.815490723
806.040344238 838.940002441 825.780151367 796.170471191
809.330322266 837.29498291 824.135131836 807.68536377
819.200195312 840.584960938 824.135131836 814.265258789
814.265258789 837.29498291 824.135131836 819.200195312
817.555236816 834.005004883 824.135131836 822.49017334
822.49017334 837.29498291 822.49017334 819.200195312
822.49017334 835.650024414 822.49017334 815.91027832
829.070068359 832.360046387 824.135131836 819.200195312
825.780151367 830.715087891 824.135131836 820.845214844
819.200195312 829.070068359 825.780151367 824.135131836
819.200195312 829.070068359 824.135131836 825.780151367
822.49017334 827.425109863 827.425109863 825.780151367
820.845214844 822.49017334 827.425109863 822.49017334
822.49017334 825.780151367 824.135131836 822.49017334
824.135131836 824.135131836 822.49017334 824.135131836
824.135131836 825.780151367 820.845214844 825.780151367
817.555236816 827.425109863 822.49017334 827.425109863
819.200195312 824.135131836 822.49017334 825.780151367
810.975280762 819.200195312 822.49017334 824.135131836
809.330322266 819.200195312 822.49017334 820.845214844
817.555236816 819.200195312 824.135131836 819.200195312
814.265258789 815.91027832 825.780151367 822.49017334
815.91027832 819.200195312 824.135131836 822.49017334
820.845214844 815.91027832 824.135131836 832.360046387
817.555236816 814.265258789 824.135131836 830.715087891
822.49017334 812.620300293 827.425109863 832.360046387
834.005004883 814.265258789 830.715087891 842.229919434
834.005004883 834.005004883 825.780151367 835.650024414
812.620300293 835.650024414 824.135131836 809.330322266
820.845214844 830.715087891 825.780151367 822.49017334
804.395385742 830.715087891 827.425109863 810.975280762
815.91027832 824.135131836 827.425109863 830.715087891
820.845214844 832.360046387 829.070068359 832.360046387
809.330322266 830.715087891 829.070068359 820.845214844
812.620300293 827.425109863 830.715087891 827.425109863
819.200195312 824.135131836 834.005004883 834.005004883
822.49017334 829.070068359 830.715087891 835.650024414
820.845214844 829.070068359 834.005004883 835.650024414
829.070068359 827.425109863 834.005004883 840.584960938
822.49017334 829.070068359 835.650024414 840.584960938
825.780151367 829.070068359 837.29498291 840.584960938
820.845214844 829.070068359 837.29498291 834.005004883
825.780151367 825.780151367 840.584960938 834.005004883
824.135131836 824.135131836 840.584960938 840.584960938
827.425109863 825.780151367 840.584960938 838.940002441
830.715087891 822.49017334 842.229919434 838.940002441
