835.650024414 814.265258789 835.650024414 855.389770508
838.940002441 814.265258789 834.005004883 850.454833984
843.874938965 814.265258789 835.650024414 853.744812012
835.650024414 812.620300293 840.584960938 855.389770508
837.29498291 815.91027832 837.29498291 853.744812012
840.584960938 814.265258789 842.229919434 853.744812012
855.389770508 810.975280762 842.229919434 875.129516602
847.164855957 819.200195312 842.229919434 868.549621582
830.715087891 824.135131836 837.29498291 835.650024414
842.229919434 824.135131836 827.425109863 848.809875488
834.005004883 820.845214844 830.715087891 840.584960938
838.940002441 815.91027832 838.940002441 850.454833984
845.519897461 814.265258789 838.940002441 858.679748535
842.229919434 819.200195312 838.940002441 848.809875488
838.940002441 820.845214844 834.005004883 847.164855957
843.874938965 819.200195312 835.650024414 848.809875488
843.874938965 819.200195312 835.650024414 843.874938965
847.164855957 819.200195312 835.650024414 842.229919434
834.005004883 819.200195312 835.650024414 847.164855957
843.874938965 817.555236816 835.650024414 847.164855957
837.29498291 817.555236816 837.29498291 848.809875488
843.874938965 817.555236816 837.29498291 843.874938965
840.584960938 817.555236816 834.005004883 847.164855957
837.29498291 817.555236816 835.650024414 847.164855957
829.070068359 817.555236816 835.650024414 845.519897461
837.29498291 817.555236816 834.005004883 848.809875488
840.584960938 817.555236816 835.650024414 847.164855957
842.229919434 819.200195312 838.940002441 850.454833984
843.874938965 817.555236816 837.29498291 852.09979248
843.874938965 814.265258789 837.29498291 853.744812012
848.809875488 815.91027832 838.940002441 861.969726562
837.29498291 814.265258789 838.940002441 857.034729004
845.519897461 812.620300293 840.584960938 855.389770508
852.09979248 815.91027832 845.519897461 860.324707031
843.874938965 814.265258789 842.229919434 861.969726562
843.874938965 814.265258789 847.164855957 860.324707031
847.164855957 815.91027832 845.519897461 861.969726562
842.229919434 815.91027832 843.874938965 860.324707031
848.809875488 815.91027832 845.519897461 865.259643555
850.454833984 817.555236816 845.519897461 863.614685059
848.809875488 815.91027832 847.164855957 863.614685059
852.09979248 815.91027832 843.874938965 860.324707031
840.584960938 814.265258789 845.519897461 857.034729004
840.584960938 815.91027832 840.584960938 855.389770508
835.650024414 814.265258789 842.229919434 855.389770508
843.874938965 810.975280762 843.874938965 855.389770508
842.229919434 812.620300293 843.874938965 847.164855957
837.29498291 810.975280762 843.874938965 848.809875488
824.135131836 809.330322266 838.940002441 842.229919434
829.070068359 806.040344238 837.29498291 840.584960938
815.91027832 807.68536377 840.584960938 842.229919434
824.135131836 809.330322266 842.229919434 843.874938965
827.425109863 810.975280762 845.519897461 840.584960938
827.425109863 809.330322266 842.229919434 847.164855957
834.005004883 807.68536377 840.584960938 842.229919434
817.555236816 807.68536377 835.650024414 835.650024414
815.91027832 810.975280762 838.940002441 837.29498291
822.49017334 814.265258789 840.584960938 832.360046387
822.49017334 814.265258789 838.940002441 837.29498291
820.845214844 817.555236816 840.584960938 838.940002441
824.135131836 814.265258789 840.584960938 837.29498291
824.135131836 814.265258789 837.29498291 838.940002441
829.070068359 810.975280762 838.940002441 835.650024414
835.650024414 810.975280762 842.229919434 837.29498291
820.845214844 814.265258789 838.940002441 837.29498291
837.29498291 815.91027832 840.584960938 838.940002441
827.425109863 817.555236816 843.874938965 845.519897461
825.780151367 817.555236816 840.584960938 848.809875488
824.135131836 814.265258789 842.229919434 850.454833984
814.265258789 812.620300293 842.229919434 848.809875488
825.780151367 810.975280762 842.229919434 840.584960938
825.780151367 810.975280762 845.519897461 847.164855957
834.005004883 810.975280762 843.874938965 842.229919434
834.005004883 814.265258789 842.229919434 845.519897461
832.360046387 812.620300293 845.519897461 843.874938965
829.070068359 815.91027832 842.229919434 842.229919434
829.070068359 815.91027832 842.229919434 847.164855957
829.070068359 815.91027832 843.874938965 847.164855957
834.005004883 817.555236816 843.874938965 850.454833984
825.780151367 814.265258789 848.809875488 850.454833984
827.425109863 814.265258789 843.874938965 845.519897461
830.715087891 815.91027832 840.584960938 847.164855957
824.135131836 815.91027832 842.229919434 845.519897461
830.715087891 815.91027832 840.584960938 847.164855957
822.49017334 812.620300293 838.940002441 840.584960938
820.845214844 812.620300293 835.650024414 835.650024414
827.425109863 814.265258789 834.005004883 837.29498291
824.135131836 814.265258789 835.650024414 840.584960938
825.780151367 814.265258789 838.940002441 838.940002441
830.715087891 812.620300293 838.940002441 843.874938965
827.425109863 814.265258789 835.650024414 837.29498291
838.940002441 814.265258789 835.650024414 838.940002441
843.874938965 814.265258789 835.650024414 847.164855957
847.164855957 814.265258789 834.005004883 845.519897461
832.360046387 812.620300293 834.005004883 840.584960938
840.584960938 814.265258789 837.29498291 847.164855957
842.229919434 814.265258789 835.650024414 845.519897461
843.874938965 814.265258789 837.29498291 845.519897461
857.034729004 820.845214844 832.360046387 861.969726562
845.519897461 822.49017334 838.940002441 858.679748535
810.975280762 812.620300293 848.809875488 829.070068359
820.845214844 817.555236816 847.164855957 834.005004883
806.040344238 814.265258789 845.519897461 817.555236816
820.845214844 822.49017334 837.29498291 824.135131836
824.135131836 825.780151367 843.874938965 822.49017334
796.170471191 819.200195312 848.809875488 804.395385742
797.815490723 822.49017334 847.164855957 809.330322266
781.365661621 822.49017334 853.744812012 802.750427246
786.300598145 817.555236816 857.034729004 804.395385742
797.815490723 815.91027832 858.679748535 810.975280762
791.235534668 810.975280762 853.744812012 806.040344238
797.815490723 812.620300293 848.809875488 812.620300293
804.395385742 815.91027832 852.09979248 815.91027832
807.68536377 812.620300293 852.09979248 817.555236816
801.105407715 815.91027832 848.809875488 817.555236816
807.68536377 814.265258789 843.874938965 822.49017334
815.91027832 810.975280762 847.164855957 830.715087891
810.975280762 809.330322266 850.454833984 825.780151367
829.070068359 810.975280762 845.519897461 829.070068359
817.555236816 815.91027832 843.874938965 827.425109863
812.620300293 819.200195312 840.584960938 822.49017334
817.555236816 817.555236816 842.229919434 822.49017334
825.780151367 814.265258789 843.874938965 827.425109863
830.715087891 815.91027832 838.940002441 829.070068359
829.070068359 814.265258789 843.874938965 832.360046387
822.49017334 812.620300293 840.584960938 835.650024414
822.49017334 810.975280762 843.874938965 834.005004883
820.845214844 812.620300293 842.229919434 830.715087891
830.715087891 812.620300293 842.229919434 834.005004883
832.360046387 809.330322266 845.519897461 838.940002441
834.005004883 815.91027832 840.584960938 842.229919434
840.584960938 809.330322266 840.584960938 840.584960938
832.360046387 810.975280762 847.164855957 838.940002441
832.360046387 817.555236816 845.519897461 838.940002441
834.005004883 822.49017334 845.519897461 842.229919434
824.135131836 824.135131836 845.519897461 837.29498291
842.229919434 834.005004883 850.454833984 845.519897461
845.519897461 835.650024414 852.09979248 857.034729004
834.005004883 835.650024414 852.09979248 845.519897461
832.360046387 852.09979248 858.679748535 842.229919434
814.265258789 830.715087891 842.229919434 824.135131836
807.68536377 857.034729004 853.744812012 820.845214844
802.750427246 871.839599609 853.744812012 812.620300293
789.590576172 866.904663086 850.454833984 799.460449219
792.880554199 894.86932373 850.454833984 791.235534668
774.785766602 898.159240723 850.454833984 774.785766602
753.401000977 909.674133301 870.194580078 769.850830078
745.176086426 922.833984375 871.839599609 759.980895996
732.016235352 929.413879395 883.354431152 741.886108398
728.726318359 937.638793945 886.64440918 743.53112793
736.951171875 939.283752441 880.064453125 740.241149902
735.306213379 931.058898926 878.419494629 743.53112793
755.045959473 919.544006348 866.904663086 759.980895996
764.91583252 898.159240723 858.679748535 756.690979004
776.430725098 896.514282227 850.454833984 771.495788574
773.14074707 876.774536133 843.874938965 779.720703125
791.235534668 858.679748535 847.164855957 801.105407715
799.460449219 848.809875488 845.519897461 807.68536377
802.750427246 838.940002441 845.519897461 819.200195312
801.105407715 834.005004883 843.874938965 819.200195312
810.975280762 824.135131836 837.29498291 822.49017334
819.200195312 814.265258789 832.360046387 837.29498291
835.650024414 809.330322266 830.715087891 842.229919434
840.584960938 804.395385742 827.425109863 847.164855957
843.874938965 797.815490723 824.135131836 853.744812012
855.389770508 789.590576172 822.49017334 857.034729004
847.164855957 789.590576172 824.135131836 857.034729004
847.164855957 779.720703125 822.49017334 865.259643555
842.229919434 783.010620117 815.91027832 861.969726562
843.874938965 779.720703125 825.780151367 865.259643555
850.454833984 776.430725098 825.780151367 863.614685059
855.389770508 776.430725098 825.780151367 865.259643555
848.809875488 773.14074707 815.91027832 865.259643555
848.809875488 776.430725098 814.265258789 871.839599609
857.034729004 774.785766602 822.49017334 866.904663086
848.809875488 774.785766602 822.49017334 863.614685059
861.969726562 776.430725098 827.425109863 871.839599609
858.679748535 778.075683594 824.135131836 866.904663086
855.389770508 778.075683594 814.265258789 866.904663086
865.259643555 776.430725098 817.555236816 866.904663086
873.484558105 776.430725098 819.200195312 865.259643555
889.934387207 778.075683594 820.845214844 875.129516602
889.934387207 779.720703125 825.780151367 886.64440918
865.259643555 779.720703125 830.715087891 883.354431152
857.034729004 778.075683594 827.425109863 883.354431152
843.874938965 778.075683594 824.135131836 878.419494629
857.034729004 781.365661621 820.845214844 878.419494629
857.034729004 784.655639648 822.49017334 875.129516602
857.034729004 786.300598145 825.780151367 868.549621582
860.324707031 789.590576172 827.425109863 873.484558105
852.09979248 792.880554199 824.135131836 868.549621582
865.259643555 791.235534668 824.135131836 868.549621582
858.679748535 794.525512695 824.135131836 863.614685059
848.809875488 792.880554199 825.780151367 860.324707031
860.324707031 792.880554199 829.070068359 865.259643555
852.09979248 794.525512695 825.780151367 861.969726562
850.454833984 789.590576172 832.360046387 861.969726562
852.09979248 791.235534668 832.360046387 865.259643555
852.09979248 794.525512695 830.715087891 865.259643555
853.744812012 796.170471191 830.715087891 863.614685059
853.744812012 794.525512695 834.005004883 860.324707031
852.09979248 794.525512695 832.360046387 858.679748535
850.454833984 797.815490723 830.715087891 860.324707031
845.519897461 797.815490723 832.360046387 860.324707031
845.519897461 797.815490723 827.425109863 853.744812012
847.164855957 799.460449219 829.070068359 853.744812012
843.874938965 799.460449219 830.715087891 850.454833984
850.454833984 801.105407715 829.070068359 858.679748535
853.744812012 802.750427246 830.715087891 857.034729004
847.164855957 802.750427246 829.070068359 848.809875488
853.744812012 797.815490723 832.360046387 852.09979248
840.584960938 797.815490723 829.070068359 848.809875488
848.809875488 797.815490723 835.650024414 855.389770508
843.874938965 796.170471191 832.360046387 858.679748535
853.744812012 797.815490723 829.070068359 857.034729004
850.454833984 799.460449219 829.070068359 855.389770508
847.164855957 801.105407715 827.425109863 855.389770508
852.09979248 801.105407715 830.715087891 858.679748535
840.584960938 804.395385742 832.360046387 853.744812012
837.29498291 804.395385742 830.715087891 848.809875488
838.940002441 802.750427246 832.360046387 852.09979248
835.650024414 804.395385742 834.005004883 853.744812012
843.874938965 804.395385742 832.360046387 852.09979248
842.229919434 802.750427246 832.360046387 852.09979248
830.715087891 802.750427246 829.070068359 843.874938965
832.360046387 804.395385742 829.070068359 845.519897461
829.070068359 806.040344238 829.070068359 848.809875488
835.650024414 807.68536377 830.715087891 852.09979248
832.360046387 806.040344238 830.715087891 853.744812012
830.715087891 802.750427246 830.715087891 850.454833984
832.360046387 804.395385742 830.715087891 850.454833984
835.650024414 806.040344238 834.005004883 850.454833984
842.229919434 810.975280762 829.070068359 855.389770508
840.584960938 815.91027832 829.070068359 855.389770508
834.005004883 810.975280762 832.360046387 857.034729004
838.940002441 814.265258789 827.425109863 858.679748535
832.360046387 814.265258789 834.005004883 855.389770508
837.29498291 812.620300293 834.005004883 855.389770508
842.229919434 812.620300293 834.005004883 857.034729004
830.715087891 812.620300293 835.650024414 850.454833984
824.135131836 809.330322266 834.005004883 850.454833984
825.780151367 809.330322266 829.070068359 845.519897461
830.715087891 810.975280762 832.360046387 850.454833984
830.715087891 807.68536377 835.650024414 848.809875488
825.780151367 810.975280762 832.360046387 852.09979248
827.425109863 809.330322266 835.650024414 852.09979248
820.845214844 809.330322266 835.650024414 845.519897461
830.715087891 809.330322266 837.29498291 850.454833984
834.005004883 807.68536377 837.29498291 852.09979248
827.425109863 809.330322266 835.650024414 847.164855957
832.360046387 809.330322266 835.650024414 850.454833984
832.360046387 810.975280762 837.29498291 848.809875488
843.874938965 812.620300293 837.29498291 855.389770508
838.940002441 812.620300293 838.940002441 853.744812012
843.874938965 815.91027832 835.650024414 855.389770508
842.229919434 814.265258789 835.650024414 857.034729004
834.005004883 814.265258789 837.29498291 852.09979248
840.584960938 815.91027832 835.650024414 852.09979248
834.005004883 819.200195312 837.29498291 848.809875488
830.715087891 814.265258789 838.940002441 848.809875488
825.780151367 819.200195312 837.29498291 845.519897461
825.780151367 817.555236816 834.005004883 845.519897461
825.780151367 815.91027832 832.360046387 845.519897461
832.360046387 820.845214844 834.005004883 847.164855957
827.425109863 820.845214844 834.005004883 842.229919434
832.360046387 820.845214844 832.360046387 845.519897461
838.940002441 819.200195312 835.650024414 845.519897461
840.584960938 822.49017334 834.005004883 845.519897461
840.584960938 822.49017334 835.650024414 852.09979248
835.650024414 819.200195312 835.650024414 847.164855957
835.650024414 822.49017334 835.650024414 848.809875488
835.650024414 822.49017334 835.650024414 847.164855957
840.584960938 819.200195312 837.29498291 850.454833984
845.519897461 815.91027832 829.070068359 855.389770508
875.129516602 815.91027832 819.200195312 876.774536133
865.259643555 809.330322266 842.229919434 886.64440918
822.49017334 797.815490723 847.164855957 847.164855957
843.874938965 801.105407715 840.584960938 865.259643555
837.29498291 787.945556641 845.519897461 865.259643555
855.389770508 786.300598145 834.005004883 880.064453125
865.259643555 783.010620117 840.584960938 893.224304199
848.809875488 778.075683594 848.809875488 889.934387207
847.164855957 773.14074707 848.809875488 884.999450684
880.064453125 773.14074707 842.229919434 912.964111328
878.419494629 778.075683594 845.519897461 914.609069824
868.549621582 773.14074707 853.744812012 904.739196777
881.709472656 771.495788574 845.519897461 919.544006348
886.64440918 779.720703125 845.519897461 919.544006348
883.354431152 781.365661621 848.809875488 917.899047852
888.289367676 784.655639648 852.09979248 919.544006348
876.774536133 789.590576172 848.809875488 916.25402832
875.129516602 786.300598145 855.389770508 912.964111328
883.354431152 791.235534668 852.09979248 911.319091797
873.484558105 794.525512695 847.164855957 904.739196777
866.904663086 792.880554199 848.809875488 894.86932373
871.839599609 794.525512695 845.519897461 894.86932373
870.194580078 796.170471191 845.519897461 888.289367676
878.419494629 801.105407715 843.874938965 884.999450684
881.709472656 802.750427246 842.229919434 888.289367676
866.904663086 797.815490723 845.519897461 886.64440918
863.614685059 799.460449219 845.519897461 889.934387207
853.744812012 801.105407715 842.229919434 888.289367676
855.389770508 799.460449219 850.454833984 884.999450684
850.454833984 799.460449219 845.519897461 880.064453125
853.744812012 801.105407715 842.229919434 875.129516602
855.389770508 801.105407715 845.519897461 875.129516602
848.809875488 802.750427246 840.584960938 873.484558105
850.454833984 802.750427246 840.584960938 870.194580078
848.809875488 802.750427246 840.584960938 871.839599609
838.940002441 804.395385742 837.29498291 868.549621582
840.584960938 809.330322266 837.29498291 866.904663086
838.940002441 806.040344238 837.29498291 865.259643555
847.164855957 807.68536377 838.940002441 865.259643555
842.229919434 807.68536377 835.650024414 861.969726562
845.519897461 809.330322266 835.650024414 860.324707031
847.164855957 814.265258789 837.29498291 861.969726562
852.09979248 817.555236816 838.940002441 863.614685059
848.809875488 815.91027832 838.940002441 858.679748535
842.229919434 819.200195312 840.584960938 860.324707031
843.874938965 815.91027832 840.584960938 858.679748535
838.940002441 812.620300293 843.874938965 855.389770508
840.584960938 812.620300293 843.874938965 857.034729004
838.940002441 814.265258789 843.874938965 852.09979248
829.070068359 817.555236816 847.164855957 848.809875488
838.940002441 817.555236816 842.229919434 850.454833984
840.584960938 814.265258789 843.874938965 850.454833984
830.715087891 812.620300293 842.229919434 845.519897461
832.360046387 812.620300293 840.584960938 848.809875488
834.005004883 814.265258789 842.229919434 847.164855957
825.780151367 812.620300293 840.584960938 842.229919434
827.425109863 812.620300293 840.584960938 835.650024414
824.135131836 814.265258789 837.29498291 834.005004883
820.845214844 814.265258789 835.650024414 838.940002441
850.454833984 806.040344238 838.940002441 858.679748535
842.229919434 817.555236816 837.29498291 845.519897461
820.845214844 820.845214844 832.360046387 819.200195312
838.940002441 814.265258789 837.29498291 834.005004883
819.200195312 817.555236816 837.29498291 829.070068359
830.715087891 804.395385742 842.229919434 840.584960938
830.715087891 810.975280762 843.874938965 843.874938965
819.200195312 814.265258789 840.584960938 827.425109863
830.715087891 814.265258789 838.940002441 835.650024414
834.005004883 812.620300293 837.29498291 842.229919434
830.715087891 812.620300293 840.584960938 835.650024414
832.360046387 817.555236816 838.940002441 837.29498291
834.005004883 819.200195312 840.584960938 835.650024414
840.584960938 819.200195312 840.584960938 845.519897461
837.29498291 819.200195312 838.940002441 843.874938965
835.650024414 819.200195312 838.940002441 835.650024414
840.584960938 820.845214844 835.650024414 835.650024414
837.29498291 820.845214844 840.584960938 837.29498291
842.229919434 819.200195312 838.940002441 837.29498291
838.940002441 817.555236816 838.940002441 840.584960938
840.584960938 815.91027832 838.940002441 843.874938965
845.519897461 814.265258789 837.29498291 842.229919434
840.584960938 809.330322266 845.519897461 847.164855957
842.229919434 812.620300293 845.519897461 853.744812012
840.584960938 814.265258789 847.164855957 852.09979248
843.874938965 814.265258789 845.519897461 858.679748535
845.519897461 817.555236816 843.874938965 852.09979248
845.519897461 814.265258789 847.164855957 848.809875488
842.229919434 815.91027832 843.874938965 845.519897461
838.940002441 817.555236816 840.584960938 847.164855957
835.650024414 815.91027832 840.584960938 847.164855957
838.940002441 817.555236816 840.584960938 847.164855957
842.229919434 815.91027832 838.940002441 845.519897461
840.584960938 815.91027832 840.584960938 847.164855957
835.650024414 812.620300293 840.584960938 847.164855957
832.360046387 810.975280762 837.29498291 840.584960938
834.005004883 815.91027832 835.650024414 842.229919434
830.715087891 819.200195312 835.650024414 837.29498291
832.360046387 817.555236816 835.650024414 835.650024414
830.715087891 815.91027832 837.29498291 838.940002441
830.715087891 815.91027832 840.584960938 837.29498291
829.070068359 819.200195312 837.29498291 832.360046387
827.425109863 819.200195312 845.519897461 835.650024414
830.715087891 827.425109863 850.454833984 843.874938965
832.360046387 832.360046387 850.454833984 843.874938965
834.005004883 834.005004883 848.809875488 838.940002441
840.584960938 850.454833984 853.744812012 845.519897461
820.845214844 837.29498291 835.650024414 819.200195312
825.780151367 830.715087891 829.070068359 819.200195312
814.265258789 838.940002441 861.969726562 822.49017334
776.430725098 847.164855957 866.904663086 791.235534668
789.590576172 873.484558105 870.194580078 794.525512695
766.560852051 873.484558105 889.934387207 781.365661621
756.690979004 875.129516602 886.64440918 769.850830078
756.690979004 899.804260254 901.44921875 774.785766602
733.661254883 899.804260254 901.44921875 750.111022949
717.211425781 908.029174805 891.579345703 732.016235352
720.501403809 917.899047852 903.094238281 733.661254883
705.696594238 909.674133301 904.739196777 727.081298828
699.116638184 929.413879395 908.029174805 722.146362305
704.051574707 929.413879395 898.159240723 717.211425781
694.18170166 927.768920898 899.804260254 720.501403809
681.021850586 931.058898926 903.094238281 712.276489258
689.246765137 950.79864502 896.514282227 710.631530762
689.246765137 957.378540039 886.64440918 702.406616211
707.341552734 949.153686523 876.774536133 708.98651123
712.276489258 937.638793945 871.839599609 725.436340332
722.146362305 922.833984375 861.969726562 732.016235352
732.016235352 911.319091797 852.09979248 738.596191406
736.951171875 893.224304199 850.454833984 743.53112793
759.980895996 886.64440918 847.164855957 761.625915527
764.91583252 873.484558105 840.584960938 778.075683594
764.91583252 852.09979248 832.360046387 778.075683594
787.945556641 845.519897461 827.425109863 792.880554199
786.300598145 835.650024414 830.715087891 794.525512695
799.460449219 829.070068359 824.135131836 802.750427246
817.555236816 822.49017334 822.49017334 809.330322266
819.200195312 814.265258789 820.845214844 812.620300293
834.005004883 802.750427246 820.845214844 820.845214844
832.360046387 801.105407715 817.555236816 825.780151367
842.229919434 796.170471191 819.200195312 830.715087891
845.519897461 787.945556641 815.91027832 840.584960938
847.164855957 786.300598145 812.620300293 850.454833984
848.809875488 781.365661621 815.91027832 853.744812012
838.940002441 784.655639648 810.975280762 855.389770508
843.874938965 778.075683594 814.265258789 860.324707031
848.809875488 774.785766602 810.975280762 858.679748535
847.164855957 774.785766602 810.975280762 858.679748535
857.034729004 771.495788574 810.975280762 861.969726562
855.389770508 771.495788574 809.330322266 861.969726562
860.324707031 771.495788574 812.620300293 860.324707031
865.259643555 771.495788574 812.620300293 865.259643555
847.164855957 771.495788574 815.91027832 860.324707031
853.744812012 773.14074707 814.265258789 861.969726562
861.969726562 771.495788574 815.91027832 865.259643555
861.969726562 771.495788574 815.91027832 865.259643555
865.259643555 769.850830078 812.620300293 873.484558105
865.259643555 769.850830078 817.555236816 875.129516602
855.389770508 768.205810547 810.975280762 870.194580078
865.259643555 768.205810547 814.265258789 871.839599609
861.969726562 769.850830078 817.555236816 866.904663086
852.09979248 771.495788574 815.91027832 865.259643555
858.679748535 771.495788574 817.555236816 870.194580078
860.324707031 778.075683594 819.200195312 866.904663086
860.324707031 779.720703125 814.265258789 865.259643555
853.744812012 779.720703125 814.265258789 866.904663086
847.164855957 778.075683594 814.265258789 855.389770508
845.519897461 776.430725098 814.265258789 850.454833984
847.164855957 781.365661621 817.555236816 852.09979248
852.09979248 774.785766602 820.845214844 847.164855957
845.519897461 778.075683594 817.555236816 848.809875488
847.164855957 778.075683594 817.555236816 847.164855957
847.164855957 778.075683594 817.555236816 845.519897461
843.874938965 787.945556641 815.91027832 845.519897461
852.09979248 784.655639648 820.845214844 852.09979248
848.809875488 786.300598145 820.845214844 850.454833984
857.034729004 787.945556641 819.200195312 850.454833984
855.389770508 787.945556641 819.200195312 847.164855957
857.034729004 792.880554199 819.200195312 843.874938965
850.454833984 794.525512695 820.845214844 845.519897461
861.969726562 792.880554199 815.91027832 848.809875488
880.064453125 796.170471191 814.265258789 870.194580078
875.129516602 794.525512695 829.070068359 870.194580078
835.650024414 784.655639648 837.29498291 845.519897461
848.809875488 787.945556641 834.005004883 860.324707031
848.809875488 787.945556641 832.360046387 848.809875488
852.09979248 792.880554199 822.49017334 845.519897461
865.259643555 792.880554199 832.360046387 861.969726562
852.09979248 792.880554199 834.005004883 858.679748535
861.969726562 796.170471191 832.360046387 866.904663086
868.549621582 796.170471191 832.360046387 873.484558105
863.614685059 797.815490723 832.360046387 871.839599609
857.034729004 797.815490723 840.584960938 873.484558105
858.679748535 794.525512695 842.229919434 878.419494629
866.904663086 799.460449219 838.940002441 880.064453125
861.969726562 799.460449219 838.940002441 875.129516602
852.09979248 796.170471191 840.584960938 866.904663086
845.519897461 794.525512695 837.29498291 863.614685059
853.744812012 791.235534668 840.584960938 865.259643555
847.164855957 791.235534668 843.874938965 868.549621582
845.519897461 792.880554199 837.29498291 865.259643555
860.324707031 794.525512695 835.650024414 870.194580078
840.584960938 794.525512695 834.005004883 860.324707031
847.164855957 797.815490723 835.650024414 860.324707031
848.809875488 797.815490723 837.29498291 860.324707031
845.519897461 801.105407715 834.005004883 858.679748535
850.454833984 801.105407715 832.360046387 855.389770508
840.584960938 797.815490723 832.360046387 852.09979248
837.29498291 796.170471191 834.005004883 848.809875488
842.229919434 797.815490723 835.650024414 852.09979248
842.229919434 797.815490723 830.715087891 848.809875488
845.519897461 797.815490723 834.005004883 850.454833984
843.874938965 804.395385742 829.070068359 848.809875488
838.940002441 807.68536377 830.715087891 850.454833984
837.29498291 806.040344238 835.650024414 848.809875488
835.650024414 802.750427246 832.360046387 848.809875488
835.650024414 801.105407715 834.005004883 843.874938965
834.005004883 801.105407715 832.360046387 843.874938965
829.070068359 804.395385742 832.360046387 843.874938965
834.005004883 801.105407715 834.005004883 847.164855957
840.584960938 802.750427246 835.650024414 853.744812012
842.229919434 799.460449219 834.005004883 848.809875488
845.519897461 801.105407715 832.360046387 852.09979248
842.229919434 801.105407715 835.650024414 850.454833984
840.584960938 801.105407715 835.650024414 848.809875488
842.229919434 801.105407715 835.650024414 853.744812012
838.940002441 799.460449219 840.584960938 853.744812012
837.29498291 801.105407715 838.940002441 857.034729004
834.005004883 802.750427246 842.229919434 857.034729004
840.584960938 806.040344238 843.874938965 860.324707031
840.584960938 806.040344238 840.584960938 855.389770508
840.584960938 807.68536377 838.940002441 853.744812012
832.360046387 806.040344238 837.29498291 852.09979248
829.070068359 806.040344238 838.940002441 847.164855957
825.780151367 806.040344238 838.940002441 848.809875488
825.780151367 806.040344238 838.940002441 847.164855957
827.425109863 807.68536377 838.940002441 845.519897461
832.360046387 807.68536377 835.650024414 845.519897461
830.715087891 807.68536377 834.005004883 843.874938965
837.29498291 809.330322266 834.005004883 837.29498291
829.070068359 812.620300293 834.005004883 830.715087891
824.135131836 814.265258789 830.715087891 825.780151367
825.780151367 810.975280762 830.715087891 822.49017334
822.49017334 807.68536377 830.715087891 824.135131836
830.715087891 809.330322266 835.650024414 820.845214844
830.715087891 807.68536377 834.005004883 819.200195312
835.650024414 807.68536377 834.005004883 819.200195312
837.29498291 807.68536377 834.005004883 819.200195312
837.29498291 807.68536377 830.715087891 822.49017334
829.070068359 809.330322266 832.360046387 817.555236816
827.425109863 807.68536377 834.005004883 817.555236816
827.425109863 809.330322266 832.360046387 812.620300293
827.425109863 802.750427246 835.650024414 810.975280762
825.780151367 804.395385742 835.650024414 809.330322266
834.005004883 807.68536377 832.360046387 802.750427246
837.29498291 807.68536377 832.360046387 810.975280762
865.259643555 807.68536377 824.135131836 830.715087891
861.969726562 807.68536377 829.070068359 840.584960938
814.265258789 801.105407715 848.809875488 807.68536377
820.845214844 801.105407715 837.29498291 810.975280762
829.070068359 799.460449219 838.940002441 824.135131836
830.715087891 787.945556641 837.29498291 819.200195312
838.940002441 784.655639648 835.650024414 820.845214844
824.135131836 778.075683594 840.584960938 810.975280762
820.845214844 779.720703125 837.29498291 799.460449219
842.229919434 781.365661621 838.940002441 809.330322266
848.809875488 784.655639648 834.005004883 804.395385742
845.519897461 786.300598145 840.584960938 787.945556641
834.005004883 783.010620117 834.005004883 774.785766602
840.584960938 783.010620117 834.005004883 776.430725098
838.940002441 786.300598145 837.29498291 773.14074707
837.29498291 786.300598145 838.940002441 768.205810547
837.29498291 787.945556641 838.940002441 776.430725098
842.229919434 791.235534668 837.29498291 779.720703125
845.519897461 796.170471191 837.29498291 779.720703125
852.09979248 796.170471191 838.940002441 784.655639648
850.454833984 799.460449219 837.29498291 786.300598145
845.519897461 796.170471191 837.29498291 783.010620117
842.229919434 796.170471191 838.940002441 783.010620117
842.229919434 799.460449219 837.29498291 784.655639648
840.584960938 796.170471191 835.650024414 792.880554199
842.229919434 801.105407715 834.005004883 792.880554199
840.584960938 801.105407715 835.650024414 787.945556641
852.09979248 801.105407715 834.005004883 792.880554199
852.09979248 804.395385742 830.715087891 792.880554199
847.164855957 799.460449219 832.360046387 791.235534668
838.940002441 797.815490723 834.005004883 792.880554199
838.940002441 801.105407715 832.360046387 794.525512695
840.584960938 799.460449219 834.005004883 792.880554199
835.650024414 801.105407715 832.360046387 791.235534668
834.005004883 802.750427246 832.360046387 786.300598145
840.584960938 802.750427246 835.650024414 796.170471191
842.229919434 802.750427246 838.940002441 802.750427246
838.940002441 804.395385742 842.229919434 804.395385742
834.005004883 809.330322266 838.940002441 804.395385742
840.584960938 807.68536377 837.29498291 804.395385742
837.29498291 807.68536377 837.29498291 804.395385742
838.940002441 807.68536377 835.650024414 809.330322266
837.29498291 804.395385742 837.29498291 810.975280762
834.005004883 806.040344238 835.650024414 809.330322266
830.715087891 807.68536377 832.360046387 814.265258789
837.29498291 810.975280762 835.650024414 814.265258789
834.005004883 810.975280762 832.360046387 814.265258789
834.005004883 810.975280762 837.29498291 815.91027832
837.29498291 810.975280762 832.360046387 809.330322266
843.874938965 810.975280762 835.650024414 815.91027832
835.650024414 812.620300293 838.940002441 810.975280762
832.360046387 814.265258789 837.29498291 812.620300293
835.650024414 812.620300293 838.940002441 820.845214844
829.070068359 812.620300293 838.940002441 819.200195312
834.005004883 812.620300293 838.940002441 825.780151367
827.425109863 812.620300293 838.940002441 829.070068359
834.005004883 812.620300293 842.229919434 834.005004883
835.650024414 815.91027832 838.940002441 834.005004883
845.519897461 815.91027832 838.940002441 832.360046387
840.584960938 812.620300293 835.650024414 832.360046387
824.135131836 809.330322266 837.29498291 832.360046387
832.360046387 810.975280762 835.650024414 837.29498291
832.360046387 815.91027832 838.940002441 838.940002441
837.29498291 815.91027832 837.29498291 842.229919434
834.005004883 819.200195312 834.005004883 843.874938965
842.229919434 815.91027832 835.650024414 853.744812012
860.324707031 812.620300293 832.360046387 871.839599609
842.229919434 814.265258789 840.584960938 858.679748535
820.845214844 809.330322266 843.874938965 840.584960938
832.360046387 804.395385742 842.229919434 857.034729004
820.845214844 806.040344238 837.29498291 845.519897461
843.874938965 807.68536377 835.650024414 861.969726562
842.229919434 806.040344238 832.360046387 868.549621582
830.715087891 806.040344238 834.005004883 860.324707031
834.005004883 806.040344238 834.005004883 871.839599609
835.650024414 804.395385742 830.715087891 871.839599609
824.135131836 809.330322266 830.715087891 865.259643555
824.135131836 809.330322266 835.650024414 863.614685059
832.360046387 809.330322266 834.005004883 865.259643555
834.005004883 812.620300293 830.715087891 870.194580078
842.229919434 812.620300293 830.715087891 875.129516602
832.360046387 810.975280762 832.360046387 873.484558105
840.584960938 810.975280762 834.005004883 880.064453125
843.874938965 809.330322266 832.360046387 880.064453125
837.29498291 810.975280762 834.005004883 878.419494629
835.650024414 810.975280762 830.715087891 873.484558105
838.940002441 810.975280762 829.070068359 870.194580078
824.135131836 809.330322266 835.650024414 875.129516602
830.715087891 814.265258789 832.360046387 878.419494629
837.29498291 812.620300293 830.715087891 884.999450684
829.070068359 809.330322266 837.29498291 884.999450684
838.940002441 810.975280762 834.005004883 881.709472656
840.584960938 809.330322266 834.005004883 883.354431152
842.229919434 806.040344238 835.650024414 878.419494629
843.874938965 809.330322266 832.360046387 876.774536133
842.229919434 812.620300293 834.005004883 875.129516602
838.940002441 810.975280762 834.005004883 878.419494629
838.940002441 815.91027832 835.650024414 873.484558105
835.650024414 812.620300293 834.005004883 868.549621582
830.715087891 807.68536377 834.005004883 858.679748535
832.360046387 809.330322266 834.005004883 858.679748535
834.005004883 812.620300293 835.650024414 861.969726562
837.29498291 812.620300293 834.005004883 861.969726562
840.584960938 814.265258789 834.005004883 861.969726562
840.584960938 814.265258789 832.360046387 861.969726562
838.940002441 815.91027832 829.070068359 857.034729004
842.229919434 814.265258789 830.715087891 855.389770508
834.005004883 810.975280762 830.715087891 853.744812012
829.070068359 810.975280762 829.070068359 848.809875488
827.425109863 810.975280762 830.715087891 850.454833984
827.425109863 810.975280762 827.425109863 840.584960938
830.715087891 810.975280762 825.780151367 842.229919434
834.005004883 815.91027832 829.070068359 848.809875488
852.09979248 815.91027832 830.715087891 850.454833984
850.454833984 817.555236816 834.005004883 852.09979248
852.09979248 814.265258789 835.650024414 845.519897461
850.454833984 812.620300293 830.715087891 843.874938965
843.874938965 814.265258789 829.070068359 845.519897461
830.715087891 814.265258789 834.005004883 848.809875488
832.360046387 812.620300293 830.715087891 850.454833984
827.425109863 810.975280762 834.005004883 852.09979248
825.780151367 809.330322266 832.360046387 848.809875488
825.780151367 810.975280762 830.715087891 843.874938965
820.845214844 812.620300293 834.005004883 840.584960938
820.845214844 810.975280762 834.005004883 838.940002441
834.005004883 812.620300293 830.715087891 842.229919434
834.005004883 812.620300293 832.360046387 845.519897461
837.29498291 812.620300293 832.360046387 845.519897461
835.650024414 812.620300293 832.360046387 848.809875488
835.650024414 815.91027832 829.070068359 847.164855957
837.29498291 814.265258789 832.360046387 852.09979248
837.29498291 810.975280762 834.005004883 855.389770508
829.070068359 810.975280762 834.005004883 848.809875488
829.070068359 807.68536377 834.005004883 850.454833984
832.360046387 804.395385742 834.005004883 855.389770508
838.940002441 799.460449219 837.29498291 871.839599609
850.454833984 814.265258789 830.715087891 876.774536133
830.715087891 830.715087891 825.780151367 843.874938965
822.49017334 825.780151367 829.070068359 834.005004883
827.425109863 834.005004883 824.135131836 832.360046387
819.200195312 835.650024414 819.200195312 825.780151367
834.005004883 837.29498291 819.200195312 834.005004883
835.650024414 843.874938965 814.265258789 829.070068359
834.005004883 843.874938965 809.330322266 822.49017334
837.29498291 840.584960938 809.330322266 822.49017334
840.584960938 852.09979248 801.105407715 817.555236816
840.584960938 853.744812012 796.170471191 815.91027832
847.164855957 847.164855957 804.395385742 825.780151367
843.874938965 840.584960938 806.040344238 825.780151367
845.519897461 840.584960938 807.68536377 827.425109863
838.940002441 842.229919434 809.330322266 819.200195312
842.229919434 837.29498291 809.330322266 822.49017334
848.809875488 837.29498291 810.975280762 827.425109863
835.650024414 838.940002441 809.330322266 822.49017334
838.940002441 835.650024414 810.975280762 829.070068359
837.29498291 834.005004883 815.91027832 825.780151367
843.874938965 837.29498291 815.91027832 832.360046387
842.229919434 837.29498291 817.555236816 824.135131836
837.29498291 837.29498291 817.555236816 817.555236816
840.584960938 837.29498291 814.265258789 824.135131836
835.650024414 835.650024414 819.200195312 825.780151367
835.650024414 832.360046387 819.200195312 834.005004883
835.650024414 830.715087891 822.49017334 829.070068359
835.650024414 824.135131836 820.845214844 827.425109863
837.29498291 824.135131836 822.49017334 830.715087891
830.715087891 824.135131836 822.49017334 832.360046387
840.584960938 829.070068359 822.49017334 837.29498291
835.650024414 829.070068359 824.135131836 830.715087891
827.425109863 825.780151367 822.49017334 827.425109863
829.070068359 822.49017334 820.845214844 825.780151367
825.780151367 820.845214844 825.780151367 832.360046387
829.070068359 822.49017334 827.425109863 829.070068359
834.005004883 822.49017334 825.780151367 827.425109863
824.135131836 822.49017334 824.135131836 824.135131836
825.780151367 822.49017334 824.135131836 824.135131836
822.49017334 822.49017334 827.425109863 822.49017334
824.135131836 820.845214844 825.780151367 820.845214844
822.49017334 819.200195312 825.780151367 822.49017334
822.49017334 820.845214844 825.780151367 820.845214844
822.49017334 820.845214844 829.070068359 825.780151367
824.135131836 824.135131836 829.070068359 827.425109863
827.425109863 822.49017334 825.780151367 829.070068359
825.780151367 819.200195312 825.780151367 825.780151367
827.425109863 820.845214844 824.135131836 827.425109863
825.780151367 820.845214844 829.070068359 825.780151367
825.780151367 819.200195312 830.715087891 830.715087891
830.715087891 820.845214844 829.070068359 835.650024414
827.425109863 820.845214844 830.715087891 832.360046387
825.780151367 820.845214844 832.360046387 832.360046387
824.135131836 822.49017334 829.070068359 834.005004883
824.135131836 817.555236816 830.715087891 830.715087891
824.135131836 817.555236816 829.070068359 832.360046387
825.780151367 819.200195312 822.49017334 829.070068359
827.425109863 817.555236816 827.425109863 834.005004883
830.715087891 819.200195312 827.425109863 832.360046387
829.070068359 817.555236816 827.425109863 830.715087891
838.940002441 820.845214844 830.715087891 838.940002441
838.940002441 820.845214844 832.360046387 837.29498291
834.005004883 819.200195312 832.360046387 838.940002441
834.005004883 814.265258789 832.360046387 835.650024414
830.715087891 814.265258789 830.715087891 832.360046387
834.005004883 815.91027832 827.425109863 829.070068359
837.29498291 817.555236816 829.070068359 832.360046387
837.29498291 819.200195312 830.715087891 835.650024414
838.940002441 817.555236816 827.425109863 829.070068359
840.584960938 817.555236816 827.425109863 834.005004883
834.005004883 815.91027832 830.715087891 835.650024414
835.650024414 820.845214844 825.780151367 825.780151367
832.360046387 819.200195312 829.070068359 822.49017334
830.715087891 817.555236816 827.425109863 824.135131836
824.135131836 819.200195312 827.425109863 820.845214844
820.845214844 817.555236816 824.135131836 830.715087891
852.09979248 822.49017334 822.49017334 853.744812012
847.164855957 817.555236816 842.229919434 855.389770508
809.330322266 807.68536377 848.809875488 834.005004883
820.845214844 804.395385742 842.229919434 840.584960938
817.555236816 807.68536377 842.229919434 830.715087891
820.845214844 806.040344238 843.874938965 835.650024414
810.975280762 799.460449219 847.164855957 835.650024414
807.68536377 796.170471191 850.454833984 835.650024414
801.105407715 792.880554199 847.164855957 834.005004883
822.49017334 801.105407715 840.584960938 842.229919434
824.135131836 802.750427246 847.164855957 842.229919434
817.555236816 799.460449219 847.164855957 838.940002441
820.845214844 802.750427246 840.584960938 842.229919434
822.49017334 804.395385742 838.940002441 842.229919434
824.135131836 801.105407715 842.229919434 842.229919434
814.265258789 801.105407715 842.229919434 834.005004883
819.200195312 801.105407715 838.940002441 834.005004883
820.845214844 801.105407715 840.584960938 834.005004883
819.200195312 804.395385742 838.940002441 832.360046387
827.425109863 806.040344238 838.940002441 827.425109863
842.229919434 809.330322266 838.940002441 834.005004883
847.164855957 807.68536377 840.584960938 838.940002441
829.070068359 807.68536377 840.584960938 830.715087891
829.070068359 802.750427246 842.229919434 847.164855957
825.780151367 802.750427246 840.584960938 847.164855957
825.780151367 806.040344238 843.874938965 850.454833984
817.555236816 807.68536377 842.229919434 850.454833984
824.135131836 807.68536377 840.584960938 842.229919434
820.845214844 807.68536377 838.940002441 842.229919434
824.135131836 810.975280762 838.940002441 842.229919434
824.135131836 807.68536377 838.940002441 838.940002441
822.49017334 810.975280762 838.940002441 840.584960938
824.135131836 810.975280762 840.584960938 840.584960938
824.135131836 810.975280762 838.940002441 842.229919434
824.135131836 810.975280762 837.29498291 842.229919434
825.780151367 809.330322266 837.29498291 842.229919434
822.49017334 812.620300293 835.650024414 855.389770508
825.780151367 809.330322266 838.940002441 855.389770508
824.135131836 814.265258789 838.940002441 857.034729004
825.780151367 815.91027832 838.940002441 863.614685059
822.49017334 806.040344238 838.940002441 858.679748535
822.49017334 807.68536377 835.650024414 857.034729004
822.49017334 810.975280762 834.005004883 861.969726562
819.200195312 809.330322266 832.360046387 855.389770508
822.49017334 810.975280762 832.360046387 855.389770508
817.555236816 804.395385742 834.005004883 860.324707031
819.200195312 804.395385742 834.005004883 858.679748535
829.070068359 806.040344238 835.650024414 865.259643555
834.005004883 807.68536377 834.005004883 868.549621582
829.070068359 810.975280762 835.650024414 866.904663086
830.715087891 806.040344238 835.650024414 860.324707031
830.715087891 809.330322266 830.715087891 861.969726562
824.135131836 810.975280762 834.005004883 865.259643555
837.29498291 810.975280762 832.360046387 868.549621582
829.070068359 810.975280762 837.29498291 868.549621582
824.135131836 810.975280762 835.650024414 863.614685059
829.070068359 807.68536377 834.005004883 860.324707031
827.425109863 806.040344238 834.005004883 853.744812012
834.005004883 806.040344238 835.650024414 855.389770508
829.070068359 809.330322266 835.650024414 860.324707031
832.360046387 812.620300293 832.360046387 861.969726562
827.425109863 812.620300293 835.650024414 860.324707031
824.135131836 812.620300293 835.650024414 858.679748535
827.425109863 810.975280762 835.650024414 855.389770508
829.070068359 810.975280762 835.650024414 858.679748535
832.360046387 814.265258789 834.005004883 865.259643555
837.29498291 815.91027832 834.005004883 860.324707031
834.005004883 817.555236816 832.360046387 865.259643555
830.715087891 817.555236816 834.005004883 865.259643555
825.780151367 819.200195312 834.005004883 863.614685059
827.425109863 817.555236816 838.940002441 866.904663086
824.135131836 815.91027832 837.29498291 863.614685059
825.780151367 814.265258789 838.940002441 861.969726562
825.780151367 815.91027832 835.650024414 860.324707031
829.070068359 812.620300293 837.29498291 863.614685059
822.49017334 814.265258789 838.940002441 863.614685059
820.845214844 810.975280762 834.005004883 857.034729004
822.49017334 810.975280762 838.940002441 861.969726562
815.91027832 812.620300293 837.29498291 861.969726562
814.265258789 809.330322266 837.29498291 857.034729004
819.200195312 809.330322266 838.940002441 858.679748535
817.555236816 807.68536377 837.29498291 855.389770508
817.555236816 810.975280762 837.29498291 852.09979248
820.845214844 814.265258789 837.29498291 855.389770508
810.975280762 812.620300293 835.650024414 848.809875488
812.620300293 810.975280762 832.360046387 843.874938965
819.200195312 807.68536377 835.650024414 843.874938965
812.620300293 809.330322266 832.360046387 845.519897461
812.620300293 807.68536377 835.650024414 843.874938965
814.265258789 810.975280762 835.650024414 840.584960938
817.555236816 812.620300293 835.650024414 838.940002441
820.845214844 810.975280762 835.650024414 837.29498291
820.845214844 812.620300293 832.360046387 838.940002441
815.91027832 814.265258789 832.360046387 838.940002441
810.975280762 812.620300293 829.070068359 837.29498291
822.49017334 810.975280762 829.070068359 848.809875488
838.940002441 804.395385742 830.715087891 861.969726562
840.584960938 809.330322266 830.715087891 865.259643555
824.135131836 819.200195312 824.135131836 835.650024414
829.070068359 812.620300293 822.49017334 842.229919434
847.164855957 814.265258789 814.265258789 848.809875488
858.679748535 809.330322266 812.620300293 866.904663086
863.614685059 802.750427246 815.91027832 883.354431152
860.324707031 807.68536377 817.555236816 871.839599609
865.259643555 806.040344238 815.91027832 880.064453125
873.484558105 801.105407715 815.91027832 888.289367676
883.354431152 807.68536377 817.555236816 899.804260254
875.129516602 809.330322266 817.555236816 889.934387207
888.289367676 807.68536377 822.49017334 899.804260254
889.934387207 809.330322266 824.135131836 906.384155273
894.86932373 807.68536377 820.845214844 899.804260254
886.64440918 809.330322266 825.780151367 896.514282227
876.774536133 809.330322266 824.135131836 883.354431152
875.129516602 806.040344238 825.780151367 875.129516602
865.259643555 806.040344238 829.070068359 871.839599609
865.259643555 804.395385742 830.715087891 868.549621582
863.614685059 807.68536377 830.715087891 865.259643555
871.839599609 812.620300293 830.715087891 868.549621582
866.904663086 817.555236816 830.715087891 868.549621582
866.904663086 819.200195312 832.360046387 865.259643555
860.324707031 817.555236816 832.360046387 866.904663086
860.324707031 820.845214844 829.070068359 865.259643555
855.389770508 819.200195312 832.360046387 865.259643555
850.454833984 814.265258789 832.360046387 863.614685059
850.454833984 814.265258789 832.360046387 863.614685059
853.744812012 815.91027832 835.650024414 866.904663086
843.874938965 815.91027832 834.005004883 861.969726562
848.809875488 815.91027832 837.29498291 865.259643555
845.519897461 812.620300293 837.29498291 861.969726562
845.519897461 810.975280762 834.005004883 860.324707031
842.229919434 812.620300293 837.29498291 858.679748535
845.519897461 815.91027832 837.29498291 860.324707031
840.584960938 814.265258789 837.29498291 865.259643555
835.650024414 814.265258789 838.940002441 855.389770508
843.874938965 815.91027832 835.650024414 855.389770508
843.874938965 815.91027832 835.650024414 852.09979248
845.519897461 815.91027832 829.070068359 847.164855957
847.164855957 814.265258789 829.070068359 852.09979248
847.164855957 815.91027832 830.715087891 848.809875488
843.874938965 814.265258789 832.360046387 855.389770508
837.29498291 814.265258789 838.940002441 863.614685059
835.650024414 814.265258789 837.29498291 866.904663086
838.940002441 814.265258789 835.650024414 875.129516602
845.519897461 814.265258789 837.29498291 880.064453125
845.519897461 820.845214844 832.360046387 875.129516602
830.715087891 824.135131836 837.29498291 863.614685059
827.425109863 819.200195312 837.29498291 855.389770508
838.940002441 819.200195312 835.650024414 865.259643555
848.809875488 814.265258789 832.360046387 873.484558105
842.229919434 810.975280762 829.070068359 873.484558105
840.584960938 809.330322266 834.005004883 865.259643555
832.360046387 807.68536377 835.650024414 858.679748535
830.715087891 810.975280762 835.650024414 860.324707031
843.874938965 815.91027832 829.070068359 863.614685059
830.715087891 820.845214844 827.425109863 855.389770508
834.005004883 817.555236816 829.070068359 852.09979248
835.650024414 815.91027832 830.715087891 853.744812012
840.584960938 812.620300293 834.005004883 853.744812012
842.229919434 812.620300293 832.360046387 857.034729004
843.874938965 812.620300293 832.360046387 858.679748535
838.940002441 815.91027832 830.715087891 852.09979248
838.940002441 817.555236816 829.070068359 852.09979248
837.29498291 815.91027832 832.360046387 852.09979248
837.29498291 815.91027832 835.650024414 861.969726562
840.584960938 810.975280762 837.29498291 863.614685059
834.005004883 815.91027832 834.005004883 855.389770508
842.229919434 815.91027832 834.005004883 852.09979248
855.389770508 817.555236816 832.360046387 857.034729004
835.650024414 819.200195312 835.650024414 857.034729004
835.650024414 820.845214844 834.005004883 853.744812012
834.005004883 820.845214844 832.360046387 850.454833984
832.360046387 817.555236816 832.360046387 848.809875488
842.229919434 819.200195312 830.715087891 855.389770508
837.29498291 820.845214844 832.360046387 853.744812012
832.360046387 819.200195312 829.070068359 845.519897461
835.650024414 819.200195312 830.715087891 850.454833984
834.005004883 815.91027832 834.005004883 853.744812012
837.29498291 815.91027832 838.940002441 855.389770508
835.650024414 819.200195312 838.940002441 855.389770508
837.29498291 819.200195312 835.650024414 847.164855957
840.584960938 820.845214844 835.650024414 853.744812012
835.650024414 820.845214844 837.29498291 855.389770508
834.005004883 819.200195312 835.650024414 857.034729004
834.005004883 819.200195312 842.229919434 857.034729004
835.650024414 819.200195312 840.584960938 855.389770508
834.005004883 817.555236816 838.940002441 858.679748535
834.005004883 814.265258789 840.584960938 853.744812012
827.425109863 817.555236816 837.29498291 855.389770508
835.650024414 819.200195312 840.584960938 858.679748535
837.29498291 820.845214844 842.229919434 857.034729004
848.809875488 822.49017334 843.874938965 863.614685059
829.070068359 820.845214844 838.940002441 852.09979248
829.070068359 817.555236816 842.229919434 852.09979248
824.135131836 819.200195312 840.584960938 852.09979248
820.845214844 819.200195312 840.584960938 850.454833984
832.360046387 815.91027832 842.229919434 857.034729004
829.070068359 815.91027832 840.584960938 852.09979248
829.070068359 815.91027832 842.229919434 850.454833984
830.715087891 812.620300293 840.584960938 845.519897461
827.425109863 809.330322266 837.29498291 843.874938965
822.49017334 812.620300293 838.940002441 845.519897461
829.070068359 812.620300293 838.940002441 848.809875488
827.425109863 814.265258789 835.650024414 845.519897461
829.070068359 814.265258789 838.940002441 850.454833984
829.070068359 815.91027832 838.940002441 845.519897461
838.940002441 817.555236816 835.650024414 847.164855957
832.360046387 814.265258789 838.940002441 845.519897461
829.070068359 815.91027832 835.650024414 842.229919434
835.650024414 819.200195312 834.005004883 847.164855957
827.425109863 815.91027832 838.940002441 848.809875488
842.229919434 820.845214844 837.29498291 852.09979248
843.874938965 817.555236816 838.940002441 850.454833984
838.940002441 812.620300293 837.29498291 850.454833984
840.584960938 817.555236816 837.29498291 853.744812012
837.29498291 815.91027832 838.940002441 848.809875488
843.874938965 817.555236816 837.29498291 852.09979248
840.584960938 817.555236816 840.584960938 848.809875488
845.519897461 817.555236816 840.584960938 850.454833984
832.360046387 814.265258789 840.584960938 848.809875488
837.29498291 812.620300293 837.29498291 845.519897461
843.874938965 810.975280762 840.584960938 852.09979248
843.874938965 814.265258789 842.229919434 855.389770508
850.454833984 814.265258789 843.874938965 858.679748535
845.519897461 810.975280762 843.874938965 853.744812012
842.229919434 812.620300293 842.229919434 850.454833984
848.809875488 814.265258789 840.584960938 852.09979248
847.164855957 815.91027832 840.584960938 857.034729004
853.744812012 819.200195312 842.229919434 858.679748535
848.809875488 817.555236816 842.229919434 861.969726562
848.809875488 819.200195312 838.940002441 857.034729004
845.519897461 819.200195312 838.940002441 853.744812012
847.164855957 817.555236816 838.940002441 853.744812012
847.164855957 819.200195312 835.650024414 850.454833984
843.874938965 815.91027832 840.584960938 847.164855957
843.874938965 814.265258789 840.584960938 850.454833984
837.29498291 815.91027832 840.584960938 847.164855957
832.360046387 814.265258789 843.874938965 843.874938965
830.715087891 814.265258789 838.940002441 843.874938965
830.715087891 812.620300293 837.29498291 843.874938965
825.780151367 810.975280762 838.940002441 840.584960938
835.650024414 814.265258789 838.940002441 847.164855957
830.715087891 809.330322266 843.874938965 848.809875488
825.780151367 809.330322266 843.874938965 852.09979248
834.005004883 809.330322266 840.584960938 853.744812012
837.29498291 810.975280762 840.584960938 852.09979248
837.29498291 815.91027832 842.229919434 852.09979248
838.940002441 814.265258789 838.940002441 853.744812012
843.874938965 814.265258789 840.584960938 855.389770508
837.29498291 814.265258789 840.584960938 858.679748535
840.584960938 815.91027832 837.29498291 857.034729004
845.519897461 815.91027832 838.940002441 855.389770508
843.874938965 815.91027832 842.229919434 858.679748535
848.809875488 815.91027832 843.874938965 860.324707031
852.09979248 817.555236816 843.874938965 858.679748535
853.744812012 819.200195312 842.229919434 863.614685059
847.164855957 817.555236816 840.584960938 858.679748535
853.744812012 819.200195312 835.650024414 850.454833984
870.194580078 819.200195312 837.29498291 863.614685059
848.809875488 815.91027832 852.09979248 853.744812012
852.09979248 814.265258789 847.164855957 855.389770508
858.679748535 812.620300293 850.454833984 863.614685059
832.360046387 807.68536377 858.679748535 857.034729004
830.715087891 806.040344238 855.389770508 865.259643555
819.200195312 809.330322266 853.744812012 857.034729004
806.040344238 807.68536377 855.389770508 843.874938965
809.330322266 807.68536377 845.519897461 838.940002441
817.555236816 806.040344238 852.09979248 838.940002441
810.975280762 806.040344238 848.809875488 840.584960938
817.555236816 809.330322266 845.519897461 835.650024414
825.780151367 809.330322266 842.229919434 842.229919434
817.555236816 809.330322266 840.584960938 834.005004883
820.845214844 804.395385742 842.229919434 835.650024414
824.135131836 804.395385742 840.584960938 835.650024414
822.49017334 807.68536377 838.940002441 832.360046387
830.715087891 806.040344238 838.940002441 840.584960938
822.49017334 806.040344238 840.584960938 837.29498291
829.070068359 809.330322266 840.584960938 838.940002441
827.425109863 810.975280762 837.29498291 837.29498291
829.070068359 806.040344238 838.940002441 838.940002441
834.005004883 810.975280762 834.005004883 838.940002441
842.229919434 815.91027832 832.360046387 843.874938965
838.940002441 815.91027832 834.005004883 843.874938965
835.650024414 815.91027832 835.650024414 842.229919434
837.29498291 814.265258789 834.005004883 842.229919434
837.29498291 815.91027832 835.650024414 840.584960938
837.29498291 815.91027832 835.650024414 838.940002441
842.229919434 817.555236816 835.650024414 842.229919434
840.584960938 814.265258789 835.650024414 843.874938965
837.29498291 815.91027832 832.360046387 838.940002441
838.940002441 819.200195312 834.005004883 842.229919434
842.229919434 815.91027832 830.715087891 842.229919434
835.650024414 815.91027832 829.070068359 837.29498291
840.584960938 812.620300293 830.715087891 842.229919434
840.584960938 817.555236816 829.070068359 837.29498291
835.650024414 814.265258789 832.360046387 838.940002441
840.584960938 812.620300293 832.360046387 840.584960938
843.874938965 812.620300293 834.005004883 842.229919434
832.360046387 812.620300293 834.005004883 838.940002441
837.29498291 815.91027832 834.005004883 840.584960938
827.425109863 814.265258789 835.650024414 838.940002441
838.940002441 815.91027832 834.005004883 843.874938965
837.29498291 817.555236816 832.360046387 842.229919434
834.005004883 814.265258789 834.005004883 837.29498291
838.940002441 815.91027832 834.005004883 838.940002441
842.229919434 815.91027832 832.360046387 837.29498291
850.454833984 815.91027832 825.780151367 845.519897461
858.679748535 815.91027832 835.650024414 861.969726562
830.715087891 807.68536377 848.809875488 842.229919434
834.005004883 804.395385742 843.874938965 842.229919434
825.780151367 802.750427246 845.519897461 842.229919434
827.425109863 797.815490723 845.519897461 845.519897461
812.620300293 796.170471191 852.09979248 838.940002441
819.200195312 791.235534668 858.679748535 847.164855957
810.975280762 789.590576172 860.324707031 835.650024414
819.200195312 791.235534668 852.09979248 842.229919434
814.265258789 786.300598145 860.324707031 845.519897461
807.68536377 789.590576172 863.614685059 835.650024414
814.265258789 796.170471191 857.034729004 838.940002441
819.200195312 796.170471191 853.744812012 837.29498291
827.425109863 794.525512695 857.034729004 845.519897461
822.49017334 794.525512695 857.034729004 845.519897461
819.200195312 794.525512695 858.679748535 847.164855957
825.780151367 797.815490723 858.679748535 847.164855957
825.780151367 797.815490723 858.679748535 848.809875488
824.135131836 799.460449219 857.034729004 843.874938965
825.780151367 797.815490723 857.034729004 845.519897461
824.135131836 797.815490723 853.744812012 842.229919434
827.425109863 797.815490723 852.09979248 842.229919434
825.780151367 799.460449219 855.389770508 837.29498291
824.135131836 799.460449219 850.454833984 838.940002441
820.845214844 797.815490723 852.09979248 835.650024414
824.135131836 794.525512695 850.454833984 840.584960938
832.360046387 796.170471191 850.454833984 843.874938965
835.650024414 799.460449219 848.809875488 843.874938965
827.425109863 801.105407715 847.164855957 843.874938965
824.135131836 801.105407715 845.519897461 837.29498291
834.005004883 799.460449219 847.164855957 847.164855957
832.360046387 799.460449219 845.519897461 850.454833984
834.005004883 802.750427246 848.809875488 850.454833984
832.360046387 801.105407715 850.454833984 848.809875488
832.360046387 804.395385742 848.809875488 850.454833984
838.940002441 804.395385742 852.09979248 860.324707031
835.650024414 806.040344238 852.09979248 858.679748535
838.940002441 807.68536377 852.09979248 860.324707031
827.425109863 807.68536377 852.09979248 853.744812012
832.360046387 809.330322266 848.809875488 853.744812012
843.874938965 810.975280762 843.874938965 861.969726562
829.070068359 815.91027832 843.874938965 853.744812012
838.940002441 814.265258789 842.229919434 857.034729004
838.940002441 812.620300293 843.874938965 857.034729004
840.584960938 814.265258789 845.519897461 855.389770508
840.584960938 814.265258789 843.874938965 857.034729004
842.229919434 815.91027832 843.874938965 857.034729004
832.360046387 815.91027832 842.229919434 847.164855957
840.584960938 819.200195312 842.229919434 853.744812012
838.940002441 820.845214844 840.584960938 857.034729004
832.360046387 817.555236816 843.874938965 850.454833984
837.29498291 815.91027832 842.229919434 853.744812012
840.584960938 817.555236816 840.584960938 857.034729004
858.679748535 822.49017334 842.229919434 873.484558105
835.650024414 825.780151367 842.229919434 853.744812012
817.555236816 820.845214844 847.164855957 835.650024414
815.91027832 824.135131836 847.164855957 825.780151367
809.330322266 822.49017334 843.874938965 815.91027832
820.845214844 824.135131836 845.519897461 832.360046387
802.750427246 825.780151367 847.164855957 825.780151367
804.395385742 824.135131836 845.519897461 822.49017334
812.620300293 819.200195312 845.519897461 829.070068359
812.620300293 822.49017334 842.229919434 830.715087891
824.135131836 820.845214844 838.940002441 834.005004883
819.200195312 815.91027832 838.940002441 829.070068359
819.200195312 815.91027832 840.584960938 834.005004883
825.780151367 817.555236816 837.29498291 837.29498291
827.425109863 817.555236816 838.940002441 837.29498291
820.845214844 819.200195312 838.940002441 840.584960938
824.135131836 820.845214844 837.29498291 835.650024414
824.135131836 815.91027832 838.940002441 840.584960938
822.49017334 814.265258789 838.940002441 834.005004883
829.070068359 814.265258789 835.650024414 832.360046387
837.29498291 815.91027832 834.005004883 830.715087891
835.650024414 815.91027832 834.005004883 825.780151367
837.29498291 819.200195312 832.360046387 827.425109863
847.164855957 815.91027832 834.005004883 832.360046387
830.715087891 817.555236816 834.005004883 840.584960938
830.715087891 817.555236816 835.650024414 847.164855957
825.780151367 812.620300293 835.650024414 845.519897461
820.845214844 814.265258789 837.29498291 843.874938965
825.780151367 814.265258789 837.29498291 842.229919434
827.425109863 814.265258789 835.650024414 838.940002441
827.425109863 814.265258789 835.650024414 840.584960938
830.715087891 817.555236816 840.584960938 840.584960938
834.005004883 817.555236816 840.584960938 843.874938965
835.650024414 817.555236816 838.940002441 852.09979248
829.070068359 819.200195312 838.940002441 843.874938965
834.005004883 817.555236816 835.650024414 843.874938965
830.715087891 817.555236816 840.584960938 845.519897461
834.005004883 817.555236816 842.229919434 843.874938965
838.940002441 814.265258789 842.229919434 850.454833984
832.360046387 810.975280762 842.229919434 842.229919434
830.715087891 809.330322266 840.584960938 840.584960938
830.715087891 810.975280762 842.229919434 843.874938965
832.360046387 810.975280762 840.584960938 843.874938965
830.715087891 815.91027832 842.229919434 850.454833984
834.005004883 812.620300293 842.229919434 840.584960938
832.360046387 809.330322266 842.229919434 847.164855957
835.650024414 814.265258789 842.229919434 847.164855957
825.780151367 810.975280762 838.940002441 834.005004883
827.425109863 809.330322266 840.584960938 843.874938965
824.135131836 810.975280762 840.584960938 840.584960938
824.135131836 810.975280762 838.940002441 840.584960938
829.070068359 814.265258789 840.584960938 843.874938965
829.070068359 815.91027832 837.29498291 835.650024414
829.070068359 809.330322266 838.940002441 832.360046387
827.425109863 810.975280762 840.584960938 834.005004883
822.49017334 810.975280762 837.29498291 832.360046387
819.200195312 809.330322266 838.940002441 830.715087891
827.425109863 814.265258789 834.005004883 834.005004883
819.200195312 809.330322266 835.650024414 832.360046387
829.070068359 814.265258789 835.650024414 832.360046387
825.780151367 817.555236816 834.005004883 830.715087891
822.49017334 815.91027832 835.650024414 832.360046387
829.070068359 817.555236816 834.005004883 830.715087891
820.845214844 814.265258789 832.360046387 832.360046387
825.780151367 814.265258789 835.650024414 834.005004883
834.005004883 814.265258789 837.29498291 838.940002441
834.005004883 815.91027832 835.650024414 837.29498291
838.940002441 819.200195312 832.360046387 837.29498291
830.715087891 817.555236816 832.360046387 838.940002441
829.070068359 814.265258789 837.29498291 838.940002441
832.360046387 812.620300293 837.29498291 840.584960938
822.49017334 809.330322266 837.29498291 838.940002441
832.360046387 809.330322266 835.650024414 838.940002441
825.780151367 809.330322266 834.005004883 840.584960938
838.940002441 802.750427246 838.940002441 858.679748535
857.034729004 824.135131836 834.005004883 865.259643555
822.49017334 837.29498291 830.715087891 830.715087891
815.91027832 830.715087891 835.650024414 827.425109863
810.975280762 838.940002441 832.360046387 817.555236816
797.815490723 837.29498291 827.425109863 806.040344238
807.68536377 842.229919434 824.135131836 812.620300293
799.460449219 852.09979248 817.555236816 796.170471191
799.460449219 848.809875488 819.200195312 794.525512695
799.460449219 848.809875488 819.200195312 797.815490723
802.750427246 857.034729004 817.555236816 796.170471191
806.040344238 858.679748535 817.555236816 799.460449219
807.68536377 852.09979248 820.845214844 804.395385742
807.68536377 845.519897461 822.49017334 809.330322266
815.91027832 843.874938965 819.200195312 822.49017334
814.265258789 840.584960938 822.49017334 819.200195312
819.200195312 840.584960938 820.845214844 820.845214844
820.845214844 838.940002441 820.845214844 822.49017334
820.845214844 842.229919434 819.200195312 817.555236816
812.620300293 837.29498291 815.91027832 817.555236816
817.555236816 832.360046387 817.555236816 820.845214844
820.845214844 829.070068359 819.200195312 825.780151367
809.330322266 827.425109863 820.845214844 820.845214844
810.975280762 827.425109863 820.845214844 822.49017334
822.49017334 825.780151367 822.49017334 835.650024414
820.845214844 827.425109863 822.49017334 835.650024414
822.49017334 824.135131836 829.070068359 835.650024414
827.425109863 825.780151367 827.425109863 837.29498291
825.780151367 822.49017334 829.070068359 842.229919434
832.360046387 825.780151367 829.070068359 850.454833984
837.29498291 827.425109863 827.425109863 850.454833984
837.29498291 824.135131836 832.360046387 853.744812012
837.29498291 825.780151367 832.360046387 847.164855957
840.584960938 824.135131836 832.360046387 847.164855957
837.29498291 825.780151367 832.360046387 850.454833984
838.940002441 829.070068359 830.715087891 852.09979248
850.454833984 827.425109863 830.715087891 855.389770508
845.519897461 827.425109863 830.715087891 855.389770508
847.164855957 830.715087891 832.360046387 855.389770508
847.164855957 830.715087891 832.360046387 857.034729004
840.584960938 829.070068359 832.360046387 853.744812012
848.809875488 829.070068359 834.005004883 855.389770508
845.519897461 827.425109863 830.715087891 850.454833984
843.874938965 825.780151367 830.715087891 852.09979248
838.940002441 825.780151367 830.715087891 848.809875488
835.650024414 824.135131836 827.425109863 843.874938965
835.650024414 819.200195312 832.360046387 847.164855957
835.650024414 820.845214844 829.070068359 848.809875488
838.940002441 820.845214844 829.070068359 855.389770508
838.940002441 815.91027832 830.715087891 853.744812012
838.940002441 817.555236816 825.780151367 852.09979248
834.005004883 812.620300293 830.715087891 852.09979248
840.584960938 814.265258789 830.715087891 855.389770508
834.005004883 819.200195312 832.360046387 855.389770508
837.29498291 817.555236816 837.29498291 853.744812012
837.29498291 817.555236816 832.360046387 853.744812012
837.29498291 817.555236816 830.715087891 855.389770508
845.519897461 815.91027832 832.360046387 858.679748535
840.584960938 817.555236816 830.715087891 857.034729004
834.005004883 814.265258789 834.005004883 853.744812012
840.584960938 817.555236816 834.005004883 853.744812012
835.650024414 817.555236816 830.715087891 850.454833984
838.940002441 819.200195312 830.715087891 850.454833984
835.650024414 815.91027832 832.360046387 850.454833984
835.650024414 812.620300293 835.650024414 852.09979248
837.29498291 814.265258789 837.29498291 845.519897461
842.229919434 815.91027832 832.360046387 845.519897461
845.519897461 819.200195312 834.005004883 842.229919434
845.519897461 817.555236816 837.29498291 848.809875488
860.324707031 815.91027832 837.29498291 855.389770508
861.969726562 815.91027832 837.29498291 852.09979248
852.09979248 817.555236816 837.29498291 857.034729004
845.519897461 817.555236816 835.650024414 863.614685059
842.229919434 817.555236816 838.940002441 860.324707031
834.005004883 817.555236816 837.29498291 858.679748535
840.584960938 814.265258789 835.650024414 853.744812012
840.584960938 819.200195312 834.005004883 852.09979248
845.519897461 817.555236816 835.650024414 852.09979248
843.874938965 819.200195312 837.29498291 850.454833984
850.454833984 822.49017334 838.940002441 850.454833984
847.164855957 824.135131836 835.650024414 848.809875488
843.874938965 822.49017334 835.650024414 850.454833984
842.229919434 822.49017334 835.650024414 848.809875488
837.29498291 820.845214844 835.650024414 843.874938965
835.650024414 819.200195312 835.650024414 842.229919434
835.650024414 815.91027832 835.650024414 840.584960938
842.229919434 817.555236816 838.940002441 845.519897461
840.584960938 814.265258789 840.584960938 847.164855957
840.584960938 819.200195312 838.940002441 842.229919434
840.584960938 819.200195312 838.940002441 847.164855957
837.29498291 817.555236816 838.940002441 845.519897461
838.940002441 817.555236816 837.29498291 847.164855957
842.229919434 815.91027832 840.584960938 845.519897461
838.940002441 815.91027832 837.29498291 845.519897461
832.360046387 814.265258789 835.650024414 847.164855957
838.940002441 815.91027832 837.29498291 847.164855957
840.584960938 819.200195312 834.005004883 850.454833984
855.389770508 819.200195312 827.425109863 852.09979248
873.484558105 824.135131836 822.49017334 868.549621582
842.229919434 819.200195312 840.584960938 857.034729004
820.845214844 807.68536377 845.519897461 834.005004883
843.874938965 807.68536377 838.940002441 857.034729004
847.164855957 802.750427246 838.940002441 857.034729004
860.324707031 796.170471191 838.940002441 868.549621582
847.164855957 796.170471191 847.164855957 866.904663086
847.164855957 791.235534668 852.09979248 865.259643555
850.454833984 786.300598145 848.809875488 865.259643555
858.679748535 786.300598145 842.229919434 870.194580078
871.839599609 781.365661621 850.454833984 881.709472656
855.389770508 783.010620117 852.09979248 873.484558105
870.194580078 789.590576172 852.09979248 880.064453125
870.194580078 794.525512695 853.744812012 883.354431152
858.679748535 792.880554199 853.744812012 870.194580078
850.454833984 792.880554199 853.744812012 866.904663086
853.744812012 792.880554199 848.809875488 871.839599609
863.614685059 796.170471191 847.164855957 870.194580078
850.454833984 796.170471191 852.09979248 866.904663086
855.389770508 794.525512695 847.164855957 865.259643555
855.389770508 796.170471191 845.519897461 866.904663086
848.809875488 796.170471191 845.519897461 866.904663086
855.389770508 796.170471191 847.164855957 868.549621582
847.164855957 796.170471191 845.519897461 868.549621582
847.164855957 797.815490723 845.519897461 871.839599609
847.164855957 799.460449219 845.519897461 871.839599609
843.874938965 801.105407715 845.519897461 866.904663086
847.164855957 802.750427246 847.164855957 868.549621582
848.809875488 801.105407715 845.519897461 865.259643555
838.940002441 802.750427246 843.874938965 861.969726562
835.650024414 802.750427246 847.164855957 860.324707031
835.650024414 802.750427246 845.519897461 857.034729004
830.715087891 801.105407715 843.874938965 855.389770508
834.005004883 802.750427246 843.874938965 855.389770508
835.650024414 804.395385742 842.229919434 855.389770508
830.715087891 802.750427246 845.519897461 861.969726562
825.780151367 804.395385742 845.519897461 852.09979248
830.715087891 802.750427246 845.519897461 853.744812012
830.715087891 802.750427246 845.519897461 852.09979248
834.005004883 804.395385742 842.229919434 847.164855957
829.070068359 802.750427246 847.164855957 857.034729004
830.715087891 804.395385742 847.164855957 852.09979248
830.715087891 802.750427246 847.164855957 855.389770508
829.070068359 802.750427246 843.874938965 852.09979248
830.715087891 801.105407715 843.874938965 843.874938965
835.650024414 804.395385742 842.229919434 857.034729004
827.425109863 804.395385742 842.229919434 850.454833984
825.780151367 804.395385742 840.584960938 850.454833984
835.650024414 806.040344238 842.229919434 852.09979248
820.845214844 807.68536377 843.874938965 840.584960938
834.005004883 809.330322266 840.584960938 843.874938965
837.29498291 812.620300293 843.874938965 843.874938965
824.135131836 810.975280762 842.229919434 842.229919434
837.29498291 810.975280762 842.229919434 847.164855957
834.005004883 810.975280762 840.584960938 838.940002441
832.360046387 807.68536377 842.229919434 843.874938965
832.360046387 812.620300293 838.940002441 837.29498291
840.584960938 810.975280762 843.874938965 843.874938965
835.650024414 815.91027832 845.519897461 847.164855957
835.650024414 815.91027832 840.584960938 845.519897461
842.229919434 814.265258789 840.584960938 850.454833984
838.940002441 814.265258789 840.584960938 848.809875488
843.874938965 812.620300293 840.584960938 852.09979248
847.164855957 815.91027832 843.874938965 857.034729004
848.809875488 815.91027832 845.519897461 858.679748535
866.904663086 809.330322266 847.164855957 883.354431152
866.904663086 819.200195312 845.519897461 881.709472656
834.005004883 835.650024414 837.29498291 838.940002441
842.229919434 832.360046387 835.650024414 845.519897461
848.809875488 834.005004883 829.070068359 853.744812012
868.549621582 830.715087891 825.780151367 876.774536133
863.614685059 834.005004883 819.200195312 870.194580078
848.809875488 842.229919434 810.975280762 855.389770508
852.09979248 842.229919434 812.620300293 850.454833984
855.389770508 832.360046387 812.620300293 860.324707031
875.129516602 829.070068359 814.265258789 878.419494629
860.324707031 834.005004883 814.265258789 858.679748535
857.034729004 832.360046387 810.975280762 853.744812012
860.324707031 825.780151367 815.91027832 858.679748535
860.324707031 830.715087891 814.265258789 860.324707031
855.389770508 830.715087891 814.265258789 855.389770508
850.454833984 824.135131836 819.200195312 855.389770508
858.679748535 827.425109863 817.555236816 860.324707031
850.454833984 824.135131836 819.200195312 860.324707031
853.744812012 824.135131836 824.135131836 858.679748535
853.744812012 827.425109863 827.425109863 860.324707031
857.034729004 824.135131836 830.715087891 860.324707031
857.034729004 822.49017334 832.360046387 860.324707031
858.679748535 825.780151367 834.005004883 865.259643555
858.679748535 825.780151367 832.360046387 863.614685059
860.324707031 825.780151367 830.715087891 860.324707031
868.549621582 825.780151367 832.360046387 863.614685059
865.259643555 827.425109863 830.715087891 860.324707031
870.194580078 825.780151367 834.005004883 858.679748535
863.614685059 824.135131836 834.005004883 858.679748535
858.679748535 822.49017334 834.005004883 858.679748535
857.034729004 822.49017334 835.650024414 868.549621582
855.389770508 824.135131836 837.29498291 870.194580078
847.164855957 822.49017334 837.29498291 865.259643555
843.874938965 822.49017334 835.650024414 852.09979248
840.584960938 819.200195312 835.650024414 858.679748535
835.650024414 820.845214844 837.29498291 850.454833984
843.874938965 819.200195312 835.650024414 857.034729004
838.940002441 820.845214844 835.650024414 853.744812012
847.164855957 820.845214844 834.005004883 850.454833984
850.454833984 822.49017334 835.650024414 855.389770508
842.229919434 820.845214844 837.29498291 852.09979248
842.229919434 814.265258789 838.940002441 848.809875488
834.005004883 815.91027832 837.29498291 847.164855957
838.940002441 817.555236816 834.005004883 843.874938965
845.519897461 822.49017334 835.650024414 847.164855957
845.519897461 822.49017334 834.005004883 850.454833984
842.229919434 817.555236816 835.650024414 845.519897461
847.164855957 820.845214844 838.940002441 850.454833984
845.519897461 820.845214844 838.940002441 848.809875488
847.164855957 824.135131836 838.940002441 847.164855957
847.164855957 824.135131836 835.650024414 852.09979248
835.650024414 820.845214844 837.29498291 850.454833984
840.584960938 824.135131836 835.650024414 852.09979248
838.940002441 825.780151367 835.650024414 850.454833984
837.29498291 824.135131836 835.650024414 842.229919434
834.005004883 822.49017334 832.360046387 842.229919434
835.650024414 820.845214844 835.650024414 843.874938965
840.584960938 824.135131836 834.005004883 840.584960938
835.650024414 822.49017334 835.650024414 837.29498291
835.650024414 822.49017334 832.360046387 838.940002441
830.715087891 825.780151367 832.360046387 838.940002441
834.005004883 824.135131836 837.29498291 843.874938965
838.940002441 825.780151367 838.940002441 845.519897461
835.650024414 825.780151367 837.29498291 842.229919434
832.360046387 820.845214844 837.29498291 840.584960938
834.005004883 822.49017334 835.650024414 838.940002441
834.005004883 822.49017334 835.650024414 838.940002441
835.650024414 822.49017334 838.940002441 842.229919434
830.715087891 824.135131836 840.584960938 843.874938965
837.29498291 824.135131836 840.584960938 848.809875488
837.29498291 824.135131836 837.29498291 843.874938965
835.650024414 819.200195312 838.940002441 847.164855957
837.29498291 817.555236816 838.940002441 848.809875488
840.584960938 819.200195312 837.29498291 842.229919434
837.29498291 819.200195312 838.940002441 850.454833984
840.584960938 822.49017334 837.29498291 845.519897461
834.005004883 817.555236816 837.29498291 843.874938965
822.49017334 815.91027832 838.940002441 842.229919434
832.360046387 819.200195312 835.650024414 843.874938965
830.715087891 815.91027832 835.650024414 845.519897461
825.780151367 819.200195312 837.29498291 852.09979248
832.360046387 819.200195312 838.940002441 852.09979248
830.715087891 819.200195312 838.940002441 847.164855957
827.425109863 817.555236816 835.650024414 843.874938965
829.070068359 817.555236816 835.650024414 845.519897461
829.070068359 817.555236816 837.29498291 845.519897461
830.715087891 815.91027832 835.650024414 845.519897461
834.005004883 815.91027832 840.584960938 852.09979248
830.715087891 814.265258789 837.29498291 848.809875488
822.49017334 817.555236816 834.005004883 843.874938965
834.005004883 820.845214844 837.29498291 850.454833984
825.780151367 817.555236816 837.29498291 845.519897461
829.070068359 814.265258789 837.29498291 843.874938965
824.135131836 815.91027832 837.29498291 840.584960938
820.845214844 815.91027832 834.005004883 837.29498291
825.780151367 814.265258789 834.005004883 835.650024414
824.135131836 815.91027832 835.650024414 842.229919434
824.135131836 814.265258789 837.29498291 843.874938965
824.135131836 814.265258789 840.584960938 847.164855957
822.49017334 814.265258789 838.940002441 847.164855957
824.135131836 812.620300293 837.29498291 845.519897461
824.135131836 817.555236816 838.940002441 843.874938965
837.29498291 819.200195312 838.940002441 847.164855957
830.715087891 820.845214844 842.229919434 845.519897461
837.29498291 817.555236816 842.229919434 848.809875488
835.650024414 817.555236816 845.519897461 852.09979248
832.360046387 817.555236816 840.584960938 843.874938965
840.584960938 815.91027832 838.940002441 845.519897461
835.650024414 812.620300293 838.940002441 843.874938965
824.135131836 812.620300293 835.650024414 838.940002441
830.715087891 814.265258789 837.29498291 840.584960938
830.715087891 814.265258789 840.584960938 845.519897461
835.650024414 814.265258789 842.229919434 847.164855957
837.29498291 815.91027832 842.229919434 853.744812012
837.29498291 817.555236816 842.229919434 848.809875488
840.584960938 817.555236816 840.584960938 847.164855957
837.29498291 820.845214844 838.940002441 845.519897461
842.229919434 820.845214844 838.940002441 848.809875488
835.650024414 819.200195312 838.940002441 840.584960938
835.650024414 817.555236816 835.650024414 840.584960938
834.005004883 815.91027832 835.650024414 838.940002441
834.005004883 817.555236816 835.650024414 834.005004883
835.650024414 820.845214844 835.650024414 842.229919434
835.650024414 817.555236816 840.584960938 837.29498291
832.360046387 817.555236816 837.29498291 834.005004883
829.070068359 814.265258789 840.584960938 834.005004883
830.715087891 815.91027832 838.940002441 832.360046387
834.005004883 814.265258789 840.584960938 834.005004883
835.650024414 814.265258789 840.584960938 834.005004883
835.650024414 815.91027832 837.29498291 834.005004883
827.425109863 814.265258789 838.940002441 830.715087891
825.780151367 815.91027832 837.29498291 829.070068359
824.135131836 815.91027832 838.940002441 830.715087891
829.070068359 815.91027832 837.29498291 834.005004883
834.005004883 815.91027832 837.29498291 834.005004883
834.005004883 815.91027832 835.650024414 840.584960938
829.070068359 815.91027832 835.650024414 838.940002441
827.425109863 819.200195312 835.650024414 837.29498291
834.005004883 820.845214844 838.940002441 840.584960938
829.070068359 819.200195312 838.940002441 835.650024414
830.715087891 817.555236816 837.29498291 840.584960938
832.360046387 815.91027832 837.29498291 843.874938965
825.780151367 814.265258789 837.29498291 842.229919434
827.425109863 814.265258789 838.940002441 843.874938965
820.845214844 814.265258789 842.229919434 843.874938965
817.555236816 814.265258789 843.874938965 840.584960938
824.135131836 812.620300293 842.229919434 842.229919434
822.49017334 814.265258789 840.584960938 837.29498291
832.360046387 815.91027832 840.584960938 838.940002441
832.360046387 817.555236816 838.940002441 840.584960938
838.940002441 817.555236816 840.584960938 845.519897461
835.650024414 815.91027832 842.229919434 840.584960938
827.425109863 817.555236816 840.584960938 845.519897461
822.49017334 815.91027832 847.164855957 852.09979248
822.49017334 814.265258789 848.809875488 855.389770508
824.135131836 814.265258789 847.164855957 853.744812012
820.845214844 814.265258789 843.874938965 845.519897461
825.780151367 814.265258789 838.940002441 845.519897461
822.49017334 814.265258789 838.940002441 843.874938965
832.360046387 814.265258789 838.940002441 843.874938965
827.425109863 814.265258789 842.229919434 847.164855957
827.425109863 817.555236816 842.229919434 840.584960938
