a 0.429802238941 0.244889900088 0.286382645369 0.455354273319
b 0.107036776841 0.220056310296 0.10424683243 0.138237819076
d 0.24374358356 0.104961499572 0.281401127577 0.220015823841
g 0.0642278119922 0.320442318916 0.0745299831033 0.0921908915043
t 0.155189603567 0.109649978578 0.253439426422 0.0942011848092
h 1.0 1.0 1.0 1.0
c 0.176797732711 0 0 0
Aa 0.847403764725 0.346729546785 0.0458071902394 0.922171771526
Ab 0.243668138981 0.300292491913 -0.393076598644 0.404449224472
Ad 0.60106831789 -0.021211290732 0.0381863415241 0.606276273727
Ag 0.0218582227826 0.46350851655 -0.538808465004 0.228510379791
At 0.404997736216 -0.00223279139027 -0.00726531585678 0.237878710032
as 0.682539701462 0.478260874748 0.36206895113 0.655172407627
bs 0.333333343267 0.449999988079 0.0833333358169 0.25
ds 0.20000000298 0.0760233923793 0.258741259575 0.193798452616
gs 0.35897436738 0.800000011921 0.133333340287 0.313725501299
ts 0.222222223878 0.198581561446 0.257142871618 0.0
a 0.422587245703 0.234353423119 0.227821752429 0.452718257904
b 0.108587794006 0.191304311156 0.0962042734027 0.136554628611
d 0.248491808772 0.176867902279 0.383637160063 0.219576582313
g 0.0655153468251 0.279586911201 0.0661309510469 0.0957172214985
t 0.154817819595 0.117887474597 0.226205870509 0.0954333245754
h 1.0 1.0 1.0 1.0
c 0.166470423341 0 0 0
Aa 0.847403764725 0.39067286253 0.020403591916 0.922171771526
Ab 0.257268428802 0.302526324987 -0.35399723053 0.401650190353
Ad 0.616799473763 0.268450587988 0.246729061007 0.607929825783
Ag 0.0378304310143 0.467318385839 -0.516786813736 0.247333854437
At 0.411308348179 0.0922692269087 0.0173122864217 0.24604383111
as 0.682539701462 0.550724625587 0.327586203814 0.655172407627
bs 0.39393940568 0.449999988079 0.12068965286 0.25
ds 0.206896558404 0.245614036918 0.398601412773 0.201550394297
gs 0.410256415606 0.800000011921 0.159999996424 0.352941185236
ts 0.238095238805 0.262411355972 0.285714298487 0.0
a 0.410246223211 0.20807980001 0.172373950481 0.448745280504
b 0.110442996025 0.162372529507 0.0878121554852 0.133383110166
d 0.25662907958 0.276806920767 0.495628535748 0.221583917737
g 0.0660710483789 0.232587859035 0.0559473261237 0.0987861379981
t 0.156610667706 0.120152898133 0.188238024712 0.0975015461445
h 1.0 1.0 1.0 1.0
c 0.166470423341 0 0 0
Aa 0.844716787338 0.421841293573 0.0139412861317 0.922171771526
Ab 0.274810373783 0.314123898745 -0.278975695372 0.395272731781
Ad 0.640978038311 0.545788288116 0.47262597084 0.615710139275
Ag 0.0516833923757 0.470198392868 -0.474750995636 0.264867872
At 0.426493555307 0.183345600963 0.0521770231426 0.25918340683
as 0.693548381329 0.594202876091 0.310344815254 0.655172407627
bs 0.424242436886 0.5 0.258620679379 0.222222223878
ds 0.222222223878 0.403508782387 0.559440553188 0.201550394297
gs 0.435897439718 0.850000023842 0.213333338499 0.379999995232
ts 0.258064508438 0.326241135597 0.314285725355 0.0333333350718
a 0.391792535782 0.182079926133 0.128281950951 0.444658190012
b 0.112300783396 0.137631699443 0.0810290947556 0.129296004772
d 0.267980128527 0.373187482357 0.586899459362 0.22499333322
g 0.0657175630331 0.190677627921 0.0478657446802 0.100890681148
t 0.162208974361 0.116423256695 0.155923753977 0.100161783397
h 1.0 1.0 1.0 1.0
c 0.166470423341 0 0 0
Aa 0.835670053959 0.452865988016 0.00901007279754 0.922171771526
Ab 0.292996644974 0.33132237196 -0.190514475107 0.385730564594
Ad 0.67071646452 0.764530956745 0.669408261776 0.626315116882
Ag 0.0602952875197 0.472903639078 -0.419130653143 0.277996510267
At 0.452688753605 0.258643656969 0.0937568023801 0.274847537279
as 0.677419364452 0.637681186199 0.310344815254 0.666666686535
bs 0.484848499298 0.631578922272 0.413793116808 0.194444447756
ds 0.243055552244 0.532163739204 0.699300706387 0.209302321076
gs 0.461538463831 0.850000023842 0.301369875669 0.419999986887
ts 0.311475396156 0.382978737354 0.35238096118 0.0500000007451
a 0.370225250721 0.156978622079 0.103004649282 0.440626680851
b 0.113263502717 0.120731674135 0.0757656097412 0.124984465539
d 0.281480610371 0.448555648327 0.645237922668 0.229147478938
g 0.0642834603786 0.161490395665 0.0425538755953 0.101956069469
t 0.170747160912 0.112243667245 0.133437931538 0.103285305202
h 1.0 1.0 1.0 1.0
c 0.166470423341 0 0 0
Aa 0.822699487209 0.463887423277 0.0209253076464 0.92005354166
Ab 0.308323383331 0.349868118763 -0.112459406257 0.372838795185
Ad 0.703681886196 0.91986322403 0.817788362503 0.636097848415
Ag 0.0623326450586 0.476193606853 -0.362992405891 0.284395873547
At 0.486586898565 0.318208783865 0.13334774971 0.290021300316
as 0.661290347576 0.652173936367 0.333333343267 0.666666686535
bs 0.54545456171 0.736842095852 0.543859660625 0.166666671634
ds 0.263888895512 0.625730991364 0.797202825546 0.21875
gs 0.461538463831 0.850000023842 0.383561640978 0.419999986887
ts 0.360655725002 0.425531923771 0.390476197004 0.0833333358169
a 0.345997810364 0.139971196651 0.0957030206919 0.438885569572
b 0.11333334446 0.110233962536 0.0722315534949 0.1199946329
d 0.297588557005 0.495326519012 0.674074470997 0.233179450035
g 0.0621841475368 0.143425002694 0.0394293516874 0.101478882134
t 0.180896162987 0.111043326557 0.118561632931 0.106461472809
h 1.0 1.0 1.0 1.0
c 0.166470423341 0 0 0
Aa 0.804732978344 0.470402300358 0.0679730549455 0.92005354166
Ab 0.320017367601 0.366679012775 -0.0542256236076 0.356864094734
Ad 0.739275872707 1.01925516129 0.915755271912 0.645392537117
Ag 0.0593393221498 0.480988442898 -0.317132949829 0.284077942371
At 0.523088991642 0.369856029749 0.160991594195 0.304894715548
as 0.629032254219 0.676470577717 0.428571432829 0.666666686535
bs 0.575757563114 0.789473712444 0.631578922272 0.111111111939
ds 0.291666656733 0.684210538864 0.867132842541 0.220472440124
gs 0.461538463831 0.899999976158 0.444444447756 0.419999986887
ts 0.431034475565 0.460992902517 0.419047623873 0.10000000149
a 0.331025958061 0.128877833486 0.0998010411859 0.436062186956
b 0.11091850698 0.104629956186 0.0712157860398 0.114787250757
d 0.311774730682 0.518189966679 0.683346509933 0.238963365555
g 0.0589593686163 0.13407060504 0.0381479635835 0.0998535901308
t 0.187321424484 0.114231601357 0.107488669455 0.1103335917
h 1.0 1.0 1.0 1.0
c 0.166470423341 0 0 0
Aa 0.804732978344 0.470402300358 0.135168597102 0.92005354166
Ab 0.329874932766 0.379880100489 -0.0113901961595 0.34039875865
Ad 0.778711795807 1.07471311092 0.970674514771 0.658836424351
Ag 0.0554237365723 0.48755761981 -0.282495111227 0.279868781567
At 0.557458400726 0.418010294437 0.167396202683 0.323212862015
as 0.629032254219 0.676470577717 0.535714268684 0.666666686535
bs 0.606060624123 0.89473682642 0.719298243523 0.0833333358169
ds 0.319444447756 0.713450312614 0.909090936184 0.236220479012
gs 0.435897439718 1.0 0.5 0.419999986887
ts 0.482758611441 0.496453911066 0.428571432829 0.133333340287
a 0.315368443727 0.122353263199 0.100364871323 0.42885684967
b 0.10863558203 0.101569145918 0.0742301642895 0.110084764659
d 0.329148560762 0.526211857796 0.687235116959 0.248687714338
g 0.056020386517 0.129621773958 0.039073638618 0.0975222066045
t 0.190827041864 0.120243966579 0.0990962162614 0.114848472178
h 1.0 1.0 1.0 1.0
c 0.166470423341 0 0 0
Aa 0.804732978344 0.470402300358 0.159027904272 0.92005354166
Ab 0.341886848211 0.389548510313 0.0280265714973 0.329468429089
Ad 0.823306679726 1.10394728184 0.994551479816 0.683395504951
Ag 0.0542608425021 0.495464682579 -0.250669956207 0.276844710112
At 0.586554706097 0.462850004435 0.153503224254 0.34786644578
as 0.629032254219 0.676470577717 0.589285731316 0.666666686535
bs 0.636363625526 0.947368443012 0.789473712444 0.0555555559695
ds 0.352112680674 0.730994164944 0.923076927662 0.251968502998
gs 0.44736841321 1.0 0.541666686535 0.40000000596
ts 0.534482777119 0.524822711945 0.413461536169 0.183333337307
a 0.299023747444 0.132436588407 0.0982105731964 0.415500372648
b 0.107071258128 0.0965036526322 0.0813368856907 0.106863066554
d 0.351289063692 0.522512316704 0.685416698456 0.263736307621
g 0.0537292696536 0.123356178403 0.0424568876624 0.0948380678892
t 0.188886657357 0.125191271305 0.0925789326429 0.119062162936
h 1.0 1.0 1.0 1.0
c 0.166470423341 0 0 0
Aa 0.804732978344 0.534932911396 0.159027904272 0.92005354166
Ab 0.358700186014 0.397468686104 0.0771572217345 0.33030974865
Ad 0.874691903591 1.13102149963 1.00282430649 0.722652077675
Ag 0.0592382140458 0.504085838795 -0.205182179809 0.278464823961
At 0.605228543282 0.510499000549 0.133381828666 0.377255916595
as 0.622950792313 0.764705896378 0.589285731316 0.666666686535
bs 0.71875 1.0 0.892857134342 0.0555555559695
ds 0.387323945761 0.751479268074 0.930069923401 0.283464580774
gs 0.473684221506 1.0 0.597222208977 0.419999986887
ts 0.568965494633 0.560283660889 0.394230782986 0.216666668653
a 0.282225996256 0.162331745028 0.0944463908672 0.39640134573
b 0.106098897755 0.0864223912358 0.0912498310208 0.105748601258
d 0.381414473057 0.51226067543 0.675661385059 0.285809487104
g 0.0515555664897 0.1105767712 0.0485606752336 0.0907889083028
t 0.178705051541 0.128408432007 0.0900817289948 0.121251665056
h 1.0 1.0 1.0 1.0
c 0.166470423341 0 0 0
Aa 0.804732978344 0.679402351379 0.155510321259 0.92005354166
Ab 0.379846811295 0.405625194311 0.140557020903 0.34619307518
Ad 0.935533106327 1.17848992348 1.01005411148 0.777995049953
Ag 0.0664114952087 0.512662827969 -0.133390307426 0.279951244593
At 0.606272757053 0.577592492104 0.134961679578 0.405606150627
as 0.622950792313 0.985294103622 0.571428596973 0.666666686535
bs 0.78125 1.0 1.0 0.0833333358169
ds 0.429577469826 0.781065106392 0.93706291914 0.330708652735
gs 0.459459453821 1.0 0.694444417953 0.419999986887
ts 0.568965494633 0.609929084778 0.394230782986 0.266666680574
a 0.264664471149 0.171700626612 0.0879340618849 0.372801035643
b 0.103992655873 0.0756760239601 0.101395942271 0.104879029095
d 0.422776699066 0.518864095211 0.660317361355 0.317405551672
g 0.0489159189165 0.096597366035 0.0566152445972 0.08435331285
t 0.159650251269 0.137161910534 0.0937374085188 0.12056107074
h 1.0 1.0 1.0 1.0
c 0.166470423341 0 0 0
Aa 0.804732978344 0.76898676157 0.149789020419 0.92005354166
Ab 0.399040013552 0.413173168898 0.211652472615 0.369265079498
Ad 1.00814843178 1.2492685318 1.02538454533 0.850190937519
Ag 0.0714875534177 0.519180178642 -0.0414347350597 0.274678587914
At 0.585206985474 0.671448409557 0.177544817328 0.429783523083
as 0.616666674614 1.0 0.571428596973 0.666666686535
bs 0.84375 1.0 1.0 0.166666671634
ds 0.489361703396 0.822485208511 0.944055914879 0.385826766491
gs 0.486486494541 1.0 0.83098590374 0.408163279295
ts 0.534482777119 0.678571403027 0.442307680845 0.316666662693
a 0.264664471149 0.162773653865 0.0804149061441 0.372801035643
b 0.103992655873 0.0665065199137 0.109628945589 0.104879029095
d 0.422776699066 0.536903440952 0.643874585629 0.317405551672
g 0.0489159189165 0.0840232372284 0.0648546367884 0.08435331285
t 0.159650251269 0.14979313314 0.10122692585 0.12056107074
h 1.0 1.0 1.0 1.0
c 0.166470423341 0 0 0
Aa 0.804732978344 0.808069467545 0.144972726703 0.92005354166
Ab 0.399040013552 0.419349581003 0.279561400414 0.369265079498
Ad 1.00814843178 1.32638156414 1.04843747616 0.850190937519
Ag 0.0714875534177 0.520884811878 0.0515772029757 0.274678587914
At 0.585206985474 0.771977245808 0.244932219386 0.429783523083
as 0.616666674614 1.0 0.553571403027 0.666666686535
bs 0.84375 1.0 1.0 0.166666671634
ds 0.489361703396 0.863905310631 0.9650349617 0.385826766491
gs 0.486486494541 1.0 0.971428573132 0.408163279295
ts 0.534482777119 0.75 0.5 0.316666662693
a 0.264664471149 0.147651895881 0.0746466815472 0.372801035643
b 0.103992655873 0.0598875321448 0.115371786058 0.104879029095
d 0.422776699066 0.556307017803 0.630481600761 0.317405551672
g 0.0489159189165 0.0743312165141 0.0716647282243 0.08435331285
t 0.159650251269 0.161822319031 0.107835188508 0.12056107074
h 1.0 1.0 1.0 1.0
c 0.166470423341 0 0 0
Aa 0.804732978344 0.81476432085 0.146490857005 0.92005354166
Ab 0.399040013552 0.422861665487 0.335579961538 0.369265079498
Ad 1.00814843178 1.39083981514 1.07315278053 0.850190937519
Ag 0.0714875534177 0.516696512699 0.128785789013 0.274678587914
At 0.585206985474 0.854563713074 0.306240856647 0.429783523083
as 0.616666674614 1.0 0.553571403027 0.666666686535
bs 0.84375 1.0 1.0 0.166666671634
ds 0.489361703396 0.905325472355 0.979020953178 0.385826766491
gs 0.486486494541 1.0 1.0 0.408163279295
ts 0.534482777119 0.807142853737 0.557692289352 0.316666662693
a 0.264664471149 0.137217879295 0.0710306316614 0.372801035643
b 0.103992655873 0.0556367188692 0.119570963085 0.104879029095
d 0.422776699066 0.569528758526 0.621679246426 0.317405551672
g 0.0489159189165 0.0677369013429 0.0766316503286 0.08435331285
t 0.159650251269 0.16987977922 0.111087538302 0.12056107074
h 1.0 1.0 1.0 1.0
c 0.166470423341 0 0 0
Aa 0.804732978344 0.815163135529 0.150514245033 0.92005354166
Ab 0.399040013552 0.423113971949 0.376694321632 0.369265079498
Ad 1.00814843178 1.43326807022 1.09263491631 0.850190937519
Ag 0.0714875534177 0.508577823639 0.183476775885 0.274678587914
At 0.585206985474 0.907894134521 0.344733923674 0.429783523083
as 0.616666674614 1.0 0.571428596973 0.666666686535
bs 0.84375 1.0 1.0 0.166666671634
ds 0.489361703396 0.928994059563 0.993007004261 0.385826766491
gs 0.486486494541 1.0 1.0 0.408163279295
ts 0.534482777119 0.842857122421 0.596153855324 0.316666662693
a 0.264664471149 0.132986918092 0.0716194882989 0.372801035643
b 0.103992655873 0.0533129647374 0.122675508261 0.104879029095
d 0.422776699066 0.57613247633 0.615075111389 0.317405551672
g 0.0489159189165 0.0643239244819 0.0799357518554 0.08435331285
t 0.159650251269 0.173243716359 0.110694125295 0.12056107074
h 1.0 1.0 1.0 1.0
c 0.166470423341 0 0 0
Aa 0.804732978344 0.817327082157 0.169633671641 0.92005354166
Ab 0.399040013552 0.420350939035 0.403360307217 0.369265079498
Ad 1.00814843178 1.45404052734 1.10353064537 0.850190937519
Ag 0.0714875534177 0.501890659332 0.217343524098 0.274678587914
At 0.585206985474 0.932175636292 0.358727008104 0.429783523083
as 0.616666674614 1.0 0.607142865658 0.666666686535
bs 0.84375 1.0 1.0 0.166666671634
ds 0.489361703396 0.940828382969 1.0 0.385826766491
gs 0.486486494541 0.949999988079 1.0 0.408163279295
ts 0.534482777119 0.864285707474 0.615384638309 0.316666662693
a 0.264664471149 0.133529379964 0.0762768313289 0.372801035643
b 0.103992655873 0.0524268187582 0.125082820654 0.104879029095
d 0.422776699066 0.577164888382 0.60769957304 0.317405551672
g 0.0489159189165 0.0638139396906 0.0821871608496 0.08435331285
t 0.159650251269 0.173064976931 0.108753636479 0.12056107074
h 1.0 1.0 1.0 1.0
c 0.166470423341 0 0 0
Aa 0.804732978344 0.821980416775 0.203436031938 0.92005354166
Ab 0.399040013552 0.415957123041 0.418241024017 0.369265079498
Ad 1.00814843178 1.45770347118 1.10473227501 0.850190937519
Ag 0.0714875534177 0.501319169998 0.235847368836 0.274678587914
At 0.585206985474 0.934612810612 0.357487171888 0.429783523083
as 0.616666674614 1.0 0.672727286816 0.666666686535
bs 0.84375 0.949999988079 1.0 0.166666671634
ds 0.489361703396 0.940828382969 1.0 0.385826766491
gs 0.486486494541 0.949999988079 1.0 0.408163279295
ts 0.534482777119 0.864285707474 0.615384638309 0.316666662693
a 0.264664471149 0.135550186038 0.0824045538902 0.372801035643
b 0.103992655873 0.0526890195906 0.126927167177 0.104879029095
d 0.422776699066 0.573144435883 0.597844421864 0.317405551672
g 0.0489159189165 0.0658720582724 0.0840514302254 0.08435331285
t 0.159650251269 0.172744274139 0.108772434294 0.12056107074
h 1.0 1.0 1.0 1.0
c 0.166470423341 0 0 0
Aa 0.804732978344 0.821536958218 0.235176607966 0.92005354166
Ab 0.399040013552 0.411156952381 0.422779977322 0.369265079498
Ad 1.00814843178 1.44770097733 1.09581363201 0.850190937519
Ag 0.0714875534177 0.50813806057 0.243770509958 0.274678587914
At 0.585206985474 0.926840543747 0.355744242668 0.429783523083
as 0.616666674614 1.0 0.727272748947 0.666666686535
bs 0.84375 0.949999988079 1.0 0.166666671634
ds 0.489361703396 0.940476179123 0.993007004261 0.385826766491
gs 0.486486494541 1.0 1.0 0.408163279295
ts 0.534482777119 0.857142865658 0.605769217014 0.316666662693
a 0.264664471149 0.14205186069 0.0893838107586 0.372801035643
b 0.103992655873 0.0536726228893 0.128172159195 0.104879029095
d 0.422776699066 0.560790240765 0.583540916443 0.317405551672
g 0.0489159189165 0.0696259737015 0.0858659669757 0.08435331285
t 0.159650251269 0.17385931313 0.11303716898 0.12056107074
h 1.0 1.0 1.0 1.0
c 0.166470423341 0 0 0
Aa 0.804732978344 0.829630434513 0.260927468538 0.92005354166
Ab 0.399040013552 0.406936317682 0.417462289333 0.369265079498
Ad 1.00814843178 1.42598390579 1.07573986053 0.850190937519
Ag 0.0714875534177 0.519954800606 0.243489637971 0.274678587914
At 0.585206985474 0.917381465435 0.3628898561 0.429783523083
as 0.616666674614 1.0 0.781818211079 0.666666686535
bs 0.84375 0.899999976158 1.0 0.166666671634
ds 0.489361703396 0.928571403027 0.979020953178 0.385826766491
gs 0.486486494541 1.0 1.0 0.408163279295
ts 0.534482777119 0.848920881748 0.611650466919 0.316666662693
a 0.264664471149 0.148099124432 0.0981294885278 0.372801035643
b 0.103992655873 0.0553475543857 0.128924518824 0.104879029095
d 0.422776699066 0.543538272381 0.563390254974 0.317405551672
g 0.0489159189165 0.0748396515846 0.0876484662294 0.08435331285
t 0.159650251269 0.178175404668 0.121907286346 0.12056107074
h 1.0 1.0 1.0 1.0
c 0.166470423341 0 0 0
Aa 0.804732978344 0.829630434513 0.28521078825 0.92005354166
Ab 0.399040013552 0.402176380157 0.403746813536 0.369265079498
Ad 1.00814843178 1.39430809021 1.04422056675 0.850190937519
Ag 0.0714875534177 0.533209681511 0.236155614257 0.274678587914
At 0.585206985474 0.909925699234 0.379440933466 0.429783523083
as 0.616666674614 1.0 0.818181812763 0.666666686535
bs 0.84375 0.899999976158 1.0 0.166666671634
ds 0.489361703396 0.910714268684 0.958041965961 0.385826766491
gs 0.486486494541 1.0 1.0 0.408163279295
ts 0.534482777119 0.848920881748 0.631067931652 0.316666662693
a 0.264664471149 0.154973864555 0.111062794924 0.372801035643
b 0.103992655873 0.0571022741497 0.129015415907 0.104879029095
d 0.422776699066 0.5234131217 0.537771761417 0.317405551672
g 0.0489159189165 0.0802406296134 0.0890735536814 0.08435331285
t 0.159650251269 0.184270128608 0.133076474071 0.12056107074
h 1.0 1.0 1.0 1.0
c 0.166470423341 0 0 0
Aa 0.804732978344 0.829630434513 0.320415556431 0.92005354166
Ab 0.399040013552 0.396025389433 0.385488569736 0.369265079498
Ad 1.00814843178 1.35821652412 1.0054448843 0.850190937519
Ag 0.0714875534177 0.543766319752 0.224595755339 0.274678587914
At 0.585206985474 0.904826939106 0.398948252201 0.429783523083
as 0.616666674614 1.0 0.907407402992 0.666666686535
bs 0.84375 0.850000023842 1.0 0.166666671634
ds 0.489361703396 0.886904776096 0.930069923401 0.385826766491
gs 0.486486494541 1.0 1.0 0.408163279295
ts 0.534482777119 0.841726601124 0.647058844566 0.316666662693
a 0.264664471149 0.160927340388 0.117048203945 0.372801035643
b 0.103992655873 0.0584799312055 0.129806622863 0.104879029095
d 0.422776699066 0.506295442581 0.515797615051 0.317405551672
g 0.0489159189165 0.0844690576196 0.0908451899886 0.08435331285
t 0.159650251269 0.18982821703 0.146502330899 0.12056107074
h 1.0 1.0 1.0 1.0
c 0.166470423341 0 0 0
Aa 0.804732978344 0.829197824001 0.322809010744 0.92005354166
Ab 0.399040013552 0.389574825764 0.367741137743 0.369265079498
Ad 1.00814843178 1.32697200775 0.966923594475 0.850190937519
Ag 0.0714875534177 0.549265623093 0.212746188045 0.274678587914
At 0.585206985474 0.900928735733 0.420288801193 0.429783523083
as 0.616666674614 1.0 0.907407402992 0.666666686535
bs 0.84375 0.842105269432 1.0 0.166666671634
ds 0.489361703396 0.869047641754 0.90209788084 0.385826766491
gs 0.486486494541 1.0 1.0 0.408163279295
ts 0.534482777119 0.841726601124 0.673267304897 0.316666662693
a 0.264664471149 0.163392469287 0.114777334034 0.372801035643
b 0.103992655873 0.0591139234602 0.130582749844 0.104879029095
d 0.422776699066 0.498172134161 0.502310276031 0.317405551672
g 0.0489159189165 0.0865465775132 0.0921193435788 0.08435331285
t 0.159650251269 0.192774906754 0.16021028161 0.12056107074
h 1.0 1.0 1.0 1.0
c 0.166470423341 0 0 0
Aa 0.804732978344 0.826253294945 0.298688560724 0.92005354166
Ab 0.399040013552 0.384711056948 0.354718238115 0.369265079498
Ad 1.00814843178 1.31040072441 0.939804494381 0.850190937519
Ag 0.0714875534177 0.55027115345 0.203183278441 0.274678587914
At 0.585206985474 0.8980717659 0.443522810936 0.429783523083
as 0.616666674614 1.0 0.870370388031 0.666666686535
bs 0.84375 0.789473712444 1.0 0.166666671634
ds 0.489361703396 0.868263483047 0.888111889362 0.385826766491
gs 0.486486494541 1.0 1.0 0.408163279295
ts 0.534482777119 0.841726601124 0.693069279194 0.316666662693
a 0.264664471149 0.162116765976 0.1028881073 0.372801035643
b 0.103992655873 0.0588978976011 0.130909755826 0.104879029095
d 0.422776699066 0.497182518244 0.497744202614 0.317405551672
g 0.0489159189165 0.0867745727301 0.092169329524 0.08435331285
t 0.159650251269 0.195028230548 0.176288604736 0.12056107074
h 1.0 1.0 1.0 1.0
c 0.166470423341 0 0 0
Aa 0.804732978344 0.821407079697 0.243800312281 0.92005354166
Ab 0.399040013552 0.381678938866 0.348407149315 0.369265079498
Ad 1.00814843178 1.30809497833 0.928441345692 0.850190937519
Ag 0.0714875534177 0.549971580505 0.196021586657 0.274678587914
At 0.585206985474 0.901676595211 0.477659374475 0.429783523083
as 0.616666674614 1.0 0.759259283543 0.666666686535
bs 0.84375 0.833333313465 1.0 0.166666671634
ds 0.489361703396 0.862275421619 0.881118893623 0.385826766491
gs 0.486486494541 1.0 0.987804889679 0.408163279295
ts 0.534482777119 0.841726601124 0.732673287392 0.316666662693
a 0.264664471149 0.161452025175 0.100590892136 0.176228582859
b 0.103992655873 0.0580914691091 0.127963155508 0.123143099248
d 0.422776699066 0.494442492723 0.490486651659 0.532445788383
g 0.0489159189165 0.0867349728942 0.0888020694256 0.0384583957493
t 0.159650251269 0.199279025197 0.192157238722 0.129724115133
h 1.0 1.0 1.0 1.0
c 0.154684633017 0 0 0
Aa 0.804732978344 0.822110772133 0.242141798139 0.785104215145
Ab 0.399040013552 0.378179609776 0.346668094397 0.629437983036
Ad 1.00814843178 1.308183074 0.930210351944 1.26530325413
Ag 0.0714875534177 0.552261471748 0.188006237149 0.124019064009
At 0.585206985474 0.913528800011 0.523239910603 0.652048587799
as 0.616666674614 1.0 0.773584902287 0.421052634716
bs 0.84375 0.833333313465 0.987012982368 0.888888895512
ds 0.489361703396 0.862275421619 0.881118893623 0.725806474686
gs 0.486486494541 1.0 0.987804889679 0.102040819824
ts 0.534482777119 0.848920881748 0.772277235985 0.683333337307
a 0.0627672150731 0.165194138885 0.102203220129 0.186368823051
b 0.0799482241273 0.0577983781695 0.123657777905 0.124375797808
d 0.483832240105 0.481771558523 0.483081579208 0.513843417168
g 0.0479773245752 0.0886929407716 0.0835049077868 0.0405426248908
t 0.325475007296 0.206542998552 0.20755250752 0.13486930728
h 1.0 1.0 1.0 1.0
c 0.154684633017 0 0 0
Aa 0.424900382757 0.828195869923 0.261465191841 0.785104215145
Ab 0.529976308346 0.37211689353 0.344222068787 0.609466850758
Ad 1.31186234951 1.29304242134 0.936021089554 1.22556173801
Ag 0.308203548193 0.558090269566 0.1737126261 0.122642830014
At 1.13968515396 0.925211727619 0.569128632545 0.644644081593
as 0.0 1.0 0.811320781708 0.421052634716
bs 1.0 0.777777791023 0.987012982368 0.833333313465
ds 0.702127635479 0.856287419796 0.881118893623 0.781818211079
gs 1.0 1.0 0.975308656693 0.102040819824
ts 1.0 0.856115102768 0.821782171726 0.666666686535
a 0.0873541533947 0.171513855457 0.106990858912 0.197449460626
b 0.0865168124437 0.0598711073399 0.119352035224 0.129986047745
d 0.440690875053 0.459014058113 0.47630494833 0.49170333147
g 0.05139862746 0.0945087969303 0.0778961256146 0.0441427789629
t 0.334039539099 0.215092182159 0.219456031919 0.136718392372
h 1.0 1.0 1.0 1.0
c 0.154684633017 0 0 0
Aa 0.522039413452 0.823399066925 0.288610249758 0.785104215145
Ab 0.517856359482 0.366317093372 0.336093425751 0.60354501009
Ad 1.22488987446 1.25092577934 0.937148690224 1.18135142326
Ag 0.291707366705 0.564572095871 0.1507794559 0.134507969022
At 1.10455369949 0.921724438667 0.60061109066 0.625475227833
as 0.16393442452 1.0 0.867924511433 0.421052634716
bs 1.0 0.722222208977 0.973684191704 0.805555582047
ds 0.638297855854 0.832335352898 0.881118893623 0.780952394009
gs 1.0 1.0 0.950617313385 0.122448980808
ts 1.0 0.856115102768 0.851485133171 0.633333325386
a 0.100711986423 0.173828676343 0.112446315587 0.207521051168
b 0.0914837941527 0.065703228116 0.115789219737 0.13856844604
d 0.413659065962 0.43166333437 0.472333937883 0.466634392738
g 0.0538457669318 0.105171963573 0.0733324587345 0.049383148551
t 0.340299367905 0.2236328125 0.226098075509 0.137892961502
h 1.0 1.0 1.0 1.0
c 0.154684633017 0 0 0
Aa 0.540093898773 0.787347257137 0.308227390051 0.785104215145
Ab 0.49835690856 0.364812552929 0.320950269699 0.60970646143
Ad 1.1536552906 1.18237102032 0.931531310081 1.13701879978
Ag 0.268164336681 0.569125831127 0.122578419745 0.161620870233
At 1.06887388229 0.896761357784 0.61157900095 0.607584178448
as 0.196721315384 0.950617313385 0.921568632126 0.421052634716
bs 1.0 0.722222208977 0.960526287556 0.833333313465
ds 0.592857122421 0.790123462677 0.881118893623 0.733333349228
gs 1.0 1.0 0.913580238819 0.1875
ts 1.0 0.834532380104 0.861386120319 0.600000023842
a 0.111787438393 0.178551033139 0.114728242159 0.213314130902
b 0.0952921062708 0.0741538181901 0.113396979868 0.147221252322
d 0.394548594952 0.401161700487 0.47196739912 0.443945676088
g 0.0557805970311 0.117769405246 0.0709001347423 0.0562593899667
t 0.342591285706 0.228364065289 0.22900724411 0.139259561896
h 1.0 1.0 1.0 1.0
c 0.154684633017 0 0 0
Aa 0.546710968018 0.751821815968 0.308227390051 0.785104215145
Ab 0.477374881506 0.370193004608 0.303158551455 0.624055147171
Ad 1.09441840649 1.10337889194 0.922469079494 1.10341441631
Ag 0.244801104069 0.57109194994 0.0992041230202 0.206279635429
At 1.03309428692 0.858687222004 0.608406305313 0.599909603596
as 0.196721315384 0.913580238819 0.921568632126 0.421052634716
bs 1.0 0.764705896378 0.934210538864 0.857142865658
ds 0.550000011921 0.745341598988 0.874125897884 0.704761922359
gs 0.921052634716 1.0 0.888888895512 0.255319148302
ts 1.0 0.81294965744 0.861386120319 0.600000023842
a 0.128622233868 0.188606649637 0.116290301085 0.214066699147
b 0.0972761288285 0.0812197849154 0.111274391413 0.15331479907
d 0.37703999877 0.375888496637 0.472661197186 0.42546826601
g 0.0570770390332 0.126761421561 0.0703967288136 0.0641072914004
t 0.339984595776 0.227523654699 0.229377374053 0.14304292202
h 1.0 1.0 1.0 1.0
c 0.165133818984 0 0 0
Aa 0.578945636749 0.744877815247 0.308227390051 0.785104215145
Ab 0.457635909319 0.378982633352 0.289079099894 0.640139222145
Ad 1.04601705074 1.04437983036 0.91723382473 1.0834223032
Ag 0.226091057062 0.572307884693 0.0902363359928 0.261462569237
At 1.00108885765 0.826347351074 0.603234469891 0.610021531582
as 0.26229506731 0.901234567165 0.921568632126 0.421052634716
bs 0.969696998596 0.823529422283 0.921052634716 0.914285719395
ds 0.514285743237 0.708074510098 0.867132842541 0.685714304447
gs 0.868421077728 1.0 0.876543223858 0.382978737354
ts 1.0 0.784172654152 0.851485133171 0.616666674614
a 0.145170360804 0.192139714956 0.115882158279 0.217264413834
b 0.0979000404477 0.0840152204037 0.109287984669 0.154124319553
d 0.36273676157 0.366378605366 0.472547739744 0.408875524998
g 0.0578183941543 0.129819408059 0.0713156759739 0.0708592385054
t 0.336374461651 0.227647081017 0.230966448784 0.148876488209
h 1.0 1.0 1.0 1.0
c 0.176251575351 0 0 0
Aa 0.611078679562 0.744877815247 0.308227390051 0.800705492496
Ab 0.439983576536 0.385618686676 0.282783210278 0.651588082314
Ad 1.00879228115 1.02519083023 0.918656468391 1.07530796528
Ag 0.211266726255 0.574600338936 0.0973958000541 0.314113378525
At 0.976023733616 0.818522751331 0.607759714127 0.636542975903
as 0.311475396156 0.901234567165 0.921568632126 0.464285701513
bs 0.909090936184 0.823529422283 0.907894730568 0.942857146263
ds 0.492857128382 0.693750023842 0.874125897884 0.676190495491
gs 0.842105269432 1.0 0.888888895512 0.489361703396
ts 1.0 0.789855062962 0.861386120319 0.644067823887
a 0.150538533926 0.187500298023 0.113782770932 0.236006483436
b 0.0985459312797 0.0821362286806 0.107157915831 0.146518915892
d 0.355513185263 0.371178776026 0.471691131592 0.388814777136
g 0.058244574815 0.12832544744 0.0727169141173 0.073718264699
t 0.337157785892 0.23085924983 0.234651267529 0.154941558838
h 1.0 1.0 1.0 1.0
c 0.188037872314 0 0 0
Aa 0.611911475658 0.744877815247 0.308227390051 0.863010346889
Ab 0.427902519703 0.386410593987 0.282175153494 0.655980110168
Ad 0.985119521618 1.04145896435 0.925808608532 1.079829216
Ag 0.199519321322 0.580188632011 0.113786317408 0.357661515474
At 0.962096989155 0.835223138332 0.622573792934 0.680254340172
as 0.311475396156 0.901234567165 0.939999997616 0.571428596973
bs 0.878787875175 0.823529422283 0.920000016689 0.942857146263
ds 0.471428573132 0.706250011921 0.874125897884 0.685714304447
gs 0.815789461136 1.0 0.901234567165 0.595744669437
ts 1.0 0.797101438046 0.871287107468 0.728813588619
a 0.153955429792 0.18091031909 0.115573398769 0.248620763421
b 0.0983573570848 0.0770079120994 0.104311838746 0.134398370981
d 0.352609217167 0.380937248468 0.46674773097 0.378069162369
g 0.0574379526079 0.124742627144 0.0735612213612 0.0733621791005
t 0.337640047073 0.236401885748 0.239805802703 0.165549516678
h 1.0 1.0 1.0 1.0
c 0.200089916587 0 0 0
Aa 0.618658125401 0.751273214817 0.326699137688 0.921403288841
Ab 0.424069970846 0.380345255136 0.282174855471 0.65425992012
Ad 0.97855681181 1.07466328144 0.93292349577 1.10343718529
Ag 0.190462097526 0.589824736118 0.13049018383 0.391338139772
At 0.959717094898 0.867460846901 0.643700957298 0.744793832302
as 0.327868849039 0.913580238819 0.959999978542 0.678571403027
bs 0.848484873772 0.823529422283 0.920000016689 0.942857146263
ds 0.471428573132 0.725000023842 0.881118893623 0.704761922359
gs 0.783783793449 1.0 0.925925910473 0.659574449062
ts 1.0 0.818840563297 0.891089081764 0.830508470535
a 0.154461681843 0.176934152842 0.115678288043 0.245990544558
b 0.09759773314 0.0706620961428 0.101790010929 0.120938688517
d 0.355207443237 0.391444504261 0.461536556482 0.381879240274
g 0.0557551011443 0.120188929141 0.0740383788943 0.0710902512074
t 0.336978018284 0.240770339966 0.246956765652 0.180101290345
h 1.0 1.0 1.0 1.0
c 0.212580576539 0 0 0
Aa 0.626801073551 0.769540369511 0.33573153615 0.957002997398
Ab 0.427420020103 0.370915204287 0.280184864998 0.648649871349
Ad 0.988462388515 1.11439883709 0.936685800552 1.14801061153
Ag 0.184264883399 0.601593136787 0.141936615109 0.417894631624
At 0.965581893921 0.903331637383 0.665100634098 0.821601390839
as 0.327868849039 0.938271582127 0.980000019073 0.732142865658
bs 0.848484873772 0.764705896378 0.918918907642 0.942857146263
ds 0.492647051811 0.75 0.881118893623 0.742857158184
gs 0.756756782532 1.0 0.938271582127 0.739130437374
ts 1.0 0.847826063633 0.910891115665 0.966101706028
a 0.154242604971 0.174893885851 0.114623762667 0.233793795109
b 0.0963171347976 0.0647577270865 0.0996597111225 0.108570791781
d 0.361329346895 0.402308821678 0.455868929625 0.394832074642
g 0.053949251771 0.11467795819 0.0742279589176 0.0683044791222
t 0.334161669016 0.243361607194 0.255619645119 0.194498836994
h 1.0 1.0 1.0 1.0
c 0.225434273481 0 0 0
Aa 0.637561738491 0.794053018093 0.336609721184 0.974096179008
Ab 0.43306094408 0.362569987774 0.275854676962 0.640976190567
Ad 1.00726056099 1.15583789349 0.936175048351 1.20167565346
Ag 0.181342810392 0.610758304596 0.147902563214 0.4397123456
At 0.97331404686 0.937530398369 0.684929311275 0.894180178642
as 0.333333343267 0.962962985039 0.980000019073 0.767857134342
bs 0.878787875175 0.705882370472 0.905405402184 0.914285719395
ds 0.496296286583 0.779874205589 0.881118893623 0.831683158875
gs 0.756756782532 1.0 0.950617313385 0.782608687878
ts 1.0 0.869565188885 0.930693089962 1.0
a 0.154221594334 0.168100818992 0.114711306989 0.218488559127
b 0.0946386158466 0.0607994683087 0.0979180708528 0.0993690341711
d 0.368212997913 0.415400266647 0.448908954859 0.410225749016
g 0.0527223311365 0.109473884106 0.0741853713989 0.066452883184
t 0.330204457045 0.246225565672 0.2642762959 0.205463767052
h 1.0 1.0 1.0 1.0
c 0.238469496369 0 0 0
Aa 0.646870851517 0.798810720444 0.33854174614 0.974096179008
Ab 0.434794068336 0.357140690088 0.269798338413 0.631918549538
Ad 1.02482485771 1.19170773029 0.931093752384 1.24769032001
Ag 0.180720284581 0.612551450729 0.149253800511 0.457181304693
At 0.977508604527 0.964574038982 0.700993716717 0.947402715683
as 0.34999999404 0.975308656693 1.0 0.767857134342
bs 0.878787875175 0.647058844566 0.905405402184 0.885714292526
ds 0.511111140251 0.8050314188 0.881118893623 0.871287107468
gs 0.756756782532 1.0 0.950617313385 0.804347813129
ts 1.0 0.891304373741 0.950495064259 1.0
a 0.153593197465 0.163223236799 0.114630609751 0.209033086896
b 0.09298402071 0.0585566349328 0.0966583490372 0.0912918671966
d 0.373175561428 0.4259352386 0.443800777197 0.416182041168
g 0.0524512827396 0.104241579771 0.074307359755 0.0675637200475
t 0.327795952559 0.248043298721 0.270602881908 0.215929284692
h 1.0 1.0 1.0 1.0
c 0.252049297094 0 0 0
Aa 0.64743834734 0.798810720444 0.336211174726 0.974096179008
Ab 0.42947474122 0.353604823351 0.262149959803 0.61431324482
Ad 1.03297960758 1.21537232399 0.924098670483 1.27316451073
Ag 0.180822521448 0.604069709778 0.147942408919 0.483594685793
At 0.976669967175 0.980556190014 0.709242999554 0.988192677498
as 0.355932205915 0.975308656693 0.980000019073 0.767857134342
bs 0.878787875175 0.647058844566 0.891891896725 0.828571438789
ds 0.518518507481 0.817610085011 0.874125897884 0.910000026226
gs 0.756756782532 1.0 0.950617313385 0.869565188885
ts 1.0 0.905797123909 0.960396051407 1.0
a 0.172833487391 0.162612214684 0.113107547164 0.20189525187
b 0.100164607167 0.0578330531716 0.0957194417715 0.0875248685479
d 0.331729590893 0.430709481239 0.4419965446 0.416213989258
g 0.0575541444123 0.0995752736926 0.0750973671675 0.0707849934697
t 0.337718188763 0.249269977212 0.274079114199 0.223580896854
h 1.0 1.0 1.0 1.0
c 0.265947967768 0 0 0
Aa 0.64743834734 0.798810720444 0.323637008667 0.963518321514
Ab 0.410524755716 0.349833667278 0.251145541668 0.600523710251
Ad 0.930594682693 1.22184205055 0.915564239025 1.27770888805
Ag 0.169887065887 0.585809051991 0.145770102739 0.508333444595
At 0.938364923 0.984327554703 0.708021342754 1.00782692432
as 0.355932205915 0.975308656693 0.959999978542 0.75
bs 0.818181812763 0.647058844566 0.878378391266 0.800000011921
ds 0.444444447756 0.823899388313 0.867132842541 0.910000026226
gs 0.729729712009 1.0 0.938271582127 0.934782624245
ts 0.957142829895 0.905797123909 0.960396051407 1.0
a 0.185760498047 0.165755465627 0.108466528356 0.196084156632
b 0.101522423327 0.0582931153476 0.0944109410048 0.0872592031956
d 0.305195868015 0.431026220322 0.447537571192 0.412110239267
g 0.0602766349912 0.0959321260452 0.0767813026905 0.0756266564131
t 0.347244590521 0.248993083835 0.272803664207 0.228919744492
h 1.0 1.0 1.0 1.0
c 0.280096590519 0 0 0
Aa 0.64743834734 0.798810720444 0.292249590158 0.944528102875
Ab 0.385046988726 0.344960123301 0.23197619617 0.592896878719
Ad 0.863063633442 1.21384656429 0.907783389091 1.26709902287
Ag 0.158634006977 0.561306893826 0.142209351063 0.530760526657
At 0.919120490551 0.975530147552 0.692804098129 1.0117688179
as 0.344827592373 0.975308656693 0.899999976158 0.714285731316
bs 0.727272748947 0.588235318661 0.851351380348 0.771428585052
ds 0.392592579126 0.817610085011 0.860139846802 0.899999976158
gs 0.694444417953 0.959999978542 0.938271582127 1.0
ts 0.927536249161 0.898550748825 0.94059407711 1.0
a 0.191271647811 0.171852633357 0.10301463306 0.194334819913
b 0.0982315391302 0.059770245105 0.0918416678905 0.0884370282292
d 0.296305090189 0.429189324379 0.459858804941 0.40574362874
g 0.0606298744678 0.093617528677 0.0791790708899 0.0805652365088
t 0.353561848402 0.245570272207 0.266105800867 0.230919286609
h 1.0 1.0 1.0 1.0
c 0.294013261795 0 0 0
Aa 0.64743834734 0.798810720444 0.248456642032 0.932122170925
Ab 0.358038753271 0.340139567852 0.198597475886 0.590205669403
Ad 0.837526917458 1.19630348682 0.898182213306 1.25182318687
Ag 0.14847445488 0.535011708736 0.13416813314 0.549719214439
At 0.914253175259 0.953830301762 0.660612046719 1.00703167915
as 0.344827592373 0.975308656693 0.819999992847 0.696428596973
bs 0.666666686535 0.588235318661 0.810810804367 0.771428585052
ds 0.370370358229 0.8050314188 0.860139846802 0.898989915848
gs 0.666666686535 0.839999973774 0.925925910473 1.0
ts 0.913043498993 0.882352948189 0.910891115665 1.0
a 0.182535782456 0.179846346378 0.104731477797 0.194268703461
b 0.095061160624 0.062110517174 0.0869928002357 0.0894375368953
d 0.29969778657 0.427548795938 0.47394540906 0.400785714388
g 0.0606802403927 0.0927319824696 0.0810745880008 0.0846305340528
t 0.362025052309 0.237762346864 0.253255724907 0.230877533555
h 1.0 1.0 1.0 1.0
c 0.307697981596 0 0 0
Aa 0.619103193283 0.798572897911 0.228418618441 0.924727857113
Ab 0.335758298635 0.336836397648 0.147824719548 0.587844848633
Ad 0.834438741207 1.17465698719 0.884069681168 1.23923718929
Ag 0.140802517533 0.51090079546 0.117226146162 0.563852071762
At 0.916493833065 0.919814348221 0.611900687218 0.999706685543
as 0.310344815254 0.975308656693 0.77999997139 0.678571403027
bs 0.575757563114 0.529411792755 0.743243217468 0.771428585052
ds 0.370370358229 0.797468364239 0.846153855324 0.888888895512
gs 0.638888895512 0.759999990463 0.912500023842 1.0
ts 0.913043498993 0.860294103622 0.861386120319 1.0
a 0.166154161096 0.188885644078 0.104896955192 0.194675222039
b 0.0920757651329 0.0648681595922 0.0810236558318 0.0884075909853
d 0.309488892555 0.425785809755 0.49162787199 0.398542106152
g 0.0602026544511 0.0934026613832 0.0820932686329 0.0863830521703
t 0.372078537941 0.227057725191 0.240358248353 0.231992036104
h 1.0 1.0 1.0 1.0
c 0.321382701397 0 0 0
Aa 0.578960359097 0.798572897911 0.193511888385 0.924727857113
Ab 0.322594463825 0.334405511618 0.0813608318567 0.581906676292
Ad 0.849094152451 1.15156507492 0.864385485649 1.23589134216
Ag 0.138064742088 0.492733210325 0.0870565325022 0.571845710278
At 0.929083704948 0.87851023674 0.553608000278 1.00089025497
as 0.24137930572 0.975308656693 0.699999988079 0.678571403027
bs 0.54545456171 0.529411792755 0.648648619652 0.742857158184
ds 0.380597025156 0.784810125828 0.832167804241 0.887755095959
gs 0.638888895512 0.680000007153 0.862500011921 1.0
ts 0.942028999329 0.830882370472 0.80198019743 1.0
a 0.158032670617 0.19686152041 0.103836297989 0.188293874264
b 0.0895857512951 0.0671550855041 0.0742052420974 0.0845555067062
d 0.321462243795 0.422189056873 0.509550333023 0.405224084854
g 0.0593413934112 0.0949858799577 0.0806881189346 0.0863561481237
t 0.371577948332 0.218808472157 0.231719985604 0.235570400953
h 1.0 1.0 1.0 1.0
c 0.335067421198 0 0 0
Aa 0.564276456833 0.798572897911 0.150994077325 0.924727857113
Ab 0.317768543959 0.331490963697 0.00507946591824 0.57703357935
Ad 0.872659564018 1.12991905212 0.841831982136 1.25758695602
Ag 0.138887301087 0.482071101665 0.041454475373 0.58618491888
At 0.935579478741 0.844476163387 0.499608367682 1.02201235294
as 0.206896558404 0.975308656693 0.620000004768 0.678571403027
bs 0.54545456171 0.529411792755 0.540540516376 0.714285731316
ds 0.395522385836 0.772151887417 0.818181812763 0.907216489315
gs 0.638888895512 0.639999985695 0.8125 1.0
ts 0.942028999329 0.801470577717 0.752475261688 1.0
a 0.152320712805 0.189580112696 0.109090715647 0.182220622897
b 0.086843162775 0.0681556686759 0.0660996064544 0.0795127674937
d 0.331059753895 0.423672884703 0.523022174835 0.413079500198
g 0.0582434907556 0.0965864136815 0.0750365629792 0.0854853689671
t 0.371532857418 0.222004905343 0.226750940084 0.239701732993
h 1.0 1.0 1.0 1.0
c 0.348752140999 0 0 0
Aa 0.561282753944 0.771462738514 0.143970757723 0.924727857113
Ab 0.317259371281 0.32717192173 -0.0736181288958 0.564567148685
Ad 0.898430168629 1.12070059776 0.824703097343 1.28016400337
Ag 0.143771156669 0.478586018085 -0.0185440964997 0.596022069454
At 0.948521018028 0.84003251791 0.46173208952 1.04380142689
as 0.206896558404 0.938271582127 0.600000023842 0.678571403027
bs 0.515151500702 0.470588237047 0.432432442904 0.685714304447
ds 0.417910456657 0.765822768211 0.804195821285 0.947916686535
gs 0.638888895512 0.639999985695 0.737500011921 1.0
ts 0.985294103622 0.801470577717 0.712871313095 1.0
a 0.140272811055 0.170866504312 0.112558022141 0.17412981391
b 0.0848892703652 0.0658720061183 0.0574914962053 0.074068672955
d 0.342018395662 0.427328109741 0.538494586945 0.423065215349
g 0.057384327054 0.0940232798457 0.0661637410522 0.0840192586184
t 0.375435203314 0.241910099983 0.225292146206 0.244717046618
h 1.0 1.0 1.0 1.0
c 0.362589269876 0 0 0
Aa 0.537838339806 0.739142596722 0.143970757723 0.91595262289
Ab 0.319717645645 0.32518658042 -0.147802069783 0.544714033604
Ad 0.924914300442 1.13724708557 0.823775649071 1.30148684978
Ag 0.14965814352 0.479721069336 -0.0867856144905 0.59945833683
At 0.965399861336 0.890139698982 0.445340394974 1.06374371052
as 0.172413796186 0.901234567165 0.600000023842 0.660714268684
bs 0.54545456171 0.470588237047 0.337837845087 0.62857145071
ds 0.432835817337 0.772151887417 0.804195821285 0.96875
gs 0.657142877579 0.639999985695 0.649999976158 1.0
ts 1.0 0.838235318661 0.693069279194 1.0
a 0.12737698853 0.150641664863 0.110360339284 0.166959226131
b 0.0834105014801 0.0596842132509 0.0484046712518 0.0687272548676
d 0.352283477783 0.431942492723 0.5617852211 0.433436512947
g 0.0566333048046 0.0851632505655 0.0558155104518 0.081905901432
t 0.380295723677 0.272568374872 0.223634287715 0.248971104622
h 1.0 1.0 1.0 1.0
c 0.376426428556 0 0 0
Aa 0.508248806 0.729639530182 0.143970757723 0.906732976437
Ab 0.324378550053 0.327553898096 -0.213954985142 0.521251559258
Ad 0.950050115585 1.18712031841 0.850728034973 1.32104802132
Ag 0.15622971952 0.481946647167 -0.15208736062 0.597437739372
At 0.98327922821 0.987169861794 0.450696140528 1.08027148247
as 0.12068965286 0.888888895512 0.600000023842 0.642857134342
bs 0.5625 0.529411792755 0.243243247271 0.571428596973
ds 0.455223888159 0.807692289352 0.825174808502 0.989583313465
gs 0.657142877579 0.639999985695 0.574999988079 1.0
ts 1.0 0.904411792755 0.702970325947 1.0
a 0.105931669474 0.135905534029 0.100272141397 0.162300691009
b 0.0830472037196 0.0522488057613 0.0390654429793 0.0643422231078
d 0.365035295486 0.435693144798 0.591779410839 0.442848086357
g 0.0570304617286 0.0732969343662 0.0460946895182 0.0797144696116
t 0.388955384493 0.302855581045 0.222788289189 0.250794529915
h 1.0 1.0 1.0 1.0
c 0.390502125025 0 0 0
Aa 0.432376354933 0.749070465565 0.143970757723 0.900756061077
Ab 0.326675534248 0.33390969038 -0.265416741371 0.498931765556
Ad 0.96968537569 1.25501406193 0.914950370789 1.33669042587
Ag 0.16345743835 0.480919122696 -0.193558618426 0.591972827911
At 0.997250318527 1.09706890583 0.490682840347 1.08975374699
as 0.0 0.913580238819 0.600000023842 0.642857134342
bs 0.5625 0.529411792755 0.175675675273 0.529411792755
ds 0.470149248838 0.852564096451 0.867132842541 1.0
gs 0.685714304447 0.639999985695 0.512499988079 1.0
ts 1.0 0.985294103622 0.74257427454 1.0
a 0.0864390432835 0.122200027108 0.0839643254876 0.161566004157
b 0.0825234949589 0.0465574413538 0.0307821929455 0.0620706789196
d 0.374002367258 0.440112292767 0.62061548233 0.449135184288
g 0.0585935078561 0.0631902888417 0.0394742824137 0.0788637250662
t 0.398441582918 0.32793995738 0.225163727999 0.248364418745
h 1.0 1.0 1.0 1.0
c 0.404649436474 0 0 0
Aa 0.339975863695 0.760380685329 0.143970757723 0.896286904812
Ab 0.319843530655 0.341298490763 -0.29182446003 0.480823457241
Ad 0.976140260696 1.31687283516 1.01269853115 1.34031403065
Ag 0.171115398407 0.473959714174 -0.183809787035 0.584814250469
At 1.00363051891 1.18910372257 0.572374403477 1.08302628994
as 0.0 0.925925910473 0.600000023842 0.625
bs 0.5625 0.588235318661 0.148648649454 0.470588237047
ds 0.470149248838 0.891025662422 0.943661987782 1.0
gs 0.714285731316 0.600000023842 0.524999976158 0.980000019073
ts 1.0 1.0 0.821782171726 1.0
a 0.0870425179601 0.109163597226 0.0787860006094 0.166762620211
b 0.0801106244326 0.0432389676571 0.024435846135 0.0631852820516
d 0.36809489131 0.442975819111 0.632368385792 0.448249429464
g 0.0607784464955 0.0564364530146 0.0365323200822 0.0810720697045
t 0.403973519802 0.348185151815 0.22787745297 0.240730598569
h 1.0 1.0 1.0 1.0
c 0.418868273497 0 0 0
Aa 0.334215849638 0.748303174973 0.219370961189 0.888959884644
Ab 0.298174500465 0.346100658178 -0.289050728083 0.467477113008
Ad 0.960444152355 1.35660541058 1.12389206886 1.31838095188
Ag 0.178233981133 0.461785048246 -0.114400826395 0.575732469559
At 1.00083732605 1.25203561783 0.680623292923 1.04839253426
as 0.0 0.913580238819 0.759999990463 0.625
bs 0.5 0.588235318661 0.148648649454 0.424242436886
ds 0.462686568499 0.916129052639 1.0 0.97938144207
gs 0.742857158184 0.560000002384 0.612500011921 0.959999978542
ts 1.0 1.0 0.930693089962 1.0
a 0.0874081030488 0.0952263101935 0.0720386058092 0.16973105073
b 0.0777196511626 0.0420171134174 0.0207576360554 0.0701000839472
d 0.351298332214 0.445120543242 0.638460636139 0.441160827875
g 0.0649292394519 0.0529694370925 0.0368155427277 0.0892718061805
t 0.418644666672 0.364666610956 0.231927603483 0.229736238718
h 1.0 1.0 1.0 1.0
c 0.433102577925 0 0 0
Aa 0.31193754077 0.703477740288 0.27801528573 0.842395722866
Ab 0.2609167099 0.348147004843 -0.262372106314 0.458352982998
Ad 0.916061937809 1.37319839001 1.22558403015 1.25723135471
Ag 0.182826191187 0.448746174574 -0.0135188028216 0.563348770142
At 0.992231428623 1.28661680222 0.785802423954 0.973863959312
as 0.0 0.85185188055 0.879999995232 0.535714268684
bs 0.375 0.647058844566 0.189189195633 0.39393940568
ds 0.425373136997 0.92903226614 1.0 0.907216489315
gs 0.764705896378 0.519999980927 0.7468354702 0.939999997616
ts 1.0 1.0 1.0 0.959459483624
a 0.0812813267112 0.0752050578594 0.0591341666877 0.159986138344
b 0.0765729546547 0.0424286425114 0.0192199163139 0.0870177894831
d 0.322095751762 0.450375437737 0.645911455154 0.427597939968
g 0.0709573999047 0.0523423217237 0.0389754846692 0.107759602368
t 0.449092566967 0.379648566246 0.236758947372 0.217638522387
h 1.0 1.0 1.0 1.0
c 0.447002857924 0 0 0
Aa 0.243509367108 0.598358154297 0.265661478043 0.719098687172
Ab 0.217593997717 0.349770277739 -0.222425475717 0.454624354839
Ad 0.841503560543 1.37568581104 1.30399596691 1.1460518837
Ag 0.184516265988 0.440964102745 0.084614560008 0.547472298145
At 0.985854446888 1.30149281025 0.868129432201 0.8527520895
as 0.0 0.728395044804 0.839999973774 0.321428567171
bs 0.25 0.647058844566 0.243243247271 0.363636374474
ds 0.378787875175 0.92903226614 1.0 0.7938144207
gs 0.764705896378 0.479999989271 0.8734177351 0.899999976158
ts 1.0 1.0 1.0 0.797297298908
a 0.074609041214 0.0605653747916 0.0510367825627 0.140916854143
b 0.0770253837109 0.0431817062199 0.0190146118402 0.118818715215
d 0.281446605921 0.454772770405 0.649226009846 0.397798448801
g 0.076793000102 0.0531194768846 0.0415619462729 0.139957129955
t 0.490125983953 0.38836067915 0.239160656929 0.202508851886
h 1.0 1.0 1.0 1.0
c 0.46073615551 0 0 0
Aa 0.172437667847 0.499415844679 0.251049488783 0.532036304474
Ab 0.186280101538 0.352491259575 -0.177746340632 0.457958221436
Ad 0.749042212963 1.3749859333 1.35556209087 0.982736468315
Ag 0.184967830777 0.442445218563 0.161862075329 0.529068410397
At 0.989953935146 1.30642664433 0.921855926514 0.689517378807
as 0.0 0.604938268661 0.819999992847 0.0
bs 0.0967741906643 0.625 0.297297298908 0.39393940568
ds 0.30534350872 0.928571403027 1.0 0.62886595726
gs 0.764705896378 0.479999989271 0.974683523178 0.879999995232
ts 1.0 1.0 1.0 0.575342476368
a 0.0738414376974 0.0575246959925 0.0465120300651 0.124471999705
b 0.0790312290192 0.0435464866459 0.0197678022087 0.163941204548
d 0.238581553102 0.455704003572 0.650185227394 0.344174146652
g 0.0796278864145 0.0541916936636 0.0440562516451 0.18079289794
t 0.528917908669 0.38903310895 0.23947866261 0.186619758606
h 1.0 1.0 1.0 1.0
c 0.474075913429 0 0 0
Aa 0.152832448483 0.477867364883 0.238668873906 0.346629858017
Ab 0.182331040502 0.356966197491 -0.132938027382 0.466246306896
Ad 0.662169158459 1.37669587135 1.3841407299 0.788336396217
Ag 0.185597509146 0.45194581151 0.215111121535 0.508739590645
At 1.00792062283 1.3079996109 0.950370430946 0.522515833378
as 0.0 0.580246925354 0.800000011921 0.0
bs 0.0967741906643 0.625 0.364864856005 0.39393940568
ds 0.236641228199 0.934640526772 1.0 0.427083343267
gs 0.757575750351 0.519999980927 1.0 0.839999973774
ts 1.0 1.0 1.0 0.342465758324
a 0.0738414376974 0.0567074380815 0.0448606945574 0.124471999705
b 0.0790312290192 0.0439457073808 0.0211319345981 0.163941204548
d 0.238581553102 0.456272423267 0.648809015751 0.344174146652
g 0.0796278864145 0.055439863354 0.0462234802544 0.18079289794
t 0.528917908669 0.387634575367 0.238974899054 0.186619758606
h 1.0 1.0 1.0 1.0
c 0.487415671349 0 0 0
Aa 0.152832448483 0.473691046238 0.236411228776 0.346629858017
Ab 0.182331040502 0.36296749115 -0.0905155390501 0.466246306896
Ad 0.662169158459 1.37927520275 1.39666211605 0.788336396217
Ag 0.185597509146 0.463873147964 0.249407872558 0.508739590645
At 1.00792062283 1.30847346783 0.962897479534 0.522515833378
as 0.0 0.5679012537 0.77999997139 0.0
bs 0.0967741906643 0.6875 0.424657523632 0.39393940568
ds 0.236641228199 0.947368443012 1.0 0.427083343267
gs 0.757575750351 0.560000002384 1.0 0.839999973774
ts 1.0 1.0 1.0 0.342465758324
a 0.0738414376974 0.056382406503 0.0441161282361 0.124471999705
b 0.0790312290192 0.0442424379289 0.0226700808853 0.163941204548
d 0.238581553102 0.456344515085 0.645198881626 0.344174146652
g 0.0796278864145 0.0563290454447 0.0478689707816 0.18079289794
t 0.528917908669 0.386701583862 0.240145966411 0.186619758606
h 1.0 1.0 1.0 1.0
c 0.500755429268 0 0 0
Aa 0.152832448483 0.473691046238 0.236411228776 0.346629858017
Ab 0.182331040502 0.368386477232 -0.0527331009507 0.466246306896
Ad 0.662169158459 1.38184022903 1.40150737762 0.788336396217
Ag 0.185597509146 0.473279833794 0.271867930889 0.508739590645
At 1.00792062283 1.30992341042 0.972289144993 0.522515833378
as 0.0 0.5679012537 0.77999997139 0.0
bs 0.0967741906643 0.75 0.479452043772 0.39393940568
ds 0.236641228199 0.946666657925 1.0 0.427083343267
gs 0.757575750351 0.600000023842 1.0 0.839999973774
ts 1.0 1.0 1.0 0.342465758324
a 0.0738414376974 0.0561258047819 0.0431372150779 0.124471999705
b 0.0790312290192 0.0438006035984 0.0238766316324 0.163941204548
d 0.238581553102 0.456638783216 0.638704180717 0.344174146652
g 0.0796278864145 0.0561579540372 0.0486670136452 0.18079289794
t 0.528917908669 0.387276858091 0.245614975691 0.186619758606
h 1.0 1.0 1.0 1.0
c 0.514095187187 0 0 0
Aa 0.152832448483 0.478116363287 0.236411228776 0.346629858017
Ab 0.182331040502 0.370433866978 -0.0204678308219 0.466246306896
Ad 0.662169158459 1.38852655888 1.40685892105 0.788336396217
Ag 0.185597509146 0.478365033865 0.288793802261 0.508739590645
At 1.00792062283 1.31697535515 0.991813957691 0.522515833378
as 0.0 0.580246925354 0.77999997139 0.0
bs 0.0967741906643 0.75 0.520547926426 0.39393940568
ds 0.236641228199 0.953333318233 1.0 0.427083343267
gs 0.757575750351 0.666666686535 1.0 0.839999973774
ts 1.0 1.0 1.0 0.342465758324
a 0.0738414376974 0.0563073717058 0.0412641130388 0.124471999705
b 0.0790312290192 0.0418856889009 0.0243555624038 0.163941204548
d 0.238581553102 0.458876818419 0.629660010338 0.344174146652
g 0.0796278864145 0.0543042197824 0.0484025813639 0.18079289794
t 0.528917908669 0.388625890017 0.256317704916 0.186619758606
h 4.0 1.0 1.0 4.0
c 0.527434945107 0 0 0
Aa 0.152832448483 0.495545834303 0.236411228776 0.346629858017
Ab 0.182331040502 0.367046266794 0.00743687571958 0.466246306896
Ad 0.662169158459 1.40667665005 1.41994488239 0.788336396217
Ag 0.185597509146 0.479814171791 0.305707246065 0.508739590645
At 1.00792062283 1.33451235294 1.02961730957 0.522515833378
as 0.0 0.592592597008 0.77999997139 0.0
bs 0.0967741906643 0.6875 0.561643838882 0.39393940568
ds 0.236641228199 0.959999978542 1.0 0.427083343267
gs 0.757575750351 0.666666686535 1.0 0.839999973774
ts 1.0 1.0 1.0 0.342465758324
a 0.0738414376974 0.0628538504243 0.0415175184608 0.124471999705
b 0.0790312290192 0.0384467914701 0.0242754612118 0.163941204548
d 0.238581553102 0.459792405367 0.619096577168 0.344174146652
g 0.0796278864145 0.0507382042706 0.0471093729138 0.18079289794
t 0.528917908669 0.388168752193 0.268001079559 0.186619758606
h 4.0 1.0 1.0 4.0
c 0.540774703026 0 0 0
Aa 0.152832448483 0.571973621845 0.271236181259 0.346629858017
Ab 0.182331040502 0.358501851559 0.0381722673774 0.466246306896
Ad 0.662169158459 1.43620347977 1.44476318359 0.788336396217
Ag 0.185597509146 0.478976845741 0.326112121344 0.508739590645
At 1.00792062283 1.36266231537 1.08114135265 0.522515833378
as 0.0 0.691358029842 0.857142865658 0.0
bs 0.0967741906643 0.6875 0.602739751339 0.39393940568
ds 0.236641228199 0.980000019073 1.0 0.427083343267
gs 0.757575750351 0.666666686535 1.0 0.839999973774
ts 1.0 1.0 1.0 0.342465758324
a 0.0738414376974 0.0686196386814 0.0398330688477 0.124471999705
b 0.0790312290192 0.0351419225335 0.024371040985 0.163941204548
d 0.238581553102 0.461875349283 0.611789762974 0.344174146652
g 0.0796278864145 0.0471511632204 0.0457815267146 0.18079289794
t 0.528917908669 0.387211918831 0.27822458744 0.186619758606
h 4.0 1.0 1.0 4.0
c 0.554114460945 0 0 0
Aa 0.152832448483 0.639330506325 0.289884030819 0.346629858017
Ab 0.182331040502 0.348707616329 0.0765143409371 0.466246306896
Ad 0.662169158459 1.46740686893 1.47624242306 0.788336396217
Ag 0.185597509146 0.47637450695 0.350330531597 0.508739590645
At 1.00792062283 1.39083075523 1.13403582573 0.522515833378
as 0.0 0.787500023842 0.897959172726 0.0
bs 0.0967741906643 0.625 0.643835604191 0.39393940568
ds 0.236641228199 1.0 1.0 0.427083343267
gs 0.757575750351 0.625 1.0 0.839999973774
ts 1.0 1.0 1.0 0.342465758324
a 0.0738414376974 0.0677307993174 0.037299759686 0.124471999705
b 0.0790312290192 0.0334148965776 0.0251908246428 0.163941204548
d 0.238581553102 0.467639744282 0.607141256332 0.344174146652
g 0.0796278864145 0.0451998338103 0.0451512075961 0.18079289794
t 0.528917908669 0.386014729738 0.285216927528 0.186619758606
h 1.0 1.0 1.0 1.0
c 0.567454218864 0 0 0
Aa 0.152832448483 0.647146701813 0.292482107878 0.346629858017
Ab 0.182331040502 0.340300619602 0.122018441558 0.466246306896
Ad 0.662169158459 1.48627185822 1.50406587124 0.788336396217
Ag 0.185597509146 0.471497327089 0.37544542551 0.508739590645
At 1.00792062283 1.40296435356 1.17595136166 0.522515833378
as 0.0 0.787500023842 0.897959172726 0.0
bs 0.0967741906643 0.5625 0.712328791618 0.39393940568
ds 0.236641228199 1.0 1.0 0.427083343267
gs 0.757575750351 0.625 1.0 0.839999973774
ts 1.0 1.0 1.0 0.342465758324
a 0.0738414376974 0.0690865442157 0.0357771664858 0.124471999705
b 0.0790312290192 0.0337373018265 0.0270012076944 0.163941204548
d 0.238581553102 0.471719920635 0.602245807648 0.344174146652
g 0.0796278864145 0.0452221930027 0.0456386767328 0.18079289794
t 0.528917908669 0.380234032869 0.289337158203 0.186619758606
h 1.0 1.0 1.0 1.0
c 0.580793976784 0 0 0
Aa 0.152832448483 0.647146701813 0.292482107878 0.346629858017
Ab 0.182331040502 0.33586359024 0.1702593714 0.466246306896
Ad 0.662169158459 1.48143744469 1.51864993572 0.788336396217
Ag 0.185597509146 0.463104873896 0.398209214211 0.508739590645
At 1.00792062283 1.38780426979 1.20028042793 0.522515833378
as 0.0 0.787500023842 0.897959172726 0.0
bs 0.0967741906643 0.5 0.780821919441 0.39393940568
ds 0.236641228199 1.0 1.0 0.427083343267
gs 0.757575750351 0.583333313465 1.0 0.839999973774
ts 1.0 1.0 1.0 0.342465758324
a 0.0738414376974 0.0743898823857 0.0357793904841 0.124471999705
b 0.0790312290192 0.0363158360124 0.0299284756184 0.163941204548
d 0.238581553102 0.47275826335 0.594854593277 0.344174146652
g 0.0796278864145 0.0472300536931 0.0474220737815 0.18079289794
t 0.528917908669 0.369305938482 0.292015492916 0.186619758606
h 1.0 1.0 1.0 1.0
c 0.594133734703 0 0 0
Aa 0.152832448483 0.647146701813 0.292482107878 0.346629858017
Ab 0.182331040502 0.335728853941 0.214933767915 0.466246306896
Ad 0.662169158459 1.45027196407 1.5132600069 0.788336396217
Ag 0.185597509146 0.44985127449 0.414829701185 0.508739590645
At 1.00792062283 1.34301912785 1.20425510406 0.522515833378
as 0.0 0.787500023842 0.895833313465 0.0
bs 0.0967741906643 0.5 0.835616409779 0.39393940568
ds 0.236641228199 0.980000019073 1.0 0.427083343267
gs 0.757575750351 0.541666686535 1.0 0.839999973774
ts 1.0 1.0 1.0 0.342465758324
a 0.0738414376974 0.0819640755653 0.0375325605273 0.124471999705
b 0.0790312290192 0.0411084890366 0.034107748419 0.163941204548
d 0.238581553102 0.471478134394 0.583561003208 0.344174146652
g 0.0796278864145 0.0506574586034 0.0504550524056 0.18079289794
t 0.528917908669 0.354791849852 0.294343590736 0.186619758606
h 1.0 1.0 1.0 1.0
c 0.607473492622 0 0 0
Aa 0.152832448483 0.639584600925 0.292482107878 0.346629858017
Ab 0.182331040502 0.339892536402 0.250927001238 0.466246306896
Ad 0.662169158459 1.39942264557 1.48416018486 0.788336396217
Ag 0.185597509146 0.430604428053 0.420978605747 0.508739590645
At 1.00792062283 1.2759346962 1.18692851067 0.522515833378
as 0.0 0.787500023842 0.895833313465 0.0
bs 0.0967741906643 0.5625 0.890410959721 0.39393940568
ds 0.236641228199 0.946666657925 1.0 0.427083343267
gs 0.757575750351 0.458333343267 1.0 0.839999973774
ts 1.0 0.986754953861 1.0 0.342465758324
a 0.0738414376974 0.0927140787244 0.0413345061243 0.124471999705
b 0.0790312290192 0.0472569465637 0.0397893935442 0.163941204548
d 0.238581553102 0.46688207984 0.567193388939 0.344174146652
g 0.0796278864145 0.0541383847594 0.0546253845096 0.18079289794
t 0.528917908669 0.339008510113 0.297057300806 0.186619758606
h 1.0 1.0 1.0 1.0
c 0.620813250542 0 0 0
Aa 0.152832448483 0.639584600925 0.292482107878 0.346629858017
Ab 0.182331040502 0.346904575825 0.275936692953 0.466246306896
Ad 0.662169158459 1.34164607525 1.429900527 0.788336396217
Ag 0.185597509146 0.40594419837 0.413563877344 0.508739590645
At 1.00792062283 1.20264947414 1.14900958538 0.522515833378
as 0.0 0.787500023842 0.895833313465 0.0
bs 0.0967741906643 0.5625 0.917808234692 0.39393940568
ds 0.236641228199 0.906666696072 1.0 0.427083343267
gs 0.757575750351 0.333333343267 1.0 0.839999973774
ts 1.0 0.940397322178 1.0 0.342465758324
a 0.0738414376974 0.103182591498 0.0474328659475 0.124471999705
b 0.0790312290192 0.0535227768123 0.0472108125687 0.163941204548
d 0.238581553102 0.459520876408 0.545205712318 0.344174146652
g 0.0796278864145 0.0566646568477 0.0597719885409 0.18079289794
t 0.528917908669 0.327109098434 0.300378620625 0.186619758606
h 1.0 1.0 1.0 1.0
c 0.634153008461 0 0 0
Aa 0.152832448483 0.639584600925 0.292482107878 0.346629858017
Ab 0.182331040502 0.354516804218 0.290444254875 0.466246306896
Ad 0.662169158459 1.28828334808 1.35296308994 0.788336396217
Ag 0.185597509146 0.379290431738 0.392900466919 0.508739590645
At 1.00792062283 1.14067077637 1.09407174587 0.522515833378
as 0.0 0.787500023842 0.895833313465 0.0
bs 0.0967741906643 0.625 0.945205450058 0.39393940568
ds 0.236641228199 0.866666674614 1.0 0.427083343267
gs 0.757575750351 0.25 1.0 0.839999973774
ts 1.0 0.899999976158 1.0 0.342465758324
a 0.0738414376974 0.111758597195 0.0513897873461 0.124471999705
b 0.0790312290192 0.0588196627796 0.0562242045999 0.163941204548
d 0.238581553102 0.44996997714 0.520944237709 0.344174146652
g 0.0796278864145 0.0580102466047 0.0657956004143 0.18079289794
t 0.528917908669 0.321441501379 0.305646151304 0.186619758606
h 1.0 1.0 1.0 1.0
c 0.64749276638 0 0 0
Aa 0.152832448483 0.639584600925 0.257345765829 0.346629858017
Ab 0.182331040502 0.360826164484 0.296392261982 0.466246306896
Ad 0.662169158459 1.2444871664 1.26326024532 0.788336396217
Ag 0.185597509146 0.354808360338 0.364665776491 0.508739590645
At 1.00792062283 1.09840559959 1.03168785572 0.522515833378
as 0.0 0.787500023842 0.833333313465 0.0
bs 0.0967741906643 0.714285731316 0.945205450058 0.39393940568
ds 0.236641228199 0.839999973774 0.945454537868 0.427083343267
gs 0.757575750351 0.125 1.0 0.839999973774
ts 1.0 0.873333334923 1.0 0.342465758324
a 0.0738414376974 0.118142433465 0.0543326102197 0.124471999705
b 0.0790312290192 0.0628915578127 0.0649706199765 0.163941204548
d 0.238581553102 0.439263254404 0.497487723827 0.344174146652
g 0.0796278864145 0.0585751496255 0.0716053247452 0.18079289794
t 0.528917908669 0.32112762332 0.311603724957 0.186619758606
h 1.0 1.0 1.0 1.0
c 0.6608325243 0 0 0
Aa 0.152832448483 0.639584600925 0.217800855637 0.346629858017
Ab 0.182331040502 0.365771025419 0.295457303524 0.466246306896
Ad 0.662169158459 1.20990359783 1.17952263355 0.788336396217
Ag 0.185597509146 0.334892064333 0.337685614824 0.508739590645
At 1.00792062283 1.07385635376 0.976342916489 0.522515833378
as 0.0 0.787500023842 0.75 0.0
bs 0.0967741906643 0.714285731316 0.945205450058 0.39393940568
ds 0.236641228199 0.819999992847 0.896969676018 0.427083343267
gs 0.757575750351 0.0416666679084 1.0 0.839999973774
ts 1.0 0.853333353996 1.0 0.342465758324
a 0.0738414376974 0.122436828911 0.06155327335 0.124471999705
b 0.0790312290192 0.0659151151776 0.0703646689653 0.163941204548
d 0.238581553102 0.429773330688 0.47741830349 0.344174146652
g 0.0796278864145 0.0583617240191 0.0755071863532 0.18079289794
t 0.528917908669 0.323513001204 0.315156549215 0.186619758606
h 1.0 1.0 1.0 1.0
c 0.674172282219 0 0 0
Aa 0.152832448483 0.639584600925 0.230956435204 0.346629858017
Ab 0.182331040502 0.370657533407 0.289059937 0.466246306896
Ad 0.662169158459 1.18491196632 1.12060439587 0.788336396217
Ag 0.185597509146 0.31780064106 0.319693595171 0.508739590645
At 1.00792062283 1.06156420708 0.940231621265 0.522515833378
as 0.0 0.787500023842 0.770833313465 0.0
bs 0.0967741906643 0.785714268684 0.945205450058 0.39393940568
ds 0.236641228199 0.798657715321 0.860606074333 0.427083343267
gs 0.757575750351 0.0 1.0 0.839999973774
ts 1.0 0.846666693687 0.983333349228 0.342465758324
a 0.0738414376974 0.125545859337 0.0628297775984 0.124471999705
b 0.0790312290192 0.0676243528724 0.0719014778733 0.163941204548
d 0.238581553102 0.423294991255 0.469192057848 0.344174146652
g 0.0796278864145 0.0569029189646 0.0779167339206 0.18079289794
t 0.528917908669 0.326631873846 0.318159967661 0.186619758606
h 1.0 1.0 1.0 1.0
c 0.687512040138 0 0 0
Aa 0.152832448483 0.643872201443 0.218858718872 0.346629858017
Ab 0.182331040502 0.375172913074 0.277430981398 0.466246306896
Ad 0.662169158459 1.17171287537 1.09204387665 0.788336396217
Ag 0.185597509146 0.300204366446 0.312323927879 0.508739590645
At 1.00792062283 1.05912840366 0.923338711262 0.522515833378
as 0.0 0.787500023842 0.75 0.0
bs 0.0967741906643 0.785714268684 0.931506872177 0.39393940568
ds 0.236641228199 0.791946291924 0.842424213886 0.427083343267
gs 0.757575750351 0.0 1.0 0.839999973774
ts 1.0 0.852348983288 0.966666638851 0.342465758324
a 0.0738414376974 0.128533378243 0.0624720565975 0.124471999705
b 0.0790312290192 0.0675819218159 0.0709423720837 0.163941204548
d 0.238581553102 0.419461965561 0.468915939331 0.344174146652
g 0.0796278864145 0.0537619516253 0.0794797465205 0.18079289794
t 0.528917908669 0.330660790205 0.318189889193 0.186619758606
h 1.0 1.0 1.0 1.0
c 0.700851798058 0 0 0
Aa 0.152832448483 0.658682286739 0.207852169871 0.346629858017
Ab 0.182331040502 0.379496842623 0.263072103262 0.466246306896
Ad 0.662169158459 1.17235887051 1.08326137066 0.788336396217
Ag 0.185597509146 0.280141323805 0.312422841787 0.508739590645
At 1.00792062283 1.06904900074 0.91485273838 0.522515833378
as 0.0 0.8125 0.729166686535 0.0
bs 0.0967741906643 0.857142865658 0.904109597206 0.39393940568
ds 0.236641228199 0.791946291924 0.836363613605 0.427083343267
gs 0.757575750351 0.0 1.0 0.839999973774
ts 1.0 0.859060406685 0.958333313465 0.342465758324
a 0.0738414376974 0.128719717264 0.0613177157938 0.124471999705
b 0.0790312290192 0.0654707476497 0.0699477940798 0.163941204548
d 0.238581553102 0.417301237583 0.472537815571 0.344174146652
g 0.0796278864145 0.0491461716592 0.0816241577268 0.18079289794
t 0.528917908669 0.339362114668 0.314572513103 0.186619758606
h 1.0 1.0 1.0 1.0
c 0.714191555977 0 0 0
Aa 0.152832448483 0.677720546722 0.192046120763 0.346629858017
Ab 0.182331040502 0.384122788906 0.249234184623 0.466246306896
Ad 0.662169158459 1.18852519989 1.07889676094 0.788336396217
Ag 0.185597509146 0.25956517458 0.316278874874 0.508739590645
At 1.00792062283 1.09873878956 0.90218091011 0.522515833378
as 0.0 0.837499976158 0.6875 0.0
bs 0.0967741906643 0.857142865658 0.902777791023 0.39393940568
ds 0.236641228199 0.805369138718 0.836363613605 0.427083343267
gs 0.757575750351 0.0 1.0 0.839999973774
ts 1.0 0.879194617271 0.949999988079 0.342465758324
a 0.0738414376974 0.149428129196 0.0633571892977 0.124471999705
b 0.0790312290192 0.0596112906933 0.0706880763173 0.163941204548
d 0.238581553102 0.406300365925 0.474072962999 0.344174146652
g 0.0796278864145 0.0425885617733 0.085403367877 0.18079289794
t 0.528917908669 0.342071652412 0.306478410959 0.186619758606
h 1.0 1.0 1.0 1.0
c 0.727531313896 0 0 0
Aa 0.152832448483 0.788084030151 0.190785899758 0.346629858017
Ab 0.182331040502 0.388980180025 0.238336130977 0.466246306896
Ad 0.662169158459 1.22249889374 1.06483519077 0.788336396217
Ag 0.185597509146 0.242944642901 0.320464968681 0.508739590645
At 1.00792062283 1.14776873589 0.875389873981 0.522515833378
as 0.0 0.975000023842 0.6875 0.0
bs 0.0967741906643 0.928571403027 0.888888895512 0.39393940568
ds 0.236641228199 0.825503349304 0.824242413044 0.427083343267
gs 0.757575750351 0.0 1.0 0.839999973774
ts 1.0 0.906040251255 0.925000011921 0.342465758324
a 0.0738414376974 0.16032768786 0.0681162178516 0.124471999705
b 0.0790312290192 0.0536281615496 0.0741988196969 0.163941204548
d 0.238581553102 0.404464066029 0.468075245619 0.344174146652
g 0.0796278864145 0.0371485240757 0.0922147482634 0.18079289794
t 0.528917908669 0.344431549311 0.297394961119 0.186619758606
h 1.0 1.0 1.0 1.0
c 0.740871071815 0 0 0
Aa 0.152832448483 0.869396746159 0.190254986286 0.346629858017
Ab 0.182331040502 0.393781095743 0.227401465178 0.466246306896
Ad 0.662169158459 1.27126812935 1.02732014656 0.788336396217
Ag 0.185597509146 0.234329730272 0.321804821491 0.508739590645
At 1.00792062283 1.20149111748 0.830338060856 0.522515833378
as 0.0 1.0 0.6875 0.0
bs 0.0967741906643 0.928571403027 0.875 0.39393940568
ds 0.236641228199 0.870748281479 0.803680956364 0.427083343267
gs 0.757575750351 0.0 1.0 0.839999973774
ts 1.0 0.946308732033 0.890756309032 0.342465758324
a 0.0738414376974 0.149886235595 0.0747325569391 0.124471999705
b 0.0790312290192 0.0497102439404 0.0803550705314 0.163941204548
d 0.238581553102 0.416368603706 0.451651841402 0.344174146652
g 0.0796278864145 0.0340693965554 0.10279507935 0.18079289794
t 0.528917908669 0.349965512753 0.290465444326 0.186619758606
h 1.0 1.0 1.0 1.0
c 0.754210829735 0 0 0
Aa 0.152832448483 0.877428770065 0.178865849972 0.346629858017
Ab 0.182331040502 0.398112893105 0.210369318724 0.466246306896
Ad 0.662169158459 1.32114493847 0.960159778595 0.788336396217
Ag 0.185597509146 0.234031438828 0.317328333855 0.508739590645
At 1.00792062283 1.24569225311 0.768450498581 0.522515833378
as 0.0 1.0 0.666666686535 0.0
bs 0.0967741906643 1.0 0.847222208977 0.39393940568
ds 0.236641228199 0.904761910439 0.771604955196 0.427083343267
gs 0.757575750351 0.0 1.0 0.839999973774
ts 1.0 0.973154366016 0.84033614397 0.342465758324
a 0.0738414376974 0.141253978014 0.0780774652958 0.124471999705
b 0.0790312290192 0.0473357699811 0.0878657251596 0.163941204548
d 0.238581553102 0.428009033203 0.427760750055 0.344174146652
g 0.0796278864145 0.0324969291687 0.117123790085 0.18079289794
t 0.528917908669 0.350904285908 0.289172291756 0.186619758606
h 1.0 1.0 1.0 1.0
c 0.767550587654 0 0 0
Aa 0.152832448483 0.877428770065 0.129642277956 0.346629858017
Ab 0.182331040502 0.402617514133 0.180936098099 0.466246306896
Ad 0.662169158459 1.3588809967 0.868317484856 0.788336396217
Ag 0.185597509146 0.23927038908 0.305761694908 0.508739590645
At 1.00792062283 1.27261674404 0.69827324152 0.522515833378
as 0.0 1.0 0.5625 0.0
bs 0.0967741906643 1.0 0.805555582047 0.39393940568
ds 0.236641228199 0.931034505367 0.71604937315 0.427083343267
gs 0.757575750351 0.0 0.988888859749 0.839999973774
ts 1.0 0.993288576603 0.781512618065 0.342465758324
a 0.0738414376974 0.137120813131 0.0783925652504 0.124471999705
b 0.0790312290192 0.0464623905718 0.0933283418417 0.163941204548
d 0.238581553102 0.435616195202 0.401932388544 0.344174146652
g 0.0796278864145 0.032171908766 0.132144212723 0.18079289794
t 0.528917908669 0.34862869978 0.29420247674 0.186619758606
h 1.0 1.0 1.0 1.0
c 0.780890345573 0 0 0
Aa 0.152832448483 0.877428770065 0.0603542253375 0.346629858017
Ab 0.182331040502 0.407426953316 0.136092871428 0.466246306896
Ad 0.662169158459 1.37942934036 0.770232319832 0.788336396217
Ag 0.185597509146 0.247802227736 0.28712746501 0.508739590645
At 1.00792062283 1.2826884985 0.634725630283 0.522515833378
as 0.0 1.0 0.416666656733 0.0
bs 0.0967741906643 1.0 0.732394337654 0.39393940568
ds 0.236641228199 0.94482755661 0.65838509798 0.427083343267
gs 0.757575750351 0.0 0.966666638851 0.839999973774
ts 1.0 1.0 0.722689092159 0.342465758324
a 0.0738414376974 0.136109516025 0.0808717012405 0.124471999705
b 0.0790312290192 0.0465124621987 0.0925710722804 0.163941204548
d 0.238581553102 0.438517957926 0.382448762655 0.344174146652
g 0.0796278864145 0.0328687652946 0.142050310969 0.18079289794
t 0.528917908669 0.345991283655 0.302058160305 0.186619758606
h 1.0 1.0 1.0 1.0
c 0.794230103493 0 0 0
Aa 0.152832448483 0.877428770065 0.0186516139656 0.346629858017
Ab 0.182331040502 0.411109596491 0.0773303285241 0.466246306896
Ad 0.662169158459 1.38552761078 0.693428277969 0.788336396217
Ag 0.185597509146 0.260323643684 0.263297230005 0.508739590645
At 1.00792062283 1.28260540962 0.590945601463 0.522515833378
as 0.0 1.0 0.333333343267 0.0
bs 0.0967741906643 1.0 0.66197180748 0.39393940568
ds 0.236641228199 0.94482755661 0.616352200508 0.427083343267
gs 0.757575750351 0.0 0.944444417953 0.839999973774
ts 1.0 1.0 0.694915235043 0.342465758324
a 0.0738414376974 0.136398822069 0.0832800194621 0.124471999705
b 0.0790312290192 0.0466420836747 0.0859612599015 0.163941204548
d 0.238581553102 0.438503831625 0.376580864191 0.344174146652
g 0.0796278864145 0.0343935228884 0.144432067871 0.18079289794
t 0.528917908669 0.344061732292 0.309745788574 0.186619758606
h 1.0 1.0 1.0 1.0
c 0.807569861412 0 0 0
Aa 0.152832448483 0.877428770065 -0.00231753336266 0.346629858017
Ab 0.182331040502 0.411396056414 0.0114444540814 0.466246306896
Ad 0.662169158459 1.38459157944 0.652999937534 0.788336396217
Ag 0.185597509146 0.279094785452 0.236805304885 0.508739590645
At 1.00792062283 1.2792545557 0.568147063255 0.522515833378
as 0.0 1.0 0.291666656733 0.0
bs 0.0967741906643 1.0 0.563380300999 0.39393940568
ds 0.236641228199 0.94482755661 0.588607609272 0.427083343267
gs 0.757575750351 0.0 0.911111116409 0.839999973774
ts 1.0 1.0 0.677966117859 0.342465758324
a 0.0738414376974 0.136805683374 0.083319298923 0.124471999705
b 0.0790312290192 0.0462411232293 0.0775302350521 0.163941204548
d 0.238581553102 0.437741279602 0.381130158901 0.344174146652
g 0.0796278864145 0.0365284942091 0.141744375229 0.18079289794
t 0.528917908669 0.342683404684 0.316275924444 0.186619758606
h 1.0 1.0 1.0 1.0
c 0.820909619331 0 0 0
Aa 0.152832448483 0.877428770065 -0.0208427067846 0.346629858017
Ab 0.182331040502 0.406352967024 -0.0521172322333 0.466246306896
Ad 0.662169158459 1.38254213333 0.639485001564 0.788336396217
Ag 0.185597509146 0.303956359625 0.209917530417 0.508739590645
At 1.00792062283 1.27621769905 0.558477818966 0.522515833378
as 0.0 1.0 0.25 0.0
bs 0.0967741906643 0.933333337307 0.478873252869 0.39393940568
ds 0.236641228199 0.94482755661 0.579617857933 0.427083343267
gs 0.757575750351 0.037037037313 0.888888895512 0.839999973774
ts 1.0 0.993197262287 0.669491529465 0.342465758324
a 0.0738414376974 0.137163504958 0.0780642777681 0.124471999705
b 0.0790312290192 0.0453257709742 0.0708809420466 0.163941204548
d 0.238581553102 0.437210232019 0.390475660563 0.344174146652
g 0.0796278864145 0.0388960689306 0.137596800923 0.18079289794
t 0.528917908669 0.341404438019 0.322982311249 0.186619758606
h 1.0 1.0 1.0 1.0
c 0.834249377251 0 0 0
Aa 0.152832448483 0.877428770065 -0.0625263974071 0.346629858017
Ab 0.182331040502 0.396535366774 -0.104449242353 0.466246306896
Ad 0.662169158459 1.38088047504 0.636615216732 0.788336396217
Ag 0.185597509146 0.330095916986 0.183629602194 0.508739590645
At 1.00792062283 1.2734593153 0.55419999361 0.522515833378
as 0.0 1.0 0.166666671634 0.0
bs 0.0967741906643 0.866666674614 0.394366204739 0.39393940568
ds 0.236641228199 0.944444417953 0.573248386383 0.427083343267
gs 0.757575750351 0.148148149252 0.855555534363 0.839999973774
ts 1.0 0.993197262287 0.661016941071 0.342465758324
a 0.0738414376974 0.137456074357 0.0792608708143 0.124471999705
b 0.0790312290192 0.0441442765296 0.0662557333708 0.163941204548
d 0.238581553102 0.436842292547 0.396240383387 0.344174146652
g 0.0796278864145 0.0411180071533 0.131393864751 0.18079289794
t 0.528917908669 0.340439349413 0.326849132776 0.186619758606
h 1.0 1.0 1.0 1.0
c 0.84758913517 0 0 0
Aa 0.152832448483 0.877428770065 -0.0625263974071 0.346629858017
Ab 0.182331040502 0.38413926959 -0.14036180079 0.466246306896
Ad 0.662169158459 1.37958955765 0.636373519897 0.788336396217
Ag 0.185597509146 0.353296905756 0.156989842653 0.508739590645
At 1.00792062283 1.27130460739 0.55276209116 0.522515833378
as 0.0 1.0 0.166666671634 0.0
bs 0.0967741906643 0.800000011921 0.352112680674 0.39393940568
ds 0.236641228199 0.944444417953 0.573248386383 0.427083343267
gs 0.757575750351 0.222222223878 0.822222232819 0.839999973774
ts 1.0 0.99315071106 0.661016941071 0.342465758324
a 0.0738414376974 0.137739211321 0.0801773816347 0.124471999705
b 0.0790312290192 0.0430402718484 0.0644016638398 0.163941204548
d 0.238581553102 0.436373710632 0.400193184614 0.344174146652
g 0.0796278864145 0.0430029183626 0.124375060201 0.18079289794
t 0.528917908669 0.339843869209 0.330852687359 0.186619758606
h 1.0 1.0 1.0 1.0
c 0.860928893089 0 0 0
Aa 0.152832448483 0.877428770065 -0.0625263974071 0.346629858017
Ab 0.182331040502 0.372246146202 -0.157681167126 0.466246306896
Ad 0.662169158459 1.37822973728 0.635691463947 0.788336396217
Ag 0.185597509146 0.371869057417 0.128155067563 0.508739590645
At 1.00792062283 1.2696505785 0.553056418896 0.522515833378
as 0.0 1.0 0.166666671634 0.0
bs 0.0967741906643 0.733333349228 0.323943674564 0.39393940568
ds 0.236641228199 0.9375 0.573248386383 0.427083343267
gs 0.757575750351 0.296296298504 0.800000011921 0.839999973774
ts 1.0 0.99315071106 0.658119678497 0.342465758324
a 0.0738414376974 0.137968227267 0.078378342092 0.124471999705
b 0.0790312290192 0.0422076024115 0.0649526789784 0.163941204548
d 0.238581553102 0.435841202736 0.403752565384 0.344174146652
g 0.0796278864145 0.0447780042887 0.116913631558 0.18079289794
t 0.528917908669 0.339204967022 0.336002767086 0.186619758606
h 1.0 1.0 1.0 1.0
c 0.874268651009 0 0 0
Aa 0.152832448483 0.877428770065 -0.0778153240681 0.346629858017
Ab 0.182331040502 0.36304038763 -0.159414291382 0.466246306896
Ad 0.662169158459 1.37697803974 0.634103894234 0.788336396217
Ag 0.185597509146 0.388714432716 0.0958537757397 0.508739590645
At 1.00792062283 1.2681119442 0.554331481457 0.522515833378
as 0.0 1.0 0.125 0.0
bs 0.0967741906643 0.666666686535 0.333333343267 0.39393940568
ds 0.236641228199 0.9375 0.573248386383 0.427083343267
gs 0.757575750351 0.370370358229 0.755555570126 0.839999973774
ts 1.0 0.986301362514 0.658119678497 0.342465758324
a 0.0738414376974 0.138351410627 0.0743146240711 0.124471999705
b 0.0790312290192 0.0419154427946 0.0675996690989 0.163941204548
d 0.238581553102 0.435487568378 0.406867265701 0.344174146652
g 0.0796278864145 0.0468861609697 0.109569571912 0.18079289794
t 0.528917908669 0.337359428406 0.341648876667 0.186619758606
h 1.0 1.0 1.0 1.0
c 0.887608408928 0 0 0
Aa 0.152832448483 0.877428770065 -0.10749334842 0.346629858017
Ab 0.182331040502 0.358819246292 -0.148623079062 0.466246306896
Ad 0.662169158459 1.375420928 0.630885124207 0.788336396217
Ag 0.185597509146 0.407489836216 0.061122328043 0.508739590645
At 1.00792062283 1.2645380497 0.555012345314 0.522515833378
as 0.0 1.0 0.0625 0.0
bs 0.0967741906643 0.666666686535 0.347826093435 0.39393940568
ds 0.236641228199 0.9375 0.573248386383 0.427083343267
gs 0.757575750351 0.444444447756 0.719101130962 0.839999973774
ts 1.0 0.986301362514 0.658119678497 0.342465758324
a 0.0948417559266 0.140029072762 0.0689331069589 0.132089495659
b 0.0945628732443 0.0426276996732 0.071717210114 0.351192563772
d 0.419327884912 0.434818208218 0.408543229103 0.209282428026
g 0.0498044751585 0.049970202148 0.104021109641 0.137262061238
t 0.341463029385 0.3325548172 0.346785336733 0.170173466206
h 1.0 1.0 1.0 1.0
c 0.876702308655 0 0 0
Aa 0.113410115242 0.877428770065 -0.151865631342 0.414410173893
Ab 0.11213119328 0.360902488232 -0.134670078754 0.839087188244
Ad 0.758964240551 1.36951828003 0.620944559574 0.61427462101
Ag -0.166321128607 0.429921686649 0.0268280133605 0.431092381477
At 0.669754207134 1.25307381153 0.549767255783 0.524433732033
as 0.0 1.0 0.0 0.0
bs 0.0 0.666666686535 0.362318843603 1.0
ds 0.312977105379 0.9375 0.566878974438 0.242105260491
gs 0.0 0.518518507481 0.674157321453 0.693877577782
ts 0.549295783043 0.979452073574 0.663793087006 0.342465758324
a 0.138989284635 0.145607709885 0.0691126734018 0.134708300233
b 0.119398824871 0.0453806445003 0.0770469680429 0.334855854511
d 0.356501221657 0.433273255825 0.404956758022 0.20613694191
g 0.0601389408112 0.054927315563 0.101877190173 0.14991119504
t 0.324971735477 0.320811063051 0.34700641036 0.174387738109
h 1.0 1.0 1.0 1.0
c 0.876702308655 0 0 0
Aa 0.297720074654 0.877428770065 -0.173193693161 0.44021320343
Ab 0.23173879087 0.371115028858 -0.125995874405 0.835676729679
Ad 0.70679974556 1.35100626945 0.594657242298 0.624974668026
Ag -0.0661054700613 0.454032748938 -0.00467443838716 0.486652910709
At 0.666584312916 1.22049367428 0.527586102486 0.552334785461
as 0.0 1.0 0.0 0.0
bs 0.28125 0.733333349228 0.376811593771 1.0
ds 0.267175585032 0.923611104488 0.558441579342 0.252631574869
gs 0.0294117648154 0.592592597008 0.640449464321 0.791666686535
ts 0.528571426868 0.958904087543 0.646551728249 0.383561640978
a 0.138989284635 0.157366916537 0.0707596540451 0.134708300233
b 0.119398824871 0.0514378622174 0.0850091576576 0.334855854511
d 0.356501221657 0.432053625584 0.396726220846 0.20613694191
g 0.0601389408112 0.0626184493303 0.106179617345 0.14991119504
t 0.324971735477 0.296523153782 0.341325342655 0.174387738109
h 1.0 1.0 1.0 1.0
c 0.876702308655 0 0 0
Aa 0.297720074654 0.877428770065 -0.20696593821 0.44021320343
Ab 0.23173879087 0.391798198223 -0.127285942435 0.835676729679
Ad 0.70679974556 1.31605291367 0.541739225388 0.624974668026
Ag -0.0661054700613 0.477217614651 -0.030710497871 0.486652910709
At 0.666584312916 1.15257394314 0.476416885853 0.552334785461
as 0.0 1.0 0.0 0.0
bs 0.28125 0.866666674614 0.376811593771 1.0
ds 0.267175585032 0.895833313465 0.526315808296 0.252631574869
gs 0.0294117648154 0.666666686535 0.617977499962 0.791666686535
ts 0.528571426868 0.910958886147 0.587719321251 0.383561640978
a 0.138989284635 0.175606101751 0.0727461799979 0.134708300233
b 0.119398824871 0.0583462156355 0.0965020433068 0.334855854511
d 0.356501221657 0.423437565565 0.38386875391 0.20613694191
g 0.0601389408112 0.0732755213976 0.119512148201 0.14991119504
t 0.324971735477 0.269334584475 0.327370882034 0.174387738109
h 1.0 1.0 1.0 1.0
c 0.876702308655 0 0 0
Aa 0.297720074654 0.871663928032 -0.258031278849 0.44021320343
Ab 0.23173879087 0.393137037754 -0.135304957628 0.835676729679
Ad 0.70679974556 1.25391364098 0.464341282845 0.624974668026
Ag -0.0661054700613 0.492083251476 -0.0424294173717 0.486652910709
At 0.666584312916 1.05741643906 0.395198583603 0.552334785461
as 0.0 1.0 0.0 0.0
bs 0.28125 0.866666674614 0.362318843603 1.0
ds 0.286885231733 0.854166686535 0.473684221506 0.252631574869
gs 0.0294117648154 0.740740716457 0.606741547585 0.791666686535
ts 0.528571426868 0.842465758324 0.513274312019 0.383561640978
a 0.138989284635 0.180846169591 0.0816133543849 0.134708300233
b 0.119398824871 0.0747873932123 0.10558462888 0.334855854511
d 0.356501221657 0.411256253719 0.372719675303 0.20613694191
g 0.0601389408112 0.09607835114 0.138937786222 0.14991119504
t 0.324971735477 0.237031817436 0.301144570112 0.174387738109
h 1.0 1.0 1.0 1.0
c 0.876702308655 0 0 0
Aa 0.297720074654 0.778679192066 -0.253316700459 0.44021320343
Ab 0.23173879087 0.39519828558 -0.141477242112 0.835676729679
Ad 0.70679974556 1.13548243046 0.406304359436 0.624974668026
Ag -0.0661054700613 0.503995418549 -0.0222575962543 0.486652910709
At 0.666584312916 0.89617651701 0.313697069883 0.552334785461
as 0.0 0.895348846912 0.0 0.0
bs 0.28125 0.866666674614 0.362318843603 1.0
ds 0.286885231733 0.770833313465 0.434210538864 0.252631574869
gs 0.0294117648154 0.769230782986 0.629213511944 0.791666686535
ts 0.528571426868 0.732876718044 0.442477881908 0.383561640978
a 0.138989284635 0.160960614681 0.079133592546 0.134708300233
b 0.119398824871 0.108085155487 0.101090103388 0.334855854511
d 0.356501221657 0.390458196402 0.391780048609 0.20613694191
g 0.0601389408112 0.142043873668 0.152496516705 0.14991119504
t 0.324971735477 0.198452159762 0.275499731302 0.174387738109
h 1.0 1.0 1.0 1.0
c 0.876702308655 0 0 0
Aa 0.297720074654 0.567734658718 -0.243019208312 0.44021320343
Ab 0.23173879087 0.394781112671 -0.136671423912 0.835676729679
Ad 0.70679974556 0.952589631081 0.451662242413 0.624974668026
Ag -0.0661054700613 0.513437569141 0.0418798625469 0.486652910709
At 0.666584312916 0.658670902252 0.298741102219 0.552334785461
as 0.0 0.651162803173 0.0 0.0
bs 0.28125 0.866666674614 0.362318843603 1.0
ds 0.315315306187 0.645833313465 0.467105269432 0.252631574869
gs 0.0294117648154 0.839999973774 0.70454543829 0.791666686535
ts 0.528571426868 0.575342476368 0.433628320694 0.383561640978
a 0.138989284635 0.117664724588 0.0651480183005 0.134708300233
b 0.119398824871 0.16443118453 0.0833462774754 0.334855854511
d 0.356501221657 0.344124108553 0.440609693527 0.20613694191
g 0.0601389408112 0.222344502807 0.150073215365 0.14991119504
t 0.324971735477 0.151435479522 0.260822802782 0.174387738109
h 1.0 1.0 1.0 1.0
c 0.876702308655 0 0 0
Aa 0.297720074654 0.244595214725 -0.224734395742 0.44021320343
Ab 0.23173879087 0.389933139086 -0.117749363184 0.835676729679
Ad 0.70679974556 0.71066403389 0.60541844368 0.624974668026
Ag -0.0661054700613 0.520975351334 0.13766759634 0.486652910709
At 0.666584312916 0.354176551104 0.377709954977 0.552334785461
as 0.0 0.267441868782 0.0 0.0
bs 0.28125 0.866666674614 0.391304343939 1.0
ds 0.315315306187 0.479166656733 0.565789461136 0.252631574869
gs 0.0294117648154 0.879999995232 0.818181812763 0.791666686535
ts 0.528571426868 0.35862070322 0.504424750805 0.375
a 0.138989284635 0.109397627413 0.04923029989 0.134708300233
b 0.119398824871 0.219798147678 0.0666129663587 0.334855854511
d 0.356501221657 0.261302024126 0.493385285139 0.20613694191
g 0.0601389408112 0.306335479021 0.140633255243 0.14991119504
t 0.324971735477 0.103166721761 0.250138193369 0.174387738109
h 1.0 1.0 1.0 1.0
c 0.876702308655 0 0 0
Aa 0.297720074654 0.0792172029614 -0.217850312591 0.44021320343
Ab 0.23173879087 0.382233321667 -0.0865239948034 0.835676729679
Ad 0.70679974556 0.457352072001 0.783103406429 0.624974668026
Ag -0.0661054700613 0.52640658617 0.238005250692 0.486652910709
At 0.666584312916 0.0537489391863 0.488097220659 0.552334785461
as 0.0 0.0813953503966 0.0 0.0
bs 0.28125 0.800000011921 0.434782594442 1.0
ds 0.309090912342 0.300699293613 0.684210538864 0.252631574869
gs 0.0294117648154 0.879999995232 0.931818187237 0.791666686535
ts 0.528571426868 0.151724144816 0.601769924164 0.375
a 0.138989284635 0.121641948819 0.0381853915751 0.134708300233
b 0.119398824871 0.24654956162 0.0569121316075 0.334855854511
d 0.356501221657 0.203610256314 0.535045802593 0.20613694191
g 0.0601389408112 0.349339485168 0.132451444864 0.14991119504
t 0.324971735477 0.0788587480783 0.237405225635 0.174387738109
h 1.0 1.0 1.0 1.0
c 0.876702308655 0 0 0
Aa 0.297720074654 0.069971382618 -0.217850312591 0.44021320343
Ab 0.23173879087 0.376792252064 -0.0445427075028 0.835676729679
Ad 0.70679974556 0.293687671423 0.928643405437 0.624974668026
Ag -0.0661054700613 0.52813565731 0.322309166193 0.486652910709
At 0.666584312916 -0.118262089789 0.575742721558 0.552334785461
as 0.0 0.0697674453259 0.0 0.0
bs 0.258064508438 0.733333349228 0.492753624916 1.0
ds 0.309090912342 0.188811182976 0.781456947327 0.252631574869
gs 0.0294117648154 0.920000016689 1.0 0.791666686535
ts 0.528571426868 0.0344827584922 0.669642865658 0.380281686783
a 0.138989284635 0.125299051404 0.0319124348462 0.134708300233
b 0.119398824871 0.255810648203 0.0535671785474 0.334855854511
d 0.356501221657 0.192830249667 0.562198340893 0.20613694191
g 0.0601389408112 0.357127785683 0.127836540341 0.14991119504
t 0.324971735477 0.0689322724938 0.224485501647 0.174387738109
h 1.0 1.0 1.0 1.0
c 0.866612672806 0 0 0
Aa 0.297720074654 0.069971382618 -0.217850312591 0.44021320343
Ab 0.23173879087 0.379942238331 0.00708854477853 0.835676729679
Ad 0.70679974556 0.257198780775 1.02807927132 0.624974668026
Ag -0.0661054700613 0.524847269058 0.384844779968 0.486652910709
At 0.666584312916 -0.189553797245 0.629378080368 0.552334785461
as 0.0 0.0697674453259 0.0 0.0
bs 0.258064508438 0.800000011921 0.588235318661 1.0
ds 0.309090912342 0.160839155316 0.847682118416 0.252631574869
gs 0.0 0.879999995232 1.0 0.791666686535
ts 0.53623187542 0.0 0.729729712009 0.380281686783
a 0.138989284635 0.123235717416 0.0318125747144 0.134708300233
b 0.119398824871 0.260209679604 0.0548602342606 0.334855854511
d 0.356501221657 0.207835197449 0.573568463326 0.20613694191
g 0.0601389408112 0.345924675465 0.125705003738 0.14991119504
t 0.324971735477 0.0627947002649 0.214053735137 0.174387738109
h 1.0 1.0 1.0 1.0
c 0.856523096561 0 0 0
Aa 0.297720074654 0.069971382618 -0.168133750558 0.44021320343
Ab 0.23173879087 0.394558250904 0.0685250610113 0.835676729679
Ad 0.70679974556 0.296953886747 1.08785271645 0.624974668026
Ag -0.0661054700613 0.518216311932 0.428619980812 0.486652910709
At 0.666584312916 -0.222842246294 0.659790217876 0.552334785461
as 0.0 0.0697674453259 0.0196078438312 0.0
bs 0.258064508438 0.928571403027 0.676470577717 1.0
ds 0.309090912342 0.183098584414 0.885135114193 0.252631574869
gs 0.0 0.879999995232 1.0 0.791666686535
ts 0.53623187542 0.0 0.763636350632 0.380281686783
a 0.138989284635 0.118830852211 0.0328014902771 0.134708300233
b 0.119398824871 0.266383290291 0.0600592046976 0.334855854511
d 0.356501221657 0.227424249053 0.572405517101 0.20613694191
g 0.0601389408112 0.328818410635 0.125541329384 0.14991119504
t 0.324971735477 0.0585431940854 0.209192484617 0.174387738109
h 1.0 1.0 1.0 1.0
c 0.846433520317 0 0 0
Aa 0.297720074654 0.069971382618 -0.121251806617 0.44021320343
Ab 0.23173879087 0.420549154282 0.141434207559 0.835676729679
Ad 0.70679974556 0.351878911257 1.12055850029 0.624974668026
Ag -0.0661054700613 0.511998295784 0.461641341448 0.486652910709
At 0.666584312916 -0.237481430173 0.683400690556 0.552334785461
as 0.0 0.0697674453259 0.117647059262 0.0
bs 0.258064508438 1.0 0.779411792755 1.0
ds 0.309090912342 0.225352108479 0.924657523632 0.252631574869
gs 0.0 0.839999973774 1.0 0.791666686535
ts 0.53623187542 0.0 0.781818211079 0.380281686783
a 0.141398400068 0.112061366439 0.0418036580086 0.0933730006218
b 0.141705289483 0.272089004517 0.068536542356 0.346440494061
d 0.335965782404 0.248532146215 0.557840645313 0.219271063805
g 0.0671623498201 0.309454083443 0.124211810529 0.165410280228
t 0.313768178225 0.0578633882105 0.207607328892 0.175505161285
h 1.0 1.0 1.0 1.0
c 0.846433520317 0 0 0
Aa 0.285142570734 0.069971382618 0.0183655954897 0.273805767298
Ab 0.286084115505 0.455226480961 0.23307351768 0.84321308136
Ad 0.660993158817 0.415898054838 1.14366149902 0.644565761089
Ag -0.038176048547 0.511111676693 0.491314202547 0.522146940231
At 0.631307005882 -0.217080667615 0.714393973351 0.547874331474
as 0.0 0.0697674453259 0.392156869173 0.0
bs 0.419354826212 1.0 0.911764681339 1.0
ds 0.272727280855 0.267605632544 0.938356161118 0.273684203625
gs 0.0909090936184 0.839999973774 1.0 0.875
ts 0.492753624916 0.0 0.807339429855 0.380281686783
a 0.141398400068 0.103164620697 0.0528340674937 0.0933730006218
b 0.141705289483 0.274698168039 0.0799450427294 0.346440494061
d 0.335965782404 0.272824674845 0.54020190239 0.219271063805
g 0.0671623498201 0.288451135159 0.120738267899 0.165410280228
t 0.313768178225 0.0608614012599 0.206280708313 0.175505161285
h 1.0 1.0 1.0 1.0
c 0.846433520317 0 0 0
Aa 0.285142570734 0.069971382618 0.163162857294 0.273805767298
Ab 0.286084115505 0.495296388865 0.343040347099 0.84321308136
Ad 0.660993158817 0.492324233055 1.17280495167 0.644565761089
Ag -0.038176048547 0.516512870789 0.522093772888 0.522146940231
At 0.631307005882 -0.159217461944 0.75470739603 0.547874331474
as 0.0 0.0697674453259 0.666666686535 0.0
bs 0.419354826212 1.0 1.0 1.0
ds 0.272727280855 0.323943674564 0.958904087543 0.273684203625
gs 0.0909090936184 0.839999973774 1.0 0.875
ts 0.492753624916 0.0335570462048 0.844036698341 0.380281686783
