825.780151367 801.105407715 827.425109863 834.005004883
834.005004883 797.815490723 835.650024414 843.874938965
843.874938965 797.815490723 843.874938965 837.29498291
852.09979248 799.460449219 842.229919434 842.229919434
857.034729004 797.815490723 840.584960938 852.09979248
860.324707031 796.170471191 835.650024414 857.034729004
853.744812012 799.460449219 842.229919434 853.744812012
852.09979248 804.395385742 850.454833984 861.969726562
857.034729004 806.040344238 848.809875488 860.324707031
855.389770508 804.395385742 855.389770508 863.614685059
857.034729004 806.040344238 855.389770508 876.774536133
868.549621582 812.620300293 852.09979248 871.839599609
863.614685059 812.620300293 852.09979248 875.129516602
863.614685059 809.330322266 847.164855957 875.129516602
861.969726562 806.040344238 840.584960938 863.614685059
866.904663086 806.040344238 835.650024414 861.969726562
865.259643555 806.040344238 838.940002441 878.419494629
870.194580078 806.040344238 840.584960938 875.129516602
873.484558105 806.040344238 842.229919434 870.194580078
865.259643555 807.68536377 847.164855957 868.549621582
861.969726562 810.975280762 840.584960938 858.679748535
861.969726562 806.040344238 838.940002441 866.904663086
857.034729004 799.460449219 838.940002441 868.549621582
860.324707031 797.815490723 835.650024414 866.904663086
863.614685059 799.460449219 834.005004883 871.839599609
852.09979248 796.170471191 834.005004883 865.259643555
853.744812012 796.170471191 830.715087891 858.679748535
850.454833984 801.105407715 832.360046387 853.744812012
847.164855957 797.815490723 830.715087891 850.454833984
850.454833984 804.395385742 830.715087891 842.229919434
845.519897461 806.040344238 834.005004883 837.29498291
825.780151367 801.105407715 832.360046387 834.005004883
824.135131836 804.395385742 835.650024414 843.874938965
815.91027832 807.68536377 834.005004883 843.874938965
797.815490723 812.620300293 835.650024414 830.715087891
804.395385742 824.135131836 832.360046387 814.265258789
789.590576172 822.49017334 837.29498291 799.460449219
784.655639648 819.200195312 835.650024414 787.945556641
776.430725098 827.425109863 834.005004883 766.560852051
761.625915527 830.715087891 832.360046387 755.045959473
761.625915527 834.005004883 827.425109863 756.690979004
746.821105957 830.715087891 834.005004883 732.016235352
730.371276855 830.715087891 832.360046387 738.596191406
722.146362305 830.715087891 830.715087891 743.53112793
707.341552734 832.360046387 825.780151367 733.661254883
707.341552734 830.715087891 824.135131836 738.596191406
702.406616211 820.845214844 827.425109863 736.951171875
695.826660156 829.070068359 827.425109863 746.821105957
699.116638184 830.715087891 824.135131836 755.045959473
710.631530762 825.780151367 829.070068359 755.045959473
715.566467285 825.780151367 827.425109863 743.53112793
713.921447754 825.780151367 824.135131836 732.016235352
725.436340332 827.425109863 830.715087891 751.75604248
728.726318359 829.070068359 830.715087891 766.560852051
745.176086426 830.715087891 834.005004883 778.075683594
756.690979004 822.49017334 837.29498291 776.430725098
756.690979004 819.200195312 834.005004883 783.010620117
759.980895996 822.49017334 837.29498291 794.525512695
758.3359375 814.265258789 840.584960938 812.620300293
771.495788574 812.620300293 838.940002441 822.49017334
778.075683594 810.975280762 838.940002441 820.845214844
786.300598145 804.395385742 842.229919434 817.555236816
799.460449219 809.330322266 850.454833984 822.49017334
809.330322266 812.620300293 843.874938965 843.874938965
815.91027832 809.330322266 842.229919434 845.519897461
819.200195312 809.330322266 848.809875488 848.809875488
822.49017334 807.68536377 852.09979248 850.454833984
827.425109863 809.330322266 852.09979248 861.969726562
830.715087891 809.330322266 847.164855957 876.774536133
827.425109863 807.68536377 847.164855957 861.969726562
824.135131836 809.330322266 852.09979248 870.194580078
832.360046387 804.395385742 848.809875488 876.774536133
824.135131836 802.750427246 847.164855957 871.839599609
819.200195312 801.105407715 847.164855957 883.354431152
822.49017334 802.750427246 837.29498291 876.774536133
825.780151367 807.68536377 832.360046387 883.354431152
824.135131836 806.040344238 837.29498291 881.709472656
830.715087891 807.68536377 842.229919434 889.934387207
825.780151367 806.040344238 843.874938965 899.804260254
822.49017334 807.68536377 845.519897461 904.739196777
832.360046387 801.105407715 842.229919434 904.739196777
838.940002441 802.750427246 840.584960938 896.514282227
840.584960938 814.265258789 847.164855957 896.514282227
838.940002441 810.975280762 845.519897461 906.384155273
837.29498291 815.91027832 842.229919434 906.384155273
832.360046387 814.265258789 847.164855957 903.094238281
837.29498291 812.620300293 843.874938965 889.934387207
835.650024414 819.200195312 840.584960938 889.934387207
820.845214844 817.555236816 837.29498291 898.159240723
814.265258789 814.265258789 840.584960938 901.44921875
806.040344238 815.91027832 845.519897461 903.094238281
783.010620117 819.200195312 838.940002441 899.804260254
771.495788574 817.555236816 840.584960938 909.674133301
756.690979004 815.91027832 837.29498291 904.739196777
761.625915527 812.620300293 834.005004883 906.384155273
753.401000977 807.68536377 837.29498291 906.384155273
746.821105957 807.68536377 837.29498291 891.579345703
756.690979004 810.975280762 835.650024414 884.999450684
750.111022949 812.620300293 834.005004883 873.484558105
750.111022949 809.330322266 830.715087891 881.709472656
745.176086426 809.330322266 832.360046387 884.999450684
736.951171875 809.330322266 834.005004883 896.514282227
738.596191406 810.975280762 830.715087891 898.159240723
738.596191406 807.68536377 820.845214844 884.999450684
741.886108398 804.395385742 827.425109863 871.839599609
751.75604248 810.975280762 830.715087891 873.484558105
755.045959473 814.265258789 838.940002441 878.419494629
768.205810547 819.200195312 835.650024414 866.904663086
761.625915527 817.555236816 825.780151367 873.484558105
761.625915527 814.265258789 827.425109863 876.774536133
748.466064453 817.555236816 832.360046387 873.484558105
735.306213379 815.91027832 832.360046387 881.709472656
736.951171875 819.200195312 830.715087891 866.904663086
732.016235352 819.200195312 825.780151367 870.194580078
732.016235352 827.425109863 820.845214844 863.614685059
730.371276855 827.425109863 819.200195312 848.809875488
723.791320801 822.49017334 830.715087891 863.614685059
727.081298828 822.49017334 834.005004883 858.679748535
732.016235352 822.49017334 840.584960938 876.774536133
740.241149902 820.845214844 838.940002441 873.484558105
761.625915527 824.135131836 830.715087891 865.259643555
771.495788574 822.49017334 832.360046387 863.614685059
776.430725098 820.845214844 835.650024414 884.999450684
783.010620117 827.425109863 837.29498291 876.774536133
794.525512695 829.070068359 838.940002441 861.969726562
794.525512695 827.425109863 840.584960938 858.679748535
792.880554199 827.425109863 837.29498291 855.389770508
787.945556641 822.49017334 834.005004883 863.614685059
789.590576172 824.135131836 837.29498291 873.484558105
794.525512695 829.070068359 835.650024414 866.904663086
796.170471191 825.780151367 829.070068359 861.969726562
801.105407715 820.845214844 822.49017334 866.904663086
794.525512695 817.555236816 829.070068359 855.389770508
787.945556641 810.975280762 837.29498291 843.874938965
786.300598145 810.975280762 840.584960938 852.09979248
779.720703125 809.330322266 842.229919434 853.744812012
786.300598145 809.330322266 842.229919434 852.09979248
776.430725098 804.395385742 843.874938965 848.809875488
778.075683594 806.040344238 850.454833984 853.744812012
778.075683594 801.105407715 848.809875488 850.454833984
781.365661621 802.750427246 852.09979248 853.744812012
778.075683594 801.105407715 858.679748535 850.454833984
776.430725098 796.170471191 860.324707031 852.09979248
771.495788574 794.525512695 857.034729004 857.034729004
784.655639648 797.815490723 857.034729004 870.194580078
781.365661621 801.105407715 857.034729004 860.324707031
781.365661621 799.460449219 855.389770508 852.09979248
778.075683594 797.815490723 852.09979248 853.744812012
730.371276855 802.750427246 855.389770508 863.614685059
671.151977539 804.395385742 853.744812012 868.549621582
626.737487793 806.040344238 853.744812012 866.904663086
592.192932129 806.040344238 857.034729004 883.354431152
575.743103027 804.395385742 852.09979248 873.484558105
560.938293457 806.040344238 850.454833984 875.129516602
556.003356934 809.330322266 845.519897461 875.129516602
552.713378906 807.68536377 845.519897461 848.809875488
552.713378906 809.330322266 852.09979248 857.034729004
554.358398438 807.68536377 852.09979248 840.584960938
546.133483887 806.040344238 843.874938965 842.229919434
532.973632812 809.330322266 837.29498291 838.940002441
542.843505859 814.265258789 838.940002441 837.29498291
549.423461914 819.200195312 837.29498291 838.940002441
597.127868652 820.845214844 842.229919434 853.744812012
631.672424316 817.555236816 838.940002441 865.259643555
661.282104492 820.845214844 835.650024414 865.259643555
681.021850586 820.845214844 830.715087891 861.969726562
694.18170166 822.49017334 834.005004883 853.744812012
723.791320801 825.780151367 842.229919434 852.09979248
735.306213379 825.780151367 843.874938965 871.839599609
746.821105957 827.425109863 840.584960938 857.034729004
771.495788574 830.715087891 837.29498291 852.09979248
778.075683594 824.135131836 835.650024414 848.809875488
783.010620117 822.49017334 840.584960938 832.360046387
786.300598145 822.49017334 842.229919434 850.454833984
796.170471191 820.845214844 837.29498291 847.164855957
802.750427246 822.49017334 837.29498291 845.519897461
784.655639648 817.555236816 838.940002441 855.389770508
786.300598145 817.555236816 830.715087891 837.29498291
783.010620117 815.91027832 820.845214844 829.070068359
784.655639648 815.91027832 825.780151367 830.715087891
789.590576172 814.265258789 827.425109863 819.200195312
779.720703125 809.330322266 830.715087891 825.780151367
781.365661621 810.975280762 827.425109863 830.715087891
809.330322266 814.265258789 825.780151367 822.49017334
809.330322266 812.620300293 825.780151367 825.780151367
799.460449219 809.330322266 827.425109863 830.715087891
789.590576172 812.620300293 829.070068359 819.200195312
797.815490723 812.620300293 827.425109863 820.845214844
797.815490723 819.200195312 829.070068359 825.780151367
814.265258789 819.200195312 829.070068359 822.49017334
814.265258789 819.200195312 825.780151367 827.425109863
822.49017334 820.845214844 827.425109863 845.519897461
822.49017334 819.200195312 830.715087891 848.809875488
829.070068359 822.49017334 824.135131836 842.229919434
815.91027832 824.135131836 829.070068359 850.454833984
824.135131836 825.780151367 837.29498291 848.809875488
829.070068359 827.425109863 837.29498291 840.584960938
815.91027832 825.780151367 842.229919434 850.454833984
817.555236816 825.780151367 838.940002441 842.229919434
829.070068359 822.49017334 834.005004883 850.454833984
822.49017334 822.49017334 837.29498291 853.744812012
814.265258789 819.200195312 840.584960938 857.034729004
807.68536377 817.555236816 837.29498291 847.164855957
806.040344238 820.845214844 838.940002441 840.584960938
809.330322266 822.49017334 840.584960938 855.389770508
764.91583252 820.845214844 837.29498291 855.389770508
715.566467285 824.135131836 835.650024414 861.969726562
676.086914062 820.845214844 835.650024414 860.324707031
653.057189941 824.135131836 837.29498291 866.904663086
646.477294922 824.135131836 835.650024414 860.324707031
634.962402344 820.845214844 830.715087891 863.614685059
659.637145996 822.49017334 829.070068359 860.324707031
669.507019043 820.845214844 827.425109863 860.324707031
671.151977539 822.49017334 834.005004883 860.324707031
620.157592773 820.845214844 840.584960938 852.09979248
592.192932129 820.845214844 838.940002441 853.744812012
582.323059082 825.780151367 840.584960938 847.164855957
567.518188477 822.49017334 832.360046387 855.389770508
557.64831543 820.845214844 825.780151367 871.839599609
552.713378906 820.845214844 825.780151367 848.809875488
544.488464355 815.91027832 832.360046387 852.09979248
541.198547363 812.620300293 838.940002441 850.454833984
531.328674316 810.975280762 842.229919434 847.164855957
523.103759766 810.975280762 834.005004883 857.034729004
541.198547363 815.91027832 825.780151367 845.519897461
551.06842041 814.265258789 838.940002441 840.584960938
569.163208008 809.330322266 837.29498291 827.425109863
616.867614746 809.330322266 837.29498291 843.874938965
654.702148438 810.975280762 837.29498291 860.324707031
695.826660156 812.620300293 838.940002441 865.259643555
723.791320801 812.620300293 842.229919434 852.09979248
736.951171875 810.975280762 843.874938965 852.09979248
761.625915527 809.330322266 838.940002441 850.454833984
787.945556641 809.330322266 837.29498291 873.484558105
804.395385742 807.68536377 840.584960938 891.579345703
825.780151367 817.555236816 837.29498291 858.679748535
835.650024414 817.555236816 830.715087891 835.650024414
843.874938965 820.845214844 835.650024414 848.809875488
843.874938965 819.200195312 832.360046387 832.360046387
855.389770508 820.845214844 832.360046387 832.360046387
863.614685059 825.780151367 834.005004883 838.940002441
866.904663086 824.135131836 830.715087891 832.360046387
870.194580078 820.845214844 837.29498291 847.164855957
881.709472656 817.555236816 837.29498291 865.259643555
888.289367676 822.49017334 835.650024414 861.969726562
878.419494629 820.845214844 834.005004883 847.164855957
886.64440918 822.49017334 838.940002441 860.324707031
886.64440918 825.780151367 843.874938965 853.744812012
883.354431152 819.200195312 843.874938965 845.519897461
888.289367676 822.49017334 842.229919434 852.09979248
893.224304199 830.715087891 838.940002441 848.809875488
899.804260254 830.715087891 835.650024414 845.519897461
898.159240723 832.360046387 832.360046387 847.164855957
901.44921875 830.715087891 835.650024414 842.229919434
898.159240723 832.360046387 835.650024414 834.005004883
893.224304199 830.715087891 834.005004883 838.940002441
899.804260254 832.360046387 835.650024414 847.164855957
889.934387207 832.360046387 834.005004883 847.164855957
894.86932373 825.780151367 834.005004883 848.809875488
894.86932373 829.070068359 837.29498291 855.389770508
893.224304199 822.49017334 838.940002441 843.874938965
884.999450684 814.265258789 832.360046387 847.164855957
886.64440918 820.845214844 830.715087891 855.389770508
904.739196777 824.135131836 827.425109863 843.874938965
904.739196777 825.780151367 830.715087891 837.29498291
909.674133301 827.425109863 834.005004883 843.874938965
908.029174805 819.200195312 832.360046387 847.164855957
898.159240723 819.200195312 838.940002441 857.034729004
896.514282227 820.845214844 838.940002441 861.969726562
903.094238281 824.135131836 840.584960938 843.874938965
894.86932373 822.49017334 840.584960938 830.715087891
889.934387207 824.135131836 840.584960938 838.940002441
889.934387207 824.135131836 832.360046387 843.874938965
883.354431152 822.49017334 838.940002441 853.744812012
893.224304199 825.780151367 847.164855957 853.744812012
888.289367676 825.780151367 842.229919434 848.809875488
888.289367676 822.49017334 842.229919434 850.454833984
891.579345703 824.135131836 845.519897461 852.09979248
889.934387207 825.780151367 840.584960938 853.744812012
884.999450684 825.780151367 843.874938965 855.389770508
876.774536133 825.780151367 845.519897461 852.09979248
881.709472656 824.135131836 835.650024414 853.744812012
880.064453125 822.49017334 834.005004883 843.874938965
883.354431152 827.425109863 838.940002441 847.164855957
884.999450684 825.780151367 838.940002441 843.874938965
891.579345703 824.135131836 837.29498291 860.324707031
891.579345703 819.200195312 840.584960938 866.904663086
886.64440918 814.265258789 842.229919434 838.940002441
880.064453125 824.135131836 842.229919434 842.229919434
881.709472656 822.49017334 847.164855957 845.519897461
878.419494629 830.715087891 843.874938965 842.229919434
873.484558105 832.360046387 842.229919434 853.744812012
860.324707031 825.780151367 843.874938965 847.164855957
857.034729004 824.135131836 842.229919434 850.454833984
853.744812012 817.555236816 848.809875488 852.09979248
860.324707031 817.555236816 847.164855957 850.454833984
853.744812012 820.845214844 842.229919434 845.519897461
868.549621582 820.845214844 843.874938965 848.809875488
871.839599609 820.845214844 840.584960938 852.09979248
858.679748535 819.200195312 842.229919434 850.454833984
870.194580078 817.555236816 845.519897461 848.809875488
855.389770508 819.200195312 840.584960938 848.809875488
871.839599609 820.845214844 834.005004883 847.164855957
876.774536133 820.845214844 834.005004883 843.874938965
861.969726562 822.49017334 837.29498291 852.09979248
868.549621582 820.845214844 838.940002441 847.164855957
866.904663086 815.91027832 835.650024414 848.809875488
857.034729004 814.265258789 840.584960938 843.874938965
863.614685059 817.555236816 842.229919434 853.744812012
858.679748535 815.91027832 840.584960938 840.584960938
866.904663086 825.780151367 842.229919434 843.874938965
873.484558105 824.135131836 838.940002441 852.09979248
871.839599609 822.49017334 834.005004883 847.164855957
861.969726562 822.49017334 834.005004883 848.809875488
843.874938965 815.91027832 832.360046387 834.005004883
857.034729004 814.265258789 837.29498291 837.29498291
853.744812012 815.91027832 838.940002441 842.229919434
857.034729004 814.265258789 832.360046387 840.584960938
857.034729004 815.91027832 832.360046387 847.164855957
871.839599609 814.265258789 835.650024414 838.940002441
865.259643555 812.620300293 837.29498291 848.809875488
881.709472656 814.265258789 842.229919434 857.034729004
865.259643555 814.265258789 838.940002441 838.940002441
847.164855957 812.620300293 834.005004883 835.650024414
860.324707031 817.555236816 834.005004883 837.29498291
858.679748535 820.845214844 835.650024414 824.135131836
852.09979248 822.49017334 834.005004883 809.330322266
860.324707031 819.200195312 835.650024414 820.845214844
871.839599609 817.555236816 837.29498291 819.200195312
837.29498291 815.91027832 832.360046387 807.68536377
852.09979248 812.620300293 840.584960938 797.815490723
850.454833984 812.620300293 842.229919434 801.105407715
842.229919434 817.555236816 837.29498291 796.170471191
832.360046387 827.425109863 834.005004883 764.91583252
830.715087891 832.360046387 835.650024414 763.270874023
806.040344238 835.650024414 834.005004883 761.625915527
809.330322266 832.360046387 835.650024414 751.75604248
837.29498291 838.940002441 829.070068359 755.045959473
812.620300293 845.519897461 822.49017334 740.241149902
814.265258789 845.519897461 819.200195312 717.211425781
822.49017334 847.164855957 814.265258789 730.371276855
801.105407715 845.519897461 809.330322266 727.081298828
812.620300293 843.874938965 804.395385742 727.081298828
806.040344238 847.164855957 807.68536377 730.371276855
814.265258789 843.874938965 802.750427246 750.111022949
837.29498291 845.519897461 797.815490723 741.886108398
837.29498291 845.519897461 797.815490723 746.821105957
853.744812012 853.744812012 799.460449219 768.205810547
858.679748535 853.744812012 802.750427246 758.3359375
871.839599609 848.809875488 802.750427246 781.365661621
866.904663086 847.164855957 802.750427246 783.010620117
871.839599609 838.940002441 804.395385742 787.945556641
884.999450684 840.584960938 797.815490723 810.975280762
878.419494629 837.29498291 804.395385742 819.200195312
899.804260254 830.715087891 810.975280762 830.715087891
901.44921875 827.425109863 810.975280762 847.164855957
899.804260254 822.49017334 822.49017334 845.519897461
912.964111328 820.845214844 819.200195312 838.940002441
908.029174805 819.200195312 817.555236816 853.744812012
912.964111328 819.200195312 820.845214844 848.809875488
917.899047852 822.49017334 817.555236816 845.519897461
922.833984375 820.845214844 822.49017334 861.969726562
917.899047852 819.200195312 827.425109863 852.09979248
914.609069824 820.845214844 827.425109863 852.09979248
916.25402832 817.555236816 827.425109863 850.454833984
919.544006348 817.555236816 825.780151367 865.259643555
909.674133301 815.91027832 829.070068359 861.969726562
919.544006348 815.91027832 834.005004883 860.324707031
916.25402832 812.620300293 832.360046387 868.549621582
921.188964844 810.975280762 830.715087891 853.744812012
914.609069824 804.395385742 832.360046387 861.969726562
901.44921875 804.395385742 830.715087891 857.034729004
903.094238281 802.750427246 834.005004883 857.034729004
921.188964844 806.040344238 834.005004883 860.324707031
916.25402832 809.330322266 834.005004883 870.194580078
922.833984375 810.975280762 832.360046387 868.549621582
911.319091797 814.265258789 827.425109863 861.969726562
909.674133301 812.620300293 827.425109863 866.904663086
903.094238281 814.265258789 830.715087891 865.259643555
898.159240723 815.91027832 830.715087891 858.679748535
901.44921875 814.265258789 832.360046387 853.744812012
899.804260254 812.620300293 834.005004883 870.194580078
906.384155273 812.620300293 835.650024414 870.194580078
901.44921875 812.620300293 837.29498291 861.969726562
896.514282227 807.68536377 842.229919434 853.744812012
904.739196777 810.975280762 842.229919434 861.969726562
903.094238281 812.620300293 835.650024414 857.034729004
891.579345703 809.330322266 835.650024414 857.034729004
889.934387207 809.330322266 837.29498291 865.259643555
903.094238281 814.265258789 835.650024414 853.744812012
875.129516602 810.975280762 838.940002441 870.194580078
875.129516602 812.620300293 837.29498291 870.194580078
873.484558105 814.265258789 832.360046387 860.324707031
871.839599609 807.68536377 832.360046387 860.324707031
888.289367676 810.975280762 834.005004883 853.744812012
868.549621582 812.620300293 834.005004883 847.164855957
865.259643555 807.68536377 835.650024414 847.164855957
863.614685059 814.265258789 830.715087891 847.164855957
871.839599609 814.265258789 832.360046387 865.259643555
875.129516602 812.620300293 834.005004883 850.454833984
865.259643555 815.91027832 835.650024414 845.519897461
861.969726562 810.975280762 838.940002441 850.454833984
861.969726562 809.330322266 835.650024414 845.519897461
866.904663086 809.330322266 832.360046387 860.324707031
866.904663086 810.975280762 830.715087891 857.034729004
861.969726562 814.265258789 827.425109863 842.229919434
866.904663086 817.555236816 832.360046387 847.164855957
873.484558105 819.200195312 834.005004883 855.389770508
868.549621582 820.845214844 837.29498291 838.940002441
873.484558105 815.91027832 835.650024414 848.809875488
870.194580078 819.200195312 829.070068359 837.29498291
871.839599609 822.49017334 832.360046387 840.584960938
873.484558105 820.845214844 832.360046387 850.454833984
868.549621582 825.780151367 837.29498291 852.09979248
863.614685059 824.135131836 835.650024414 848.809875488
873.484558105 822.49017334 834.005004883 850.454833984
876.774536133 825.780151367 837.29498291 852.09979248
878.419494629 822.49017334 842.229919434 858.679748535
871.839599609 820.845214844 842.229919434 857.034729004
865.259643555 819.200195312 842.229919434 855.389770508
875.129516602 817.555236816 838.940002441 847.164855957
876.774536133 815.91027832 837.29498291 835.650024414
883.354431152 810.975280762 837.29498291 853.744812012
884.999450684 815.91027832 842.229919434 853.744812012
883.354431152 814.265258789 843.874938965 847.164855957
884.999450684 817.555236816 840.584960938 845.519897461
880.064453125 814.265258789 837.29498291 850.454833984
880.064453125 812.620300293 834.005004883 852.09979248
876.774536133 819.200195312 835.650024414 853.744812012
893.224304199 819.200195312 834.005004883 858.679748535
899.804260254 824.135131836 838.940002441 850.454833984
908.029174805 827.425109863 845.519897461 858.679748535
903.094238281 829.070068359 842.229919434 863.614685059
896.514282227 829.070068359 842.229919434 866.904663086
893.224304199 832.360046387 845.519897461 868.549621582
898.159240723 830.715087891 845.519897461 863.614685059
901.44921875 827.425109863 848.809875488 857.034729004
898.159240723 830.715087891 847.164855957 845.519897461
893.224304199 830.715087891 843.874938965 850.454833984
894.86932373 830.715087891 843.874938965 858.679748535
883.354431152 825.780151367 840.584960938 855.389770508
891.579345703 824.135131836 835.650024414 865.259643555
889.934387207 827.425109863 837.29498291 858.679748535
884.999450684 827.425109863 843.874938965 858.679748535
889.934387207 830.715087891 842.229919434 857.034729004
883.354431152 829.070068359 842.229919434 845.519897461
881.709472656 824.135131836 838.940002441 852.09979248
873.484558105 822.49017334 837.29498291 850.454833984
881.709472656 819.200195312 837.29498291 853.744812012
880.064453125 819.200195312 835.650024414 845.519897461
888.289367676 822.49017334 834.005004883 850.454833984
886.64440918 819.200195312 837.29498291 843.874938965
876.774536133 815.91027832 837.29498291 832.360046387
888.289367676 817.555236816 837.29498291 842.229919434
875.129516602 814.265258789 835.650024414 857.034729004
878.419494629 815.91027832 830.715087891 860.324707031
870.194580078 814.265258789 840.584960938 853.744812012
873.484558105 814.265258789 840.584960938 842.229919434
881.709472656 817.555236816 838.940002441 835.650024414
880.064453125 812.620300293 837.29498291 837.29498291
880.064453125 812.620300293 834.005004883 852.09979248
873.484558105 810.975280762 832.360046387 858.679748535
883.354431152 812.620300293 832.360046387 850.454833984
884.999450684 814.265258789 829.070068359 858.679748535
873.484558105 810.975280762 824.135131836 853.744812012
870.194580078 809.330322266 824.135131836 847.164855957
873.484558105 810.975280762 820.845214844 845.519897461
870.194580078 809.330322266 817.555236816 840.584960938
881.709472656 809.330322266 825.780151367 838.940002441
860.324707031 810.975280762 825.780151367 842.229919434
868.549621582 810.975280762 829.070068359 848.809875488
871.839599609 810.975280762 830.715087891 852.09979248
870.194580078 810.975280762 825.780151367 840.584960938
866.904663086 810.975280762 829.070068359 835.650024414
860.324707031 814.265258789 830.715087891 840.584960938
875.129516602 814.265258789 832.360046387 840.584960938
861.969726562 814.265258789 829.070068359 848.809875488
863.614685059 817.555236816 832.360046387 843.874938965
855.389770508 814.265258789 830.715087891 829.070068359
847.164855957 812.620300293 829.070068359 834.005004883
860.324707031 815.91027832 832.360046387 838.940002441
873.484558105 812.620300293 829.070068359 848.809875488
847.164855957 807.68536377 825.780151367 857.034729004
857.034729004 806.040344238 829.070068359 847.164855957
855.389770508 812.620300293 829.070068359 837.29498291
837.29498291 812.620300293 834.005004883 848.809875488
855.389770508 817.555236816 830.715087891 848.809875488
848.809875488 814.265258789 827.425109863 842.229919434
847.164855957 810.975280762 830.715087891 845.519897461
886.64440918 812.620300293 832.360046387 842.229919434
860.324707031 806.040344238 834.005004883 830.715087891
861.969726562 810.975280762 834.005004883 829.070068359
857.034729004 810.975280762 830.715087891 824.135131836
853.744812012 814.265258789 837.29498291 829.070068359
868.549621582 822.49017334 834.005004883 842.229919434
860.324707031 819.200195312 834.005004883 843.874938965
855.389770508 817.555236816 837.29498291 837.29498291
855.389770508 819.200195312 834.005004883 842.229919434
861.969726562 817.555236816 835.650024414 840.584960938
845.519897461 815.91027832 835.650024414 815.91027832
834.005004883 817.555236816 830.715087891 824.135131836
850.454833984 817.555236816 829.070068359 824.135131836
840.584960938 817.555236816 829.070068359 840.584960938
807.68536377 812.620300293 830.715087891 842.229919434
819.200195312 812.620300293 830.715087891 832.360046387
809.330322266 812.620300293 829.070068359 832.360046387
825.780151367 814.265258789 834.005004883 853.744812012
834.005004883 822.49017334 830.715087891 848.809875488
797.815490723 815.91027832 832.360046387 824.135131836
787.945556641 812.620300293 837.29498291 815.91027832
809.330322266 817.555236816 832.360046387 819.200195312
799.460449219 817.555236816 838.940002441 835.650024414
810.975280762 815.91027832 837.29498291 835.650024414
812.620300293 819.200195312 832.360046387 837.29498291
778.075683594 815.91027832 835.650024414 832.360046387
801.105407715 814.265258789 834.005004883 838.940002441
815.91027832 819.200195312 840.584960938 835.650024414
832.360046387 817.555236816 842.229919434 838.940002441
853.744812012 815.91027832 840.584960938 842.229919434
832.360046387 820.845214844 837.29498291 838.940002441
834.005004883 819.200195312 838.940002441 848.809875488
855.389770508 822.49017334 837.29498291 843.874938965
850.454833984 819.200195312 838.940002441 852.09979248
848.809875488 817.555236816 835.650024414 848.809875488
863.614685059 819.200195312 832.360046387 847.164855957
845.519897461 815.91027832 838.940002441 845.519897461
853.744812012 817.555236816 840.584960938 842.229919434
855.389770508 819.200195312 842.229919434 853.744812012
857.034729004 817.555236816 838.940002441 850.454833984
858.679748535 820.845214844 842.229919434 853.744812012
860.324707031 820.845214844 847.164855957 855.389770508
858.679748535 820.845214844 842.229919434 857.034729004
857.034729004 815.91027832 840.584960938 855.389770508
878.419494629 817.555236816 837.29498291 845.519897461
852.09979248 819.200195312 834.005004883 842.229919434
852.09979248 810.975280762 837.29498291 848.809875488
853.744812012 819.200195312 837.29498291 857.034729004
861.969726562 820.845214844 838.940002441 871.839599609
870.194580078 819.200195312 837.29498291 861.969726562
842.229919434 817.555236816 837.29498291 850.454833984
840.584960938 814.265258789 840.584960938 848.809875488
842.229919434 814.265258789 838.940002441 840.584960938
845.519897461 814.265258789 840.584960938 845.519897461
845.519897461 814.265258789 842.229919434 850.454833984
830.715087891 814.265258789 835.650024414 837.29498291
820.845214844 815.91027832 840.584960938 845.519897461
812.620300293 822.49017334 842.229919434 840.584960938
814.265258789 817.555236816 837.29498291 845.519897461
815.91027832 814.265258789 842.229919434 843.874938965
809.330322266 817.555236816 840.584960938 847.164855957
796.170471191 814.265258789 837.29498291 857.034729004
806.040344238 819.200195312 832.360046387 858.679748535
817.555236816 824.135131836 835.650024414 847.164855957
810.975280762 820.845214844 838.940002441 847.164855957
797.815490723 820.845214844 838.940002441 847.164855957
783.010620117 822.49017334 840.584960938 850.454833984
792.880554199 817.555236816 835.650024414 855.389770508
779.720703125 812.620300293 835.650024414 847.164855957
792.880554199 812.620300293 840.584960938 842.229919434
791.235534668 814.265258789 840.584960938 848.809875488
789.590576172 812.620300293 835.650024414 842.229919434
797.815490723 812.620300293 832.360046387 847.164855957
787.945556641 810.975280762 834.005004883 835.650024414
779.720703125 806.040344238 837.29498291 843.874938965
791.235534668 809.330322266 838.940002441 857.034729004
810.975280762 814.265258789 834.005004883 855.389770508
799.460449219 814.265258789 835.650024414 853.744812012
797.815490723 810.975280762 837.29498291 840.584960938
815.91027832 810.975280762 835.650024414 832.360046387
819.200195312 817.555236816 838.940002441 840.584960938
791.235534668 815.91027832 834.005004883 840.584960938
799.460449219 815.91027832 834.005004883 832.360046387
814.265258789 814.265258789 838.940002441 838.940002441
789.590576172 806.040344238 832.360046387 832.360046387
799.460449219 810.975280762 829.070068359 843.874938965
802.750427246 815.91027832 829.070068359 843.874938965
797.815490723 815.91027832 830.715087891 835.650024414
807.68536377 814.265258789 827.425109863 837.29498291
810.975280762 814.265258789 829.070068359 840.584960938
792.880554199 814.265258789 829.070068359 845.519897461
807.68536377 815.91027832 832.360046387 842.229919434
814.265258789 817.555236816 832.360046387 835.650024414
819.200195312 810.975280762 830.715087891 837.29498291
812.620300293 810.975280762 835.650024414 845.519897461
809.330322266 812.620300293 837.29498291 843.874938965
817.555236816 815.91027832 835.650024414 838.940002441
807.68536377 820.845214844 832.360046387 838.940002441
817.555236816 820.845214844 835.650024414 837.29498291
820.845214844 817.555236816 834.005004883 847.164855957
819.200195312 822.49017334 837.29498291 852.09979248
822.49017334 819.200195312 837.29498291 837.29498291
824.135131836 817.555236816 834.005004883 830.715087891
838.940002441 819.200195312 834.005004883 838.940002441
845.519897461 820.845214844 837.29498291 815.91027832
842.229919434 827.425109863 835.650024414 819.200195312
845.519897461 825.780151367 840.584960938 835.650024414
838.940002441 829.070068359 843.874938965 832.360046387
825.780151367 827.425109863 842.229919434 852.09979248
840.584960938 827.425109863 847.164855957 843.874938965
855.389770508 824.135131836 843.874938965 847.164855957
837.29498291 819.200195312 843.874938965 853.744812012
847.164855957 820.845214844 845.519897461 840.584960938
848.809875488 820.845214844 840.584960938 847.164855957
835.650024414 824.135131836 843.874938965 834.005004883
845.519897461 822.49017334 843.874938965 845.519897461
847.164855957 827.425109863 847.164855957 852.09979248
840.584960938 832.360046387 850.454833984 847.164855957
837.29498291 822.49017334 847.164855957 847.164855957
848.809875488 824.135131836 843.874938965 843.874938965
820.845214844 825.780151367 838.940002441 850.454833984
830.715087891 827.425109863 842.229919434 847.164855957
832.360046387 830.715087891 847.164855957 850.454833984
802.750427246 824.135131836 847.164855957 850.454833984
814.265258789 822.49017334 843.874938965 852.09979248
819.200195312 820.845214844 838.940002441 855.389770508
802.750427246 819.200195312 838.940002441 860.324707031
804.395385742 819.200195312 838.940002441 850.454833984
797.815490723 810.975280762 837.29498291 847.164855957
801.105407715 814.265258789 832.360046387 850.454833984
815.91027832 815.91027832 830.715087891 837.29498291
819.200195312 817.555236816 832.360046387 848.809875488
817.555236816 820.845214844 834.005004883 837.29498291
812.620300293 814.265258789 838.940002441 850.454833984
819.200195312 810.975280762 835.650024414 847.164855957
817.555236816 812.620300293 832.360046387 848.809875488
817.555236816 814.265258789 835.650024414 845.519897461
814.265258789 815.91027832 832.360046387 837.29498291
797.815490723 814.265258789 835.650024414 829.070068359
781.365661621 815.91027832 834.005004883 838.940002441
796.170471191 815.91027832 834.005004883 845.519897461
809.330322266 817.555236816 837.29498291 845.519897461
799.460449219 815.91027832 837.29498291 853.744812012
804.395385742 810.975280762 835.650024414 850.454833984
783.010620117 812.620300293 834.005004883 847.164855957
771.495788574 814.265258789 827.425109863 853.744812012
768.205810547 806.040344238 827.425109863 853.744812012
787.945556641 810.975280762 834.005004883 845.519897461
763.270874023 810.975280762 834.005004883 848.809875488
783.010620117 806.040344238 834.005004883 840.584960938
776.430725098 812.620300293 834.005004883 838.940002441
763.270874023 814.265258789 834.005004883 840.584960938
774.785766602 814.265258789 834.005004883 852.09979248
768.205810547 814.265258789 829.070068359 845.519897461
756.690979004 809.330322266 830.715087891 840.584960938
779.720703125 815.91027832 832.360046387 843.874938965
764.91583252 819.200195312 834.005004883 853.744812012
758.3359375 815.91027832 835.650024414 857.034729004
761.625915527 819.200195312 830.715087891 843.874938965
740.241149902 817.555236816 832.360046387 834.005004883
753.401000977 824.135131836 834.005004883 832.360046387
771.495788574 820.845214844 832.360046387 829.070068359
738.596191406 815.91027832 827.425109863 825.780151367
718.856384277 812.620300293 825.780151367 824.135131836
717.211425781 815.91027832 825.780151367 824.135131836
713.921447754 815.91027832 829.070068359 834.005004883
736.951171875 817.555236816 834.005004883 855.389770508
750.111022949 822.49017334 830.715087891 834.005004883
735.306213379 819.200195312 827.425109863 830.715087891
723.791320801 814.265258789 829.070068359 832.360046387
738.596191406 814.265258789 834.005004883 830.715087891
745.176086426 812.620300293 835.650024414 830.715087891
746.821105957 814.265258789 834.005004883 827.425109863
761.625915527 814.265258789 829.070068359 830.715087891
750.111022949 812.620300293 834.005004883 840.584960938
759.980895996 812.620300293 838.940002441 857.034729004
761.625915527 812.620300293 837.29498291 850.454833984
750.111022949 812.620300293 838.940002441 842.229919434
761.625915527 810.975280762 837.29498291 838.940002441
764.91583252 812.620300293 835.650024414 830.715087891
769.850830078 815.91027832 830.715087891 838.940002441
774.785766602 815.91027832 829.070068359 840.584960938
750.111022949 819.200195312 830.715087891 840.584960938
768.205810547 817.555236816 829.070068359 829.070068359
774.785766602 815.91027832 829.070068359 843.874938965
766.560852051 819.200195312 830.715087891 843.874938965
773.14074707 815.91027832 829.070068359 819.200195312
774.785766602 815.91027832 829.070068359 832.360046387
761.625915527 814.265258789 825.780151367 820.845214844
786.300598145 815.91027832 827.425109863 825.780151367
781.365661621 820.845214844 832.360046387 837.29498291
779.720703125 822.49017334 834.005004883 822.49017334
814.265258789 820.845214844 830.715087891 817.555236816
820.845214844 820.845214844 824.135131836 832.360046387
814.265258789 820.845214844 834.005004883 866.904663086
797.815490723 814.265258789 840.584960938 838.940002441
797.815490723 810.975280762 840.584960938 830.715087891
779.720703125 806.040344238 847.164855957 835.650024414
784.655639648 807.68536377 850.454833984 830.715087891
766.560852051 809.330322266 857.034729004 855.389770508
764.91583252 809.330322266 861.969726562 850.454833984
758.3359375 806.040344238 866.904663086 848.809875488
781.365661621 804.395385742 863.614685059 850.454833984
814.265258789 804.395385742 861.969726562 863.614685059
802.750427246 806.040344238 863.614685059 845.519897461
781.365661621 806.040344238 860.324707031 838.940002441
786.300598145 806.040344238 855.389770508 853.744812012
766.560852051 804.395385742 858.679748535 865.259643555
778.075683594 810.975280762 857.034729004 873.484558105
786.300598145 810.975280762 857.034729004 871.839599609
769.850830078 809.330322266 860.324707031 865.259643555
784.655639648 817.555236816 853.744812012 860.324707031
807.68536377 815.91027832 850.454833984 880.064453125
825.780151367 817.555236816 855.389770508 876.774536133
840.584960938 820.845214844 852.09979248 865.259643555
832.360046387 817.555236816 857.034729004 855.389770508
838.940002441 820.845214844 855.389770508 853.744812012
843.874938965 824.135131836 853.744812012 858.679748535
825.780151367 820.845214844 850.454833984 861.969726562
845.519897461 817.555236816 845.519897461 860.324707031
853.744812012 817.555236816 843.874938965 852.09979248
843.874938965 812.620300293 843.874938965 853.744812012
878.419494629 809.330322266 840.584960938 857.034729004
868.549621582 806.040344238 840.584960938 850.454833984
876.774536133 812.620300293 838.940002441 855.389770508
868.549621582 809.330322266 837.29498291 850.454833984
875.129516602 807.68536377 837.29498291 855.389770508
888.289367676 810.975280762 830.715087891 866.904663086
881.709472656 807.68536377 824.135131836 857.034729004
884.999450684 810.975280762 834.005004883 866.904663086
884.999450684 807.68536377 840.584960938 866.904663086
880.064453125 809.330322266 838.940002441 842.229919434
881.709472656 807.68536377 838.940002441 842.229919434
881.709472656 810.975280762 835.650024414 843.874938965
889.934387207 819.200195312 830.715087891 860.324707031
875.129516602 819.200195312 830.715087891 863.614685059
878.419494629 817.555236816 834.005004883 855.389770508
891.579345703 814.265258789 830.715087891 840.584960938
865.259643555 810.975280762 832.360046387 840.584960938
866.904663086 817.555236816 832.360046387 848.809875488
857.034729004 815.91027832 832.360046387 852.09979248
843.874938965 814.265258789 834.005004883 842.229919434
825.780151367 815.91027832 834.005004883 838.940002441
827.425109863 814.265258789 834.005004883 840.584960938
827.425109863 819.200195312 838.940002441 855.389770508
806.040344238 814.265258789 838.940002441 853.744812012
799.460449219 817.555236816 838.940002441 847.164855957
791.235534668 815.91027832 842.229919434 852.09979248
776.430725098 817.555236816 834.005004883 847.164855957
781.365661621 812.620300293 837.29498291 855.389770508
783.010620117 814.265258789 838.940002441 848.809875488
769.850830078 815.91027832 842.229919434 857.034729004
791.235534668 819.200195312 845.519897461 847.164855957
774.785766602 817.555236816 847.164855957 850.454833984
784.655639648 812.620300293 842.229919434 852.09979248
774.785766602 814.265258789 838.940002441 848.809875488
781.365661621 812.620300293 837.29498291 861.969726562
784.655639648 815.91027832 838.940002441 843.874938965
781.365661621 819.200195312 840.584960938 834.005004883
764.91583252 817.555236816 842.229919434 835.650024414
771.495788574 819.200195312 840.584960938 840.584960938
773.14074707 824.135131836 842.229919434 853.744812012
769.850830078 817.555236816 847.164855957 853.744812012
764.91583252 822.49017334 847.164855957 843.874938965
768.205810547 824.135131836 847.164855957 842.229919434
776.430725098 822.49017334 845.519897461 838.940002441
784.655639648 829.070068359 843.874938965 847.164855957
779.720703125 827.425109863 847.164855957 842.229919434
781.365661621 825.780151367 842.229919434 845.519897461
781.365661621 825.780151367 842.229919434 852.09979248
781.365661621 824.135131836 840.584960938 838.940002441
802.750427246 822.49017334 842.229919434 842.229919434
806.040344238 819.200195312 837.29498291 842.229919434
817.555236816 819.200195312 834.005004883 845.519897461
822.49017334 819.200195312 838.940002441 857.034729004
825.780151367 817.555236816 834.005004883 843.874938965
838.940002441 827.425109863 835.650024414 843.874938965
842.229919434 825.780151367 835.650024414 845.519897461
855.389770508 824.135131836 838.940002441 853.744812012
857.034729004 822.49017334 847.164855957 842.229919434
858.679748535 819.200195312 840.584960938 845.519897461
857.034729004 820.845214844 837.29498291 835.650024414
870.194580078 820.845214844 842.229919434 843.874938965
883.354431152 820.845214844 840.584960938 842.229919434
893.224304199 817.555236816 838.940002441 827.425109863
896.514282227 815.91027832 837.29498291 843.874938965
888.289367676 814.265258789 837.29498291 835.650024414
894.86932373 812.620300293 837.29498291 847.164855957
888.289367676 810.975280762 830.715087891 832.360046387
889.934387207 814.265258789 824.135131836 815.91027832
894.86932373 812.620300293 824.135131836 834.005004883
889.934387207 812.620300293 827.425109863 837.29498291
891.579345703 810.975280762 827.425109863 843.874938965
899.804260254 812.620300293 837.29498291 840.584960938
898.159240723 814.265258789 837.29498291 840.584960938
889.934387207 815.91027832 835.650024414 845.519897461
891.579345703 814.265258789 840.584960938 837.29498291
886.64440918 814.265258789 830.715087891 825.780151367
893.224304199 814.265258789 829.070068359 829.070068359
899.804260254 812.620300293 829.070068359 830.715087891
889.934387207 812.620300293 825.780151367 834.005004883
886.64440918 810.975280762 827.425109863 835.650024414
894.86932373 809.330322266 829.070068359 838.940002441
886.64440918 809.330322266 824.135131836 832.360046387
894.86932373 812.620300293 824.135131836 850.454833984
903.094238281 819.200195312 827.425109863 843.874938965
880.064453125 810.975280762 830.715087891 832.360046387
906.384155273 812.620300293 830.715087891 840.584960938
898.159240723 810.975280762 830.715087891 838.940002441
883.354431152 810.975280762 829.070068359 840.584960938
888.289367676 820.845214844 830.715087891 825.780151367
883.354431152 822.49017334 830.715087891 829.070068359
901.44921875 819.200195312 822.49017334 842.229919434
893.224304199 814.265258789 824.135131836 837.29498291
876.774536133 815.91027832 829.070068359 834.005004883
889.934387207 812.620300293 829.070068359 838.940002441
891.579345703 815.91027832 832.360046387 827.425109863
906.384155273 817.555236816 830.715087891 853.744812012
888.289367676 817.555236816 832.360046387 852.09979248
883.354431152 815.91027832 832.360046387 837.29498291
884.999450684 812.620300293 827.425109863 843.874938965
883.354431152 812.620300293 825.780151367 845.519897461
888.289367676 819.200195312 825.780151367 837.29498291
880.064453125 822.49017334 825.780151367 830.715087891
886.64440918 817.555236816 827.425109863 845.519897461
888.289367676 814.265258789 827.425109863 830.715087891
896.514282227 812.620300293 830.715087891 838.940002441
881.709472656 812.620300293 834.005004883 840.584960938
876.774536133 815.91027832 832.360046387 830.715087891
881.709472656 814.265258789 829.070068359 837.29498291
861.969726562 806.040344238 827.425109863 834.005004883
880.064453125 814.265258789 825.780151367 832.360046387
881.709472656 812.620300293 829.070068359 845.519897461
876.774536133 810.975280762 825.780151367 842.229919434
883.354431152 815.91027832 827.425109863 838.940002441
881.709472656 806.040344238 829.070068359 835.650024414
888.289367676 817.555236816 827.425109863 840.584960938
880.064453125 820.845214844 829.070068359 843.874938965
888.289367676 815.91027832 832.360046387 840.584960938
875.129516602 815.91027832 835.650024414 830.715087891
883.354431152 814.265258789 837.29498291 830.715087891
883.354431152 810.975280762 834.005004883 838.940002441
883.354431152 815.91027832 834.005004883 845.519897461
891.579345703 817.555236816 832.360046387 834.005004883
881.709472656 817.555236816 827.425109863 824.135131836
875.129516602 815.91027832 829.070068359 822.49017334
889.934387207 819.200195312 830.715087891 825.780151367
873.484558105 815.91027832 832.360046387 837.29498291
888.289367676 820.845214844 830.715087891 847.164855957
881.709472656 824.135131836 834.005004883 843.874938965
886.64440918 820.845214844 838.940002441 830.715087891
886.64440918 822.49017334 840.584960938 832.360046387
871.839599609 825.780151367 845.519897461 835.650024414
870.194580078 827.425109863 842.229919434 835.650024414
880.064453125 825.780151367 840.584960938 837.29498291
886.64440918 825.780151367 842.229919434 848.809875488
875.129516602 822.49017334 838.940002441 838.940002441
858.679748535 820.845214844 834.005004883 834.005004883
889.934387207 824.135131836 837.29498291 834.005004883
883.354431152 822.49017334 837.29498291 815.91027832
880.064453125 825.780151367 834.005004883 815.91027832
883.354431152 825.780151367 832.360046387 829.070068359
875.129516602 825.780151367 837.29498291 835.650024414
886.64440918 824.135131836 843.874938965 835.650024414
883.354431152 824.135131836 843.874938965 832.360046387
