eeg 857.034729004 870.194580078 820.845214844 858.679748535
eeg 850.454833984 801.105407715 802.750427246 860.324707031
eeg 852.09979248 829.070068359 827.425109863 852.09979248
eeg 852.09979248 830.715087891 806.040344238 858.679748535
eeg 848.809875488 842.229919434 827.425109863 861.969726562
eeg 838.940002441 837.29498291 822.49017334 852.09979248
eeg 848.809875488 857.034729004 845.519897461 848.809875488
eeg 857.034729004 861.969726562 832.360046387 857.034729004
eeg 853.744812012 860.324707031 842.229919434 863.614685059
eeg 850.454833984 830.715087891 814.265258789 861.969726562
eeg 843.874938965 806.040344238 787.945556641 853.744812012
eeg 832.360046387 819.200195312 829.070068359 843.874938965
a 0.0329559147358 0.178464263678 0.0745431631804 0.0325483977795
b 0.0395062379539 0.347872048616 0.115636833012 0.0450984500349
d 0.792796730995 0.0596976876259 0.559887349606 0.780243635178
g 0.0202265009284 0.383048474789 0.138561069965 0.0230464823544
t 0.114514604211 0.03091753833 0.111371606588 0.119063019753
h 1.0 1.0 1.0 1.0
c 0.895174562931
Aa 0.381065517664 0.870110869408 0.697265505791 0.416776388884
Ab 0.459797799587 1.159979105 0.887953877449 0.558408379555
Ad 1.76229393482 0.394517153502 1.57295835018 1.79647696018
Ag 0.169052883983 1.20181334019 0.966498911381 0.266851425171
At 0.921993017197 0.108764536679 0.871632158756 0.980023682117
as 0.0439560450613 0.714285731316 0.433962255716 0.0
bs 0.0 0.642857134342 0.479999989271 0.125
ds 0.834482729435 0.0 0.789473712444 0.856060624123
gs 0.0 0.608695626259 0.580645143986 0.074074074626
ts 0.710144937038 0.25 0.487179487944 0.55405408144
eeg 825.780151367 852.09979248 825.780151367 829.070068359
eeg 825.780151367 853.744812012 796.170471191 835.650024414
eeg 824.135131836 845.519897461 802.750427246 842.229919434
eeg 825.780151367 848.809875488 825.780151367 838.940002441
eeg 835.650024414 840.584960938 815.91027832 848.809875488
eeg 835.650024414 829.070068359 810.975280762 848.809875488
eeg 840.584960938 858.679748535 819.200195312 850.454833984
eeg 845.519897461 857.034729004 814.265258789 852.09979248
eeg 842.229919434 834.005004883 819.200195312 848.809875488
eeg 838.940002441 848.809875488 815.91027832 845.519897461
eeg 829.070068359 807.68536377 768.205810547 848.809875488
eeg 830.715087891 832.360046387 806.040344238 848.809875488
eeg 840.584960938 881.709472656 842.229919434 838.940002441
eeg 848.809875488 863.614685059 834.005004883 852.09979248
eeg 837.29498291 830.715087891 817.555236816 850.454833984
eeg 832.360046387 820.845214844 801.105407715 845.519897461
eeg 830.715087891 832.360046387 810.975280762 852.09979248
eeg 838.940002441 834.005004883 838.940002441 855.389770508
eeg 843.874938965 870.194580078 843.874938965 857.034729004
eeg 834.005004883 840.584960938 799.460449219 842.229919434
eeg 848.809875488 835.650024414 801.105407715 848.809875488
eeg 843.874938965 866.904663086 814.265258789 843.874938965
a 0.031909301877 0.18221385777 0.0785395726562 0.0324514620006
b 0.0384624153376 0.356526523829 0.12032508105 0.0450450927019
d 0.794248700142 0.0594084188342 0.558595895767 0.783312618732
g 0.0185848213732 0.370050996542 0.129495427012 0.0213911887258
t 0.116794757545 0.0318002067506 0.113044023514 0.117799624801
h 1.0 1.0 1.0 1.0
c 0.878474533558
Aa 0.384116172791 0.872233092785 0.72151350975 0.425981462002
Ab 0.465235441923 1.16374349594 0.90678113699 0.56839466095
Ad 1.7801554203 0.385499686003 1.57352268696 1.8086823225
Ag 0.149357259274 1.17991328239 0.938679397106 0.244982123375
At 0.94762223959 0.114081628621 0.879672527313 0.985891103745
as 0.0439560450613 0.714285731316 0.490566045046 0.0108695654199
bs 0.0 0.642857134342 0.519999980927 0.155555561185
ds 0.848275840282 0.0 0.789473712444 0.863636374474
gs 0.0 0.521739125252 0.516129016876 0.0
ts 0.739130437374 0.25 0.5 0.55405408144
eeg 840.584960938 837.29498291 792.880554199 847.164855957
eeg 848.809875488 832.360046387 819.200195312 857.034729004
eeg 843.874938965 835.650024414 797.815490723 853.744812012
eeg 837.29498291 814.265258789 781.365661621 865.259643555
eeg 847.164855957 838.940002441 825.780151367 868.549621582
eeg 857.034729004 835.650024414 796.170471191 866.904663086
eeg 848.809875488 848.809875488 806.040344238 853.744812012
eeg 842.229919434 860.324707031 796.170471191 852.09979248
eeg 843.874938965 850.454833984 783.010620117 850.454833984
eeg 845.519897461 861.969726562 804.395385742 853.744812012
eeg 848.809875488 820.845214844 774.785766602 868.549621582
eeg 843.874938965 832.360046387 806.040344238 853.744812012
eeg 848.809875488 804.395385742 784.655639648 860.324707031
eeg 855.389770508 827.425109863 797.815490723 865.259643555
eeg 852.09979248 830.715087891 786.300598145 865.259643555
eeg 843.874938965 789.590576172 766.560852051 866.904663086
eeg 842.229919434 883.354431152 819.200195312 843.874938965
eeg 847.164855957 848.809875488 784.655639648 848.809875488
eeg 845.519897461 861.969726562 799.460449219 843.874938965
eeg 847.164855957 837.29498291 774.785766602 847.164855957
eeg 843.874938965 822.49017334 769.850830078 847.164855957
eeg 837.29498291 814.265258789 763.270874023 845.519897461
a 0.0306791234761 0.184278339148 0.0793029516935 0.031249159947
b 0.0375377610326 0.364142805338 0.126389846206 0.0447299182415
d 0.797615945339 0.0566815920174 0.555566489697 0.790755093098
g 0.0176252853125 0.362525939941 0.125782087445 0.0199442524463
t 0.116541899741 0.0323713198304 0.11295863241 0.113321557641
h 1.0 1.0 1.0 1.0
c 0.861774563789
Aa 0.383140981197 0.872233092785 0.725012600422 0.425981462002
Ab 0.470766425133 1.16803050041 0.927435457706 0.581741213799
Ad 1.79809188843 0.360200822353 1.57045936584 1.82918512821
Ag 0.142434209585 1.16609787941 0.925342082977 0.230960905552
At 0.962780117989 0.116919219494 0.878642678261 0.98545563221
as 0.0439560450613 0.708333313465 0.490566045046 0.0108695654199
bs 0.0 0.642857134342 0.600000023842 0.177777782083
ds 0.855172395706 0.0 0.789473712444 0.886363625526
gs 0.0 0.434782594442 0.451612889767 0.0
ts 0.76811593771 0.25 0.5 0.55405408144
eeg 835.650024414 824.135131836 792.880554199 835.650024414
eeg 843.874938965 838.940002441 817.555236816 838.940002441
eeg 830.715087891 815.91027832 799.460449219 835.650024414
eeg 837.29498291 845.519897461 822.49017334 825.780151367
eeg 832.360046387 840.584960938 784.655639648 830.715087891
eeg 832.360046387 845.519897461 789.590576172 829.070068359
eeg 845.519897461 835.650024414 768.205810547 848.809875488
eeg 832.360046387 820.845214844 766.560852051 842.229919434
eeg 834.005004883 832.360046387 769.850830078 835.650024414
eeg 837.29498291 812.620300293 759.980895996 845.519897461
eeg 830.715087891 847.164855957 801.105407715 827.425109863
eeg 830.715087891 852.09979248 802.750427246 837.29498291
eeg 832.360046387 838.940002441 806.040344238 832.360046387
eeg 830.715087891 822.49017334 796.170471191 825.780151367
eeg 824.135131836 812.620300293 773.14074707 837.29498291
eeg 822.49017334 832.360046387 786.300598145 827.425109863
eeg 835.650024414 840.584960938 792.880554199 835.650024414
eeg 825.780151367 843.874938965 792.880554199 837.29498291
eeg 847.164855957 870.194580078 802.750427246 845.519897461
eeg 840.584960938 810.975280762 773.14074707 858.679748535
eeg 837.29498291 842.229919434 786.300598145 857.034729004
eeg 835.650024414 843.874938965 809.330322266 852.09979248
a 0.0299632847309 0.184992641211 0.0824406519532 0.0302427839488
b 0.0372431650758 0.372518032789 0.133000850677 0.044707480818
d 0.802206516266 0.051547460258 0.546298086643 0.79982060194
g 0.0174585655332 0.358295679092 0.126191958785 0.0190670229495
t 0.113128438592 0.0326462052763 0.11206844449 0.106162086129
h 1.0 1.0 1.0 1.0
c 0.845074534416
Aa 0.383140981197 0.872233092785 0.736943006516 0.425981462002
Ab 0.477598160505 1.17622590065 0.944656014442 0.595739901066
Ad 1.81083774567 0.317285895348 1.55823123455 1.84835231304
Ag 0.148560106754 1.15932023525 0.921833276749 0.225642591715
At 0.960123360157 0.118911340833 0.87028491497 0.971329152584
as 0.0444444455206 0.708333313465 0.509433984756 0.0108695654199
bs 0.0 0.678571403027 0.680000007153 0.181818187237
ds 0.868055582047 0.0 0.763157904148 0.893939375877
gs 0.0 0.434782594442 0.451612889767 0.0
ts 0.76811593771 0.258064508438 0.487179487944 0.540540516376
eeg 827.425109863 847.164855957 827.425109863 845.519897461
eeg 834.005004883 843.874938965 794.525512695 857.034729004
eeg 842.229919434 829.070068359 801.105407715 866.904663086
eeg 840.584960938 840.584960938 806.040344238 876.774536133
eeg 842.229919434 832.360046387 792.880554199 889.934387207
eeg 847.164855957 834.005004883 809.330322266 881.709472656
eeg 847.164855957 815.91027832 784.655639648 876.774536133
eeg 858.679748535 810.975280762 776.430725098 883.354431152
eeg 870.194580078 863.614685059 802.750427246 884.999450684
eeg 873.484558105 852.09979248 786.300598145 891.579345703
eeg 871.839599609 878.419494629 814.265258789 898.159240723
eeg 868.549621582 838.940002441 773.14074707 904.739196777
eeg 866.904663086 848.809875488 786.300598145 896.514282227
eeg 873.484558105 868.549621582 787.945556641 909.674133301
eeg 866.904663086 860.324707031 819.200195312 898.159240723
eeg 853.744812012 834.005004883 819.200195312 901.44921875
eeg 845.519897461 834.005004883 802.750427246 898.159240723
eeg 835.650024414 850.454833984 807.68536377 886.64440918
eeg 840.584960938 853.744812012 817.555236816 876.774536133
eeg 852.09979248 870.194580078 824.135131836 878.419494629
eeg 848.809875488 858.679748535 834.005004883 873.484558105
eeg 840.584960938 870.194580078 838.940002441 861.969726562
a 0.0306792110205 0.184498742223 0.0872888639569 0.0297745075077
b 0.0382486246526 0.383121013641 0.140592560172 0.0456924214959
d 0.804776191711 0.0450356267393 0.529804766178 0.805761396885
g 0.0179749280214 0.354948669672 0.130345880985 0.0191095899791
t 0.108321048319 0.0323959589005 0.111967951059 0.0996620729566
h 1.0 1.0 1.0 1.0
c 0.828374564648
Aa 0.392671823502 0.872233092785 0.748433172703 0.421806633472
Ab 0.488443464041 1.18957567215 0.955436646938 0.60780620575
Ad 1.81150281429 0.259795874357 1.53159022331 1.85416853428
Ag 0.160494804382 1.15640521049 0.922571599483 0.229213416576
At 0.940540492535 0.116730511189 0.856568038464 0.946491956711
as 0.0449438206851 0.723404228687 0.547169804573 0.0108695654199
bs 0.0 0.777777791023 0.72000002861 0.227272734046
ds 0.868055582047 0.0 0.736842095852 0.901515126228
gs 0.0 0.391304343939 0.451612889767 0.0
ts 0.739130437374 0.25 0.454545468092 0.5
eeg 832.360046387 861.969726562 824.135131836 858.679748535
eeg 832.360046387 847.164855957 842.229919434 863.614685059
eeg 847.164855957 847.164855957 837.29498291 881.709472656
eeg 845.519897461 819.200195312 827.425109863 896.514282227
eeg 860.324707031 868.549621582 855.389770508 896.514282227
eeg 868.549621582 909.674133301 894.86932373 876.774536133
eeg 853.744812012 870.194580078 860.324707031 883.354431152
eeg 842.229919434 861.969726562 852.09979248 878.419494629
eeg 830.715087891 857.034729004 863.614685059 868.549621582
eeg 829.070068359 817.555236816 848.809875488 865.259643555
eeg 834.005004883 845.519897461 870.194580078 861.969726562
eeg 825.780151367 870.194580078 863.614685059 848.809875488
eeg 820.845214844 830.715087891 843.874938965 845.519897461
eeg 825.780151367 837.29498291 852.09979248 848.809875488
eeg 830.715087891 866.904663086 861.969726562 845.519897461
eeg 842.229919434 835.650024414 837.29498291 847.164855957
eeg 852.09979248 850.454833984 850.454833984 848.809875488
eeg 843.874938965 857.034729004 822.49017334 840.584960938
eeg 825.780151367 827.425109863 784.655639648 835.650024414
eeg 837.29498291 865.259643555 814.265258789 834.005004883
eeg 842.229919434 853.744812012 802.750427246 837.29498291
eeg 852.09979248 855.389770508 847.164855957 838.940002441
a 0.0321468375623 0.183125942945 0.0933829024434 0.0292736347765
b 0.0409259535372 0.39537730813 0.149336963892 0.0481683686376
d 0.802689492702 0.0392122045159 0.507758498192 0.805424690247
g 0.0190107356757 0.35088005662 0.13741619885 0.0201566666365
t 0.10522698611 0.0314044877887 0.112105406821 0.0969766452909
h 1.0 1.0 1.0 1.0
c 0.811674535275
Aa 0.399482190609 0.872233092785 0.758348762989 0.402463585138
Ab 0.504342734814 1.20649492741 0.962248682976 0.61874884367
Ad 1.79689157009 0.202904433012 1.49373853207 1.84201192856
Ag 0.171342864633 1.15464186668 0.926119267941 0.240405648947
At 0.914471030235 0.106474913657 0.837707936764 0.922654092312
as 0.0561797767878 0.739130437374 0.566037714481 0.0
bs 0.023809524253 0.814814805984 0.759999990463 0.25
ds 0.854166686535 0.0 0.684210538864 0.900763332844
gs 0.0 0.391304343939 0.451612889767 0.0
ts 0.705882370472 0.241935476661 0.428571432829 0.47297295928
eeg 843.874938965 865.259643555 827.425109863 838.940002441
eeg 835.650024414 832.360046387 819.200195312 837.29498291
eeg 848.809875488 838.940002441 809.330322266 837.29498291
eeg 843.874938965 817.555236816 794.525512695 838.940002441
eeg 847.164855957 830.715087891 824.135131836 834.005004883
eeg 857.034729004 873.484558105 830.715087891 829.070068359
eeg 863.614685059 840.584960938 812.620300293 825.780151367
eeg 853.744812012 850.454833984 814.265258789 824.135131836
eeg 855.389770508 858.679748535 797.815490723 827.425109863
eeg 850.454833984 829.070068359 786.300598145 819.200195312
eeg 850.454833984 832.360046387 797.815490723 822.49017334
eeg 853.744812012 817.555236816 802.750427246 835.650024414
eeg 860.324707031 843.874938965 822.49017334 829.070068359
eeg 853.744812012 832.360046387 787.945556641 832.360046387
eeg 853.744812012 865.259643555 802.750427246 835.650024414
eeg 858.679748535 835.650024414 776.430725098 842.229919434
eeg 857.034729004 834.005004883 796.170471191 845.519897461
eeg 857.034729004 838.940002441 794.525512695 847.164855957
eeg 857.034729004 822.49017334 784.655639648 847.164855957
eeg 858.679748535 827.425109863 769.850830078 850.454833984
eeg 860.324707031 835.650024414 787.945556641 847.164855957
eeg 860.324707031 850.454833984 787.945556641 840.584960938
a 0.0363169983029 0.180814817548 0.102046154439 0.0304336547852
b 0.0449119471014 0.407326489687 0.157923385501 0.0517364367843
d 0.791771292686 0.0369590446353 0.484520822763 0.795096337795
g 0.0204560533166 0.34521985054 0.144816502929 0.0218492206186
t 0.106543712318 0.029679780826 0.110693119466 0.100884333253
h 1.0 1.0 1.0 1.0
c 0.795295715332
Aa 0.430436193943 0.872233092785 0.78076338768 0.399093389511
Ab 0.522688150406 1.2249417305 0.970413148403 0.629535794258
Ad 1.76892602444 0.182719796896 1.45727920532 1.81615900993
Ag 0.181148096919 1.15309488773 0.932784795761 0.255175232887
At 0.897854089737 0.0874597504735 0.816087305546 0.919562995434
as 0.0795454531908 0.739130437374 0.615384638309 0.0
bs 0.0714285746217 0.888888895512 0.800000011921 0.272727280855
ds 0.840277791023 0.0 0.631578922272 0.87786257267
gs 0.0 0.391304343939 0.483870953321 0.0384615398943
ts 0.676470577717 0.233870968223 0.394736856222 0.47297295928
eeg 858.679748535 832.360046387 781.365661621 840.584960938
eeg 878.419494629 819.200195312 784.655639648 865.259643555
eeg 873.484558105 834.005004883 799.460449219 868.549621582
eeg 858.679748535 796.170471191 779.720703125 858.679748535
eeg 860.324707031 827.425109863 812.620300293 866.904663086
eeg 871.839599609 878.419494629 822.49017334 858.679748535
eeg 873.484558105 825.780151367 769.850830078 871.839599609
eeg 865.259643555 822.49017334 783.010620117 870.194580078
eeg 865.259643555 801.105407715 787.945556641 878.419494629
eeg 860.324707031 829.070068359 804.395385742 880.064453125
eeg 865.259643555 827.425109863 791.235534668 873.484558105
eeg 863.614685059 852.09979248 797.815490723 878.419494629
eeg 860.324707031 822.49017334 756.690979004 876.774536133
eeg 866.904663086 809.330322266 769.850830078 876.774536133
eeg 876.774536133 865.259643555 804.395385742 876.774536133
eeg 871.839599609 824.135131836 763.270874023 875.129516602
eeg 878.419494629 822.49017334 764.91583252 886.64440918
eeg 886.64440918 837.29498291 768.205810547 899.804260254
eeg 881.709472656 848.809875488 779.720703125 898.159240723
eeg 883.354431152 850.454833984 764.91583252 889.934387207
eeg 878.419494629 845.519897461 776.430725098 884.999450684
eeg 860.324707031 822.49017334 761.625915527 891.579345703
a 0.0417148247361 0.177044898272 0.108611442149 0.0347418934107
b 0.0495846644044 0.417111963034 0.164228543639 0.0552252829075
d 0.773142695427 0.0413921736181 0.468526184559 0.775304794312
g 0.0223336815834 0.33670938015 0.149307668209 0.023457121104
t 0.113224118948 0.0277415551245 0.109326153994 0.111270911992
h 1.0 1.0 1.0 1.0
c 0.779559195042
Aa 0.468040496111 0.872233092785 0.803777515888 0.441775023937
Ab 0.543097436428 1.24440228939 0.98335057497 0.643059492111
Ad 1.73600971699 0.241067901254 1.43863582611 1.79039394855
Ag 0.196710392833 1.15140485764 0.941984057426 0.271196246147
At 0.901689052582 0.0672804564238 0.806626021862 0.947303175926
as 0.125 0.739130437374 0.653846144676 0.0434782616794
bs 0.119047619402 0.962962985039 0.839999973774 0.295454531908
ds 0.8125 0.0 0.618421077728 0.862595438957
gs 0.0 0.391304343939 0.516129016876 0.115384615958
ts 0.691176474094 0.219512194395 0.381578952074 0.5
eeg 857.034729004 819.200195312 776.430725098 891.579345703
eeg 858.679748535 847.164855957 784.655639648 886.64440918
eeg 866.904663086 822.49017334 769.850830078 909.674133301
eeg 870.194580078 842.229919434 791.235534668 908.029174805
eeg 860.324707031 802.750427246 751.75604248 889.934387207
eeg 865.259643555 822.49017334 781.365661621 894.86932373
eeg 866.904663086 845.519897461 783.010620117 883.354431152
eeg 876.774536133 865.259643555 787.945556641 893.224304199
eeg 880.064453125 850.454833984 771.495788574 909.674133301
eeg 881.709472656 837.29498291 784.655639648 906.384155273
eeg 871.839599609 855.389770508 794.525512695 903.094238281
eeg 866.904663086 847.164855957 796.170471191 909.674133301
eeg 866.904663086 837.29498291 786.300598145 903.094238281
eeg 852.09979248 820.845214844 769.850830078 886.64440918
eeg 847.164855957 796.170471191 771.495788574 881.709472656
eeg 838.940002441 809.330322266 781.365661621 881.709472656
eeg 850.454833984 850.454833984 810.975280762 871.839599609
eeg 852.09979248 857.034729004 794.525512695 858.679748535
eeg 829.070068359 840.584960938 759.980895996 861.969726562
eeg 834.005004883 878.419494629 802.750427246 850.454833984
eeg 827.425109863 845.519897461 761.625915527 852.09979248
eeg 827.425109863 845.519897461 773.14074707 845.519897461
a 0.0495443157852 0.171793431044 0.116376161575 0.0393363386393
b 0.0542795658112 0.424245327711 0.164347276092 0.057485550642
d 0.747597157955 0.0535977445543 0.462395846844 0.755026996136
g 0.0246016643941 0.324151456356 0.147081166506 0.02433090657
t 0.123977318406 0.026212066412 0.109799534082 0.123820237815
h 1.0 1.0 1.0 1.0
c 0.765007555485
Aa 0.526571512222 0.872233092785 0.85005658865 0.495486825705
Ab 0.566214025021 1.26484358311 0.999955058098 0.660251557827
Ad 1.70524525642 0.366373062134 1.44920647144 1.77865540981
Ag 0.222542151809 1.14797449112 0.951749622822 0.286851197481
At 0.924919903278 0.0557278096676 0.824793100357 0.99348449707
as 0.181818187237 0.739130437374 0.75 0.0989011004567
bs 0.170731708407 1.0 0.920000016689 0.340909093618
ds 0.791666686535 0.0 0.631578922272 0.84732824564
gs 0.103448279202 0.347826093435 0.566666662693 0.153846159577
ts 0.716417908669 0.196721315384 0.407894730568 0.567567586899
eeg 830.715087891 850.454833984 781.365661621 837.29498291
eeg 822.49017334 852.09979248 799.460449219 838.940002441
eeg 809.330322266 842.229919434 794.525512695 824.135131836
eeg 806.040344238 814.265258789 779.720703125 822.49017334
eeg 796.170471191 848.809875488 799.460449219 807.68536377
eeg 794.525512695 817.555236816 769.850830078 801.105407715
eeg 797.815490723 847.164855957 806.040344238 797.815490723
eeg 802.750427246 845.519897461 797.815490723 797.815490723
eeg 806.040344238 825.780151367 774.785766602 804.395385742
eeg 801.105407715 850.454833984 783.010620117 809.330322266
eeg 791.235534668 837.29498291 776.430725098 806.040344238
eeg 797.815490723 830.715087891 792.880554199 814.265258789
eeg 814.265258789 865.259643555 812.620300293 814.265258789
eeg 819.200195312 855.389770508 796.170471191 817.555236816
eeg 812.620300293 881.709472656 820.845214844 830.715087891
eeg 807.68536377 837.29498291 787.945556641 830.715087891
eeg 802.750427246 843.874938965 804.395385742 835.650024414
eeg 801.105407715 829.070068359 787.945556641 837.29498291
eeg 796.170471191 860.324707031 809.330322266 834.005004883
eeg 806.040344238 845.519897461 787.945556641 848.809875488
eeg 810.975280762 845.519897461 807.68536377 860.324707031
eeg 825.780151367 883.354431152 832.360046387 847.164855957
a 0.0610412694514 0.165887191892 0.122610747814 0.0386319719255
b 0.0587647594512 0.428908824921 0.157806232572 0.0575934052467
d 0.718558490276 0.0720723718405 0.467414706945 0.753607451916
g 0.0269675515592 0.308051228523 0.139136135578 0.0243103578687
t 0.134667947888 0.025080403313 0.113032199442 0.12585683167
h 1.0 1.0 1.0 1.0
c 0.75140440464
Aa 0.610864400864 0.872233092785 0.905631780624 0.488784521818
Ab 0.594357848167 1.28478515148 1.01522743702 0.662210404873
Ad 1.68170297146 0.510189056396 1.4868055582 1.77898287773
Ag 0.256082385778 1.14104318619 0.96054315567 0.287629008293
At 0.954505085945 0.0517547503114 0.870305418968 1.001714468
as 0.284090906382 0.739130437374 0.846153855324 0.10000000149
bs 0.243902444839 1.0 0.959999978542 0.340909093618
ds 0.783216774464 0.103174604475 0.671052634716 0.854961812496
gs 0.178571432829 0.347826093435 0.600000023842 0.192307695746
ts 0.761194050312 0.196721315384 0.466666668653 0.575342476368
eeg 819.200195312 865.259643555 810.975280762 855.389770508
eeg 832.360046387 891.579345703 820.845214844 853.744812012
eeg 830.715087891 855.389770508 789.590576172 855.389770508
eeg 830.715087891 834.005004883 794.525512695 860.324707031
eeg 834.005004883 860.324707031 817.555236816 850.454833984
eeg 835.650024414 883.354431152 820.845214844 842.229919434
eeg 837.29498291 855.389770508 802.750427246 845.519897461
eeg 835.650024414 898.159240723 824.135131836 834.005004883
eeg 825.780151367 858.679748535 807.68536377 834.005004883
eeg 830.715087891 860.324707031 829.070068359 834.005004883
eeg 819.200195312 855.389770508 825.780151367 817.555236816
eeg 815.91027832 861.969726562 814.265258789 822.49017334
eeg 819.200195312 845.519897461 815.91027832 822.49017334
eeg 830.715087891 875.129516602 834.005004883 835.650024414
eeg 830.715087891 865.259643555 848.809875488 835.650024414
eeg 817.555236816 832.360046387 834.005004883 814.265258789
eeg 814.265258789 837.29498291 824.135131836 820.845214844
eeg 822.49017334 873.484558105 853.744812012 814.265258789
eeg 832.360046387 876.774536133 853.744812012 832.360046387
eeg 834.005004883 860.324707031 845.519897461 838.940002441
eeg 842.229919434 868.549621582 843.874938965 835.650024414
eeg 852.09979248 837.29498291 814.265258789 863.614685059
a 0.0678950548172 0.160291954875 0.127586379647 0.0380272567272
b 0.0631538033485 0.431474387646 0.146682545543 0.056969512254
d 0.697891831398 0.0936737805605 0.479331552982 0.752880692482
g 0.0291402693838 0.290506958961 0.128982007504 0.023797987029
t 0.14191904664 0.0240529030561 0.117417529225 0.128324538469
h 1.0 1.0 1.0 1.0
c 0.738672971725
Aa 0.657679617405 0.872233092785 0.964152693748 0.488784521818
Ab 0.626240968704 1.30227637291 1.02472674847 0.664332032204
Ad 1.66962957382 0.638939380646 1.53898441792 1.78541564941
Ag 0.290335029364 1.13047790527 0.968877494335 0.285229742527
At 0.977882146835 0.0484888516366 0.928081274033 1.01699924469
as 0.340909093618 0.739130437374 0.960784316063 0.0898876413703
bs 0.31707316637 1.0 1.0 0.340909093618
ds 0.776223778725 0.206349208951 0.75 0.854961812496
gs 0.321428567171 0.304347813129 0.633333325386 0.153846159577
ts 0.791044771671 0.196721315384 0.540540516376 0.589041113853
eeg 837.29498291 837.29498291 825.780151367 868.549621582
eeg 853.744812012 896.514282227 873.484558105 861.969726562
eeg 863.614685059 875.129516602 837.29498291 876.774536133
eeg 853.744812012 858.679748535 822.49017334 876.774536133
eeg 857.034729004 842.229919434 829.070068359 883.354431152
eeg 848.809875488 832.360046387 819.200195312 873.484558105
eeg 843.874938965 842.229919434 832.360046387 868.549621582
eeg 847.164855957 858.679748535 853.744812012 865.259643555
eeg 843.874938965 832.360046387 838.940002441 868.549621582
eeg 843.874938965 819.200195312 847.164855957 861.969726562
eeg 848.809875488 847.164855957 845.519897461 852.09979248
eeg 853.744812012 861.969726562 835.650024414 855.389770508
eeg 860.324707031 847.164855957 819.200195312 866.904663086
eeg 861.969726562 848.809875488 815.91027832 865.259643555
eeg 855.389770508 807.68536377 802.750427246 861.969726562
eeg 847.164855957 825.780151367 797.815490723 865.259643555
eeg 850.454833984 840.584960938 801.105407715 857.034729004
eeg 863.614685059 809.330322266 809.330322266 858.679748535
eeg 853.744812012 835.650024414 817.555236816 861.969726562
eeg 852.09979248 837.29498291 812.620300293 858.679748535
eeg 866.904663086 845.519897461 815.91027832 860.324707031
eeg 861.969726562 832.360046387 810.975280762 868.549621582
a 0.0702220574021 0.153782486916 0.124402664602 0.0371246114373
b 0.0665835365653 0.432342410088 0.135115608573 0.0561007112265
d 0.688478529453 0.115576438606 0.49981200695 0.753062427044
g 0.0306521952152 0.275380402803 0.12080360204 0.0229978188872
t 0.144063696265 0.0229182578623 0.119866102934 0.130714416504
h 1.0 1.0 1.0 1.0
c 0.726836144924
Aa 0.681263148785 0.866736352444 0.990807175636 0.488784521818
Ab 0.658156454563 1.31565737724 1.02668309212 0.668090999126
Ad 1.67268002033 0.742698788643 1.5947842598 1.7959536314
Ag 0.321251183748 1.11976253986 0.978057384491 0.280809253454
At 0.993344128132 0.0400111116469 0.97467392683 1.03544604778
as 0.363636374474 0.717391312122 1.0 0.0898876413703
bs 0.414634138346 1.0 1.0 0.363636374474
ds 0.776223778725 0.285714298487 0.815789461136 0.862595438957
gs 0.428571432829 0.227272734046 0.666666686535 0.153846159577
ts 0.820895493031 0.188524588943 0.602739751339 0.61643832922
eeg 876.774536133 848.809875488 820.845214844 875.129516602
eeg 878.419494629 837.29498291 802.750427246 875.129516602
eeg 866.904663086 868.549621582 819.200195312 860.324707031
eeg 883.354431152 860.324707031 783.010620117 878.419494629
eeg 891.579345703 835.650024414 769.850830078 886.64440918
eeg 893.224304199 824.135131836 759.980895996 888.289367676
eeg 896.514282227 819.200195312 766.560852051 906.384155273
eeg 901.44921875 834.005004883 797.815490723 906.384155273
eeg 904.739196777 852.09979248 815.91027832 917.899047852
eeg 921.188964844 842.229919434 810.975280762 935.993835449
eeg 919.544006348 835.650024414 779.720703125 926.123962402
eeg 901.44921875 819.200195312 781.365661621 911.319091797
eeg 909.674133301 835.650024414 804.395385742 916.25402832
eeg 909.674133301 824.135131836 794.525512695 916.25402832
eeg 901.44921875 868.549621582 827.425109863 904.739196777
eeg 889.934387207 838.940002441 787.945556641 899.804260254
eeg 888.289367676 824.135131836 789.590576172 896.514282227
eeg 889.934387207 835.650024414 796.170471191 891.579345703
eeg 883.354431152 835.650024414 787.945556641 886.64440918
eeg 886.64440918 842.229919434 779.720703125 893.224304199
eeg 896.514282227 852.09979248 792.880554199 899.804260254
eeg 886.64440918 830.715087891 792.880554199 894.86932373
a 0.070116750896 0.139691784978 0.118135116994 0.0361696742475
b 0.0679247453809 0.433389037848 0.12473641336 0.0554497465491
d 0.688687205315 0.13789242506 0.524269640446 0.754579484463
g 0.0313418470323 0.266771018505 0.115229159594 0.0221305247396
t 0.141929447651 0.0222557447851 0.117629684508 0.131670564413
h 1.0 1.0 1.0 1.0
c 0.715572834015
Aa 0.699531793594 0.832652270794 0.999022483826 0.488784521818
Ab 0.685738027096 1.32435941696 1.0226367712 0.674339473248
Ad 1.69173204899 0.827021896839 1.6461981535 1.80814492702
Ag 0.34983459115 1.1136200428 0.988205909729 0.275431632996
At 1.00578248501 0.0349235869944 0.997160434723 1.04992866516
as 0.386363625526 0.652173936367 1.0 0.0898876413703
bs 0.463414639235 1.0 1.0 0.363636374474
ds 0.790209770203 0.349206358194 0.881578922272 0.870229005814
gs 0.535714268684 0.181818187237 0.699999988079 0.115384615958
ts 0.835820913315 0.180327862501 0.630136966705 0.643835604191
eeg 875.129516602 847.164855957 786.300598145 871.839599609
eeg 875.129516602 822.49017334 783.010620117 878.419494629
eeg 873.484558105 847.164855957 804.395385742 870.194580078
eeg 866.904663086 820.845214844 778.075683594 866.904663086
eeg 860.324707031 840.584960938 814.265258789 865.259643555
eeg 861.969726562 886.64440918 838.940002441 848.809875488
eeg 857.034729004 842.229919434 794.525512695 843.874938965
eeg 858.679748535 820.845214844 801.105407715 863.614685059
eeg 845.519897461 815.91027832 799.460449219 855.389770508
eeg 853.744812012 822.49017334 802.750427246 860.324707031
eeg 850.454833984 857.034729004 822.49017334 852.09979248
eeg 855.389770508 853.744812012 812.620300293 850.454833984
eeg 853.744812012 829.070068359 799.460449219 850.454833984
eeg 850.454833984 838.940002441 802.750427246 845.519897461
eeg 845.519897461 850.454833984 848.809875488 840.584960938
eeg 848.809875488 840.584960938 843.874938965 835.650024414
eeg 842.229919434 847.164855957 845.519897461 822.49017334
eeg 855.389770508 850.454833984 835.650024414 830.715087891
eeg 855.389770508 812.620300293 797.815490723 852.09979248
eeg 857.034729004 832.360046387 850.454833984 857.034729004
eeg 860.324707031 838.940002441 850.454833984 847.164855957
eeg 843.874938965 837.29498291 825.780151367 834.005004883
a 0.0720229148865 0.111082337797 0.115129821002 0.0354568175972
b 0.0671177357435 0.436096131802 0.123424947262 0.055513959378
d 0.690549194813 0.162668913603 0.529871821404 0.755474507809
g 0.0313912853599 0.267196148634 0.11449611187 0.0215329620987
t 0.138918891549 0.0229564700276 0.117077291012 0.132021784782
h 1.0 1.0 1.0 1.0
c 0.704784452915
Aa 0.737991213799 0.734589040279 0.999022483826 0.488784521818
Ab 0.707357823849 1.32852625847 1.02923762798 0.683486998081
Ad 1.71971511841 0.900248646736 1.6620054245 1.81730461121
Ag 0.377329617739 1.11577427387 0.996625423431 0.272188574076
At 1.02328181267 0.0498491823673 1.00630736351 1.05973041058
as 0.431818187237 0.434782594442 1.0 0.0898876413703
bs 0.512195110321 1.0 1.0 0.414634138346
ds 0.809859156609 0.412698417902 0.907894730568 0.87786257267
gs 0.592592597008 0.181818187237 0.699999988079 0.115384615958
ts 0.865671634674 0.196721315384 0.643835604191 0.657534241676
eeg 850.454833984 842.229919434 837.29498291 843.874938965
eeg 853.744812012 876.774536133 853.744812012 835.650024414
eeg 876.774536133 852.09979248 827.425109863 865.259643555
eeg 863.614685059 819.200195312 814.265258789 858.679748535
eeg 863.614685059 883.354431152 853.744812012 843.874938965
eeg 875.129516602 829.070068359 802.750427246 868.549621582
eeg 880.064453125 837.29498291 838.940002441 875.129516602
eeg 889.934387207 875.129516602 852.09979248 881.709472656
eeg 876.774536133 848.809875488 810.975280762 880.064453125
eeg 876.774536133 843.874938965 815.91027832 865.259643555
eeg 891.579345703 878.419494629 855.389770508 870.194580078
eeg 873.484558105 860.324707031 835.650024414 853.744812012
eeg 866.904663086 848.809875488 835.650024414 861.969726562
eeg 866.904663086 858.679748535 845.519897461 870.194580078
eeg 860.324707031 820.845214844 801.105407715 871.839599609
eeg 860.324707031 842.229919434 827.425109863 876.774536133
eeg 858.679748535 857.034729004 843.874938965 873.484558105
eeg 858.679748535 837.29498291 834.005004883 876.774536133
eeg 865.259643555 858.679748535 832.360046387 875.129516602
eeg 852.09979248 824.135131836 806.040344238 873.484558105
eeg 850.454833984 852.09979248 845.519897461 866.904663086
eeg 843.874938965 878.419494629 845.519897461 857.034729004
a 0.0750701203942 0.0913671925664 0.111434027553 0.0353263281286
b 0.0649709403515 0.428624391556 0.120193630457 0.0565369613469
d 0.690407454967 0.186239466071 0.539602100849 0.754104912281
g 0.0310813002288 0.269165694714 0.114073045552 0.0214416068047
t 0.138470187783 0.024603266269 0.11469719559 0.132590219378
h 1.0 1.0 1.0 1.0
c 0.704784452915
Aa 0.785435199738 0.657454013824 0.999022483826 0.488784521818
Ab 0.722687244415 1.32874059677 1.03188610077 0.693018496037
Ad 1.74907362461 0.966735482216 1.68407833576 1.81811773777
Ag 0.402467280626 1.12668347359 1.00918769836 0.271943330765
At 1.05132436752 0.0876565352082 1.01155745983 1.06319749355
as 0.477272719145 0.260869562626 1.0 0.0898876413703
bs 0.56097561121 1.0 1.0 0.43902438879
ds 0.83098590374 0.460317462683 0.934210538864 0.87786257267
gs 0.703703701496 0.227272734046 0.766666650772 0.115384615958
ts 0.909090936184 0.229508191347 0.652777791023 0.657534241676
eeg 837.29498291 871.839599609 842.229919434 847.164855957
eeg 830.715087891 853.744812012 825.780151367 838.940002441
eeg 822.49017334 850.454833984 820.845214844 827.425109863
eeg 824.135131836 840.584960938 827.425109863 825.780151367
eeg 820.845214844 847.164855957 829.070068359 819.200195312
eeg 814.265258789 840.584960938 812.620300293 825.780151367
eeg 801.105407715 840.584960938 809.330322266 812.620300293
eeg 789.590576172 806.040344238 804.395385742 812.620300293
eeg 794.525512695 848.809875488 840.584960938 812.620300293
eeg 810.975280762 861.969726562 832.360046387 824.135131836
eeg 814.265258789 868.549621582 843.874938965 829.070068359
eeg 830.715087891 861.969726562 834.005004883 843.874938965
eeg 835.650024414 838.940002441 820.845214844 852.09979248
eeg 847.164855957 866.904663086 852.09979248 855.389770508
eeg 853.744812012 871.839599609 855.389770508 861.969726562
eeg 845.519897461 850.454833984 848.809875488 860.324707031
eeg 852.09979248 832.360046387 832.360046387 871.839599609
eeg 853.744812012 857.034729004 848.809875488 871.839599609
eeg 852.09979248 855.389770508 847.164855957 866.904663086
eeg 858.679748535 852.09979248 838.940002441 880.064453125
eeg 870.194580078 870.194580078 870.194580078 865.259643555
eeg 860.324707031 825.780151367 802.750427246 875.129516602
a 0.0769024118781 0.0787877067924 0.105317100883 0.0359844192863
b 0.0677324607968 0.414421349764 0.11336863786 0.0586028583348
d 0.680893659592 0.208199992776 0.564660072327 0.746962964535
g 0.0329097509384 0.271894603968 0.110632836819 0.0221099685878
t 0.141561746597 0.0266963448375 0.106021374464 0.13633979857
h 1.0 1.0 1.0 1.0
c 0.704784452915
Aa 0.785435199738 0.604502797127 0.999022483826 0.488784521818
Ab 0.730292141438 1.32548654079 1.031016469 0.700588822365
Ad 1.7325745821 1.0265250206 1.72831070423 1.80596911907
Ag 0.416819870472 1.14244496822 1.0204076767 0.27725815773
At 1.0504411459 0.134496167302 1.00191700459 1.06729269028
as 0.477272719145 0.152173906565 1.0 0.0898876413703
bs 0.585365831852 1.0 1.0 0.463414639235
ds 0.816901385784 0.512000024319 0.986842095852 0.869230747223
gs 0.740740716457 0.318181812763 0.800000011921 0.115384615958
ts 0.909090936184 0.26229506731 0.638888895512 0.657534241676
eeg 843.874938965 842.229919434 812.620300293 873.484558105
eeg 842.229919434 843.874938965 825.780151367 852.09979248
eeg 843.874938965 827.425109863 830.715087891 855.389770508
eeg 843.874938965 843.874938965 843.874938965 857.034729004
eeg 850.454833984 853.744812012 842.229919434 857.034729004
eeg 847.164855957 870.194580078 848.809875488 835.650024414
eeg 853.744812012 845.519897461 814.265258789 840.584960938
eeg 866.904663086 837.29498291 832.360046387 850.454833984
eeg 855.389770508 827.425109863 806.040344238 855.389770508
eeg 857.034729004 834.005004883 806.040344238 847.164855957
eeg 865.259643555 829.070068359 817.555236816 840.584960938
eeg 863.614685059 852.09979248 802.750427246 840.584960938
