a 0.23805822432 0.0939742922783 0.238049954176 0.169104650617
b 0.0669040903449 0.0488175190985 0.150546565652 0.0410545803607
d 0.442445248365 0.625147819519 0.343358129263 0.481809645891
g 0.0244913734496 0.0224394798279 0.0834952220321 0.0635551959276
t 0.228101059794 0.209620893002 0.184550121427 0.24447594583
h 1.0 1.0 1.0 1.0
c 0.802291929722 0 0 0
Aa 0.994387388229 0.186706885695 -0.0714406445622 0.767674446106
Ab 0.443156868219 -0.0977265015244 -0.270437866449 0.152880549431
Ad 1.26356375217 1.00968050957 0.0876385942101 1.22239434719
Ag 0.00671734847128 -0.435289412737 -0.526447117329 0.342669963837
At 0.975831508636 0.535132408142 -0.181994393468 0.927755057812
as 0.792079210281 0.0 0.210526317358 0.675675690174
bs 0.591836750507 0.0599999986589 0.103448279202 0.0232558138669
ds 0.770992338657 0.287671238184 0.0 0.764331221581
gs 0.0192307699472 0.113636367023 0.0 0.809523820877
ts 0.780487775803 0.192307695746 0.0 0.729323327541
a 0.214317262173 0.0901709645987 0.227503404021 0.15796226263
b 0.0561675392091 0.0488628931344 0.139297276735 0.0353218987584
d 0.477951407433 0.628278076649 0.357143759727 0.500091612339
g 0.020429302007 0.0217028707266 0.0829684510827 0.0547806918621
t 0.231134489179 0.210985198617 0.193087100983 0.251843541861
h 1.0 1.0 1.0 1.0
c 0.802291929722 0 0 0
Aa 1.04124510288 0.186706885695 -0.0714406445622 0.792469322681
Ab 0.459673374891 -0.0793806537986 -0.284485936165 0.14195998013
Ad 1.38957166672 1.02979207039 0.124414540827 1.29296553135
Ag 0.0204414930195 -0.431842654943 -0.509515523911 0.332543462515
At 1.07405269146 0.555892169476 -0.142675280571 0.99504673481
as 0.841584146023 0.0 0.210526317358 0.702702701092
bs 0.632653057575 0.102040819824 0.0344827584922 0.0
ds 0.870229005814 0.315068483353 0.0 0.808917224407
gs 0.0576923079789 0.136363640428 0.0 0.785714268684
ts 0.861788630486 0.217948719859 0.045977011323 0.781954884529
a 0.199864432216 0.0842642784119 0.215120658278 0.15161266923
b 0.0466121844947 0.0481161735952 0.129368469119 0.0303388796747
d 0.506124377251 0.641819417477 0.371092587709 0.521029472351
g 0.0172777418047 0.0217811651528 0.0851634964347 0.044059433043
t 0.230121269822 0.204018980265 0.199254795909 0.252959549427
h 1.0 1.0 1.0 1.0
c 0.802291929722 0 0 0
Aa 1.11074960232 0.186706885695 -0.0714406445622 0.862236857414
Ab 0.478513538837 -0.0566455461085 -0.292294323444 0.163500890136
Ad 1.51427137852 1.0684762001 0.165359511971 1.39836359024
Ag 0.0475010797381 -0.400855511427 -0.473869293928 0.325540274382
At 1.17197084427 0.570733964443 -0.104713976383 1.08455240726
as 0.910891115665 0.0 0.210526317358 0.765765786171
bs 0.673469364643 0.125 0.0344827584922 0.0465116277337
ds 0.961832046509 0.375 0.0105263162404 0.87261146307
gs 0.115384615958 0.204545453191 0.0833333358169 0.761904776096
ts 0.943089425564 0.243589743972 0.0804597735405 0.849624037743
a 0.190568372607 0.0802483931184 0.204908654094 0.137848868966
b 0.0444178283215 0.0474362075329 0.122960455716 0.0282875802368
d 0.514715194702 0.653757095337 0.380633443594 0.545713603497
g 0.0169638115913 0.0241172127426 0.0887297764421 0.0373619608581
t 0.233334794641 0.194441094995 0.202767670155 0.250787973404
h 1.0 1.0 1.0 1.0
c 0.802291929722 0 0 0
Aa 1.11074960232 0.196513965726 -0.0714406445622 0.894240617752
Ab 0.478256106377 -0.0318124070764 -0.293235480785 0.206433176994
Ad 1.54226577282 1.10749399662 0.197506025434 1.49180221558
Ag 0.0602222196758 -0.325595229864 -0.43493154645 0.327267050743
At 1.19867837429 0.580865681171 -0.0760022252798 1.15414404869
as 0.910891115665 0.0 0.210526317358 0.792792797089
bs 0.666666686535 0.1875 0.0344827584922 0.139534890652
ds 0.984615385532 0.416666656733 0.0526315793395 0.936305761337
gs 0.134615391493 0.37209302187 0.194444447756 0.761904776096
ts 0.967479646206 0.256410270929 0.114942528307 0.902255654335
a 0.180449277163 0.0755014196038 0.200306206942 0.130672752857
b 0.0422178097069 0.0481614731252 0.119973674417 0.0274115689099
d 0.523995757103 0.658683001995 0.38409858942 0.552667975426
g 0.0164647568017 0.0296643655747 0.0917927101254 0.0357096977532
t 0.236872375011 0.187989756465 0.203828826547 0.253538042307
h 1.0 1.0 1.0 1.0
c 0.802291929722 0 0 0
Aa 1.11074960232 0.191663429141 -0.0650438219309 0.894240617752
Ab 0.479890167713 -0.00359193165787 -0.287652254105 0.215989455581
Ad 1.57372224331 1.13238477707 0.217704489827 1.52051985264
Ag 0.0709497928619 -0.214056611061 -0.403930038214 0.330841749907
At 1.22890889645 0.587842524052 -0.0574726127088 1.1820987463
as 0.910891115665 0.0 0.210526317358 0.792792797089
bs 0.666666686535 0.229166671634 0.0344827584922 0.162790700793
ds 1.0 0.458333343267 0.0736842080951 0.955413997173
gs 0.153846159577 0.62790697813 0.277777791023 0.780487775803
ts 0.991869926453 0.269230782986 0.137931033969 0.924812018871
a 0.169882550836 0.0734134688973 0.203807502985 0.12318700552
b 0.0405944548547 0.0509340316057 0.119258902967 0.026747873053
d 0.533232033253 0.65163820982 0.381451964378 0.559820055962
g 0.0158273819834 0.0388534665108 0.092998072505 0.033837467432
t 0.240463599563 0.185160845518 0.202483564615 0.256407618523
h 1.0 1.0 1.0 1.0
c 0.802291929722 0 0 0
Aa 1.11074960232 0.190516203642 -0.0430921539664 0.894240617752
Ab 0.489067524672 0.0317484997213 -0.275821506977 0.230964958668
Ad 1.60751700401 1.13874697685 0.229127526283 1.55172419548
Ag 0.0800098925829 -0.0858297795057 -0.383838355541 0.333073556423
At 1.26165020466 0.592289626598 -0.0459225438535 1.21260654926
as 0.910891115665 0.0 0.263157904148 0.792792797089
bs 0.6875 0.3125 0.0689655169845 0.209302321076
ds 1.0 0.472222208977 0.0842105299234 0.974522292614
gs 0.173076927662 0.930232584476 0.333333343267 0.780487775803
ts 1.0 0.259740263224 0.149425283074 0.947368443012
a 0.158940508962 0.0728212893009 0.200596019626 0.115577705204
b 0.0394162535667 0.0560664534569 0.121282324195 0.0262237172574
d 0.542607665062 0.634881138802 0.383897215128 0.567094564438
g 0.0150989796966 0.0515085086226 0.093255020678 0.0317951478064
t 0.243936613202 0.184722587466 0.200969427824 0.259308904409
h 1.0 1.0 1.0 1.0
c 0.802291929722 0 0 0
Aa 1.11074960232 0.192028686404 -0.0383311845362 0.894240617752
Ab 0.505190372467 0.0784734264016 -0.256856024265 0.250060766935
Ad 1.64400088787 1.13246273994 0.243561446667 1.58502197266
Ag 0.0884626209736 0.0416493006051 -0.370981305838 0.333727359772
At 1.29679203033 0.59629034996 -0.0375235266984 1.2451839447
as 0.910891115665 0.0 0.289473682642 0.792792797089
bs 0.695652186871 0.416666656733 0.137931033969 0.255813956261
ds 1.0 0.450704216957 0.0851063802838 0.993630588055
gs 0.192307695746 1.0 0.388888895512 0.780487775803
ts 1.0 0.25 0.162790700793 0.969924807549
a 0.14764021337 0.0711265429854 0.201305314898 0.107848323882
b 0.0382782965899 0.0639230906963 0.122301623225 0.0257958192378
d 0.552188098431 0.613953530788 0.389759302139 0.574619174004
g 0.0143581395969 0.0667767375708 0.0908907204866 0.0296924039721
t 0.247535273433 0.184220060706 0.195743054152 0.262044250965
h 1.0 1.0 1.0 1.0
c 0.802291929722 0 0 0
Aa 1.11074960232 0.185668289661 -0.0154488738626 0.894240617752
Ab 0.524497568607 0.139294400811 -0.231871902943 0.272976517677
Ad 1.68363201618 1.12177217007 0.271492362022 1.62080729008
Ag 0.098643116653 0.158261820674 -0.360784560442 0.334072560072
At 1.33518207073 0.598973572254 -0.0276177544147 1.27980184555
as 0.910891115665 0.0 0.324324309826 0.792792797089
bs 0.739130437374 0.541666686535 0.24137930572 0.302325576544
ds 1.0 0.436619728804 0.118279568851 1.0
gs 0.211538463831 1.0 0.416666656733 0.780487775803
ts 1.0 0.246575340629 0.174418598413 1.0
a 0.136004671454 0.0701625049114 0.19891050458 0.0999611094594
b 0.0366129800677 0.074145168066 0.122570633888 0.0252786818892
d 0.562467455864 0.592144191265 0.402189552784 0.582612812519
g 0.0135910296813 0.0827635228634 0.0870743468404 0.0275764111429
t 0.251323848963 0.180784612894 0.189254969358 0.264570951462
h 1.0 1.0 1.0 1.0
c 0.802291929722 0 0 0
Aa 1.11074960232 0.188212677836 0.00731911091134 0.894240617752
Ab 0.540830910206 0.212190449238 -0.202952176332 0.297163933516
Ad 1.72729325294 1.11453509331 0.313092172146 1.65978956223
Ag 0.110448174179 0.259946525097 -0.351448357105 0.334947258234
At 1.37742948532 0.599269032478 -0.0142912985757 1.3169516325
as 0.910891115665 0.0 0.405405402184 0.792792797089
bs 0.782608687878 0.6875 0.357142865658 0.348837196827
ds 1.0 0.422535210848 0.161290317774 1.0
gs 0.235294118524 1.0 0.444444447756 0.780487775803
ts 1.0 0.246575340629 0.186046510935 1.0
a 0.12406218797 0.0714009329677 0.194346562028 0.0919297486544
b 0.0341551676393 0.0857607424259 0.121679641306 0.0244548562914
d 0.574108421803 0.571715474129 0.417224556208 0.59155601263
g 0.0126925567165 0.0972777828574 0.082674831152 0.0253594703972
t 0.254981666803 0.173845097423 0.184074416757 0.266699910164
h 1.0 1.0 1.0 1.0
c 0.802291929722 0 0 0
Aa 1.11074960232 0.210377797484 0.0279586389661 0.894240617752
Ab 0.55056655407 0.289962470531 -0.175400331616 0.31914961338
Ad 1.7761040926 1.11385381222 0.359751611948 1.70278036594
Ag 0.120659291744 0.344687581062 -0.343244940042 0.334924697876
At 1.42361915112 0.596836388111 0.00437518395483 1.35680735111
as 0.910891115665 0.0 0.459459453821 0.792792797089
bs 0.804347813129 0.854166686535 0.428571432829 0.418604642153
ds 1.0 0.414285719395 0.215053766966 1.0
gs 0.254901975393 1.0 0.472222208977 0.800000011921
ts 1.0 0.232876718044 0.209302321076 1.0
a 0.111969590187 0.0687566772103 0.182021304965 0.0838638022542
b 0.0312328524888 0.0977263599634 0.120123267174 0.0232403129339
d 0.58696693182 0.560642302036 0.438910603523 0.601588606834
g 0.011546655558 0.109091594815 0.0788133516908 0.0228802319616
t 0.25828397274 0.163783073425 0.180131450295 0.268427073956
h 1.0 1.0 1.0 1.0
c 0.802291929722 0 0 0
Aa 1.11074960232 0.211928486824 0.0279586389661 0.894240617752
Ab 0.556261181831 0.364625304937 -0.152536451817 0.336908042431
Ad 1.83026313782 1.12329947948 0.410212486982 1.74996566772
Ag 0.124105758965 0.412404865026 -0.33556380868 0.330126464367
At 1.473747015 0.588882565498 0.0234259627759 1.399492383
as 0.910891115665 0.0 0.459459453821 0.792792797089
bs 0.822222232819 1.0 0.535714268684 0.452380955219
ds 1.0 0.428571432829 0.268817216158 1.0
gs 0.254901975393 1.0 0.472222208977 0.800000011921
ts 1.0 0.232876718044 0.232558146119 1.0
a 0.100169084966 0.0654921978712 0.17025822401 0.0760414749384
b 0.0284813456237 0.108119919896 0.116589047015 0.0216887649149
d 0.600276172161 0.559161126614 0.464177012444 0.61272507906
g 0.0101906107739 0.116997525096 0.0752421841025 0.0200989618897
t 0.260882794857 0.150229260325 0.17373354733 0.269445717335
h 1.0 1.0 1.0 1.0
c 0.802291929722 0 0 0
Aa 1.11074960232 0.211928486824 0.0283165257424 0.894240617752
Ab 0.564576387405 0.42964464426 -0.136133819818 0.349424898624
Ad 1.88836705685 1.14327585697 0.463892042637 1.80045568943
Ag 0.118216119707 0.463915616274 -0.326330155134 0.316363692284
At 1.52646136284 0.572493433952 0.0370921194553 1.44366133213
as 0.910891115665 0.0 0.459459453821 0.792792797089
bs 0.844444453716 1.0 0.571428596973 0.5
ds 1.0 0.457142859697 0.322580635548 1.0
gs 0.254901975393 1.0 0.5 0.75
ts 1.0 0.208333328366 0.255813956261 1.0
a 0.0892621055245 0.0623329915106 0.15935112536 0.0688470155001
b 0.0264828894287 0.115967825055 0.111964792013 0.0201011244208
d 0.614036560059 0.566159367561 0.49135991931 0.625284016132
g 0.00883676856756 0.121706672013 0.0725408196449 0.0171850491315
t 0.261381685734 0.133833110332 0.164783328772 0.268582820892
h 1.0 1.0 1.0 1.0
c 0.802291929722 0 0 0
Aa 1.11074960232 0.211928486824 0.0270010959357 0.894240617752
Ab 0.583047866821 0.481548041105 -0.126272574067 0.359575867653
Ad 1.94827675819 1.17014920712 0.516045689583 1.85243284702
Ag 0.106375969946 0.502524912357 -0.314771622419 0.291506260633
At 1.5773576498 0.543774068356 0.0415592268109 1.4854336977
as 0.910891115665 0.0 0.432432442904 0.792792797089
bs 0.888888895512 1.0 0.607142865658 0.536585390568
ds 1.0 0.5 0.37634408474 1.0
gs 0.215686276555 1.0 0.527777791023 0.699999988079
ts 1.0 0.166666671634 0.255813956261 1.0
a 0.0794516354799 0.061854083091 0.148737058043 0.0624027587473
b 0.0252984389663 0.121325574815 0.107980631292 0.0187811106443
d 0.626840114594 0.57453328371 0.517249047756 0.637584924698
g 0.00771900545806 0.124632015824 0.0713474228978 0.0143997287378
t 0.260690808296 0.117655023932 0.154685854912 0.26683151722
h 1.0 1.0 1.0 1.0
c 0.802291929722 0 0 0
Aa 1.11074960232 0.228100076318 0.0169377084821 0.894240617752
Ab 0.613740503788 0.520684063435 -0.122135609388 0.372758090496
Ad 2.00780344009 1.19604694843 0.558218240738 1.90357482433
Ag 0.0982081219554 0.532361328602 -0.302103191614 0.257391124964
At 1.62677252293 0.507342159748 0.0339691191912 1.52527391911
as 0.910891115665 0.0307692307979 0.405405402184 0.792792797089
bs 0.955555558205 1.0 0.642857134342 0.56097561121
ds 1.0 0.528571426868 0.430107533932 1.0
gs 0.215686276555 1.0 0.583333313465 0.625
ts 1.0 0.111111111939 0.244186043739 1.0
a 0.0794516354799 0.0673459172249 0.142653852701 0.0572658441961
b 0.0252984389663 0.125382736325 0.105610713363 0.0182447265834
d 0.626840114594 0.575397968292 0.535798788071 0.648598432541
g 0.00771900545806 0.127444773912 0.0712867304683 0.0122191421688
t 0.260690808296 0.104428604245 0.144649907947 0.263671875
h 1.0 1.0 1.0 1.0
c 0.791776716709 0 0 0
Aa 1.11074960232 0.27934756875 0.00842612888664 0.894240617752
Ab 0.613740503788 0.549274027348 -0.122149392962 0.397482305765
Ad 2.00780344009 1.21100461483 0.583144366741 1.94832086563
Ag 0.0982081219554 0.556358337402 -0.292848676443 0.22338566184
At 1.62677252293 0.46985578537 0.0144607964903 1.55740869045
as 0.910891115665 0.107692308724 0.405405402184 0.792792797089
bs 0.955555558205 1.0 0.642857134342 0.634146332741
ds 1.0 0.557142853737 0.456521749496 1.0
gs 0.215686276555 1.0 0.62857145071 0.524999976158
ts 1.0 0.0563380271196 0.220930233598 1.0
a 0.0794516354799 0.0794740095735 0.136643797159 0.0572658441961
b 0.0252984389663 0.129495531321 0.10593277961 0.0182447265834
d 0.626840114594 0.562505066395 0.54851514101 0.648598432541
g 0.00771900545806 0.131498038769 0.0721613094211 0.0122191421688
t 0.260690808296 0.0970273390412 0.136746957898 0.263671875
h 1.0 1.0 1.0 1.0
c 0.781261444092 0 0 0
Aa 1.11074960232 0.35679474473 -0.0151449069381 0.894240617752
Ab 0.613740503788 0.568824350834 -0.125704437494 0.397482305765
Ad 2.00780344009 1.20669603348 0.588453829288 1.94832086563
Ag 0.0982081219554 0.575488865376 -0.292430371046 0.22338566184
At 1.62677252293 0.443463712931 -0.0148171391338 1.55740869045
as 0.910891115665 0.215384617448 0.324324309826 0.792792797089
bs 0.955555558205 1.0 0.607142865658 0.634146332741
ds 1.0 0.542857170105 0.467391312122 1.0
gs 0.215686276555 1.0 0.62857145071 0.524999976158
ts 1.0 0.0140845067799 0.178571432829 1.0
a 0.0794516354799 0.0914997979999 0.131179600954 0.0572658441961
b 0.0252984389663 0.135734394193 0.108428329229 0.0182447265834
d 0.626840114594 0.539319872856 0.55638897419 0.648598432541
g 0.00771900545806 0.138024404645 0.072706900537 0.0122191421688
t 0.260690808296 0.0954215154052 0.131296157837 0.263671875
h 1.0 1.0 1.0 1.0
c 0.770746171474 0 0 0
Aa 1.11074960232 0.410544067621 -0.0486643016338 0.894240617752
Ab 0.613740503788 0.581813871861 -0.131387859583 0.397482305765
Ad 2.00780344009 1.18097031116 0.578847885132 1.94832086563
Ag 0.0982081219554 0.589079797268 -0.304954975843 0.22338566184
At 1.62677252293 0.428770244122 -0.0482785925269 1.55740869045
as 0.910891115665 0.307692319155 0.243243247271 0.792792797089
bs 0.955555558205 1.0 0.607142865658 0.634146332741
ds 1.0 0.514285743237 0.456521749496 1.0
gs 0.215686276555 1.0 0.571428596973 0.524999976158
ts 1.0 0.0 0.142857149243 1.0
a 0.0794516354799 0.102694898844 0.138382598758 0.0572658441961
b 0.0252984389663 0.144119277596 0.110353432596 0.0182447265834
d 0.626840114594 0.508735477924 0.554463326931 0.648598432541
g 0.00771900545806 0.146305128932 0.0710787400603 0.0122191421688
t 0.260690808296 0.0981452390552 0.125721886754 0.263671875
h 1.0 1.0 1.0 1.0
c 0.760230898857 0 0 0
Aa 1.11074960232 0.442263633013 -0.0399499461055 0.894240617752
Ab 0.613740503788 0.58943682909 -0.138245552778 0.397482305765
Ad 2.00780344009 1.13720679283 0.562841415405 1.94832086563
Ag 0.0982081219554 0.595974326134 -0.329291701317 0.22338566184
At 1.62677252293 0.42258399725 -0.0816204994917 1.55740869045
as 0.910891115665 0.353846162558 0.270270258188 0.792792797089
bs 0.955555558205 1.0 0.571428596973 0.634146332741
ds 1.0 0.434782594442 0.428571432829 1.0
gs 0.215686276555 1.0 0.514285743237 0.524999976158
ts 1.0 0.0 0.096385538578 1.0
a 0.0794516354799 0.111757576466 0.148104846478 0.0572658441961
b 0.0252984389663 0.153840661049 0.111486665905 0.0182447265834
d 0.626840114594 0.478123635054 0.550369918346 0.648598432541
g 0.00771900545806 0.154348179698 0.068300999701 0.0122191421688
t 0.260690808296 0.101929947734 0.121737554669 0.263671875
h 1.0 1.0 1.0 1.0
c 0.74971562624 0 0 0
Aa 1.11074960232 0.454174101353 -0.0232019983232 0.894240617752
Ab 0.613740503788 0.592968285084 -0.146548345685 0.397482305765
Ad 2.00780344009 1.08543729782 0.54688346386 1.94832086563
Ag 0.0982081219554 0.594398617744 -0.359344214201 0.22338566184
At 1.62677252293 0.41419890523 -0.108346670866 1.55740869045
as 0.910891115665 0.369230777025 0.297297298908 0.792792797089
bs 0.955555558205 1.0 0.535714268684 0.634146332741
ds 1.0 0.362318843603 0.406593412161 1.0
gs 0.215686276555 1.0 0.428571432829 0.524999976158
ts 1.0 0.0 0.0602409653366 1.0
a 0.0794516354799 0.123413987458 0.152168482542 0.0572658441961
b 0.0252984389663 0.161870136857 0.112011812627 0.0182447265834
d 0.626840114594 0.452282339334 0.549396693707 0.648598432541
g 0.00771900545806 0.158591032028 0.066092222929 0.0122191421688
t 0.260690808296 0.103842519224 0.120330758393 0.263671875
h 1.0 1.0 1.0 1.0
c 0.739200353622 0 0 0
Aa 1.11074960232 0.474719077349 -0.0232019983232 0.894240617752
Ab 0.613740503788 0.592521429062 -0.156262874603 0.397482305765
Ad 2.00780344009 1.03876435757 0.534359335899 1.94832086563
Ag 0.0982081219554 0.583633363247 -0.385376363993 0.22338566184
At 1.62677252293 0.399729907513 -0.125150054693 1.55740869045
as 0.910891115665 0.40000000596 0.305555552244 0.792792797089
bs 0.955555558205 1.0 0.5 0.634146332741
ds 1.0 0.304347813129 0.388888895512 1.0
gs 0.215686276555 1.0 0.342857152224 0.524999976158
ts 1.0 0.0 0.0361445769668 1.0
a 0.0794516354799 0.130674526095 0.155121579766 0.0572658441961
b 0.0252984389663 0.167512103915 0.111099354923 0.0182447265834
d 0.626840114594 0.438919991255 0.5485419631 0.648598432541
g 0.00771900545806 0.158169955015 0.0651788413525 0.0122191421688
t 0.260690808296 0.104723438621 0.120058275759 0.263671875
h 1.0 1.0 1.0 1.0
c 0.728685081005 0 0 0
Aa 1.11074960232 0.480088949203 -0.0232019983232 0.894240617752
Ab 0.613740503788 0.587944209576 -0.168162688613 0.397482305765
Ad 2.00780344009 1.00628340244 0.525335609913 1.94832086563
Ag 0.0982081219554 0.563022017479 -0.39976760745 0.22338566184
At 1.62677252293 0.383941918612 -0.134482145309 1.55740869045
as 0.910891115665 0.415384620428 0.314285725355 0.792792797089
bs 0.955555558205 1.0 0.464285701513 0.634146332741
ds 1.0 0.235294118524 0.377777785063 1.0
gs 0.215686276555 1.0 0.314285725355 0.524999976158
ts 1.0 0.0 0.0240963846445 1.0
a 0.0794516354799 0.147462874651 0.158011078835 0.0572658441961
b 0.0252984389663 0.167099773884 0.109374970198 0.0182447265834
d 0.626840114594 0.430472433567 0.545854330063 0.648598432541
g 0.00771900545806 0.150328710675 0.0659640356898 0.0122191421688
t 0.260690808296 0.104636184871 0.120795585215 0.263671875
h 4.0 1.0 1.0 4.0
c 0.718169808388 0 0 0
Aa 1.11074960232 0.523581087589 -0.0232019983232 0.894240617752
Ab 0.613740503788 0.577874243259 -0.182971596718 0.397482305765
Ad 2.00780344009 0.988843739033 0.515187203884 1.94832086563
Ag 0.0982081219554 0.531940340996 -0.402582317591 0.22338566184
At 1.62677252293 0.374580293894 -0.13983848691 1.55740869045
as 0.910891115665 0.476923078299 0.314285725355 0.792792797089
bs 0.955555558205 1.0 0.428571432829 0.634146332741
ds 1.0 0.220588237047 0.370786517859 1.0
gs 0.215686276555 1.0 0.314285725355 0.524999976158
ts 1.0 0.0 0.0240963846445 1.0
a 0.0794516354799 0.172989934683 0.162390545011 0.0572658441961
b 0.0252984389663 0.160837203264 0.108187772334 0.0182447265834
d 0.626840114594 0.422950237989 0.539388120174 0.648598432541
g 0.00771900545806 0.136736065149 0.0683144554496 0.0122191421688
t 0.260690808296 0.106486558914 0.121719077229 0.263671875
h 4.0 1.0 1.0 4.0
c 0.70765453577 0 0 0
Aa 1.11074960232 0.591994285583 -0.0232019983232 0.894240617752
Ab 0.613740503788 0.560359954834 -0.199584558606 0.397482305765
Ad 2.00780344009 0.980262756348 0.498138666153 1.94832086563
Ag 0.0982081219554 0.489856511354 -0.399250119925 0.22338566184
At 1.62677252293 0.381268262863 -0.148404106498 1.55740869045
as 0.910891115665 0.584615409374 0.314285725355 0.792792797089
bs 0.955555558205 1.0 0.357142865658 0.634146332741
ds 1.0 0.205882355571 0.359550565481 1.0
gs 0.215686276555 1.0 0.314285725355 0.524999976158
ts 1.0 0.0 0.0120481923223 1.0
a 0.0794516354799 0.194524124265 0.169275715947 0.0572658441961
b 0.0252984389663 0.151469811797 0.108296945691 0.0182447265834
d 0.626840114594 0.420960605145 0.528654873371 0.648598432541
g 0.00771900545806 0.121413208544 0.071879170835 0.0122191421688
t 0.260690808296 0.111632242799 0.121893301606 0.263671875
h 4.0 1.0 1.0 1.0
c 0.697139263153 0 0 0
Aa 1.11074960232 0.64111995697 -0.0232019983232 0.894240617752
Ab 0.613740503788 0.532472610474 -0.217180460691 0.397482305765
Ad 2.00780344009 0.9763879776 0.4713755548 1.94832086563
Ag 0.0982081219554 0.436412453651 -0.395193606615 0.22338566184
At 1.62677252293 0.399936169386 -0.165816828609 1.55740869045
as 0.910891115665 0.661538481712 0.314285725355 0.792792797089
bs 0.955555558205 1.0 0.296296298504 0.634146332741
ds 1.0 0.179104477167 0.325842708349 1.0
gs 0.215686276555 0.978494644165 0.314285725355 0.524999976158
ts 1.0 0.0266666673124 0.0 1.0
a 0.0794516354799 0.216012820601 0.178150817752 0.0572658441961
b 0.0252984389663 0.138726532459 0.109830103815 0.0182447265834
d 0.626840114594 0.422671735287 0.515922486782 0.648598432541
g 0.00771900545806 0.105209670961 0.0765385553241 0.0122191421688
t 0.260690808296 0.117379255593 0.119558006525 0.263671875
h 1.0 1.0 1.0 1.0
c 0.686623990536 0 0 0
Aa 1.11074960232 0.684798359871 -0.0253818985075 0.894240617752
Ab 0.613740503788 0.492478400469 -0.235448330641 0.397482305765
Ad 2.00780344009 0.976322054863 0.43641474843 1.94832086563
Ag 0.0982081219554 0.372374534607 -0.392289459705 0.22338566184
At 1.62677252293 0.419910222292 -0.198591083288 1.55740869045
as 0.910891115665 0.723076939583 0.323529422283 0.792792797089
bs 0.955555558205 0.953125 0.222222223878 0.634146332741
ds 1.0 0.179104477167 0.280898869038 1.0
gs 0.215686276555 0.913978517056 0.342857152224 0.524999976158
ts 1.0 0.0540540553629 0.0 1.0
a 0.0794516354799 0.234088346362 0.179918035865 0.0572658441961
b 0.0252984389663 0.125045403838 0.114069573581 0.0182447265834
d 0.626840114594 0.426553189754 0.50491130352 0.648598432541
g 0.00771900545806 0.0906257256866 0.083442799747 0.0122191421688
t 0.260690808296 0.123687341809 0.117658294737 0.263671875
h 1.0 1.0 1.0 1.0
c 0.676108717918 0 0 0
Aa 1.11074960232 0.711735188961 -0.0582290627062 0.894240617752
Ab 0.613740503788 0.439423084259 -0.256133943796 0.397482305765
Ad 2.00780344009 0.972328543663 0.389911323786 1.94832086563
Ag 0.0982081219554 0.299606859684 -0.391914904118 0.22338566184
At 1.62677252293 0.434680640697 -0.242681220174 1.55740869045
as 0.910891115665 0.769230782986 0.235294118524 0.792792797089
bs 0.955555558205 0.875 0.115384615958 0.634146332741
ds 1.0 0.179104477167 0.235955059528 1.0
gs 0.215686276555 0.838709652424 0.342857152224 0.524999976158
ts 1.0 0.0675675645471 0.0 1.0
a 0.0794516354799 0.245717957616 0.179732054472 0.0572658441961
b 0.0252984389663 0.112971529365 0.121574267745 0.0182447265834
d 0.626840114594 0.429930567741 0.487131983042 0.648598432541
g 0.00771900545806 0.0795813649893 0.0929095670581 0.0122191421688
t 0.260690808296 0.131798580289 0.118652112782 0.263671875
h 1.0 1.0 1.0 1.0
c 0.665593445301 0 0 0
Aa 1.11074960232 0.711788952351 -0.109057791531 0.894240617752
Ab 0.613740503788 0.374321073294 -0.27884170413 0.397482305765
Ad 2.00780344009 0.954750359058 0.323963314295 1.94832086563
Ag 0.0982081219554 0.222163453698 -0.395622909069 0.22338566184
At 1.62677252293 0.44126278162 -0.289407879114 1.55740869045
as 0.910891115665 0.769230782986 0.088235296309 0.792792797089
bs 0.955555558205 0.765625 0.0384615398943 0.634146332741
ds 1.0 0.149253726006 0.159090906382 1.0
gs 0.215686276555 0.752688169479 0.314285725355 0.524999976158
ts 1.0 0.0810810774565 0.0 1.0
a 0.0794516354799 0.263116329908 0.18594481051 0.0572658441961
b 0.0252984389663 0.102248579264 0.133347332478 0.0182447265834
d 0.626840114594 0.423644185066 0.452699691057 0.648598432541
g 0.00771900545806 0.0709049105644 0.104722335935 0.0122191421688
t 0.260690808296 0.140085995197 0.123285844922 0.263671875
h 1.0 1.0 1.0 1.0
c 0.655078172684 0 0 0
Aa 1.11074960232 0.711788952351 -0.154216438532 0.894240617752
Ab 0.613740503788 0.301298439503 -0.298616141081 0.397482305765
Ad 2.00780344009 0.918642401695 0.232209697366 1.94832086563
Ag 0.0982081219554 0.142317458987 -0.40356117487 0.22338566184
At 1.62677252293 0.438035875559 -0.33268725872 1.55740869045
as 0.910891115665 0.769230782986 0.0 0.792792797089
bs 0.955555558205 0.65625 0.0 0.634146332741
ds 1.0 0.104477614164 0.045977011323 1.0
gs 0.215686276555 0.666666686535 0.285714298487 0.524999976158
ts 1.0 0.0810810774565 0.0 1.0
a 0.0794516354799 0.285656839609 0.19472143054 0.0572658441961
b 0.0252984389663 0.0932027474046 0.150532543659 0.0182447265834
d 0.626840114594 0.409154623747 0.402556419373 0.648598432541
g 0.00771900545806 0.0636115372181 0.118206471205 0.0122191421688
t 0.260690808296 0.14837422967 0.133983135223 0.263671875
h 1.0 1.0 1.0 1.0
c 0.644562900066 0 0 0
Aa 1.11074960232 0.711788952351 -0.197559759021 0.894240617752
Ab 0.613740503788 0.225373029709 -0.309343099594 0.397482305765
Ad 2.00780344009 0.86783182621 0.117853239179 1.94832086563
Ag 0.0982081219554 0.0594802312553 -0.414332270622 0.22338566184
At 1.62677252293 0.427302777767 -0.359923392534 1.55740869045
as 0.910891115665 0.769230782986 0.0 0.792792797089
bs 0.955555558205 0.53125 0.0 0.634146332741
ds 1.0 0.0149253727868 0.0 1.0
gs 0.215686276555 0.593406617641 0.257142871618 0.524999976158
ts 1.0 0.0540540553629 0.0 1.0
a 0.0794516354799 0.309390991926 0.206849217415 0.0572658441961
b 0.0252984389663 0.0852511301637 0.168011531234 0.0182447265834
d 0.626840114594 0.394535511732 0.351207405329 0.648598432541
g 0.00771900545806 0.0562389045954 0.128896981478 0.0122191421688
t 0.260690808296 0.154583454132 0.145034879446 0.263671875
h 1.0 1.0 1.0 1.0
c 0.634047627449 0 0 0
Aa 1.11074960232 0.711788952351 -0.219716563821 0.894240617752
Ab 0.613740503788 0.151981428266 -0.31003138423 0.397482305765
Ad 2.00780344009 0.817367374897 0.0101931896061 1.94832086563
Ag 0.0982081219554 -0.0286818686873 -0.425127744675 0.22338566184
At 1.62677252293 0.410444289446 -0.373897999525 1.55740869045
as 0.910891115665 0.769230782986 0.0 0.792792797089
bs 0.955555558205 0.421875 0.0 0.634146332741
ds 1.0 0.0 0.0 1.0
gs 0.215686276555 0.494505494833 0.228571429849 0.524999976158
ts 1.0 0.0405405387282 0.0 1.0
a 0.0794516354799 0.326093822718 0.216393962502 0.0572658441961
b 0.0252984389663 0.0776441544294 0.177046880126 0.0182447265834
d 0.626840114594 0.393461406231 0.326055139303 0.648598432541
g 0.00771900545806 0.0479783788323 0.131716698408 0.0122191421688
t 0.260690808296 0.154822230339 0.14878731966 0.263671875
h 1.0 1.0 1.0 1.0
c 0.623532354832 0 0 0
Aa 1.11074960232 0.711438119411 -0.217244073749 0.894240617752
Ab 0.613740503788 0.088204279542 -0.30440095067 0.397482305765
Ad 2.00780344009 0.792997658253 -0.0391981452703 1.94832086563
Ag 0.0982081219554 -0.120858885348 -0.432848334312 0.22338566184
At 1.62677252293 0.387928843498 -0.379923313856 1.55740869045
as 0.910891115665 0.769230782986 0.0 0.792792797089
bs 0.955555558205 0.328125 0.0 0.634146332741
ds 1.0 0.0 0.0 1.0
gs 0.215686276555 0.395604401827 0.228571429849 0.524999976158
ts 1.0 0.0135135138407 0.0 1.0
a 0.0794516354799 0.323301672935 0.235998049378 0.0572658441961
b 0.0252984389663 0.0700297802687 0.171351164579 0.0182447265834
d 0.626840114594 0.415197044611 0.324783712626 0.648598432541
g 0.00771900545806 0.0399092026055 0.124965488911 0.0122191421688
t 0.260690808296 0.151562288404 0.142901614308 0.263671875
h 1.0 1.0 1.0 1.0
c 0.613017082214 0 0 0
Aa 1.11074960232 0.698911190033 -0.159174546599 0.894240617752
Ab 0.613740503788 0.0345859713852 -0.298195898533 0.397482305765
Ad 2.00780344009 0.807557523251 -0.0204887241125 1.94832086563
Ag 0.0982081219554 -0.209623709321 -0.435292869806 0.22338566184
At 1.62677252293 0.369894385338 -0.377045840025 1.55740869045
as 0.910891115665 0.753846168518 0.0 0.792792797089
bs 0.955555558205 0.234375 0.0 0.634146332741
ds 1.0 0.0 0.0 1.0
gs 0.215686276555 0.296703308821 0.20000000298 0.524999976158
ts 1.0 0.0 0.0 1.0
a 0.0794516354799 0.309466332197 0.258041262627 0.0572658441961
b 0.0252984389663 0.0623999871314 0.159389197826 0.0182447265834
d 0.626840114594 0.450134456158 0.333418220282 0.648598432541
g 0.00771900545806 0.0331252403557 0.115541018546 0.0122191421688
t 0.260690808296 0.144873961806 0.133610293269 0.263671875
h 1.0 1.0 1.0 1.0
c 0.602501809597 0 0 0
Aa 1.11074960232 0.686078250408 -0.0839486122131 0.894240617752
Ab 0.613740503788 -0.00935067795217 -0.293178915977 0.397482305765
Ad 2.00780344009 0.848807096481 0.0273515488952 1.94832086563
Ag 0.0982081219554 -0.284376144409 -0.432901591063 0.22338566184
At 1.62677252293 0.356455147266 -0.369797855616 1.55740869045
as 0.910891115665 0.723076939583 0.194444447756 0.792792797089
bs 0.955555558205 0.171875 0.0384615398943 0.634146332741
ds 1.0 0.0563380271196 0.0 1.0
gs 0.215686276555 0.208791211247 0.228571429849 0.524999976158
ts 1.0 0.0 0.0 1.0
a 0.0794516354799 0.299375891685 0.2671251297 0.0572658441961
b 0.0252984389663 0.0553377941251 0.151433125138 0.0182447265834
d 0.626840114594 0.47903868556 0.34371188283 0.648598432541
g 0.00771900545806 0.0282349474728 0.109549030662 0.0122191421688
t 0.260690808296 0.13801266253 0.128180846572 0.263671875
h 1.0 1.0 1.0 1.0
c 0.59198653698 0 0 0
Aa 1.11074960232 0.686078250408 -0.0417082160711 0.894240617752
Ab 0.613740503788 -0.0471167340875 -0.28820207715 0.397482305765
Ad 2.00780344009 0.890232026577 0.0677716061473 1.94832086563
Ag 0.0982081219554 -0.339351594448 -0.428814411163 0.22338566184
At 1.62677252293 0.349780350924 -0.360599845648 1.55740869045
as 0.910891115665 0.723076939583 0.333333343267 0.792792797089
bs 0.955555558205 0.109375 0.0384615398943 0.634146332741
ds 1.0 0.112676054239 0.0 1.0
gs 0.215686276555 0.153846159577 0.235294118524 0.524999976158
ts 1.0 0.0 0.0 1.0
a 0.0794516354799 0.293077737093 0.267498791218 0.0572658441961
b 0.0252984389663 0.0498116053641 0.148266762495 0.0182447265834
d 0.626840114594 0.498615056276 0.350893497467 0.648598432541
g 0.00771900545806 0.0252991076559 0.106368124485 0.0122191421688
t 0.260690808296 0.133196517825 0.126972809434 0.263671875
h 1.0 1.0 1.0 1.0
c 0.581471323967 0 0 0
Aa 1.11074960232 0.686078250408 -0.0272105745971 0.894240617752
Ab 0.613740503788 -0.0835740491748 -0.283488571644 0.397482305765
Ad 2.00780344009 0.916860818863 0.0906429290771 1.94832086563
Ag 0.0982081219554 -0.377799361944 -0.427720874548 0.22338566184
At 1.62677252293 0.343588292599 -0.350821644068 1.55740869045
as 0.910891115665 0.723076939583 0.361111104488 0.792792797089
bs 0.955555558205 0.046875 0.0384615398943 0.634146332741
ds 1.0 0.142857149243 0.0 1.0
gs 0.215686276555 0.109890110791 0.235294118524 0.524999976158
ts 1.0 0.0 0.0 1.0
a 0.0794516354799 0.292293846607 0.269356608391 0.0572658441961
b 0.0252984389663 0.0456218980253 0.146950319409 0.0182447265834
d 0.626840114594 0.509322404861 0.353365749121 0.648598432541
g 0.00771900545806 0.0235469900072 0.102830320597 0.0122191421688
t 0.260690808296 0.129214853048 0.127496987581 0.263671875
h 1.0 1.0 1.0 1.0
c 0.57095605135 0 0 0
Aa 1.11074960232 0.686078250408 -0.0162702202797 0.894240617752
Ab 0.613740503788 -0.120568059385 -0.279427349567 0.397482305765
Ad 2.00780344009 0.927251398563 0.101626574993 1.94832086563
Ag 0.0982081219554 -0.407806009054 -0.434476703405 0.22338566184
At 1.62677252293 0.331570982933 -0.341097950935 1.55740869045
as 0.910891115665 0.734375 0.388888895512 0.792792797089
bs 0.955555558205 0.0 0.0769230797887 0.634146332741
ds 1.0 0.157142862678 0.0104166669771 1.0
gs 0.215686276555 0.0769230797887 0.205882355571 0.524999976158
ts 1.0 0.0 0.0 1.0
a 0.0794516354799 0.296631902456 0.270928442478 0.0572658441961
b 0.0252984389663 0.042777005583 0.145821779966 0.0182447265834
d 0.626840114594 0.512935578823 0.356929272413 0.648598432541
g 0.00771900545806 0.022424807772 0.097986549139 0.0122191421688
t 0.260690808296 0.125230684876 0.128333941102 0.263671875
h 1.0 1.0 1.0 1.0
c 0.560440778732 0 0 0
Aa 1.11074960232 0.686078250408 -0.00978928245604 0.894240617752
Ab 0.613740503788 -0.154929250479 -0.278821468353 0.397482305765
Ad 2.00780344009 0.923923194408 0.109938308597 1.94832086563
Ag 0.0982081219554 -0.435410916805 -0.451477408409 0.22338566184
At 1.62677252293 0.311571151018 -0.334302335978 1.55740869045
as 0.910891115665 0.734375 0.416666656733 0.792792797089
bs 0.955555558205 0.0 0.0769230797887 0.634146332741
ds 1.0 0.157142862678 0.0208333339542 1.0
gs 0.215686276555 0.0439560450613 0.176470592618 0.524999976158
ts 1.0 0.0 0.0 1.0
a 0.0794516354799 0.297224104404 0.270298302174 0.0572658441961
b 0.0252984389663 0.041499748826 0.143966272473 0.0182447265834
d 0.626840114594 0.518272221088 0.364910662174 0.648598432541
g 0.00771900545806 0.0218293890357 0.0921485871077 0.0122191421688
t 0.260690808296 0.121174566448 0.128676190972 0.263671875
h 1.0 1.0 1.0 1.0
c 0.549925506115 0 0 0
Aa 1.11074960232 0.670620381832 -0.00978928245604 0.894240617752
Ab 0.613740503788 -0.184418141842 -0.283371865749 0.397482305765
Ad 2.00780344009 0.912094295025 0.120553940535 1.94832086563
Ag 0.0982081219554 -0.46342203021 -0.477143913507 0.22338566184
At 1.62677252293 0.280947864056 -0.332134395838 1.55740869045
as 0.910891115665 0.730158746243 0.416666656733 0.792792797089
bs 0.955555558205 0.0 0.0384615398943 0.634146332741
ds 1.0 0.142857149243 0.021276595071 1.0
gs 0.215686276555 0.0224719103426 0.0909090936184 0.524999976158
ts 1.0 0.0 0.0 1.0
a 0.0794516354799 0.285456925631 0.269657582045 0.0572658441961
b 0.0252984389663 0.042685508728 0.140544191003 0.0182447265834
d 0.626840114594 0.529524862766 0.375683367252 0.648598432541
g 0.00771900545806 0.0218952335417 0.0860691294074 0.0122191421688
t 0.260690808296 0.120437473059 0.128045737743 0.263671875
h 1.0 1.0 1.0 1.0
c 0.539410233498 0 0 0
Aa 1.11074960232 0.6249371171 -0.00978928245604 0.894240617752
Ab 0.613740503788 -0.20032300055 -0.292789012194 0.397482305765
Ad 2.00780344009 0.89328289032 0.134220033884 1.94832086563
Ag 0.0982081219554 -0.490253865719 -0.50575453043 0.22338566184
At 1.62677252293 0.250158190727 -0.333236813545 1.55740869045
as 0.910891115665 0.650793671608 0.416666656733 0.792792797089
bs 0.955555558205 0.0 0.0384615398943 0.634146332741
ds 1.0 0.114285714924 0.0319148935378 1.0
gs 0.215686276555 0.0 0.0 0.524999976158
ts 1.0 0.0 0.0 1.0
a 0.0794516354799 0.250410437584 0.268170803785 0.0572658441961
b 0.0252984389663 0.0471105240285 0.136117935181 0.0182447265834
d 0.626840114594 0.551486492157 0.387167215347 0.648598432541
g 0.00771900545806 0.0230745077133 0.0809561833739 0.0122191421688
t 0.260690808296 0.127918019891 0.127587854862 0.263671875
h 1.0 1.0 1.0 1.0
c 0.52889496088 0 0 0
Aa 1.11074960232 0.525508224964 -0.00978928245604 0.894240617752
Ab 0.613740503788 -0.200026273727 -0.304285407066 0.397482305765
Ad 2.00780344009 0.868390679359 0.149697810411 1.94832086563
Ag 0.0982081219554 -0.510011792183 -0.529950737953 0.22338566184
At 1.62677252293 0.233787491918 -0.332391411066 1.55740869045
as 0.910891115665 0.492063492537 0.416666656733 0.792792797089
bs 0.955555558205 0.0 0.0 0.634146332741
ds 1.0 0.0857142880559 0.0531914904714 1.0
gs 0.215686276555 0.0 0.0 0.524999976158
ts 1.0 0.0 0.0 1.0
a 0.0794516354799 0.206040889025 0.266848117113 0.0572658441961
b 0.0252984389663 0.0538995526731 0.131275385618 0.0182447265834
d 0.626840114594 0.57188397646 0.396101474762 0.648598432541
g 0.00771900545806 0.0251745861024 0.0774828270078 0.0122191421688
t 0.260690808296 0.143000990152 0.12829220295 0.263671875
h 1.0 1.0 1.0 1.0
c 0.518379688263 0 0 0
Aa 1.11074960232 0.398810833693 -0.00635438971221 0.894240617752
Ab 0.613740503788 -0.183557406068 -0.314435213804 0.397482305765
Ad 2.00780344009 0.842165350914 0.165187969804 1.94832086563
Ag 0.0982081219554 -0.514180243015 -0.543413043022 0.22338566184
At 1.62677252293 0.240196451545 -0.324418246746 1.55740869045
as 0.910891115665 0.301587313414 0.416666656733 0.792792797089
bs 0.955555558205 0.0 0.0 0.634146332741
ds 1.0 0.0289855077863 0.0645161271095 1.0
gs 0.215686276555 0.0 0.0 0.524999976158
ts 1.0 0.0 0.0 1.0
a 0.0794516354799 0.229242324829 0.263748317957 0.0572658441961
b 0.0252984389663 0.0565427690744 0.12692989409 0.0182447265834
d 0.626840114594 0.538989901543 0.401687592268 0.648598432541
g 0.00771900545806 0.025559861213 0.0760585069656 0.0122191421688
t 0.260690808296 0.149665147066 0.131575673819 0.263671875
h 1.0 1.0 1.0 1.0
c 0.507864415646 0 0 0
Aa 1.11074960232 0.449924975634 -0.00402825744823 0.894240617752
Ab 0.613740503788 -0.157992750406 -0.321654051542 0.397482305765
Ad 2.00780344009 0.821210801601 0.178670451045 1.94832086563
Ag 0.0982081219554 -0.502811312675 -0.544070184231 0.22338566184
At 1.62677252293 0.264750868082 -0.306042402983 1.55740869045
as 0.910891115665 0.40000000596 0.416666656733 0.792792797089
bs 0.955555558205 0.0 0.0 0.634146332741
ds 1.0 0.0 0.0860215052962 1.0
gs 0.215686276555 0.0 0.0 0.524999976158
ts 1.0 0.0 0.0204081628472 1.0
a 0.0794516354799 0.252326756716 0.260069668293 0.0572658441961
b 0.0252984389663 0.0583481118083 0.123779393733 0.0182447265834
d 0.626840114594 0.507371306419 0.402715921402 0.648598432541
g 0.00771900545806 0.0259840451181 0.0765801221132 0.0122191421688
t 0.260690808296 0.155969783664 0.13685490191 0.263671875
h 1.0 1.0 1.0 1.0
c 0.497349143028 0 0 0
Aa 1.11074960232 0.503880262375 -0.00402825744823 0.894240617752
Ab 0.613740503788 -0.132056280971 -0.326469630003 0.397482305765
Ad 2.00780344009 0.807242810726 0.185880795121 1.94832086563
Ag 0.0982081219554 -0.483376324177 -0.535001933575 0.22338566184
At 1.62677252293 0.294957399368 -0.282857656479 1.55740869045
as 0.910891115665 0.491525411606 0.416666656733 0.792792797089
bs 0.955555558205 0.0 0.0 0.634146332741
ds 1.0 0.0 0.0860215052962 1.0
gs 0.215686276555 0.0111111113802 0.0 0.524999976158
ts 1.0 0.0 0.0510204099119 1.0
a 0.0794516354799 0.261256873608 0.259217500687 0.0572658441961
b 0.0252984389663 0.0604528933764 0.1224629879 0.0182447265834
d 0.626840114594 0.490247040987 0.396891087294 0.648598432541
g 0.00771900545806 0.0267372950912 0.078677393496 0.0122191421688
t 0.260690808296 0.161305904388 0.142751038074 0.263671875
h 1.0 1.0 1.0 1.0
c 0.486833870411 0 0 0
Aa 1.11074960232 0.523514270782 -0.00402825744823 0.894240617752
Ab 0.613740503788 -0.112136371434 -0.329687714577 0.397482305765
Ad 2.00780344009 0.79686152935 0.180978775024 1.94832086563
Ag 0.0982081219554 -0.466435998678 -0.521842598915 0.22338566184
At 1.62677252293 0.314096778631 -0.263113319874 1.55740869045
as 0.910891115665 0.525423705578 0.40000000596 0.792792797089
bs 0.955555558205 0.0322580635548 0.0 0.634146332741
ds 1.0 0.0 0.0860215052962 1.0
gs 0.215686276555 0.0222222227603 0.0 0.524999976158
ts 1.0 0.0246913582087 0.0714285746217 1.0
a 0.0794516354799 0.265657544136 0.262120425701 0.0572658441961
b 0.0252984389663 0.0627891346812 0.123667910695 0.0182447265834
d 0.626840114594 0.479669809341 0.381944179535 0.648598432541
g 0.00771900545806 0.0277524162084 0.0822201147676 0.0122191421688
t 0.260690808296 0.164131090045 0.150047361851 0.263671875
h 1.0 1.0 1.0 1.0
c 0.476318597794 0 0 0
Aa 1.11074960232 0.524444878101 -0.00402825744823 0.894240617752
Ab 0.613740503788 -0.101992793381 -0.330272078514 0.397482305765
Ad 2.00780344009 0.781065046787 0.159470796585 1.94832086563
Ag 0.0982081219554 -0.456576496363 -0.507551014423 0.22338566184
At 1.62677252293 0.315313518047 -0.24630074203 1.55740869045
as 0.910891115665 0.525423705578 0.40000000596 0.792792797089
bs 0.955555558205 0.0483870953321 0.0 0.634146332741
ds 1.0 0.0 0.0645161271095 1.0
gs 0.215686276555 0.0333333350718 0.0294117648154 0.524999976158
ts 1.0 0.0246913582087 0.0824742242694 1.0
a 0.0794516354799 0.277507096529 0.268714368343 0.0572658441961
b 0.0252984389663 0.0655814632773 0.128089055419 0.0182447265834
d 0.626840114594 0.462056934834 0.356428146362 0.648598432541
g 0.00771900545806 0.0292111542076 0.0869605243206 0.0122191421688
t 0.260690808296 0.16564334929 0.159807920456 0.263671875
h 1.0 1.0 1.0 1.0
c 0.465803325176 0 0 0
Aa 1.11074960232 0.524457097054 -0.00402825744823 0.894240617752
Ab 0.613740503788 -0.102035872638 -0.325807124376 0.397482305765
Ad 2.00780344009 0.745878517628 0.118652842939 1.94832086563
Ag 0.0982081219554 -0.453268289566 -0.493996977806 0.22338566184
At 1.62677252293 0.300357013941 -0.22972086072 1.55740869045
as 0.910891115665 0.525423705578 0.40000000596 0.792792797089
bs 0.955555558205 0.0483870953321 0.0 0.634146332741
ds 1.0 0.0 0.0215053763241 1.0
gs 0.215686276555 0.0444444455206 0.0588235296309 0.524999976158
ts 1.0 0.0123456791043 0.103092782199 1.0
a 0.0794516354799 0.300667852163 0.276518583298 0.0572658441961
b 0.0252984389663 0.0701693817973 0.135100364685 0.0182447265834
d 0.626840114594 0.428940653801 0.322918653488 0.648598432541
g 0.00771900545806 0.0316012427211 0.0918854475021 0.0122191421688
t 0.260690808296 0.168620854616 0.173576951027 0.263671875
h 1.0 1.0 1.0 1.0
c 0.455288052559 0 0 0
Aa 1.11074960232 0.524457097054 -0.00402825744823 0.894240617752
Ab 0.613740503788 -0.107482254505 -0.315096050501 0.397482305765
Ad 2.00780344009 0.678767323494 0.0633405521512 1.94832086563
Ag 0.0982081219554 -0.453925698996 -0.482505828142 0.22338566184
At 1.62677252293 0.273281425238 -0.206260547042 1.55740869045
as 0.910891115665 0.525423705578 0.40000000596 0.792792797089
bs 0.955555558205 0.0322580635548 0.0 0.634146332741
ds 1.0 0.0 0.0 1.0
gs 0.215686276555 0.0333333350718 0.117647059262 0.524999976158
ts 1.0 0.0 0.123711340129 1.0
a 0.0794516354799 0.334931284189 0.28253903985 0.0572658441961
b 0.0252984389663 0.0773431360722 0.142800450325 0.0182447265834
d 0.626840114594 0.374880611897 0.288011699915 0.648598432541
g 0.00771900545806 0.0348005890846 0.0955592319369 0.0122191421688
t 0.260690808296 0.178044378757 0.191089600325 0.263671875
h 1.0 1.0 1.0 1.0
c 0.444772779942 0 0 0
Aa 1.11074960232 0.524457097054 -0.00402825744823 0.894240617752
Ab 0.613740503788 -0.112076841295 -0.300377100706 0.397482305765
Ad 2.00780344009 0.573394358158 0.00430341484025 1.94832086563
Ag 0.0982081219554 -0.458911985159 -0.474834054708 0.22338566184
At 1.62677252293 0.250029683113 -0.173869654536 1.55740869045
as 0.910891115665 0.534482777119 0.40000000596 0.792792797089
bs 0.955555558205 0.0322580635548 0.074074074626 0.634146332741
ds 1.0 0.0 0.0 1.0
gs 0.215686276555 0.0333333350718 0.117647059262 0.524999976158
ts 1.0 0.0 0.154639169574 1.0
a 0.0794516354799 0.373619437218 0.273350477219 0.0572658441961
b 0.0252984389663 0.0858693495393 0.151252761483 0.0182447265834
d 0.626840114594 0.310582429171 0.264232039452 0.648598432541
g 0.00771900545806 0.0378462821245 0.0982890054584 0.0122191421688
t 0.260690808296 0.192082479596 0.212875723839 0.263671875
h 1.0 1.0 1.0 1.0
c 0.434257507324 0 0 0
Aa 1.11074960232 0.525382339954 -0.0280456263572 0.894240617752
Ab 0.613740503788 -0.113208971918 -0.285062134266 0.397482305765
Ad 2.00780344009 0.445129722357 -0.0427799932659 1.94832086563
Ag 0.0982081219554 -0.469023942947 -0.472260504961 0.22338566184
At 1.62677252293 0.236440598965 -0.13663931191 1.55740869045
as 0.910891115665 0.534482777119 0.342857152224 0.792792797089
bs 0.955555558205 0.0161290317774 0.111111111939 0.634146332741
ds 1.0 0.0 0.0 1.0
gs 0.215686276555 0.0224719103426 0.147058829665 0.524999976158
ts 1.0 0.0 0.197916671634 1.0
a 0.0794516354799 0.414448916912 0.240550383925 0.0572658441961
b 0.0252984389663 0.0882357358932 0.160588219762 0.0182447265834
d 0.626840114594 0.255975604057 0.259639531374 0.648598432541
g 0.00771900545806 0.0369258336723 0.100776426494 0.0122191421688
t 0.260690808296 0.204413890839 0.238445445895 0.263671875
h 1.0 1.0 1.0 1.0
c 0.423742264509 0 0 0
Aa 1.11074960232 0.564448356628 -0.096703119576 0.894240617752
Ab 0.613740503788 -0.10737811029 -0.272195488214 0.397482305765
Ad 2.00780344009 0.355175971985 -0.0635383501649 1.94832086563
Ag 0.0982081219554 -0.485692322254 -0.474550187588 0.22338566184
At 1.62677252293 0.257487744093 -0.100520141423 1.55740869045
as 0.910891115665 0.603448271751 0.142857149243 0.792792797089
bs 0.955555558205 0.0322580635548 0.185185179114 0.634146332741
ds 1.0 0.0 0.0 1.0
gs 0.215686276555 0.0 0.117647059262 0.524999976158
ts 1.0 0.0 0.239583328366 1.0
a 0.0794516354799 0.422033518553 0.21372269094 0.0572658441961
b 0.0252984389663 0.0794933587313 0.162872329354 0.0182447265834
d 0.626840114594 0.257342249155 0.269276529551 0.648598432541
g 0.00771900545806 0.030941573903 0.0989738032222 0.0122191421688
t 0.260690808296 0.210189297795 0.255154639482 0.263671875
h 1.0 1.0 1.0 1.0
c 0.413226991892 0 0 0
Aa 1.11074960232 0.62802451849 -0.145598545671 0.894240617752
Ab 0.613740503788 -0.0969915911555 -0.263601869345 0.397482305765
Ad 2.00780344009 0.413188636303 -0.0452506877482 1.94832086563
Ag 0.0982081219554 -0.506780028343 -0.479928940535 0.22338566184
At 1.62677252293 0.325288146734 -0.0686457231641 1.55740869045
as 0.910891115665 0.72413790226 0.0 0.792792797089
bs 0.955555558205 0.0483870953321 0.185185179114 0.634146332741
ds 1.0 0.0 0.0 1.0
gs 0.215686276555 0.0 0.117647059262 0.524999976158
ts 1.0 0.0731707289815 0.270833343267 1.0
a 0.0794516354799 0.381215929985 0.187357097864 0.0572658441961
b 0.0252984389663 0.0651760324836 0.158783122897 0.0182447265834
d 0.626840114594 0.318523675203 0.296868234873 0.648598432541
g 0.00771900545806 0.023486463353 0.0940329357982 0.0122191421688
t 0.260690808296 0.211597874761 0.262958616018 0.263671875
h 1.0 1.0 1.0 1.0
c 0.402711719275 0 0 0
Aa 1.11074960232 0.68100720644 -0.187253311276 0.894240617752
Ab 0.613740503788 -0.0860759466887 -0.259119093418 0.397482305765
Ad 2.00780344009 0.602977871895 0.0126402750611 1.94832086563
Ag 0.0982081219554 -0.529346227646 -0.486643463373 0.22338566184
At 1.62677252293 0.425347447395 -0.040036033839 1.55740869045
as 0.910891115665 0.810344815254 0.0 0.792792797089
bs 0.955555558205 0.0645161271095 0.222222223878 0.634146332741
ds 1.0 0.0 0.0 1.0
gs 0.215686276555 0.0 0.088235296309 0.524999976158
ts 1.0 0.195121943951 0.302083343267 1.0
a 0.0794516354799 0.316773414612 0.156351819634 0.0572658441961
b 0.0252984389663 0.0526067242026 0.151107430458 0.0182447265834
d 0.626840114594 0.40216717124 0.340395659208 0.648598432541
g 0.00771900545806 0.0176579300314 0.0878284201026 0.0122191421688
t 0.260690808296 0.210794746876 0.264316678047 0.263671875
h 1.0 1.0 1.0 1.0
c 0.392196446657 0 0 0
Aa 1.11074960232 0.703231930733 -0.242650181055 0.894240617752
Ab 0.613740503788 -0.0764755830169 -0.2574672997 0.397482305765
Ad 2.00780344009 0.806889772415 0.0952308773994 1.94832086563
Ag 0.0982081219554 -0.550577044487 -0.493118047714 0.22338566184
At 1.62677252293 0.52634292841 -0.014628585428 1.55740869045
as 0.910891115665 0.844827592373 0.0 0.792792797089
bs 0.955555558205 0.0806451588869 0.230769231915 0.634146332741
ds 1.0 0.089743591845 0.03125 1.0
gs 0.215686276555 0.0 0.088235296309 0.524999976158
ts 1.0 0.308641970158 0.322916656733 1.0
a 0.0794516354799 0.258941918612 0.127878084779 0.0572658441961
b 0.0252984389663 0.0435043387115 0.142153099179 0.0182447265834
d 0.626840114594 0.477583408356 0.39021012187 0.648598432541
g 0.00771900545806 0.0137207163498 0.0811946690083 0.0122191421688
t 0.260690808296 0.20624960959 0.258564025164 0.263671875
h 1.0 1.0 1.0 1.0
c 0.38168117404 0 0 0
Aa 1.11074960232 0.703231930733 -0.301829844713 0.894240617752
Ab 0.613740503788 -0.0714378803968 -0.255869626999 0.397482305765
Ad 2.00780344009 0.969078779221 0.182672545314 1.94832086563
Ag 0.0982081219554 -0.572593688965 -0.499098449945 0.22338566184
At 1.62677252293 0.604422688484 0.00394211430103 1.55740869045
as 0.910891115665 0.842105269432 0.0 0.792792797089
bs 0.955555558205 0.0967741906643 0.230769231915 0.634146332741
ds 1.0 0.298701286316 0.125 1.0
gs 0.215686276555 0.0 0.0588235296309 0.524999976158
ts 1.0 0.407407402992 0.34736841917 1.0
a 0.0794516354799 0.222960367799 0.118690565228 0.0572658441961
b 0.0252984389663 0.0373054221272 0.13303437829 0.0182447265834
d 0.626840114594 0.531022846699 0.430620968342 0.648598432541
g 0.00771900545806 0.0110845183954 0.0741978138685 0.0122191421688
t 0.260690808296 0.197626829147 0.243456274271 0.263671875
h 1.0 1.0 1.0 1.0
c 0.371165901423 0 0 0
Aa 1.11074960232 0.703231930733 -0.301829844713 0.894240617752
Ab 0.613740503788 -0.0732237994671 -0.252282142639 0.397482305765
Ad 2.00780344009 1.08011746407 0.257849127054 1.94832086563
Ag 0.0982081219554 -0.600278913975 -0.505854964256 0.22338566184
At 1.62677252293 0.650850117207 0.0101749394089 1.55740869045
as 0.910891115665 0.872727274895 0.0 0.792792797089
bs 0.955555558205 0.0806451588869 0.269230782986 0.634146332741
ds 1.0 0.44155845046 0.208333328366 1.0
gs 0.215686276555 0.0 0.0294117648154 0.524999976158
ts 1.0 0.47499999404 0.357894748449 1.0
a 0.0794516354799 0.203350678086 0.107964210212 0.0572658441961
b 0.0252984389663 0.0332670435309 0.128195941448 0.0182447265834
d 0.626840114594 0.566469430923 0.468141704798 0.648598432541
g 0.00771900545806 0.00926647894084 0.0689518898726 0.0122191421688
t 0.260690808296 0.187646344304 0.226746246219 0.263671875
h 1.0 1.0 1.0 1.0
c 0.360650628805 0 0 0
Aa 1.11074960232 0.703231930733 -0.320345848799 0.894240617752
Ab 0.613740503788 -0.0829995423555 -0.245751425624 0.397482305765
Ad 2.00780344009 1.14816272259 0.316751658916 1.94832086563
Ag 0.0982081219554 -0.638098955154 -0.515079498291 0.22338566184
At 1.62677252293 0.668326377869 0.00191443099175 1.55740869045
as 0.910891115665 0.872727274895 0.0 0.792792797089
bs 0.955555558205 0.0819672122598 0.269230782986 0.634146332741
ds 1.0 0.532467544079 0.252631574869 1.0
gs 0.215686276555 0.0 0.0 0.524999976158
ts 1.0 0.5 0.34736841917 1.0
a 0.0794516354799 0.189209535718 0.0962602421641 0.0572658441961
b 0.0252984389663 0.0308324061334 0.126407936215 0.0182447265834
d 0.626840114594 0.592037558556 0.50268393755 0.648598432541
g 0.00771900545806 0.00801299791783 0.0650383010507 0.0122191421688
t 0.260690808296 0.179907485843 0.209609597921 0.263671875
h 1.0 1.0 1.0 1.0
c 0.350135356188 0 0 0
Aa 1.11074960232 0.689944386482 -0.355061888695 0.894240617752
Ab 0.613740503788 -0.0979912504554 -0.236734509468 0.397482305765
Ad 2.00780344009 1.1853505373 0.36278617382 1.94832086563
Ag 0.0982081219554 -0.6832036376 -0.525339663029 0.22338566184
At 1.62677252293 0.668050587177 -0.0170976836234 1.55740869045
as 0.910891115665 0.854545474052 0.0 0.792792797089
bs 0.955555558205 0.049180328846 0.307692319155 0.634146332741
ds 1.0 0.571428596973 0.305263161659 1.0
gs 0.215686276555 0.0 0.0 0.524999976158
ts 1.0 0.5 0.326315790415 1.0
a 0.0794516354799 0.176143988967 0.0843881964684 0.0572658441961
b 0.0252984389663 0.029257921502 0.125512301922 0.0182447265834
d 0.626840114594 0.611989617348 0.533746957779 0.648598432541
g 0.00771900545806 0.007164536044 0.0620274394751 0.0122191421688
t 0.260690808296 0.175443932414 0.194325104356 0.263671875
h 1.0 1.0 1.0 1.0
c 0.33962008357 0 0 0
Aa 1.11074960232 0.664089262486 -0.399239361286 0.894240617752
Ab 0.613740503788 -0.115535095334 -0.226834788918 0.397482305765
Ad 2.00780344009 1.20496547222 0.401814341545 1.94832086563
Ag 0.0982081219554 -0.726590514183 -0.53293722868 0.22338566184
At 1.62677252293 0.662359833717 -0.0369921326637 1.55740869045
as 0.910891115665 0.800000011921 0.0 0.792792797089
bs 0.955555558205 0.0163934417069 0.346153855324 0.634146332741
ds 1.0 0.597402572632 0.351063817739 1.0
gs 0.215686276555 0.0 0.0 0.524999976158
ts 1.0 0.487500011921 0.305263161659 1.0
a 0.0794516354799 0.167043954134 0.0808954611421 0.0572658441961
b 0.0252984389663 0.0280615538359 0.122904084623 0.0182447265834
d 0.626840114594 0.62403512001 0.555113196373 0.648598432541
g 0.00771900545806 0.00665182806551 0.0592228658497 0.0122191421688
t 0.260690808296 0.174207568169 0.181864410639 0.263671875
h 1.0 1.0 1.0 1.0
c 0.329104810953 0 0 0
Aa 1.11074960232 0.643630683422 -0.399239361286 0.894240617752
Ab 0.613740503788 -0.131088361144 -0.217597201467 0.397482305765
Ad 2.00780344009 1.2160089016 0.437218010426 1.94832086563
Ag 0.0982081219554 -0.756259024143 -0.534674108028 0.22338566184
At 1.62677252293 0.66186696291 -0.0474158152938 1.55740869045
as 0.910891115665 0.763636350632 0.0 0.792792797089
bs 0.955555558205 0.0 0.384615391493 0.634146332741
ds 1.0 0.610389590263 0.382978737354 1.0
gs 0.215686276555 0.0 0.0 0.524999976158
ts 1.0 0.487500011921 0.29473683238 1.0
a 0.437747657299 0.163077622652 0.0812428668141 0.16720841825
b 0.228396907449 0.0275733284652 0.119522765279 0.140507921576
d 0.0730131566525 0.627755403519 0.565447986126 0.394147396088
g 0.107557527721 0.00650643417612 0.0569937229156 0.114583082497
t 0.153284728527 0.175087228417 0.176792636514 0.183553159237
h 1.0 1.0 1.0 1.0
c 0.312618941069 0 0 0
Aa 0.525829792023 0.635844290257 -0.377756863832 0.188821926713
Ab 0.243296176195 -0.136060908437 -0.210091471672 0.113264605403
Ad -0.2519929111 1.22124040127 0.464850574732 0.561222434044
Ag -0.0837532281876 -0.76320707798 -0.531715095043 0.024684285745
At 0.0701048448682 0.66670435667 -0.0400779470801 0.229325637221
as 0.3267326653 0.745454549789 0.0 0.162162154913
bs 0.133333340287 0.0 0.423076927662 0.0
ds 0.0 0.623376607895 0.414893627167 0.329113930464
gs 0.0 0.0 0.0 0.0256410259753
ts 0.0458015277982 0.487500011921 0.308510631323 0.201438844204
a 0.429278463125 0.160880327225 0.0759714767337 0.181791484356
b 0.229139044881 0.0271201692522 0.116821728647 0.140801981091
d 0.0829739570618 0.627778947353 0.571512758732 0.39267411828
g 0.105403490365 0.00648970063776 0.0556627772748 0.114783830941
t 0.153205052018 0.177730843425 0.18003128469 0.169948577881
h 1.0 1.0 1.0 1.0
c 0.295918941498 0 0 0
Aa 0.539516270161 0.632575511932 -0.393638670444 0.216019257903
Ab 0.266876280308 -0.14063501358 -0.206765621901 0.105054490268
Ad -0.174281001091 1.22387933731 0.482736676931 0.550477981567
Ag -0.0703678280115 -0.761702716351 -0.528724372387 0.016326431185
At 0.0920502617955 0.675835371017 -0.0189412720501 0.186763241887
as 0.346534639597 0.745454549789 0.0 0.180180177093
bs 0.177777782083 0.0 0.423076927662 0.0
ds 0.0 0.623376607895 0.436170220375 0.322784811258
gs 0.0 0.0 0.0 0.0
ts 0.0610687024891 0.5 0.329787224531 0.165467619896
a 0.4155164361 0.156451970339 0.0717429369688 0.196762859821
b 0.226964056492 0.0265061296523 0.112706698477 0.1394751966
d 0.0973460003734 0.626563489437 0.572879970074 0.39092361927
g 0.0998911038041 0.00639892090112 0.0541495643556 0.11609056592
t 0.160282418132 0.184079483151 0.188520848751 0.15674777329
h 1.0 1.0 1.0 1.0
c 0.279433041811 0 0 0
Aa 0.56269800663 0.631601333618 -0.40555331111 0.247981518507
Ab 0.300066888332 -0.13943336904 -0.209382712841 0.0985354036093
Ad -0.0675720646977 1.23418533802 0.496731162071 0.546130299568
Ag -0.0563633777201 -0.756672978401 -0.527737498283 0.0188353285193
At 0.148995682597 0.70222568512 0.0140269258991 0.149239778519
as 0.366336643696 0.745454549789 0.0 0.216216221452
bs 0.25 0.0 0.40000000596 0.0
ds 0.0 0.636363625526 0.446808516979 0.316455692053
gs 0.0 0.0 0.0 0.0256410259753
ts 0.106870226562 0.537500023842 0.361702114344 0.143884897232
a 0.415516406298 0.141818255186 0.0677464306355 0.205780312419
b 0.209263339639 0.0245323032141 0.104406923056 0.139084801078
d 0.117174170911 0.63449048996 0.579747200012 0.392749518156
g 0.0886178091168 0.00596204819158 0.051224924624 0.117548033595
t 0.169428274035 0.193196862936 0.196874499321 0.144837334752
h 1.0 1.0 1.0 1.0
c 0.263161242008 0 0 0
Aa 0.639016330242 0.627602219582 -0.40555331111 0.272806584835
Ab 0.341121315956 -0.134391635656 -0.217710420489 0.102682471275
Ad 0.0892600640655 1.27829515934 0.526798963547 0.553518414497
Ag -0.0320508144796 -0.748734474182 -0.526958405972 0.0296181589365
At 0.249414041638 0.761870145798 0.0577497445047 0.120283313096
as 0.445544540882 0.727272748947 0.0 0.227272734046
bs 0.348837196827 0.0 0.360000014305 0.0
ds 0.0 0.697368443012 0.478723406792 0.322784811258
gs 0.0 0.0 0.0 0.0512820519507
ts 0.183206111193 0.607594907284 0.414893627167 0.122302159667
a 0.412498980761 0.120712168515 0.0634202063084 0.215546503663
b 0.188132315874 0.0208799485117 0.0915260761976 0.140184000134
d 0.140099585056 0.653523981571 0.598870754242 0.393556058407
g 0.0780152007937 0.00510679977015 0.0464789941907 0.117717705667
t 0.181253939867 0.19977709651 0.199703976512 0.13299575448
h 1.0 1.0 1.0 1.0
c 0.247430995107 0 0 0
Aa 0.724792838097 0.635839283466 -0.38801702857 0.306790560484
Ab 0.383833378553 -0.126182377338 -0.228699788451 0.119948007166
Ad 0.255806833506 1.36934971809 0.587088465691 0.568256139755
Ag 0.00154921854846 -0.737762928009 -0.522987902164 0.0440913625062
At 0.367657423019 0.854633927345 0.110142059624 0.0970873534679
as 0.524752497673 0.745454549789 0.0 0.254545450211
bs 0.441860467196 0.0166666675359 0.319999992847 0.0
ds 0.0559440553188 0.810810804367 0.548387110233 0.335443049669
gs 0.0392156876624 0.0 0.0294117648154 0.0769230797887
ts 0.274809151888 0.721518993378 0.468085110188 0.101449273527
a 0.390549808741 0.100637599826 0.0579998865724 0.228945717216
b 0.175743252039 0.0169479828328 0.0779238566756 0.142059758306
d 0.1646386832 0.680678248405 0.627977788448 0.392073571682
g 0.0726768895984 0.0041828956455 0.04094562307 0.116228803992
t 0.196391373873 0.197553247213 0.195152848959 0.120692133904
h 1.0 1.0 1.0 1.0
c 0.23262013495 0 0 0
Aa 0.766845822334 0.656967043877 -0.3644708395 0.352993816137
Ab 0.420048058033 -0.116675250232 -0.236227571964 0.1457323879
Ad 0.391701310873 1.48714864254 0.670046269894 0.586628854275
Ag 0.0365657359362 -0.724316239357 -0.515690505505 0.0585750751197
At 0.468291819096 0.949890911579 0.16247689724 0.0749402493238
as 0.564356446266 0.781818211079 0.0 0.300000011921
bs 0.534883737564 0.0333333350718 0.280000001192 0.0
ds 0.154929578304 0.959459483624 0.645161271095 0.341772139072
gs 0.0980392172933 0.0 0.0294117648154 0.128205135465
ts 0.351145029068 0.848101258278 0.526881694794 0.0869565233588
a 0.359968304634 0.0826247185469 0.0549533590674 0.237672790885
b 0.170780315995 0.0140223279595 0.067393116653 0.144128501415
d 0.186576589942 0.71093672514 0.655487000942 0.392323374748
g 0.0717720910907 0.00349985668436 0.0359723120928 0.115171656013
t 0.210902705789 0.188916370273 0.186194211245 0.110703654587
h 1.0 1.0 1.0 1.0
c 0.218514546752 0 0 0
Aa 0.766845822334 0.661850690842 -0.324375599623 0.38779348135
Ab 0.443019360304 -0.108439184725 -0.235754311085 0.170563876629
Ad 0.481438726187 1.59657168388 0.752194225788 0.605458199978
Ag 0.0665371716022 -0.711209058762 -0.5084015131 0.0731596201658
At 0.53466373682 1.02101027966 0.205596327782 0.0559759512544
as 0.564356446266 0.800000011921 0.0 0.33027523756
bs 0.581395328045 0.0500000007451 0.280000001192 0.0750000029802
ds 0.218309864402 1.0 0.731182813644 0.354430377483
gs 0.156862750649 0.0 0.0588235296309 0.153846159577
ts 0.387596905231 0.93670886755 0.569892466068 0.0656934306026
a 0.345237672329 0.068705894053 0.0508388020098 0.234218433499
b 0.166790366173 0.0122813759372 0.0616881400347 0.146168842912
d 0.198793679476 0.738297402859 0.677161514759 0.397525042295
g 0.0724832639098 0.00310159265064 0.0325593687594 0.117128007114
t 0.216695025563 0.1776137501 0.177752166986 0.10495967418
h 1.0 1.0 1.0 1.0
c 0.205364376307 0 0 0
Aa 0.766845822334 0.644427597523 -0.310824155807 0.391040563583
Ab 0.450898647308 -0.103319361806 -0.226817786694 0.186274290085
Ad 0.527130246162 1.67566490173 0.813672840595 0.620783984661
Ag 0.0889654159546 -0.700981676579 -0.504343509674 0.0900802239776
At 0.564576566219 1.0569101572 0.232795462012 0.0424419604242
as 0.564356446266 0.763636350632 0.0 0.33027523756
bs 0.604651153088 0.0500000007451 0.319999992847 0.10000000149
ds 0.246478870511 1.0 0.795698940754 0.36305731535
gs 0.219999998808 0.0 0.0606060624123 0.205128207803
ts 0.410852700472 0.974683523178 0.608695626259 0.0583941601217
a 0.343114316463 0.0566992089152 0.0480687022209 0.231275364757
b 0.16380508244 0.0114555740729 0.0598522871733 0.145608752966
d 0.202602431178 0.761385083199 0.689721286297 0.399802386761
g 0.0745646581054 0.00294575095177 0.0306242424995 0.121133007109
t 0.215913519263 0.167514368892 0.171733468771 0.102180458605
h 1.0 1.0 1.0 1.0
c 0.192809402943 0 0 0
Aa 0.766845822334 0.591354906559 -0.308906942606 0.391040563583
Ab 0.445734381676 -0.103205256164 -0.213688597083 0.190098658204
Ad 0.538051664829 1.71938228607 0.847904324532 0.628756582737
Ag 0.103940017521 -0.693026065826 -0.504703998566 0.110173672438
At 0.565686821938 1.06182992458 0.244085595012 0.0362790226936
as 0.564356446266 0.672727286816 0.0 0.33027523756
bs 0.581395328045 0.0500000007451 0.360000014305 0.125
ds 0.260563373566 1.0 0.838709652424 0.365384608507
gs 0.239999994636 0.0 0.0606060624123 0.256410270929
ts 0.410852700472 1.0 0.619565188885 0.0510948896408
a 0.348750054836 0.0504826940596 0.0472471117973 0.230836495757
b 0.161577031016 0.0111390352249 0.060285937041 0.143442809582
d 0.200365290046 0.77542835474 0.692871570587 0.397115498781
g 0.0772908478975 0.00295124342665 0.0299774613231 0.127252444625
t 0.212016791105 0.159998655319 0.169617950916 0.101352758706
h 1.0 1.0 1.0 1.0
c 0.18084962666 0 0 0
Aa 0.766845822334 0.547330260277 -0.308716624975 0.391040563583
Ab 0.432711184025 -0.108964644372 -0.202875882387 0.184414863586
Ad 0.52615404129 1.7337294817 0.857560813427 0.626652896404
Ag 0.112459652126 -0.685807168484 -0.506297051907 0.132402181625
At 0.550701797009 1.04830408096 0.2463799119 0.0335716456175
as 0.564356446266 0.581818163395 0.0 0.324074059725
bs 0.558139562607 0.0500000007451 0.439999997616 0.10000000149
ds 0.246478870511 1.0 0.847826063633 0.366013079882
gs 0.259999990463 0.0 0.0606060624123 0.307692319155
ts 0.403100788593 0.987179458141 0.626373648643 0.0441176481545
a 0.357631117105 0.0464388951659 0.0477206371725 0.237527281046
b 0.159777119756 0.0111246528104 0.0614625588059 0.140510901809
d 0.194971904159 0.782794475555 0.688155770302 0.387722790241
g 0.079721800983 0.00305453245528 0.0305841583759 0.133875370026
t 0.207898050547 0.156587466598 0.172076866031 0.100363664329
h 1.0 1.0 1.0 1.0
c 0.169318065047 0 0 0
Aa 0.766845822334 0.503661692142 -0.308716624975 0.402513861656
Ab 0.416925102472 -0.116933695972 -0.19881221652 0.174510419369
Ad 0.503382563591 1.7304276228 0.850263893604 0.615321695805
Ag 0.11498760432 -0.678275406361 -0.50192630291 0.153501048684
At 0.53126090765 1.03153681755 0.248299643397 0.0283768959343
as 0.564356446266 0.509090900421 0.0 0.333333343267
bs 0.511627912521 0.0333333350718 0.439999997616 0.0750000029802
ds 0.221428573132 1.0 0.847826063633 0.359477132559
gs 0.259999990463 0.0 0.0909090936184 0.35897436738
ts 0.387596905231 0.961538434029 0.640449464321 0.0441176481545
a 0.366675436497 0.0454427450895 0.0482990182936 0.242188245058
b 0.158458217978 0.0112271653488 0.0621344558895 0.139796286821
d 0.188242122531 0.783940911293 0.678691744804 0.377444505692
g 0.0813447088003 0.00317172473297 0.0327636711299 0.141007259488
t 0.205279529095 0.156217455864 0.17811113596 0.0995637029409
h 1.0 1.0 1.0 1.0
c 0.158214703202 0 0 0
Aa 0.766845822334 0.484715610743 -0.312780201435 0.404969602823
Ab 0.402478784323 -0.122478827834 -0.203385993838 0.16631218791
Ad 0.477280825377 1.72153437138 0.834954023361 0.597669661045
Ag 0.112893328071 -0.671453475952 -0.481325924397 0.17005802691
At 0.514909684658 1.02098059654 0.253972560167 0.0189176164567
as 0.564356446266 0.472727268934 0.0 0.333333343267
bs 0.5 0.0333333350718 0.40000000596 0.0500000007451
ds 0.20000000298 1.0 0.824175834656 0.348684221506
gs 0.259999990463 0.0 0.151515156031 0.410256415606
ts 0.37209302187 0.948717951775 0.640449464321 0.0367647074163
a 0.352956563234 0.045486856252 0.0492505915463 0.247917383909
b 0.159493863583 0.0114487987012 0.061734046787 0.143367469311
d 0.191675692797 0.783149003983 0.666434705257 0.366850167513
g 0.0843951702118 0.00326973944902 0.0366288721561 0.149603053927
t 0.211478710175 0.156645610929 0.185951769352 0.0922619253397
h 1.0 1.0 1.0 1.0
c 0.147492453456 0 0 0
Aa 0.744496822357 0.47813141346 -0.312929719687 0.404969602823
Ab 0.399519532919 -0.120994605124 -0.214816406369 0.167113244534
Ad 0.479342609644 1.71408987045 0.81841647625 0.575151324272
Ag 0.123093135655 -0.665241360664 -0.441517591476 0.185603067279
At 0.52204221487 1.01516366005 0.264059156179 -0.0243148803711
as 0.54455447197 0.472727268934 0.0 0.333333343267
bs 0.5 0.0333333350718 0.375 0.0500000007451
ds 0.207142859697 1.0 0.813186824322 0.328947365284
gs 0.280000001192 0.0 0.272727280855 0.435897439718
ts 0.3828125 0.935897409916 0.647727251053 0.0
a 0.333823114634 0.0470906347036 0.0497497096658 0.248586803675
b 0.162119090557 0.0116822458804 0.0603347942233 0.149802818894
d 0.195165872574 0.780978322029 0.652331888676 0.354969114065
g 0.0877564772964 0.00331717659719 0.0415942817926 0.158375352621
t 0.221135437489 0.156931623816 0.195989325643 0.088265940547
h 1.0 1.0 1.0 1.0
c 0.137469768524 0 0 0
Aa 0.712179005146 0.490310668945 -0.312929719687 0.394932597876
Ab 0.398496717215 -0.115097545087 -0.229152426124 0.174974486232
Ad 0.479066491127 1.71001505852 0.804748356342 0.549645066261
Ag 0.131941750646 -0.661855280399 -0.390686631203 0.199142113328
At 0.533320963383 1.01308655739 0.282512128353 -0.0547523275018
as 0.514851510525 0.490909099579 0.0 0.324074059725
bs 0.487804889679 0.0338983051479 0.333333343267 0.0750000029802
ds 0.207142859697 1.0 0.78888887167 0.315789461136
gs 0.3125 0.0103092780337 0.424242436886 0.487179487944
ts 0.390625 0.935064911842 0.678160905838 0.0
a 0.318549156189 0.0486368723214 0.0515144355595 0.260586351156
b 0.163715660572 0.0119209690019 0.0581905804574 0.155864238739
d 0.197707355022 0.779544711113 0.636912465096 0.333832710981
g 0.0905162990093 0.00332715641707 0.0461403019726 0.163653686643
t 0.229511544108 0.156570270658 0.207242190838 0.0860630050302
h 1.0 1.0 1.0 1.0
c 0.137469768524 0 0 0
Aa 0.686258494854 0.505296885967 -0.294719874859 0.413436800241
Ab 0.397172272205 -0.105357192457 -0.241796165705 0.190231606364
Ad 0.479104846716 1.71017229557 0.797430932522 0.521013975143
Ag 0.139808803797 -0.659595489502 -0.342568397522 0.211410924792
At 0.54388654232 1.0130405426 0.309829324484 -0.0676983892918
as 0.485148519278 0.5 0.019999999553 0.342592597008
bs 0.463414639235 0.0508474558592 0.291666656733 0.125
ds 0.207142859697 1.0 0.777777791023 0.296052634716
gs 0.333333343267 0.0103092780337 0.575757563114 0.526315808296
ts 0.3984375 0.935064911842 0.720930218697 0.0
a 0.309532523155 0.0530904382467 0.0539659298956 0.284757643938
b 0.16377659142 0.0119844125584 0.0557269304991 0.159576192498
d 0.199457928538 0.77585786581 0.623953938484 0.306053131819
g 0.0924927517772 0.00325987138785 0.0488431751728 0.163646817207
t 0.234740197659 0.15580740571 0.217510029674 0.085966207087
h 1.0 1.0 1.0 1.0
c 0.137469768524 0 0 0
Aa 0.670936346054 0.550434708595 -0.263770908117 0.464185923338
Ab 0.394481927156 -0.0959648862481 -0.249825462699 0.212678611279
Ad 0.480081379414 1.7152005434 0.799261927605 0.495507359505
Ag 0.146337792277 -0.661381185055 -0.307086706161 0.223618105054
At 0.550817549229 1.01800644398 0.341588705778 -0.0559617057443
as 0.475247532129 0.592592597008 0.0799999982119 0.388888895512
bs 0.463414639235 0.0677966102958 0.25 0.17499999702
ds 0.207142859697 1.0 0.78888887167 0.266666680574
gs 0.333333343267 0.0103092780337 0.666666686535 0.540540516376
ts 0.40625 0.935064911842 0.755813956261 0.0
a 0.299519687891 0.059027377516 0.0592213198543 0.302099525928
b 0.164385676384 0.0121394153684 0.0533984489739 0.162665009499
d 0.202758386731 0.770779132843 0.615165770054 0.284990102053
g 0.0946104899049 0.00315721845254 0.0492721833289 0.161820173264
t 0.23872576654 0.154896855354 0.22294229269 0.0884251818061
h 1.0 1.0 1.0 1.0
c 0.137469768524 0 0 0
Aa 0.650185346603 0.608504951 -0.206108167768 0.506933271885
Ab 0.389623910189 -0.0783507749438 -0.251057595015 0.238077357411
Ad 0.480738788843 1.72438144684 0.810405910015 0.481613010168
Ag 0.149699255824 -0.663243889809 -0.285984456539 0.23581585288
At 0.551659286022 1.02749407291 0.36960619688 -0.0266408268362
as 0.449999988079 0.703703701496 0.20000000298 0.425925940275
bs 0.463414639235 0.101694911718 0.25 0.25
ds 0.207142859697 1.0 0.800000011921 0.259999990463
gs 0.354166656733 0.0103092780337 0.727272748947 0.567567586899
ts 0.401574790478 0.948051929474 0.790697693825 0.0144927538931
a 0.302662193775 0.0638403370976 0.0714351534843 0.29963684082
b 0.163224801421 0.0123559338972 0.0512854382396 0.166366860271
d 0.202368780971 0.768031597137 0.608867287636 0.279619693756
g 0.0951989218593 0.00302059040405 0.0481214597821 0.161291241646
t 0.236545294523 0.152751550078 0.220290645957 0.0930853635073
h 1.0 1.0 1.0 1.0
c 0.137469768524 0 0 0
Aa 0.649513959885 0.655519843102 -0.104016512632 0.515971720219
Ab 0.381341964006 -0.0576997697353 -0.247934430838 0.260443329811
Ad 0.474699318409 1.73580372334 0.826594173908 0.485944271088
Ag 0.147187843919 -0.669483482838 -0.275589704514 0.246987313032
At 0.542470097542 1.03441035748 0.385067552328 0.00825792364776
as 0.449999988079 0.777777791023 0.40000000596 0.435185194016
bs 0.43902438879 0.135593220592 0.25 0.300000011921
ds 0.194244608283 1.0 0.820224702358 0.259999990463
gs 0.354166656733 0.0 0.757575750351 0.594594597816
ts 0.396825402975 0.961038947105 0.802325606346 0.0434782616794
a 0.324496805668 0.0660252198577 0.0838803425431 0.290455400944
b 0.160129636526 0.0127975801006 0.0501594208181 0.166616097093
d 0.1943038553 0.770780920982 0.607619822025 0.286684393883
g 0.0942516252398 0.0028922772035 0.0470857657492 0.159506097436
t 0.226818084717 0.147504016757 0.211254641414 0.0967380106449
h 1.0 1.0 1.0 1.0
c 0.137469768524 0 0 0
Aa 0.673974692822 0.676723182201 -0.0201427172869 0.515971720219
Ab 0.367235988379 -0.0358588322997 -0.243450403214 0.274609208107
Ad 0.45124566555 1.7439442873 0.839829027653 0.510296344757
Ag 0.137053117156 -0.681746780872 -0.270913302898 0.255669564009
At 0.518441915512 1.02581715584 0.381003320217 0.0384894311428
as 0.469999998808 0.830188691616 0.579999983311 0.435185194016
bs 0.390243887901 0.172413796186 0.25 0.324999988079
ds 0.17985612154 1.0 0.842696607113 0.275167793036
gs 0.3125 0.0 0.787878811359 0.621621608734
ts 0.380952388048 0.948051929474 0.802325606346 0.0652173906565
a 0.356251776218 0.0671492740512 0.0914355888963 0.28058719635
b 0.157816246152 0.0136546110734 0.050558809191 0.16323107481
d 0.179292589426 0.777292788029 0.61076259613 0.302174568176
g 0.0939944684505 0.00284915836528 0.0473345816135 0.155920684338
t 0.212644919753 0.139054134488 0.199908435345 0.098086476326
h 1.0 1.0 1.0 1.0
c 0.137469768524 0 0 0
Aa 0.69892168045 0.676723182201 0.0169406812638 0.515971720219
Ab 0.34531635046 -0.0150388255715 -0.240377753973 0.280706703663
Ad 0.40072697401 1.7402664423 0.84169781208 0.548161745071
Ag 0.120266914368 -0.695601582527 -0.268996030092 0.260807573795
At 0.474819660187 0.992865800858 0.356656521559 0.0595129840076
as 0.5 0.830188691616 0.639999985695 0.435185194016
bs 0.307692319155 0.206896558404 0.291666656733 0.34999999404
ds 0.143884897232 1.0 0.842696607113 0.297297298908
gs 0.297872334719 0.0 0.787878811359 0.648648619652
ts 0.341269850731 0.909090936184 0.776470601559 0.0797101482749
a 0.37208455801 0.0685577020049 0.0973083823919 0.271860510111
b 0.162508681417 0.0150384800509 0.052342992276 0.158838883042
d 0.163218036294 0.783422648907 0.611258149147 0.319903701544
g 0.0989038944244 0.00296838697977 0.0490835569799 0.151717767119
t 0.203284844756 0.130012795329 0.190006941557 0.0976791381836
h 1.0 1.0 1.0 1.0
c 0.137469768524 0 0 0
Aa 0.676118433475 0.658658206463 0.0278915483505 0.515971720219
Ab 0.316353350878 -0.000194110834855 -0.241400137544 0.282582432032
Ad 0.318244934082 1.71659803391 0.825965940952 0.586644887924
Ag 0.100690178573 -0.70487755537 -0.269322663546 0.262662023306
At 0.41358178854 0.936588048935 0.318510770798 0.0714274123311
as 0.469999998808 0.811320781708 0.680000007153 0.435185194016
bs 0.230769231915 0.228070169687 0.291666656733 0.34999999404
ds 0.086330935359 1.0 0.820224702358 0.317567557096
gs 0.255319148302 0.0 0.787878811359 0.648648619652
ts 0.287999987602 0.831168830395 0.741176486015 0.0869565233588
a 0.387580007315 0.075573541224 0.105474323034 0.264955937862
b 0.169314205647 0.0169311556965 0.055118624121 0.156831622124
d 0.142525091767 0.780825436115 0.603459358215 0.333569556475
g 0.106188647449 0.00329336267896 0.0521907173097 0.14846521616
t 0.194392055273 0.123376481235 0.18375697732 0.0961776599288
h 1.0 1.0 1.0 1.0
c 0.137469768524 0 0 0
Aa 0.645089566708 0.655386686325 0.0345467850566 0.513526022434
Ab 0.285421580076 0.00570347718894 -0.247301608324 0.285786002874
Ad 0.210619539022 1.66957080364 0.792048037052 0.61353880167
Ag 0.0828062742949 -0.705343544483 -0.271006703377 0.261977106333
At 0.345406681299 0.868249237537 0.275643855333 0.0734265744686
as 0.428571432829 0.792452812195 0.680000007153 0.435185194016
bs 0.153846159577 0.228070169687 0.25 0.34999999404
ds 0.0 0.956521749496 0.786516845226 0.337837845087
gs 0.195652171969 0.0 0.8125 0.648648619652
ts 0.231999993324 0.753246724606 0.68235296011 0.0869565233588
a 0.400493681431 0.0835174545646 0.114616669714 0.254273861647
b 0.17637899518 0.0192837510258 0.0583899207413 0.160163894296
d 0.12152659893 0.770614683628 0.588208973408 0.342723011971
g 0.113671250641 0.00385400466621 0.0563097782433 0.147841274738
t 0.187929466367 0.122730128467 0.182474672794 0.0949979647994
h 1.0 1.0 1.0 1.0
c 0.137469768524 0 0 0
Aa 0.616364359856 0.63937163353 0.0360529832542 0.494397491217
Ab 0.260215550661 0.0027859271504 -0.256856918335 0.293660402298
Ad 0.0984399989247 1.60443162918 0.746336817741 0.624039053917
Ag 0.0694193020463 -0.696493387222 -0.272610992193 0.258891522884
At 0.287763535976 0.806545615196 0.238007798791 0.0668100938201
as 0.397959172726 0.773584902287 0.680000007153 0.416666656733
bs 0.102564103901 0.228070169687 0.208333328366 0.375
ds 0.0 0.880434811115 0.73033708334 0.344594597816
gs 0.173913046718 0.0 0.8125 0.648648619652
ts 0.192000001669 0.662337660789 0.642857134342 0.0797101482749
a 0.416205585003 0.0925825834274 0.120979130268 0.2431563586
b 0.179973915219 0.0217054523528 0.0614452920854 0.167486280203
d 0.104546323419 0.753225028515 0.571544706821 0.347236871719
g 0.116811648011 0.00455109914765 0.0607508271933 0.148385569453
t 0.182462543249 0.127935856581 0.185280069709 0.093734934926
h 1.0 1.0 1.0 1.0
c 0.127230972052 0 0 0
Aa 0.6119094491 0.625361740589 0.0269461721182 0.467106789351
Ab 0.247811123729 -0.00459870742634 -0.26727566123 0.305200397968
Ad 0.011910315603 1.53575718403 0.701285898685 0.621846973896
Ag 0.0600877031684 -0.683051228523 -0.27221211791 0.252612859011
At 0.253775268793 0.765824735165 0.212064415216 0.0531226582825
as 0.397959172726 0.73584908247 0.660000026226 0.388888895512
bs 0.0769230797887 0.210526317358 0.166666671634 0.40000000596
ds 0.0 0.804347813129 0.693181812763 0.344594597816
gs 0.152173906565 0.0 0.8125 0.621621608734
ts 0.159999996424 0.610389590263 0.607142865658 0.0724637657404
a 0.42358225584 0.101787008345 0.126851201057 0.244869232178
b 0.183417677879 0.0236775912344 0.0635819211602 0.173797398806
d 0.0966786593199 0.733954846859 0.557269752026 0.344053328037
g 0.116899810731 0.00520771415904 0.0642348378897 0.145508676767
t 0.179421573877 0.135372817516 0.188062280416 0.091771364212
h 1.0 1.0 1.0 1.0
c 0.116584964097 0 0 0
Aa 0.6119094491 0.622689306736 0.0253450404853 0.467106789351
Ab 0.248412892222 -0.0106655675918 -0.27461591363 0.318215847015
Ad -0.0296977031976 1.48066627979 0.668115973473 0.614798367023
Ag 0.0527855083346 -0.668355941772 -0.270178884268 0.241061463952
At 0.238846361637 0.74652838707 0.196352168918 0.0408797562122
as 0.397959172726 0.730769217014 0.660000026226 0.388888895512
bs 0.0769230797887 0.210526317358 0.125 0.449999988079
ds 0.0 0.75 0.659090936184 0.337837845087
gs 0.130434781313 0.0106382975355 0.8125 0.594594597816
ts 0.151999995112 0.578947365284 0.585365831852 0.0652173906565
a 0.424607336521 0.106424748898 0.131090328097 0.24603959918
b 0.188333675265 0.0249391999096 0.0650123730302 0.179663822055
d 0.0952659994364 0.721871197224 0.549950361252 0.34186398983
g 0.115681163967 0.00570602575317 0.0657897591591 0.140790596604
t 0.176111832261 0.141058802605 0.18815715611 0.0916419923306
h 1.0 1.0 1.0 1.0
c 0.105537109077 0 0 0
Aa 0.6119094491 0.616307079792 0.0289370268583 0.467106789351
Ab 0.258849948645 -0.0138530675322 -0.275637567043 0.330562412739
Ad -0.0371401011944 1.44772410393 0.651689887047 0.609955132008
Ag 0.0471846088767 -0.654401838779 -0.270475298166 0.224675446749
At 0.229710504413 0.738664627075 0.185887143016 0.0381962954998
as 0.397959172726 0.699999988079 0.680000007153 0.388888895512
bs 0.102564103901 0.192982450128 0.130434781313 0.47499999404
ds 0.0 0.706521749496 0.636363625526 0.337837845087
gs 0.136363640428 0.021276595071 0.8125 0.540540516376
ts 0.143999993801 0.578947365284 0.573170721531 0.0652173906565
a 0.435985893011 0.109079606831 0.133159860969 0.244039878249
b 0.191171213984 0.0254106223583 0.0664669275284 0.18380215764
d 0.0947001650929 0.715878486633 0.549040734768 0.343134701252
g 0.112320773304 0.00603824434802 0.0648395344615 0.13503678143
t 0.165821939707 0.143593028188 0.186492934823 0.0939864739776
h 1.0 1.0 1.0 1.0
c 0.0940738096833 0 0 0
Aa 0.633849382401 0.615779280663 0.032344840467 0.464621990919
Ab 0.275799453259 -0.0169489718974 -0.269422888756 0.341511785984
Ad -0.0292723178864 1.43287503719 0.647576093674 0.612625837326
Ag 0.0448370240629 -0.641053557396 -0.280188590288 0.207613289356
At 0.214018940926 0.735169112682 0.178633898497 0.0502265505493
as 0.418367356062 0.699999988079 0.680000007153 0.388888895512
bs 0.105263158679 0.192982450128 0.173913046718 0.5
ds 0.0 0.695652186871 0.625 0.337837845087
gs 0.113636367023 0.0425531901419 0.78125 0.513513505459
ts 0.12800000608 0.565789461136 0.573170721531 0.0724637657404
a 0.448002547026 0.111670389771 0.134770661592 0.258975207806
b 0.189139530063 0.0252224765718 0.0676628798246 0.176846206188
d 0.0987199172378 0.712125480175 0.552019655704 0.34239679575
g 0.106032460928 0.00626202346757 0.0607562102377 0.124391049147
t 0.158105537295 0.14471963048 0.184790581465 0.0973907485604
h 1.0 1.0 1.0 1.0
c 0.0821591615677 0 0 0
Aa 0.670086920261 0.623618543148 0.0402090921998 0.512649834156
Ab 0.295588731766 -0.0225317273289 -0.259035766125 0.346987396479
Ad 0.0132112214342 1.42823708057 0.652568280697 0.633921325207
Ag 0.0442452691495 -0.627604782581 -0.305795580149 0.194180801511
At 0.217753499746 0.736207962036 0.177293598652 0.0879093557596
as 0.45918366313 0.72000002861 0.714285731316 0.435185194016
bs 0.157894730568 0.192982450128 0.217391297221 0.5
ds 0.0 0.684782624245 0.636363625526 0.351351350546
gs 0.113636367023 0.0555555559695 0.6875 0.459459453821
ts 0.136000007391 0.565789461136 0.573170721531 0.101449273527
a 0.447419404984 0.112145915627 0.134569168091 0.315130740404
b 0.191791668534 0.0247325971723 0.0673851668835 0.144381642342
d 0.102553457022 0.711263000965 0.564319849014 0.333825528622
g 0.10537828505 0.00646214419976 0.0532694607973 0.100540965796
t 0.15285718441 0.145396351814 0.180456385016 0.106121115386
h 1.0 1.0 1.0 1.0
c 0.0702445134521 0 0 0
Aa 0.670086920261 0.630483329296 0.0537933148444 0.685964286327
Ab 0.302201837301 -0.0260304249823 -0.24658793211 0.346985459328
Ad 0.0303224027157 1.4327300787 0.676373064518 0.710993051529
Ag 0.0421232357621 -0.608923494816 -0.348673939705 0.18981654942
At 0.203657969832 0.743253350258 0.181220024824 0.213275298476
as 0.45918366313 0.755102038383 0.73469388485 0.592592597008
bs 0.194444447756 0.178571432829 0.260869562626 0.5
ds 0.0 0.695652186871 0.659090936184 0.405405402184
gs 0.113636367023 0.0777777805924 0.5625 0.459459453821
ts 0.119999997318 0.578947365284 0.580246925354 0.191176474094
a 0.448434710503 0.111527077854 0.127435982227 0.307495981455
b 0.195074796677 0.023877562955 0.0645955204964 0.141263261437
d 0.105361878872 0.71209102869 0.594136714935 0.348003715277
g 0.104333586991 0.00658089388162 0.043886937201 0.0976749658585
t 0.146795034409 0.145923450589 0.169944852591 0.105562105775
h 1.0 1.0 1.0 1.0
c 0.058140091598 0 0 0
Aa 0.670086920261 0.645285785198 0.0623250044882 0.685964286327
Ab 0.308588862419 -0.024104539305 -0.232764646411 0.348154038191
Ad 0.0410712175071 1.45044100285 0.730919361115 0.739708721638
Ag 0.036811824888 -0.583809673786 -0.40063175559 0.187908098102
At 0.185099080205 0.762030541897 0.187340959907 0.221632868052
as 0.45918366313 0.775510191917 0.755102038383 0.592592597008
bs 0.222222223878 0.178571432829 0.347826093435 0.524999976158
ds 0.0 0.717391312122 0.727272748947 0.425675690174
gs 0.0909090936184 0.10000000149 0.40625 0.459459453821
ts 0.104838706553 0.60526317358 0.592592597008 0.198529407382
a 0.449733316898 0.113057680428 0.134681820869 0.29672986269
b 0.198204144835 0.0225079674274 0.0584547109902 0.137608096004
d 0.106425009668 0.712542414665 0.621066570282 0.365622878075
g 0.103176675737 0.00653290376067 0.0346363559365 0.0957167521119
t 0.142460852861 0.145359024405 0.151160523295 0.104322403669
h 1.0 1.0 1.0 1.0
c 0.0458461381495 0 0 0
Aa 0.670086920261 0.685565292835 0.144479200244 0.677896678448
Ab 0.314244568348 -0.0153984669596 -0.218010246754 0.344179451466
Ad 0.0441755354404 1.48507595062 0.808308422565 0.768568813801
Ag 0.0307133756578 -0.552628517151 -0.445297569036 0.186523407698
At 0.170827373862 0.794707238674 0.194608598948 0.223913043737
as 0.45918366313 0.857142865658 0.91836732626 0.592592597008
bs 0.222222223878 0.196428567171 0.391304343939 0.5
ds 0.0 0.75 0.818181812763 0.445945948362
gs 0.095238097012 0.144444450736 0.233333334327 0.432432442904
ts 0.0894308909774 0.64473682642 0.592592597008 0.198529407382
a 0.449649065733 0.110252082348 0.13986286521 0.287780374289
b 0.20022970438 0.020952809602 0.0524806752801 0.133659929037
d 0.105795584619 0.716779530048 0.644856333733 0.382437378168
g 0.102776110172 0.00640861177817 0.0285208337009 0.0938478559256
t 0.141549542546 0.145606994629 0.134279310703 0.102274462581
h 1.0 1.0 1.0 1.0
c 0.0335521884263 0 0 0
Aa 0.670086920261 0.717916846275 0.221617549658 0.6699411273
Ab 0.318741708994 -0.00322765717283 -0.204085424542 0.336881160736
Ad 0.0416807606816 1.53091561794 0.88537812233 0.793440282345
Ag 0.0291053894907 -0.517705976963 -0.468922615051 0.183304294944
At 0.168121665716 0.838712275028 0.203924253583 0.220647126436
as 0.45918366313 0.9375 1.0 0.583333313465
bs 0.25 0.214285716414 0.434782594442 0.47499999404
ds 0.0 0.804347813129 0.897727251053 0.459459453821
gs 0.095238097012 0.177777782083 0.166666671634 0.432432442904
ts 0.0894308909774 0.72000002861 0.600000023842 0.198529407382
a 0.447594940662 0.101438842714 0.134700164199 0.276666074991
b 0.199778586626 0.0195535290986 0.0489421859384 0.132100641727
d 0.104730412364 0.724968135357 0.666558206081 0.397326499224
g 0.103969089687 0.00636377837509 0.0255588628352 0.0929227098823
t 0.143926978111 0.147675737739 0.124240554869 0.100984081626
h 1.0 1.0 1.0 1.0
c 0.0212582368404 0 0 0
Aa 0.670086920261 0.718185961246 0.248266324401 0.651353120804
Ab 0.319750666618 0.0032068665605 -0.191418454051 0.330302149057
Ad 0.0392745472491 1.57230055332 0.942736268044 0.808544754982
Ag 0.0361059941351 -0.48430326581 -0.47356030345 0.177519097924
At 0.177343964577 0.881290853024 0.213161557913 0.213650152087
as 0.45918366313 0.936170220375 1.0 0.564814805984
bs 0.25 0.232142850757 0.521739125252 0.47499999404
ds 0.0 0.847826063633 0.965909063816 0.47297295928
gs 0.095238097012 0.211111113429 0.133333340287 0.432432442904
ts 0.0975609719753 0.773333311081 0.612500011921 0.191176474094
a 0.445083796978 0.0948753803968 0.126582860947 0.261113673449
b 0.19718940556 0.0184992216527 0.0478413291276 0.135148331523
d 0.103989101946 0.728073120117 0.679574549198 0.407537102699
g 0.106979675591 0.00650223670527 0.024484962225 0.0938991233706
t 0.146758034825 0.152050033212 0.121516309679 0.102301761508
h 1.0 1.0 1.0 1.0
c 0.00913622975349 0 0 0
Aa 0.670086920261 0.706854104996 0.240975543857 0.614175438881
Ab 0.316528707743 -0.00314594944939 -0.181596115232 0.328156530857
Ad 0.0386329516768 1.59187555313 0.970837771893 0.807512998581
Ag 0.0509463921189 -0.457236617804 -0.472499907017 0.170007377863
At 0.188247010112 0.911687135696 0.223235219717 0.207228943706
as 0.45918366313 0.893617033958 1.0 0.52336448431
bs 0.222222223878 0.214285716414 0.565217375755 0.47499999404
ds 0.0 0.869565188885 1.0 0.466216206551
gs 0.142857149243 0.244444444776 0.166666671634 0.405405402184
ts 0.105691060424 0.810810804367 0.625 0.191176474094
a 0.444334119558 0.0891123637557 0.117977380753 0.256732434034
b 0.194310933352 0.0180040486157 0.0487917512655 0.139916107059
d 0.102962493896 0.727372229099 0.684861958027 0.40205386281
g 0.111282624304 0.00691605499014 0.0244173202664 0.0954677611589
t 0.147109821439 0.15859529376 0.123951599002 0.105829834938
h 1.0 1.0 1.0 1.0
c 0.0 0 0 0
Aa 0.670086920261 0.670060396194 0.208343192935 0.5929479599
Ab 0.31087449193 -0.0245073623955 -0.175109162927 0.329334884882
Ad 0.0350563041866 1.58187913895 0.972147464752 0.787751436234
Ag 0.0688045993447 -0.440019100904 -0.475757569075 0.163323923945
At 0.190018922091 0.920412778854 0.229796558619 0.208075329661
as 0.45918366313 0.829787254333 1.0 0.504672884941
bs 0.222222223878 0.181818187237 0.565217375755 0.47499999404
ds 0.0 0.858695626259 1.0 0.452702701092
gs 0.190476194024 0.26966291666 0.133333340287 0.378378391266
ts 0.105691060424 0.824324309826 0.637499988079 0.191176474094
a 0.430923938751 0.0851887986064 0.10840100795 0.262303441763
b 0.199011489749 0.0181483142078 0.0511349625885 0.144341379404
d 0.104295179248 0.722797453403 0.686454355717 0.382409781218
g 0.118929728866 0.00761362444609 0.0249463859946 0.0977871567011
t 0.146839663386 0.166251793504 0.129063278437 0.113158263266
h 1.0 1.0 1.0 1.0
c 0.0 0 0 0
Aa 0.642584621906 0.61711961031 0.15473690629 0.587909042835
Ab 0.30706217885 -0.0544266067445 -0.171578451991 0.328495889902
Ad 0.0264482591301 1.54575371742 0.956315279007 0.751634061337
Ag 0.0834744572639 -0.431671440601 -0.483288794756 0.159386873245
At 0.175027415156 0.907503426075 0.230506286025 0.222791314125
as 0.428571432829 0.702127635479 0.901960790157 0.504672884941
bs 0.194444447756 0.127272725105 0.608695626259 0.47499999404
ds 0.0 0.815217375755 0.977272748947 0.432432442904
gs 0.214285716414 0.280898869038 0.137931033969 0.378378391266
ts 0.0894308909774 0.797297298908 0.637499988079 0.192592591047
a 0.393841862679 0.0835094973445 0.102396577597 0.270336031914
b 0.217824116349 0.0188671723008 0.0536395348608 0.145728498697
d 0.109509393573 0.715544044971 0.684218585491 0.357956409454
g 0.131008461118 0.00849381741136 0.0256874263287 0.100297436118
t 0.147816166282 0.17358545959 0.134057849646 0.125681638718
h 1.0 1.0 1.0 1.0
c 0.0 0 0 0
Aa 0.568009972572 0.564663350582 0.110298544168 0.587909042835
Ab 0.310794055462 -0.081365711987 -0.170501902699 0.319549590349
Ad 0.0121394721791 1.49756383896 0.93520796299 0.709835290909
Ag 0.089987449348 -0.427969604731 -0.49026632309 0.15729495883
At 0.142410010099 0.882440805435 0.227305352688 0.255276948214
as 0.357142865658 0.595744669437 0.823529422283 0.504672884941
bs 0.222222223878 0.0909090936184 0.608695626259 0.449999988079
ds 0.0 0.760869562626 0.95454543829 0.405405402184
gs 0.230769231915 0.287356317043 0.103448279202 0.378378391266
ts 0.0650406479836 0.770270287991 0.645569622517 0.214814811945
