a 0.16249987483 0.0605670921504 0.257993191481 0.203089863062
b 0.19892168045 0.0198764353991 0.114168025553 0.118661358953
d 0.201655820012 0.648631453514 0.386195719242 0.302524387836
g 0.089580796659 0.00986129883677 0.0479452051222 0.14827235043
t 0.347341805696 0.261063724756 0.193697839975 0.227452039719
h 1.0 1.0 1.0 1.0
c 0.0 0 0 0
Aa 0.137073963881 0.253903925419 0.0721525251865 0.428972095251
Ab 0.224903047085 -0.229994297028 -0.281911224127 0.19559314847
Ad 0.230831697583 1.28366518021 0.24735173583 0.602044224739
Ag -0.121564164758 -0.534398674965 -0.658710539341 0.292344003916
At 0.466977983713 0.888413727283 -0.0523309521377 0.478173673153
as 0.196428567171 0.510638296604 0.857142865658 0.589285731316
bs 0.379310339689 1.0 0.888888895512 0.28125
ds 0.03816793859 0.666666686535 0.378640770912 0.3828125
gs 0.0 0.65625 0.428571432829 0.911764681339
ts 0.416000008583 0.646153867245 0.263157904148 0.4375
a 0.16249987483 0.0605984628201 0.240131944418 0.203089863062
b 0.19892168045 0.0200456548482 0.110962212086 0.118661358953
d 0.201655820012 0.658774137497 0.401906609535 0.302524387836
g 0.089580796659 0.00935610290617 0.0479217916727 0.14827235043
t 0.347341805696 0.251225650311 0.199077442288 0.227452039719
h 1.0 1.0 1.0 1.0
c 0.0 0 0 0
Aa 0.137073963881 0.257974028587 0.0483796820045 0.428972095251
Ab 0.224903047085 -0.22246734798 -0.286895126104 0.19559314847
Ad 0.230831697583 1.29424893856 0.27205491066 0.602044224739
Ag -0.121564164758 -0.553392589092 -0.651537179947 0.292344003916
At 0.466977983713 0.875576376915 -0.0330482125282 0.478173673153
as 0.196428567171 0.531914889812 0.81632655859 0.589285731316
bs 0.379310339689 1.0 0.833333313465 0.28125
ds 0.03816793859 0.689189195633 0.398058265448 0.3828125
gs 0.0 0.625 0.47619047761 0.911764681339
ts 0.416000008583 0.615384638309 0.276315778494 0.4375
a 0.16249987483 0.0601600185037 0.230152443051 0.203089863062
b 0.19892168045 0.0204083416611 0.107363626361 0.118661358953
d 0.201655820012 0.668256103992 0.412701815367 0.302524387836
g 0.089580796659 0.00904481485486 0.0477780885994 0.14827235043
t 0.347341805696 0.242130711675 0.202004015446 0.227452039719
h 1.0 1.0 1.0 1.0
c 0.0 0 0 0
Aa 0.137073963881 0.243644356728 0.0336495116353 0.428972095251
Ab 0.224903047085 -0.225855886936 -0.297508895397 0.19559314847
Ad 0.230831697583 1.2892793417 0.287270307541 0.602044224739
Ag -0.121564164758 -0.579263925552 -0.649137318134 0.292344003916
At 0.466977983713 0.848386287689 -0.0230060648173 0.478173673153
as 0.196428567171 0.489361703396 0.775510191917 0.589285731316
bs 0.379310339689 1.0 0.777777791023 0.28125
ds 0.03816793859 0.689189195633 0.407766997814 0.3828125
gs 0.0 0.53125 0.47619047761 0.911764681339
ts 0.416000008583 0.584615409374 0.30263158679 0.4375
a 0.16249987483 0.0614604428411 0.227328985929 0.203089863062
b 0.19892168045 0.0207614507526 0.104304537177 0.118661358953
d 0.201655820012 0.675612926483 0.418062388897 0.302524387836
g 0.089580796659 0.00888189394027 0.0475560463965 0.14827235043
t 0.347341805696 0.233283281326 0.202748060226 0.227452039719
h 1.0 1.0 1.0 1.0
c 0.0 0 0 0
Aa 0.137073963881 0.235971704125 0.0288413763046 0.428972095251
Ab 0.224903047085 -0.235366269946 -0.309510231018 0.19559314847
Ad 0.230831697583 1.27707397938 0.29342764616 0.602044224739
Ag -0.121564164758 -0.604118406773 -0.650607705116 0.292344003916
At 0.466977983713 0.815259635448 -0.0208567436785 0.478173673153
as 0.196428567171 0.478260874748 0.791666686535 0.589285731316
bs 0.379310339689 1.0 0.722222208977 0.28125
ds 0.03816793859 0.662162184715 0.421568632126 0.3828125
gs 0.0 0.4375 0.47619047761 0.911764681339
ts 0.416000008583 0.523076951504 0.30263158679 0.4375
a 0.16249987483 0.0632434636354 0.227861016989 0.203089863062
b 0.19892168045 0.0209000296891 0.102399691939 0.118661358953
d 0.201655820012 0.681311964989 0.419115185738 0.302524387836
g 0.089580796659 0.0087858075276 0.0474015660584 0.14827235043
t 0.347341805696 0.225758746266 0.203222543001 0.227452039719
h 1.0 1.0 1.0 1.0
c 0.0 0 0 0
Aa 0.137073963881 0.235971704125 0.0288413763046 0.428972095251
Ab 0.224903047085 -0.244897037745 -0.318530023098 0.19559314847
Ad 0.230831697583 1.26830208302 0.293504744768 0.602044224739
Ag -0.121564164758 -0.621262252331 -0.653035998344 0.292344003916
At 0.466977983713 0.788600623608 -0.0208567921072 0.478173673153
as 0.196428567171 0.478260874748 0.791666686535 0.589285731316
bs 0.379310339689 1.0 0.666666686535 0.28125
ds 0.03816793859 0.662162184715 0.425742566586 0.3828125
gs 0.0 0.40625 0.47619047761 0.911764681339
ts 0.416000008583 0.492307692766 0.30263158679 0.4375
a 0.16249987483 0.0639071017504 0.228536576033 0.203089863062
b 0.19892168045 0.0207719150931 0.101679563522 0.118661358953
d 0.201655820012 0.686822772026 0.41877502203 0.302524387836
g 0.089580796659 0.00869827903807 0.0473644174635 0.14827235043
t 0.347341805696 0.219799935818 0.203644409776 0.227452039719
h 1.0 1.0 1.0 1.0
c 0.0 0 0 0
Aa 0.137073963881 0.235971704125 0.0288413763046 0.428972095251
Ab 0.224903047085 -0.252100914717 -0.322880685329 0.19559314847
Ad 0.230831697583 1.26726722717 0.2918664217 0.602044224739
Ag -0.121564164758 -0.630144059658 -0.654662132263 0.292344003916
At 0.466977983713 0.772450089455 -0.0212418492883 0.478173673153
as 0.196428567171 0.478260874748 0.791666686535 0.589285731316
bs 0.379310339689 1.0 0.666666686535 0.28125
ds 0.03816793859 0.648648619652 0.425742566586 0.3828125
gs 0.0 0.375 0.428571432829 0.911764681339
ts 0.416000008583 0.461538463831 0.30263158679 0.4375
a 0.0568458363414 0.0638306587934 0.229283183813 0.185582101345
b 0.262586891651 0.0205954778939 0.101568445563 0.237171396613
d 0.4463147223 0.691206216812 0.418091922998 0.360295861959
g 0.055838547647 0.00860498286784 0.0472383648157 0.110635183752
t 0.178414002061 0.21576268971 0.203818097711 0.106315478683
h 1.0 1.0 1.0 1.0
c 0.0 0 0 0
Aa -0.397493720055 0.235971704125 0.0288413763046 0.199189677835
Ab 0.267080694437 -0.255285739899 -0.324772030115 0.305715888739
Ad 0.497448831797 1.27055001259 0.289740949869 0.487312853336
Ag -0.405258268118 -0.634307563305 -0.657235980034 -0.0254531651735
At 0.0992365330458 0.764918744564 -0.022288069129 -0.0427499301732
as 0.0 0.478260874748 0.791666686535 0.178571432829
bs 0.517241358757 0.964285731316 0.611111104488 0.625
ds 0.236641228199 0.662162184715 0.425742566586 0.2890625
gs 0.0 0.34375 0.428571432829 0.0
ts 0.12800000608 0.444444447756 0.30263158679 0.0
a 0.066560216248 0.0641553103924 0.231065973639 0.203545033932
b 0.268284618855 0.0204472504556 0.101541653275 0.224811077118
d 0.393109500408 0.694278180599 0.41610211134 0.350422114134
g 0.0662482008338 0.0085823526606 0.0469687692821 0.114193104208
t 0.205797448754 0.212536916137 0.204321488738 0.10702868551
h 1.0 1.0 1.0 1.0
c 0.0 0 0 0
Aa -0.34627610445 0.235971704125 0.0288413763046 0.219379216433
Ab 0.259104967117 -0.260625988245 -0.32825037837 0.262536376715
Ad 0.425022721291 1.27027261257 0.284305304289 0.455310195684
Ag -0.348316758871 -0.637654542923 -0.663085460663 -0.0316414386034
At 0.143949151039 0.756173491478 -0.0245805885643 -0.0597811080515
as 0.0 0.478260874748 0.791666686535 0.214285716414
bs 0.517241358757 0.964285731316 0.611111104488 0.5
ds 0.183206111193 0.662162184715 0.415841579437 0.26984128356
gs 0.0 0.34375 0.449999988079 0.0
ts 0.159999996424 0.428571432829 0.280000001192 0.0
a 0.0770747587085 0.0655987635255 0.235477343202 0.220083028078
b 0.267806261778 0.0203330907971 0.100957199931 0.21098870039
d 0.352941244841 0.696579396725 0.412733435631 0.340600341558
g 0.0777466520667 0.00872534140944 0.0466404668987 0.118477493525
t 0.224431082606 0.208763405681 0.204191550612 0.109850428998
h 1.0 1.0 1.0 1.0
c 0.0 0 0 0
Aa -0.291033059359 0.235971704125 0.0315991453826 0.235054790974
Ab 0.249875515699 -0.272720575333 -0.336212694645 0.216727420688
Ad 0.369757205248 1.26204669476 0.275319695473 0.42471331358
Ag -0.287263512611 -0.640141546726 -0.671587049961 -0.0338959060609
At 0.173137784004 0.738730430603 -0.0303122121841 -0.0667299926281
as 0.0 0.466666668653 0.791666686535 0.232142850757
bs 0.482758611441 0.928571403027 0.555555582047 0.34375
ds 0.145038172603 0.657534241676 0.39393940568 0.246031746268
gs 0.0 0.34375 0.40000000596 0.0
ts 0.184000000358 0.412698417902 0.283783793449 0.0
a 0.151216626167 0.0685075670481 0.242023348808 0.233158916235
b 0.232616215944 0.0204505100846 0.0990139320493 0.189537808299
d 0.318133294582 0.699255883694 0.412164211273 0.341072827578
g 0.0780754908919 0.00923132803291 0.0463738664985 0.118156604469
t 0.219958364964 0.202554702759 0.200424641371 0.11807385087
h 1.0 1.0 1.0 1.0
c 0.0 0 0 0
Aa 0.0578553453088 0.235971704125 0.0380354709923 0.263551145792
Ab 0.244895800948 -0.289062678814 -0.350125491619 0.173594966531
Ad 0.380864948034 1.24486935139 0.269248485565 0.42874622345
Ag -0.229229465127 -0.634502649307 -0.679548501968 -0.0316428914666
At 0.220596298575 0.706775486469 -0.0438707023859 -0.0319471620023
as 0.0714285746217 0.466666668653 0.829787254333 0.285714298487
bs 0.448275864124 0.857142865658 0.5 0.21875
ds 0.153846159577 0.630136966705 0.39393940568 0.256000012159
gs 0.0 0.354838699102 0.34999999404 0.0
ts 0.224000006914 0.354838699102 0.256756752729 0.0
a 0.151216626167 0.0727070122957 0.231117412448 0.233158916235
b 0.232616215944 0.0204718858004 0.0962331220508 0.189537808299
d 0.318133294582 0.701538980007 0.42897439003 0.341072827578
g 0.0780754908919 0.0100912936032 0.0466343052685 0.118156604469
t 0.219958364964 0.195190832019 0.197040751576 0.11807385087
h 1.0 1.0 1.0 1.0
c 0.0 0 0 0
Aa 0.0578553453088 0.235971704125 0.0116780307144 0.263551145792
Ab 0.244895800948 -0.314446747303 -0.368830084801 0.173594966531
Ad 0.380864948034 1.22044718266 0.280276745558 0.42874622345
Ag -0.229229465127 -0.621657729149 -0.683449149132 -0.0316428914666
At 0.220596298575 0.664854824543 -0.0575985722244 -0.0319471620023
as 0.0727272704244 0.466666668653 0.765957474709 0.285714298487
bs 0.448275864124 0.75 0.388888895512 0.21875
ds 0.15625 0.602739751339 0.404040396214 0.258064508438
gs 0.0 0.419354826212 0.34999999404 0.0
ts 0.211382120848 0.290322571993 0.232876718044 0.0
a 0.151216626167 0.0773804113269 0.203364312649 0.233158916235
b 0.232616215944 0.0202921610326 0.0899584516883 0.189537808299
d 0.318133294582 0.703203141689 0.466105669737 0.341072827578
g 0.0780754908919 0.0112321674824 0.045857489109 0.118156604469
t 0.219958364964 0.187892109156 0.194714099169 0.11807385087
h 1.0 1.0 1.0 1.0
c 0.0 0 0 0
Aa 0.0578553453088 0.235971704125 -0.0351920761168 0.263551145792
Ab 0.244895800948 -0.345331043005 -0.389424860477 0.173594966531
Ad 0.380864948034 1.19442152977 0.325017571449 0.42874622345
Ag -0.229229465127 -0.602195799351 -0.682056546211 -0.0316428914666
At 0.220596298575 0.621249198914 -0.0540694147348 -0.0319471620023
as 0.0727272704244 0.466666668653 0.652173936367 0.285714298487
bs 0.448275864124 0.642857134342 0.29411765933 0.21875
ds 0.157480314374 0.561643838882 0.444444447756 0.264462798834
gs 0.0 0.483870953321 0.34999999404 0.0
ts 0.211382120848 0.225806444883 0.232876718044 0.0
a 0.151216626167 0.0794051289558 0.200804442167 0.233158916235
b 0.232616215944 0.019441768527 0.0751224681735 0.189537808299
d 0.318133294582 0.705009460449 0.49383097887 0.341072827578
g 0.0780754908919 0.0122630661353 0.0404361523688 0.118156604469
t 0.219958364964 0.183880567551 0.189805969596 0.11807385087
h 1.0 1.0 1.0 1.0
c 0.0 0 0 0
Aa 0.0578553453088 0.235971704125 0.0189435780048 0.263551145792
Ab 0.244895800948 -0.375141113997 -0.408059895039 0.173594966531
Ad 0.380864948034 1.18431806564 0.409748584032 0.42874622345
Ag -0.229229465127 -0.575277805328 -0.677059948444 -0.0316428914666
At 0.220596298575 0.60065895319 -0.00551987858489 -0.0319471620023
as 0.0727272704244 0.466666668653 0.782608687878 0.285714298487
bs 0.428571432829 0.535714268684 0.176470592618 0.21875
ds 0.15873016417 0.547945201397 0.540816307068 0.266666680574
gs 0.0 0.548387110233 0.34999999404 0.0
ts 0.213114753366 0.193548381329 0.301369875669 0.0
a 0.151216626167 0.0733587741852 0.209775671363 0.233158916235
b 0.232616215944 0.0173531360924 0.058419611305 0.189537808299
d 0.318133294582 0.719786584377 0.507117211819 0.341072827578
g 0.0780754908919 0.0124015463516 0.0329141803086 0.118156604469
t 0.219958364964 0.177099972963 0.191773340106 0.11807385087
h 1.0 1.0 1.0 1.0
c 0.0 0 0 0
Aa 0.0578553453088 0.226830855012 0.132723346353 0.263551145792
Ab 0.244895800948 -0.399243235588 -0.422473102808 0.173594966531
Ad 0.380864948034 1.21858251095 0.516076564789 0.42874622345
Ag -0.229229465127 -0.545145392418 -0.671648740768 -0.0316428914666
At 0.220596298575 0.60959726572 0.093756467104 -0.0319471620023
as 0.074074074626 0.444444447756 1.0 0.285714298487
bs 0.428571432829 0.464285701513 0.0625 0.21875
ds 0.15873016417 0.597222208977 0.64948451519 0.266666680574
gs 0.0 0.645161271095 0.40000000596 0.0
ts 0.213114753366 0.209677413106 0.438356161118 0.0
a 0.151216626167 0.0591757260263 0.208867907524 0.233158916235
b 0.232616215944 0.0143790589646 0.0458086393774 0.189537808299
d 0.318133294582 0.748966276646 0.51938688755 0.341072827578
g 0.0780754908919 0.0114382700995 0.0267278067768 0.118156604469
t 0.219958364964 0.16604064405 0.199208766222 0.11807385087
h 1.0 1.0 1.0 1.0
c 0.0 0 0 0
Aa 0.0578553453088 0.196679159999 0.227066189051 0.263551145792
Ab 0.244895800948 -0.417733967304 -0.431858122349 0.173594966531
Ad 0.380864948034 1.29899787903 0.622685432434 0.42874622345
Ag -0.229229465127 -0.517104029655 -0.665842235088 -0.0316428914666
At 0.220596298575 0.644749999046 0.206502914429 -0.0319471620023
as 0.074074074626 0.377777785063 1.0 0.285714298487
bs 0.428571432829 0.392857134342 0.0 0.21875
ds 0.15873016417 0.718309879303 0.762886583805 0.266666680574
gs 0.0 0.741935491562 0.40000000596 0.0
ts 0.214876025915 0.258064508438 0.589041113853 0.0
a 0.151216626167 0.0404757894576 0.184743195772 0.233158916235
b 0.232616215944 0.0116548566148 0.0384947173297 0.189537808299
d 0.318133294582 0.784690737724 0.543314635754 0.341072827578
g 0.0780754908919 0.0100475195795 0.0231456309557 0.118156604469
t 0.219958364964 0.153131082654 0.210301801562 0.11807385087
h 1.0 1.0 1.0 1.0
c 0.0 0 0 0
Aa 0.0578553453088 0.108129896224 0.244711011648 0.263551145792
Ab 0.244895800948 -0.432558506727 -0.43645632267 0.173594966531
Ad 0.380864948034 1.39563310146 0.713193953037 0.42874622345
Ag -0.229229465127 -0.497006595135 -0.657388448715 -0.0316428914666
At 0.220596298575 0.685997903347 0.30098554492 -0.0319471620023
as 0.074074074626 0.20000000298 1.0 0.285714298487
bs 0.428571432829 0.357142865658 0.0 0.193548381329
ds 0.15873016417 0.842857122421 0.854166686535 0.266666680574
gs 0.0 0.806451618671 0.449999988079 0.0
ts 0.214876025915 0.322580635548 0.736111104488 0.0
a 0.151216626167 0.0230858046561 0.16514493525 0.233158916235
b 0.232616215944 0.00975641608238 0.034110698849 0.189537808299
d 0.318133294582 0.815672338009 0.563840687275 0.341072827578
g 0.0780754908919 0.00888966023922 0.0211748275906 0.118156604469
t 0.219958364964 0.142595812678 0.215728864074 0.11807385087
h 1.0 1.0 1.0 1.0
c 0.0 0 0 0
Aa 0.0578553453088 -0.0714984089136 0.247636184096 0.263551145792
Ab 0.244895800948 -0.445553123951 -0.43733844161 0.173594966531
Ad 0.380864948034 1.47667229176 0.780927360058 0.42874622345
Ag -0.229229465127 -0.485958248377 -0.644409179688 -0.0316428914666
At 0.220596298575 0.719263315201 0.363679170609 -0.0319471620023
as 0.074074074626 0.0 1.0 0.285714298487
bs 0.428571432829 0.285714298487 0.0 0.193548381329
ds 0.15873016417 0.957142829895 0.927083313465 0.266666680574
gs 0.0 0.838709652424 0.5 0.0
ts 0.216666668653 0.387096762657 0.819444417953 0.0
a 0.151216626167 0.0164508968592 0.152810186148 0.233158916235
b 0.232616215944 0.00860723480582 0.0316720716655 0.189537808299
d 0.318133294582 0.83139538765 0.579670250416 0.341072827578
g 0.0780754908919 0.00813375134021 0.0203247889876 0.118156604469
t 0.219958364964 0.135412752628 0.215522691607 0.11807385087
h 1.0 1.0 1.0 1.0
c 0.0 0 0 0
Aa 0.0578553453088 -0.175640493631 0.247636184096 0.263551145792
Ab 0.244895800948 -0.456966429949 -0.435839653015 0.173594966531
Ad 0.380864948034 1.52797746658 0.826664924622 0.42874622345
Ag -0.229229465127 -0.481539219618 -0.628490030766 -0.0316428914666
At 0.220596298575 0.739829480648 0.396976917982 -0.0319471620023
as 0.074074074626 0.0 1.0 0.285714298487
bs 0.428571432829 0.25 0.0 0.193548381329
ds 0.15873016417 1.0 0.96875 0.266666680574
gs 0.0 0.870967745781 0.600000023842 0.0
ts 0.218487396836 0.419354826212 0.861111104488 0.0
a 0.163973361254 0.0144513119012 0.146008744836 0.232604146004
b 0.251793175936 0.00805326830596 0.030425477773 0.185552626848
d 0.240216076374 0.837543308735 0.591596961021 0.336656957865
g 0.0897538214922 0.00781035004184 0.0200973283499 0.123878754675
t 0.254263550043 0.132141768932 0.211871504784 0.121307492256
h 1.0 1.0 1.0 1.0
c 0.0 0 0 0
Aa 0.0578553453088 -0.21197219193 0.247636184096 0.234807550907
Ab 0.244126006961 -0.465907305479 -0.433505266905 0.136657208204
Ad 0.223684087396 1.5511277914 0.855283260345 0.39537769556
Ag -0.203865036368 -0.47920897603 -0.613604307175 -0.0388130955398
At 0.248366132379 0.749160647392 0.409329891205 -0.0479222908616
as 0.074074074626 0.0 1.0 0.236363634467
bs 0.428571432829 0.214285716414 0.0 0.0666666701436
ds 0.0240000002086 1.0 1.0 0.220338985324
gs 0.0 0.899999976158 0.684210538864 0.0
ts 0.25 0.43548387289 0.888888895512 0.0
a 0.167215496302 0.0143192652613 0.14259237051 0.239015191793
b 0.252073317766 0.00787883903831 0.0298004597425 0.170670166612
d 0.19822832942 0.838181734085 0.598773479462 0.332507491112
g 0.100144900382 0.00779707543552 0.0201115235686 0.130503699183
t 0.282337963581 0.1318231076 0.208722174168 0.127303466201
h 1.0 1.0 1.0 1.0
c 0.0 0 0 0
Aa 0.0578553453088 -0.21197219193 0.247636184096 0.219907701015
Ab 0.236105725169 -0.471430718899 -0.432237148285 0.0736398249865
Ad 0.131744533777 1.55544519424 0.870802462101 0.363283604383
Ag -0.164792329073 -0.475961208344 -0.603015124798 -0.0428950041533
At 0.285348087549 0.752098619938 0.413108497858 -0.0536775924265
as 0.074074074626 0.0 1.0 0.192307695746
bs 0.392857134342 0.214285716414 0.0588235296309 0.0
ds 0.0 1.0 1.0 0.194915249944
gs 0.0256410259753 0.899999976158 0.736842095852 0.0
ts 0.275862067938 0.442622959614 0.888888895512 0.0
a 0.16433429718 0.0144156292081 0.141034901142 0.24241296947
b 0.241204485297 0.00791585724801 0.0295939855278 0.148571535945
d 0.186982825398 0.836988031864 0.601758301258 0.335416287184
g 0.109635710716 0.00793073698878 0.0202045161277 0.137660101056
t 0.297842681408 0.132749721408 0.207408279181 0.135939121246
h 1.0 1.0 1.0 1.0
c 0.0 0 0 0
Aa 0.0578553453088 -0.21197219193 0.247636184096 0.201977491379
Ab 0.224512532353 -0.472307831049 -0.430486947298 -0.0106427576393
Ad 0.113928876817 1.55191349983 0.87773168087 0.343005776405
Ag -0.117920823395 -0.471492290497 -0.596241950989 -0.0437702648342
At 0.316114097834 0.752227842808 0.415135681629 -0.049233879894
as 0.074074074626 0.0 1.0 0.153846159577
bs 0.333333343267 0.214285716414 0.0588235296309 0.0
ds 0.0 1.0 1.0 0.170940175653
gs 0.153846159577 0.933333337307 0.736842095852 0.0
ts 0.304347813129 0.442622959614 0.887323915958 0.0
a 0.16433429718 0.016232451424 0.14040119946 0.24241296947
b 0.241204485297 0.00808772910386 0.0299812071025 0.148571535945
d 0.186982825398 0.833378732204 0.601996004581 0.335416287184
g 0.109635710716 0.00806928239763 0.0203519072384 0.137660101056
t 0.297842681408 0.134231820703 0.207269698381 0.135939121246
h 1.0 1.0 1.0 1.0
c 0.0 0 0 0
Aa 0.0578553453088 -0.163938179612 0.247636184096 0.201977491379
Ab 0.224512532353 -0.466495722532 -0.422885507345 -0.0106427576393
Ad 0.113928876817 1.54652011395 0.879858970642 0.343005776405
Ag -0.117920823395 -0.467487365007 -0.591129541397 -0.0437702648342
At 0.316114097834 0.753533184528 0.416801184416 -0.049233879894
as 0.074074074626 0.0 1.0 0.153846159577
bs 0.333333343267 0.214285716414 0.117647059262 0.0
ds 0.0 1.0 1.0 0.170940175653
gs 0.153846159577 0.965517222881 0.789473712444 0.0
ts 0.304347813129 0.442622959614 0.887323915958 0.0
a 0.16433429718 0.0179981403053 0.140191540122 0.24241296947
b 0.241204485297 0.00823479145765 0.0311094727367 0.148571535945
d 0.186982825398 0.830209314823 0.600925981998 0.335416287184
g 0.109635710716 0.00814122986048 0.0205337814987 0.137660101056
t 0.297842681408 0.13541649282 0.207239240408 0.135939121246
h 1.0 1.0 1.0 1.0
c 0.0 0 0 0
Aa 0.0578553453088 -0.122156411409 0.248462513089 0.201977491379
Ab 0.224512532353 -0.461731404066 -0.405366659164 -0.0106427576393
Ad 0.113928876817 1.5418035984 0.880561649799 0.343005776405
Ag -0.117920823395 -0.466694027185 -0.585790395737 -0.0437702648342
At 0.316114097834 0.754287540913 0.418212682009 -0.049233879894
as 0.074074074626 0.0 1.0 0.153846159577
bs 0.333333343267 0.25 0.176470592618 0.0
ds 0.0 1.0 1.0 0.170940175653
gs 0.153846159577 0.965517222881 0.789473712444 0.0
ts 0.304347813129 0.442622959614 0.901408433914 0.0
a 0.16433429718 0.0209323260933 0.140692159534 0.24241296947
b 0.241204485297 0.00834157224745 0.0327937081456 0.148571535945
d 0.186982825398 0.826831698418 0.598715782166 0.335416287184
g 0.109635710716 0.0080975657329 0.0206548087299 0.137660101056
t 0.297842681408 0.13579685986 0.207143545151 0.135939121246
h 1.0 1.0 1.0 1.0
c 0.0 0 0 0
Aa 0.0578553453088 -0.0574926510453 0.251176029444 0.201977491379
Ab 0.224512532353 -0.457062244415 -0.381303340197 -0.0106427576393
Ad 0.113928876817 1.53910696507 0.880126833916 0.343005776405
Ag -0.117920823395 -0.469955652952 -0.582072675228 -0.0437702648342
At 0.316114097834 0.754579603672 0.419177561998 -0.049233879894
as 0.074074074626 0.0192307699472 1.0 0.153846159577
bs 0.333333343267 0.25 0.352941185236 0.0
ds 0.0 1.0 1.0 0.170940175653
gs 0.153846159577 0.965517222881 0.842105269432 0.0
ts 0.304347813129 0.442622959614 0.901408433914 0.0
a 0.16433429718 0.024507176131 0.140929922462 0.24241296947
b 0.241204485297 0.00823785923421 0.0348167009652 0.148571535945
d 0.186982825398 0.823783874512 0.59553027153 0.335416287184
g 0.109635710716 0.00791820790619 0.0207183975726 0.137660101056
t 0.297842681408 0.135552868247 0.208004698157 0.135939121246
h 1.0 1.0 1.0 1.0
c 0.0 0 0 0
Aa 0.0578553453088 0.0122329816222 0.251176029444 0.201977491379
Ab 0.224512532353 -0.461245954037 -0.356039583683 -0.0106427576393
Ad 0.113928876817 1.53875303268 0.877076685429 0.343005776405
Ag -0.117920823395 -0.478433400393 -0.581471025944 -0.0437702648342
At 0.316114097834 0.755048394203 0.420245945454 -0.049233879894
as 0.074074074626 0.156862750649 1.0 0.153846159577
bs 0.333333343267 0.25 0.470588237047 0.0
ds 0.0 1.0 0.989795923233 0.170940175653
gs 0.153846159577 0.931034505367 0.842105269432 0.0
ts 0.304347813129 0.442622959614 0.901408433914 0.0
a 0.114972576499 0.0262053143233 0.142545804381 0.116856537759
b 0.0309700965881 0.00813914276659 0.0368569083512 0.066656216979
d 0.672508597374 0.823590874672 0.590188741684 0.519679188728
g 0.0289623215795 0.00768136046827 0.0208141375333 0.069045163691
t 0.152586385608 0.134383276105 0.20959444344 0.22776286304
h 1.0 1.0 1.0 1.0
c 0.0115518793464 0 0 0
Aa 0.634045422077 0.0424407236278 0.251176029444 0.491827875376
Ab 0.0643937364221 -0.465369999409 -0.336259514093 0.248015537858
Ad 1.4011490345 1.53976285458 0.868212521076 1.1399102211
Ag 0.0352845564485 -0.490510493517 -0.584419965744 0.263308137655
At 0.756966948509 0.752396583557 0.418601363897 0.78165781498
as 1.0 0.215686276555 1.0 0.711538434029
bs 0.0 0.222222223878 0.588235318661 0.5
ds 1.0 1.0 0.989795923233 0.854700863361
gs 0.526315808296 0.896551728249 0.789473712444 0.857142865658
ts 0.684210538864 0.442622959614 0.914285719395 0.778846144676
a 0.124016813934 0.0272442791611 0.147356376052 0.134014323354
b 0.0258308164775 0.00804616510868 0.0390053726733 0.0617093406618
d 0.670258402824 0.825065553188 0.581573665142 0.523900449276
g 0.0288944169879 0.00746448291466 0.0212613064796 0.0598950050771
t 0.150999560952 0.132179513574 0.210803300142 0.220480889082
h 1.0 1.0 1.0 1.0
c 0.0241123437881 0 0 0
Aa 0.713779270649 0.0559637509286 0.251862049103 0.606419682503
Ab 0.0324368476868 -0.4737226367 -0.325382471085 0.269619375467
Ad 1.44654095173 1.53717684746 0.848097801208 1.19851720333
Ag 0.0811126679182 -0.506311833858 -0.588916957378 0.256659090519
At 0.799274384975 0.741852581501 0.407370507717 0.822639405727
as 1.0 0.235294118524 1.0 0.941176474094
bs 0.0 0.185185179114 0.647058844566 0.5625
ds 1.0 0.986486494541 0.969387769699 0.905982911587
gs 0.675675690174 0.827586233616 0.789473712444 0.828571438789
ts 0.734513282776 0.426229506731 0.885714292526 0.817307710648
a 0.124016813934 0.0284972973168 0.15803694725 0.134014323354
b 0.0258308164775 0.00814979150891 0.0418314449489 0.0617093406618
d 0.670258402824 0.82810908556 0.568961322308 0.523900449276
g 0.0288944169879 0.00743326731026 0.0225498229265 0.0598950050771
t 0.150999560952 0.127810552716 0.208620458841 0.220480889082
h 1.0 1.0 1.0 1.0
c 0.0366728045046 0 0 0
Aa 0.713779270649 0.0559637509286 0.252657622099 0.606419682503
Ab 0.0324368476868 -0.487693428993 -0.324598103762 0.269619375467
Ad 1.44654095173 1.5192476511 0.808981776237 1.19851720333
Ag 0.0811126679182 -0.527660191059 -0.592957854271 0.256659090519
At 0.799274384975 0.7077267766 0.373255908489 0.822639405727
as 1.0 0.219999998808 1.0 0.941176474094
bs 0.0 0.148148149252 0.647058844566 0.548387110233
ds 1.0 0.972222208977 0.928571403027 0.905982911587
gs 0.675675690174 0.758620679379 0.789473712444 0.828571438789
ts 0.734513282776 0.377049177885 0.842857122421 0.817307710648
a 0.124016813934 0.03199307248 0.178030490875 0.134014323354
b 0.0258308164775 0.00879027415067 0.0461789891124 0.0617093406618
d 0.670258402824 0.828285992146 0.552162826061 0.523900449276
g 0.0288944169879 0.00787693541497 0.0252644009888 0.0598950050771
t 0.150999560952 0.123053699732 0.198363319039 0.220480889082
h 1.0 1.0 1.0 1.0
c 0.0492332689464 0 0 0
Aa 0.713779270649 0.0559637509286 0.252657622099 0.606419682503
Ab 0.0324368476868 -0.505089759827 -0.333392292261 0.269619375467
Ad 1.44654095173 1.46908819675 0.744230389595 1.19851720333
Ag 0.0811126679182 -0.552734911442 -0.595327734947 0.256659090519
At 0.799274384975 0.641002476215 0.299624621868 0.822639405727
as 1.0 0.224489793181 1.0 0.979591846466
bs 0.0 0.074074074626 0.588235318661 0.548387110233
ds 1.0 0.902777791023 0.857142865658 0.905982911587
gs 0.675675690174 0.689655184746 0.736842095852 0.828571438789
ts 0.734513282776 0.26229506731 0.742857158184 0.817307710648
a 0.124016813934 0.0396991111338 0.205184832215 0.134014323354
b 0.0258308164775 0.0106027619913 0.0534558482468 0.0617093406618
d 0.670258402824 0.820480465889 0.531360566616 0.523900449276
g 0.0288944169879 0.00926495995373 0.0302779339254 0.0598950050771
t 0.150999560952 0.119952723384 0.179720818996 0.220480889082
h 1.0 1.0 1.0 1.0
c 0.0617937333882 0 0 0
Aa 0.713779270649 0.0559637509286 0.234250098467 0.606419682503
Ab 0.0324368476868 -0.517397999763 -0.349899917841 0.269619375467
Ad 1.44654095173 1.37125122547 0.647494196892 1.19851720333
Ag 0.0811126679182 -0.575973451138 -0.596768915653 0.256659090519
At 0.799274384975 0.536193072796 0.176703229547 0.822639405727
as 1.0 0.224489793181 1.0 0.979591846466
bs 0.0 0.0 0.529411792755 0.548387110233
ds 1.0 0.763888895512 0.755102038383 0.905982911587
gs 0.675675690174 0.586206912994 0.736842095852 0.828571438789
ts 0.734513282776 0.0833333358169 0.557142853737 0.825242698193
a 0.124016813934 0.0589681304991 0.214593008161 0.134014323354
b 0.0258308164775 0.0145264416933 0.0673696622252 0.0617093406618
d 0.670258402824 0.788792312145 0.518324971199 0.523900449276
g 0.0288944169879 0.0123643698171 0.0398623049259 0.0598950050771
t 0.150999560952 0.125348761678 0.159850031137 0.220480889082
h 1.0 1.0 1.0 1.0
c 0.0743541941047 0 0 0
Aa 0.713779270649 0.0906317979097 0.133095398545 0.606419682503
Ab 0.0324368476868 -0.517826318741 -0.370055824518 0.269619375467
Ad 1.44654095173 1.21697711945 0.516081988811 1.19851720333
Ag 0.0811126679182 -0.587813556194 -0.597957789898 0.256659090519
At 0.799274384975 0.418134480715 0.00519257225096 0.822639405727
as 1.0 0.306122452021 0.821428596973 1.0
bs 0.0 0.0 0.411764711142 0.548387110233
ds 1.0 0.541666686535 0.618556678295 0.905982911587
gs 0.675675690174 0.551724135876 0.736842095852 0.828571438789
ts 0.734513282776 0.0 0.314285725355 0.825242698193
a 0.124016813934 0.110675871372 0.196938171983 0.134014323354
b 0.0258308164775 0.0207406338304 0.091446660459 0.0617093406618
d 0.670258402824 0.694230377674 0.50700199604 0.523900449276
g 0.0288944169879 0.017311424017 0.0563145503402 0.0598950050771
t 0.150999560952 0.157041713595 0.148298636079 0.220480889082
h 1.0 1.0 1.0 1.0
c 0.0868725553155 0 0 0
Aa 0.713779270649 0.224426344037 -0.0552003383636 0.606419682503
Ab 0.0324368476868 -0.502804577351 -0.388362377882 0.269619375467
Ad 1.44654095173 1.0218770504 0.355479419231 1.19851720333
Ag 0.0811126679182 -0.58129376173 -0.59890961647 0.256659090519
At 0.799274384975 0.376388430595 -0.178393110633 0.822639405727
as 1.0 0.571428596973 0.482142865658 1.0
bs 0.0 0.0769230797887 0.29411765933 0.548387110233
ds 1.0 0.277777791023 0.453608244658 0.905982911587
gs 0.675675690174 0.586206912994 0.736842095852 0.823529422283
ts 0.734513282776 0.0 0.0434782616794 0.825242698193
a 0.124016813934 0.178214862943 0.175045624375 0.134014323354
b 0.0258308164775 0.0251395627856 0.120256096125 0.0617093406618
d 0.670258402824 0.554306387901 0.469567984343 0.523900449276
g 0.0288944169879 0.0206451769918 0.0761370807886 0.0598950050771
t 0.150999560952 0.221694037318 0.158993214369 0.220480889082
h 1.0 1.0 1.0 1.0
c 0.0993909239769 0 0 0
Aa 0.713779270649 0.377879917622 -0.237067326903 0.606419682503
Ab 0.0324368476868 -0.472706288099 -0.400111496449 0.269619375467
Ad 1.44654095173 0.870685875416 0.191479891539 1.19851720333
Ag 0.0811126679182 -0.558245360851 -0.598622381687 0.256659090519
At 0.799274384975 0.472690016031 -0.278840005398 0.822639405727
as 1.0 0.897959172726 0.160714283586 1.0
bs 0.0 0.192307695746 0.235294118524 0.548387110233
ds 1.0 0.0694444477558 0.288659781218 0.905982911587
gs 0.675675690174 0.655172407627 0.736842095852 0.823529422283
ts 0.734513282776 0.0 0.0 0.825242698193
a 0.124016813934 0.203551903367 0.19334089756 0.134014323354
b 0.0258308164775 0.023513071239 0.130631089211 0.0617093406618
d 0.670258402824 0.482094198465 0.398628234863 0.523900449276
g 0.0288944169879 0.0187988039106 0.08365046978 0.0598950050771
t 0.150999560952 0.272042036057 0.193749308586 0.220480889082
h 1.0 1.0 1.0 1.0
c 0.111909285188 0 0 0
Aa 0.713779270649 0.504310488701 -0.232790350914 0.606419682503
Ab 0.0324368476868 -0.433055341244 -0.403067529202 0.269619375467
Ad 1.44654095173 0.878767192364 0.0814539715648 1.19851720333
Ag 0.0811126679182 -0.530234456062 -0.596645712852 0.256659090519
At 0.799274384975 0.630271315575 -0.231873929501 0.822639405727
as 1.0 1.0 0.178571432829 1.0
bs 0.0 0.346153855324 0.235294118524 0.548387110233
ds 1.0 0.0833333358169 0.175257727504 0.905172407627
gs 0.675675690174 0.75 0.736842095852 0.823529422283
ts 0.734513282776 0.26229506731 0.0 0.825242698193
a 0.124016813934 0.181369617581 0.207015484571 0.134014323354
b 0.0258308164775 0.0203535463661 0.122267819941 0.0617093406618
d 0.670258402824 0.491550594568 0.364980041981 0.523900449276
g 0.0288944169879 0.015552373603 0.0781801864505 0.0598950050771
t 0.150999560952 0.291173875332 0.227556467056 0.220480889082
h 1.0 1.0 1.0 1.0
c 0.124352417886 0 0 0
Aa 0.713779270649 0.559170544147 -0.167856812477 0.606419682503
Ab 0.0324368476868 -0.390753865242 -0.396547466516 0.269619375467
Ad 1.44654095173 0.992174267769 0.078409448266 1.19851720333
Ag 0.0811126679182 -0.507597267628 -0.590762972832 0.256659090519
At 0.799274384975 0.764758467674 -0.126770466566 0.822639405727
as 1.0 1.0 0.285714298487 1.0
bs 0.0 0.5 0.25 0.548387110233
ds 1.0 0.236111104488 0.177083328366 0.905172407627
gs 0.666666686535 0.821428596973 0.789473712444 0.823529422283
ts 0.734513282776 0.483333319426 0.14084507525 0.825242698193
a 0.124016813934 0.15366114676 0.191160902381 0.134014323354
b 0.0258308164775 0.0184517037123 0.112062692642 0.0617093406618
d 0.670258402824 0.519086003304 0.369673103094 0.523900449276
g 0.0288944169879 0.013226187788 0.071062669158 0.0598950050771
t 0.150999560952 0.295574992895 0.256040662527 0.220480889082
h 1.0 1.0 1.0 1.0
c 0.136954605579 0 0 0
Aa 0.713779270649 0.570181667805 -0.151820495725 0.606419682503
Ab 0.0324368476868 -0.350345939398 -0.38375851512 0.269619375467
Ad 1.44654095173 1.09885692596 0.13459828496 1.19851720333
Ag 0.0811126679182 -0.494947731495 -0.581578016281 0.256659090519
At 0.799274384975 0.854285240173 -0.0249106287956 0.822639405727
as 1.0 1.0 0.321428567171 1.0
bs 0.0 0.653846144676 0.3125 0.548387110233
ds 1.0 0.388888895512 0.229166671634 0.905172407627
gs 0.685714304447 0.888888895512 0.842105269432 0.823529422283
ts 0.741071403027 0.633333325386 0.281690150499 0.825242698193
a 0.124016813934 0.136499583721 0.173194438219 0.134014323354
b 0.0258308164775 0.0177529864013 0.104091614485 0.0617093406618
d 0.670258402824 0.539684176445 0.378604739904 0.523900449276
g 0.0288944169879 0.0118604470044 0.0663277879357 0.0598950050771
t 0.150999560952 0.294202834368 0.277781397104 0.220480889082
h 1.0 1.0 1.0 1.0
c 0.149556785822 0 0 0
Aa 0.713779270649 0.570181667805 -0.151820495725 0.606419682503
Ab 0.0324368476868 -0.315678268671 -0.37293869257 0.269619375467
Ad 1.44654095173 1.16718995571 0.187831625342 1.19851720333
Ag 0.0811126679182 -0.490848600864 -0.56865888834 0.256659090519
At 0.799274384975 0.903697192669 0.0533487461507 0.822639405727
as 1.0 1.0 0.321428567171 1.0
bs 0.0 0.769230782986 0.4375 0.548387110233
ds 1.0 0.464788734913 0.284210532904 0.905172407627
gs 0.685714304447 0.925925910473 0.89473682642 0.823529422283
ts 0.741071403027 0.716666638851 0.394366204739 0.825242698193
a 0.110253490508 0.128220632672 0.160702824593 0.119773417711
b 0.0213897060603 0.0180376637727 0.096998013556 0.0587747246027
d 0.690963566303 0.550615429878 0.377478003502 0.545082747936
g 0.0277195759118 0.0111877145246 0.0635181441903 0.0552220828831
t 0.14967367053 0.291938573122 0.30130302906 0.221147030592
h 1.0 1.0 1.0 1.0
c 0.163365870714 0 0 0
Aa 0.713779270649 0.570181667805 -0.151820495725 0.606419682503
Ab 0.00159178324975 -0.281595975161 -0.37108117342 0.297249853611
Ad 1.51084208488 1.20307219028 0.219047635794 1.26452171803
Ag 0.114173531532 -0.489034861326 -0.554946243763 0.270172029734
At 0.846532344818 0.927515208721 0.121159464121 0.872740387917
as 1.0 1.0 0.321428567171 1.0
bs 0.0 0.923076927662 0.4375 0.612903237343
ds 1.0 0.521126747131 0.315789461136 0.956896543503
gs 0.771428585052 0.925925910473 0.947368443012 0.882352948189
ts 0.776785731316 0.75 0.492957741022 0.873786389828
a 0.110253490508 0.124577865005 0.153498679399 0.119773417711
b 0.0213897060603 0.0188019629568 0.0866191312671 0.0587747246027
d 0.690963566303 0.554113030434 0.388299673796 0.545082747936
g 0.0277195759118 0.0109502868727 0.0597999766469 0.0552220828831
t 0.14967367053 0.291556835175 0.311782538891 0.221147030592
h 1.0 1.0 1.0 1.0
c 0.177174940705 0 0 0
Aa 0.713779270649 0.570181667805 -0.132590398192 0.606419682503
Ab 0.00159178324975 -0.251056045294 -0.381081223488 0.297249853611
Ad 1.51084208488 1.21833908558 0.270471990108 1.26452171803
Ag 0.114173531532 -0.485833734274 -0.541994035244 0.270172029734
At 0.846532344818 0.939463973045 0.175156742334 0.872740387917
as 1.0 1.0 0.363636374474 1.0
bs 0.0 1.0 0.375 0.612903237343
ds 1.0 0.549295783043 0.368421047926 0.956896543503
gs 0.771428585052 0.925925910473 1.0 0.882352948189
ts 0.776785731316 0.779660999775 0.563380300999 0.873786389828
a 0.110253490508 0.125290691853 0.144005805254 0.119773417711
b 0.0213897060603 0.0195654183626 0.0736307501793 0.0587747246027
d 0.690963566303 0.552256286144 0.420361548662 0.545082747936
g 0.0277195759118 0.0108714755625 0.0545472875237 0.0552220828831
t 0.14967367053 0.292016118765 0.307454615831 0.221147030592
h 1.0 1.0 1.0 1.0
c 0.190984010696 0 0 0
Aa 0.713779270649 0.579849481583 -0.109467901289 0.606419682503
Ab 0.00159178324975 -0.226580172777 -0.400788664818 0.297249853611
Ad 1.51084208488 1.22407138348 0.355775088072 1.26452171803
Ag 0.114173531532 -0.481780827045 -0.53107470274 0.270172029734
At 0.846532344818 0.947337508202 0.219933107495 0.872740387917
as 1.0 1.0 0.40000000596 1.0
bs 0.0 1.0 0.25 0.612903237343
ds 1.0 0.549295783043 0.440860211849 0.956896543503
gs 0.771428585052 0.962962985039 1.0 0.882352948189
ts 0.776785731316 0.793103456497 0.633802831173 0.873786389828
a 0.110253490508 0.123810358346 0.132955104113 0.119773417711
b 0.0213897060603 0.0201575104147 0.0619215369225 0.0587747246027
d 0.690963566303 0.552330195904 0.461763292551 0.545082747936
g 0.0277195759118 0.010847620666 0.0494633875787 0.0552220828831
t 0.14967367053 0.292854309082 0.29389667511 0.221147030592
h 1.0 1.0 1.0 1.0
c 0.204793095589 0 0 0
Aa 0.713779270649 0.579849481583 -0.0906073898077 0.606419682503
Ab 0.00159178324975 -0.20847055316 -0.42247068882 0.297249853611
Ad 1.51084208488 1.22929131985 0.450107008219 1.26452171803
Ag 0.114173531532 -0.477572977543 -0.520028531551 0.270172029734
At 0.846532344818 0.95374417305 0.25388225913 0.872740387917
as 1.0 1.0 0.436363637447 1.0
bs 0.0 1.0 0.125 0.612903237343
ds 1.0 0.563380300999 0.548387110233 0.956896543503
gs 0.771428585052 0.962962985039 1.0 0.882352948189
ts 0.776785731316 0.810344815254 0.671428561211 0.873786389828
a 0.110253490508 0.121797405183 0.124608278275 0.119773417711
b 0.0213897060603 0.0201742053032 0.0537775494158 0.0587747246027
d 0.690963566303 0.555878221989 0.497573882341 0.545082747936
g 0.0277195759118 0.01068205107 0.0460732541978 0.0552220828831
t 0.14967367053 0.291468113661 0.27796703577 0.221147030592
h 1.0 1.0 1.0 1.0
c 0.21860216558 0 0 0
Aa 0.713779270649 0.579849481583 -0.0750228092074 0.606419682503
Ab 0.00159178324975 -0.200992077589 -0.439968675375 0.297249853611
Ad 1.51084208488 1.23919117451 0.526287853718 1.26452171803
Ag 0.114173531532 -0.477133870125 -0.507120788097 0.270172029734
At 0.846532344818 0.958802521229 0.273423582315 0.872740387917
as 1.0 1.0 0.454545468092 1.0
bs 0.0 1.0 0.0 0.612903237343
ds 1.0 0.57746475935 0.62365591526 0.956896543503
gs 0.771428585052 0.962962985039 1.0 0.882352948189
ts 0.776785731316 0.827586233616 0.710144937038 0.873786389828
a 0.110253490508 0.117688186467 0.117521010339 0.119773417711
b 0.0213897060603 0.0197035446763 0.049477327615 0.0587747246027
d 0.690963566303 0.564536035061 0.520843148232 0.545082747936
g 0.0277195759118 0.0102376108989 0.0448721088469 0.0552220828831
t 0.14967367053 0.287834644318 0.267286390066 0.221147030592
h 1.0 1.0 1.0 1.0
c 0.232411250472 0 0 0
Aa 0.713779270649 0.579849481583 -0.07301838696 0.606419682503
Ab 0.00159178324975 -0.196338996291 -0.448727667332 0.297249853611
Ad 1.51084208488 1.26080834866 0.573573052883 1.26452171803
Ag 0.114173531532 -0.48068472743 -0.491157412529 0.270172029734
At 0.846532344818 0.968259692192 0.283842951059 0.872740387917
as 1.0 1.0 0.472727268934 1.0
bs 0.0 1.0 0.0 0.612903237343
ds 1.0 0.605633795261 0.677419364452 0.956896543503
gs 0.771428585052 0.962962985039 1.0 0.882352948189
ts 0.776785731316 0.844827592373 0.724637687206 0.873786389828
a 0.110253490508 0.110760942101 0.115663230419 0.119773417711
b 0.0213897060603 0.0188261047006 0.0478604361415 0.0587747246027
d 0.690963566303 0.577690720558 0.527828574181 0.545082747936
g 0.0277195759118 0.00944993644953 0.0447746552527 0.0552220828831
t 0.14967367053 0.283272325993 0.263873100281 0.221147030592
h 1.0 1.0 1.0 1.0
c 0.246220320463 0 0 0
Aa 0.713779270649 0.581396520138 -0.0622716061771 0.606419682503
Ab 0.00159178324975 -0.188229650259 -0.445490270853 0.297249853611
Ad 1.51084208488 1.29870522022 0.597025990486 1.26452171803
Ag 0.114173531532 -0.487561225891 -0.474434673786 0.270172029734
At 0.846532344818 0.989214003086 0.29592821002 0.872740387917
as 1.0 1.0 0.490909099579 1.0
bs 0.0 1.0 0.0 0.612903237343
ds 1.0 0.66197180748 0.698924720287 0.956896543503
gs 0.771428585052 0.925925910473 1.0 0.882352948189
ts 0.776785731316 0.879310369492 0.739130437374 0.873786389828
a 0.110253490508 0.103096999228 0.111773610115 0.119773417711
b 0.0213897060603 0.0175689943135 0.0474609918892 0.0587747246027
d 0.690963566303 0.592661499977 0.53032720089 0.545082747936
g 0.0277195759118 0.0083686914295 0.0446179024875 0.0552220828831
t 0.14967367053 0.278303831816 0.265820294619 0.221147030592
h 1.0 1.0 1.0 1.0
c 0.260029405355 0 0 0
Aa 0.713779270649 0.591229319572 -0.0627065524459 0.606419682503
Ab 0.00159178324975 -0.177269756794 -0.434709012508 0.297249853611
Ad 1.51084208488 1.3507900238 0.613498091698 1.26452171803
Ag 0.114173531532 -0.499359130859 -0.461536675692 0.270172029734
At 0.846532344818 1.02250254154 0.313542276621 0.872740387917
as 1.0 1.0 0.490909099579 1.0
bs 0.0 1.0 0.0 0.612903237343
ds 1.0 0.732394337654 0.720430135727 0.956896543503
gs 0.771428585052 0.888888895512 1.0 0.882352948189
ts 0.776785731316 0.931034505367 0.76811593771 0.873786389828
a 0.110253490508 0.0996468365192 0.104802362621 0.119773417711
b 0.0213897060603 0.0162004139274 0.0461274683475 0.0587747246027
d 0.690963566303 0.603811740875 0.53988057375 0.545082747936
g 0.0277195759118 0.00718775950372 0.0424195080996 0.0552220828831
t 0.14967367053 0.273153245449 0.266770094633 0.221147030592
h 1.0 1.0 1.0 1.0
c 0.273838460445 0 0 0
Aa 0.713779270649 0.624261260033 -0.0627065524459 0.606419682503
Ab 0.00159178324975 -0.164676174521 -0.419118016958 0.297249853611
Ad 1.51084208488 1.40669929981 0.649220049381 1.26452171803
Ag 0.114173531532 -0.517608761787 -0.455512017012 0.270172029734
At 0.846532344818 1.06220412254 0.343059509993 0.872740387917
as 1.0 1.0 0.490909099579 1.0
bs 0.0 1.0 0.125 0.612903237343
ds 1.0 0.802816927433 0.763440847397 0.956896543503
gs 0.771428585052 0.814814805984 1.0 0.882352948189
ts 0.776785731316 1.0 0.811594188213 0.873786389828
a 0.110253490508 0.0955794155598 0.0912254303694 0.119773417711
b 0.0213897060603 0.0150374593213 0.041705224663 0.0587747246027
d 0.690963566303 0.614283561707 0.571576237679 0.545082747936
g 0.0277195759118 0.006131043192 0.0369972474873 0.0552220828831
t 0.14967367053 0.268968552351 0.25849583745 0.221147030592
h 1.0 1.0 1.0 1.0
c 0.287647545338 0 0 0
Aa 0.713779270649 0.648046016693 -0.0627065524459 0.606419682503
Ab 0.00159178324975 -0.155143916607 -0.402631998062 0.297249853611
Ad 1.51084208488 1.45605051517 0.73425167799 1.26452171803
Ag 0.114173531532 -0.544784009457 -0.454653084278 0.270172029734
At 0.846532344818 1.09738314152 0.389631092548 0.872740387917
as 1.0 1.0 0.490909099579 1.0
bs 0.0 1.0 0.25 0.612903237343
ds 1.0 0.873239457607 0.849462389946 0.956896543503
gs 0.771428585052 0.703703701496 1.0 0.882352948189
ts 0.776785731316 1.0 0.884057998657 0.873786389828
a 0.110253490508 0.0917957499623 0.073538787663 0.119773417711
b 0.0213897060603 0.0142305437475 0.0343331955373 0.0587747246027
d 0.690963566303 0.626660227776 0.629147231579 0.545082747936
g 0.0277195759118 0.00529632391408 0.0297767370939 0.0552220828831
t 0.14967367053 0.262017130852 0.233204066753 0.221147030592
h 1.0 1.0 1.0 1.0
c 0.30145663023 0 0 0
Aa 0.713779270649 0.659211874008 -0.0610258243978 0.606419682503
Ab 0.00159178324975 -0.150389224291 -0.391828030348 0.297249853611
Ad 1.51084208488 1.49342143536 0.871210038662 1.26452171803
Ag 0.114173531532 -0.579636216164 -0.453665167093 0.270172029734
At 0.846532344818 1.11471891403 0.440193831921 0.872740387917
as 1.0 1.0 0.5 1.0
bs 0.0 1.0 0.3125 0.612903237343
ds 1.0 0.929577469826 1.0 0.956896543503
gs 0.771428585052 0.592592597008 1.0 0.882352948189
ts 0.776785731316 1.0 0.970588207245 0.873786389828
