a 0.183595865965 0.0941087827086 0.134946078062 0.195614054799
b 0.0782518461347 0.0169718358666 0.100240491331 0.0774497911334
d 0.434134930372 0.570013582706 0.552622497082 0.401044756174
g 0.058718893677 0.00544213782996 0.0376112647355 0.0590652376413
t 0.245298460126 0.313463687897 0.174579665065 0.266826182604
h 1.0 1.0 1.0 1.0
c 0.360329598188 0 0 0
Aa 0.709246218204 0.465628325939 -0.260487377644 0.660017251968
Ab 0.338877916336 -0.278273016214 -0.389604449272 0.257637441158
Ad 1.08300805092 1.24788331985 0.351780951023 0.971809983253
Ag 0.21416118741 -0.772232294083 -0.815329670906 0.139949128032
At 0.835078120232 0.988185405731 -0.14865398407 0.794845581055
as 0.630136966705 0.205479457974 0.0 0.8125
bs 0.519999980927 0.0 0.0 0.34999999404
ds 0.82075470686 0.121621623635 0.0 0.614754080772
gs 0.791666686535 0.0 0.0 0.405405402184
ts 0.863157868385 0.333333343267 0.0 0.767857134342
a 0.183595865965 0.0950781777501 0.155965283513 0.195614054799
b 0.0782518461347 0.016472235322 0.110045142472 0.0774497911334
d 0.434134930372 0.558977842331 0.531329989433 0.401044756174
g 0.058718893677 0.00519292848185 0.0410806909204 0.0590652376413
t 0.245298460126 0.324278831482 0.161578893661 0.266826182604
h 1.0 1.0 1.0 1.0
c 0.360329598188 0 0 0
Aa 0.709246218204 0.464246422052 -0.238154813647 0.660017251968
Ab 0.338877916336 -0.297081887722 -0.389611899853 0.257637441158
Ad 1.08300805092 1.23356020451 0.29418155551 0.971809983253
Ag 0.21416118741 -0.79842209816 -0.817544996738 0.139949128032
At 0.835078120232 0.997084140778 -0.222798123956 0.794845581055
as 0.630136966705 0.205479457974 0.0384615398943 0.8125
bs 0.519999980927 0.0 0.0 0.34999999404
ds 0.82075470686 0.108108110726 0.0 0.614754080772
gs 0.791666686535 0.0 0.0 0.405405402184
ts 0.863157868385 0.333333343267 0.0 0.767857134342
a 0.183595865965 0.0957650616765 0.185182929039 0.195614054799
b 0.0782518461347 0.0161087438464 0.115684747696 0.0774497911334
d 0.434134930372 0.552570104599 0.502274036407 0.401044756174
g 0.058718893677 0.00491052400321 0.0435671620071 0.0590652376413
t 0.245298460126 0.330645591021 0.153291106224 0.266826182604
h 1.0 1.0 1.0 1.0
c 0.360329598188 0 0 0
Aa 0.709246218204 0.464246422052 -0.186848133802 0.660017251968
Ab 0.338877916336 -0.309899002314 -0.391172975302 0.257637441158
Ad 1.08300805092 1.22542667389 0.246491655707 0.971809983253
Ag 0.21416118741 -0.825832843781 -0.815289855003 0.139949128032
At 0.835078120232 1.00240206718 -0.268932104111 0.794845581055
as 0.630136966705 0.205479457974 0.134615391493 0.8125
bs 0.519999980927 0.0 0.0 0.34999999404
ds 0.82075470686 0.0945945978165 0.0 0.614754080772
gs 0.791666686535 0.0 0.0 0.405405402184
ts 0.863157868385 0.347826093435 0.0 0.767857134342
a 0.183595865965 0.0957365632057 0.214064821601 0.195614054799
b 0.0782518461347 0.0157896596938 0.115341871977 0.0774497911334
d 0.434134930372 0.551649153233 0.478106915951 0.401044756174
g 0.058718893677 0.00466591166332 0.0445375218987 0.0590652376413
t 0.245298460126 0.332158714533 0.147948876023 0.266826182604
h 1.0 1.0 1.0 1.0
c 0.360329598188 0 0 0
Aa 0.709246218204 0.464246422052 -0.125481367111 0.660017251968
Ab 0.338877916336 -0.318458676338 -0.394039660692 0.257637441158
Ad 1.08300805092 1.22483158112 0.223498344421 0.971809983253
Ag 0.21416118741 -0.847894906998 -0.807300627232 0.139949128032
At 0.835078120232 1.00451421738 -0.285914987326 0.794845581055
as 0.630136966705 0.208333328366 0.25 0.8125
bs 0.519999980927 0.0 0.0 0.34999999404
ds 0.82075470686 0.0945945978165 0.0 0.614754080772
gs 0.791666686535 0.0 0.0 0.405405402184
ts 0.863157868385 0.347826093435 0.0 0.767857134342
a 0.183595865965 0.0948491990566 0.212478592992 0.195614054799
b 0.0782518461347 0.0153481429443 0.113598361611 0.0774497911334
d 0.434134930372 0.556934833527 0.481301665306 0.401044756174
g 0.058718893677 0.00450549973175 0.0461127050221 0.0590652376413
t 0.245298460126 0.328362315893 0.146508663893 0.266826182604
h 1.0 1.0 1.0 1.0
c 0.360329598188 0 0 0
Aa 0.709246218204 0.464246422052 -0.126821815968 0.660017251968
Ab 0.338877916336 -0.326731443405 -0.398764938116 0.257637441158
Ad 1.08300805092 1.23301708698 0.228280350566 0.971809983253
Ag 0.21416118741 -0.859044313431 -0.790316402912 0.139949128032
At 0.835078120232 1.00356602669 -0.288273692131 0.794845581055
as 0.630136966705 0.208333328366 0.25 0.8125
bs 0.519999980927 0.0 0.0 0.34999999404
ds 0.82075470686 0.109589040279 0.0 0.614754080772
gs 0.791666686535 0.0 0.0 0.405405402184
ts 0.863157868385 0.338235288858 0.0 0.767857134342
a 0.0815220102668 0.0937292277813 0.196286469698 0.0832830891013
b 0.282401829958 0.0148305837065 0.111174292862 0.22345803678
d 0.179451644421 0.565332591534 0.500342845917 0.414528995752
g 0.232936635613 0.00445253029466 0.0487706921995 0.136119008064
t 0.223687872291 0.321655094624 0.14342571795 0.142610862851
h 1.0 1.0 1.0 1.0
c 0.360329598188 0 0 0
Aa -0.185373872519 0.464246422052 -0.158816412091 -0.24200552702
Ab 0.354218751192 -0.336470395327 -0.405702382326 0.186633661389
Ad 0.15729868412 1.24467539787 0.24756090343 0.454992592335
Ag 0.270589023829 -0.859021782875 -0.763547837734 -0.028643572703
At 0.252993673086 0.999761760235 -0.295079737902 -0.00840972643346
as 0.0 0.211267605424 0.192307695746 0.0
bs 0.541666686535 0.0 0.0 0.15000000596
ds 0.0 0.123287670314 0.0 0.188524588943
gs 1.0 0.0 0.0 0.0
ts 0.255319148302 0.338235288858 0.0 0.0535714291036
a 0.104812815785 0.0939189568162 0.184271603823 0.0943464338779
b 0.291362017393 0.0145096611232 0.109112069011 0.210795521736
d 0.176080688834 0.57154738903 0.517676711082 0.436141937971
g 0.228259563446 0.00455340882763 0.0527451112866 0.130783453584
t 0.199484929442 0.315470606089 0.136194527149 0.12793263793
h 1.0 1.0 1.0 1.0
c 0.360329598188 0 0 0
Aa -0.0790945366025 0.464246422052 -0.186978116632 -0.164169043303
Ab 0.364924013615 -0.34684959054 -0.414563715458 0.184966847301
Ad 0.146202802658 1.24854540825 0.261622101068 0.500733315945
Ag 0.258920043707 -0.850170195103 -0.730254292488 -0.0223417263478
At 0.200401157141 0.990452051163 -0.318276852369 -0.0319131910801
as 0.0 0.214285716414 0.134615391493 0.0
bs 0.583333313465 0.0 0.0 0.15000000596
ds 0.0 0.136986300349 0.0 0.231404960155
gs 1.0 0.0 0.0 0.0
ts 0.204301074147 0.323529422283 0.0 0.0360360369086
a 0.12459243089 0.0972717478871 0.17701908946 0.101809315383
b 0.290549486876 0.014629015699 0.109310142696 0.204122275114
d 0.186900064349 0.5740686059 0.528918266296 0.446860224009
g 0.214602276683 0.00485742185265 0.0584174394608 0.129155397415
t 0.183355733752 0.309173226357 0.126335039735 0.11805280298
h 1.0 1.0 1.0 1.0
c 0.360329598188 0 0 0
Aa 0.00392345618457 0.464246422052 -0.215292781591 -0.121863901615
Ab 0.371651917696 -0.358525186777 -0.424652397633 0.180239006877
Ad 0.180041268468 1.23522353172 0.260075718164 0.520520269871
Ag 0.240066125989 -0.83733445406 -0.696770310402 -0.0185388680547
At 0.171726286411 0.966461598873 -0.361789017916 -0.0575751103461
as 0.0 0.214285716414 0.0769230797887 0.0
bs 0.652173936367 0.0 0.0 0.15000000596
ds 0.0 0.0972222238779 0.0 0.25
gs 0.916666686535 0.0 0.09375 0.0
ts 0.172043010592 0.279411762953 0.0 0.00900900922716
a 0.140744775534 0.10574965924 0.175825029612 0.108986288309
b 0.282187581062 0.0155058642849 0.111345902085 0.202240437269
d 0.202558577061 0.572278857231 0.531980156898 0.444650650024
g 0.197678998113 0.00548993842676 0.0648695230484 0.131200537086
t 0.176830068231 0.300975650549 0.115979388356 0.112922087312
h 1.0 1.0 1.0 1.0
c 0.360329598188 0 0 0
Aa 0.0701093524694 0.464246422052 -0.236959636211 -0.0940020382404
Ab 0.372214972973 -0.369536608458 -0.435366094112 0.174494117498
Ad 0.228227719665 1.19757509232 0.24385510385 0.516645014286
Ag 0.217637613416 -0.820465087891 -0.669999659061 -0.0134382508695
At 0.169233173132 0.918498814106 -0.417659521103 -0.0785949826241
as 0.0 0.217391297221 0.0384615398943 0.0
bs 0.652173936367 0.0 0.0 0.125
ds 0.0373831763864 0.0416666679084 0.0 0.241666659713
gs 0.833333313465 0.0 0.193548381329 0.0
ts 0.175824180245 0.220588237047 0.0 0.0
a 0.147356718779 0.118953347206 0.182169020176 0.122494414449
b 0.275810986757 0.0171684846282 0.112022146583 0.203300178051
d 0.209364175797 0.56912946701 0.530444264412 0.424318432808
g 0.185866698623 0.0066154981032 0.0699269920588 0.137407645583
t 0.181601420045 0.288133203983 0.10543756187 0.11247933656
h 1.0 1.0 1.0 1.0
c 0.349983632565 0 0 0
Aa 0.0945815294981 0.457573354244 -0.236959636211 -0.0510228872299
Ab 0.366823136806 -0.383071303368 -0.448130279779 0.168998584151
Ad 0.247113972902 1.13740777969 0.227205619216 0.488552719355
Ag 0.195413187146 -0.7972407341 -0.652789354324 -0.00112828018609
At 0.185330852866 0.841790020466 -0.474438786507 -0.0880664288998
as 0.0 0.217391297221 0.0384615398943 0.0
bs 0.608695626259 0.0 0.0 0.125
ds 0.0467289723456 0.0 0.0 0.218487396836
gs 0.708333313465 0.0 0.258064508438 0.0526315793395
ts 0.186813190579 0.102941177785 0.0 0.0
a 0.213909208775 0.112925358117 0.180576771498 0.182148590684
b 0.248188689351 0.0197543948889 0.107348650694 0.192100211978
d 0.201832190156 0.585109293461 0.544525682926 0.382199257612
g 0.163732737303 0.0084282560274 0.0706124901772 0.136393383145
t 0.172337174416 0.2737827003 0.0969364345074 0.107158541679
h 1.0 1.0 1.0 1.0
c 0.339381337166 0 0 0
Aa 0.292973905802 0.359510660172 -0.236959636211 0.145349428058
Ab 0.357526391745 -0.397617071867 -0.462824940681 0.168451443315
Ad 0.267734855413 1.07395613194 0.242396831512 0.467213451862
Ag 0.176879942417 -0.767543077469 -0.644739985466 0.019716899842
At 0.199123367667 0.744125187397 -0.507134437561 -0.0850495919585
as 0.0819672122598 0.0735294148326 0.0384615398943 0.0153846153989
bs 0.608695626259 0.0 0.0 0.125
ds 0.0747663527727 0.0 0.0 0.193277314305
gs 0.625 0.0 0.258064508438 0.105263158679
ts 0.191011235118 0.0 0.0 0.0
a 0.213909208775 0.0798114538193 0.161245524883 0.239207983017
b 0.248188689351 0.0224179364741 0.092365115881 0.165151119232
d 0.201832190156 0.63047939539 0.595467031002 0.341779559851
g 0.163732737303 0.0106199113652 0.0633930116892 0.122234538198
t 0.172337174416 0.256671309471 0.0875293388963 0.131626814604
h 1.0 1.0 1.0 1.0
c 0.329218506813 0 0 0
Aa 0.292973905802 0.142422825098 -0.236959636211 0.338340014219
Ab 0.357526391745 -0.409046798944 -0.478939324617 0.177445858717
Ad 0.267734855413 1.04002845287 0.330410420895 0.493310421705
Ag 0.176879942417 -0.733521521091 -0.642405867577 0.0467582829297
At 0.199123367667 0.649734914303 -0.502293646336 0.0789086893201
as 0.0819672122598 0.0 0.0384615398943 0.3125
bs 0.608695626259 0.0 0.0 0.15000000596
ds 0.0747663527727 0.0 0.0 0.224137932062
gs 0.625 0.0 0.290322571993 0.157894730568
ts 0.193181812763 0.0 0.0 0.151785716414
a 0.213909208775 0.0624628290534 0.127317294478 0.239207983017
b 0.248188689351 0.0228874590248 0.0706590414047 0.165151119232
d 0.201832190156 0.671036064625 0.671731233597 0.341779559851
g 0.163732737303 0.0118163730949 0.0503847673535 0.122234538198
t 0.172337174416 0.23179730773 0.0799076780677 0.131626814604
h 1.0 1.0 1.0 1.0
c 0.31905567646 0 0 0
Aa 0.292973905802 0.0229692328721 -0.236959636211 0.338340014219
Ab 0.357526391745 -0.413054853678 -0.492679297924 0.177445858717
Ad 0.267734855413 1.05409348011 0.485348522663 0.493310421705
Ag 0.176879942417 -0.700168251991 -0.639547765255 0.0467582829297
At 0.199123367667 0.592455983162 -0.439258486032 0.0789086893201
as 0.0819672122598 0.0 0.0384615398943 0.3125
bs 0.608695626259 0.0 0.0 0.15000000596
ds 0.0747663527727 0.0 0.095238097012 0.224137932062
gs 0.625 0.0 0.290322571993 0.157894730568
ts 0.186046510935 0.0 0.0 0.153153151274
a 0.213909208775 0.127442374825 0.0942882373929 0.239207983017
b 0.248188689351 0.0196648035198 0.0518155358732 0.165151119232
d 0.201832190156 0.642351031303 0.735984325409 0.341779559851
g 0.163732737303 0.0106279859319 0.0379382222891 0.122234538198
t 0.172337174416 0.199913829565 0.0799736976624 0.131626814604
h 1.0 1.0 1.0 1.0
c 0.308892846107 0 0 0
Aa 0.292973905802 0.410278469324 -0.236959636211 0.338340014219
Ab 0.357526391745 -0.401345729828 -0.496957182884 0.177445858717
Ad 0.267734855413 1.11273705959 0.655451357365 0.493310421705
Ag 0.176879942417 -0.668584406376 -0.632340192795 0.0467582829297
At 0.199123367667 0.605807483196 -0.308470010757 0.0789086893201
as 0.0819672122598 0.147058829665 0.0384615398943 0.3125
bs 0.636363625526 0.0 0.0 0.15000000596
ds 0.0754716992378 0.0 0.297619044781 0.224137932062
gs 0.625 0.0545454546809 0.322580635548 0.157894730568
ts 0.186046510935 0.0 0.0 0.153153151274
a 0.213909208775 0.180823564529 0.0887226164341 0.239207983017
b 0.248188689351 0.0159664154053 0.0387091040611 0.165151119232
d 0.201832190156 0.613004744053 0.755421757698 0.341779559851
g 0.163732737303 0.00864240154624 0.0290826689452 0.122234538198
t 0.172337174416 0.181562870741 0.0880638509989 0.131626814604
h 1.0 1.0 1.0 1.0
c 0.298730015755 0 0 0
Aa 0.292973905802 0.683450877666 -0.135145872831 0.338340014219
Ab 0.357526391745 -0.370596706867 -0.495367109776 0.177445858717
Ad 0.267734855413 1.21365964413 0.795009255409 0.493310421705
Ag 0.176879942417 -0.637169659138 -0.619545936584 0.0467582829297
At 0.199123367667 0.685222923756 -0.138382524252 0.0789086893201
as 0.0862068980932 0.544117629528 0.230769231915 0.3125
bs 0.636363625526 0.0 0.0 0.15000000596
ds 0.0754716992378 0.129870131612 0.457831323147 0.224137932062
gs 0.625 0.109090909362 0.354838699102 0.157894730568
ts 0.186046510935 0.0 0.0119047621265 0.154545456171
a 0.213909208775 0.190755292773 0.0852261260152 0.239207983017
b 0.248188689351 0.0133205754682 0.0313976965845 0.165151119232
d 0.201832190156 0.618937492371 0.753999710083 0.341779559851
g 0.163732737303 0.0069323182106 0.0242796987295 0.122234538198
t 0.172337174416 0.17005430162 0.105096764863 0.131626814604
h 1.0 1.0 1.0 1.0
c 0.288602828979 0 0 0
Aa 0.292973905802 0.835491478443 -0.0596637651324 0.338340014219
Ab 0.357526391745 -0.320462137461 -0.493338733912 0.177445858717
Ad 0.267734855413 1.3466616869 0.887134671211 0.493310421705
Ag 0.176879942417 -0.604106605053 -0.604993224144 0.0467582829297
At 0.199123367667 0.785602450371 0.0313528478146 0.0789086893201
as 0.0877192988992 0.764705896378 0.384615391493 0.322580635548
bs 0.636363625526 0.0166666675359 0.0 0.15000000596
ds 0.0761904790998 0.298701286316 0.56097561121 0.224137932062
gs 0.625 0.163636356592 0.387096762657 0.162162154913
ts 0.192771077156 0.0428571440279 0.204819276929 0.155963301659
a 0.213909208775 0.167009055614 0.0827164277434 0.239207983017
b 0.248188689351 0.0112426243722 0.0274165403098 0.165151119232
d 0.201832190156 0.657541751862 0.744074463844 0.341779559851
g 0.163732737303 0.00566172227263 0.0217498224229 0.122234538198
t 0.172337174416 0.158544883132 0.124042756855 0.131626814604
h 1.0 1.0 1.0 1.0
c 0.278475642204 0 0 0
Aa 0.292973905802 0.894976079464 -0.0109325470403 0.338340014219
Ab 0.357526391745 -0.276896238327 -0.490511655807 0.177445858717
Ad 0.267734855413 1.49015939236 0.943092107773 0.493310421705
Ag 0.176879942417 -0.57481533289 -0.591068565845 0.0467582829297
At 0.199123367667 0.87238830328 0.165047124028 0.0789086893201
as 0.0892857164145 0.852941155434 0.480769217014 0.322580635548
bs 0.636363625526 0.0833333358169 0.0 0.15000000596
ds 0.0769230797887 0.493506491184 0.625 0.224137932062
gs 0.625 0.218181818724 0.451612889767 0.162162154913
ts 0.195121943951 0.171428576112 0.361445784569 0.155963301659
a 0.21901036799 0.132433727384 0.0779419541359 0.233499571681
b 0.256271660328 0.00965834036469 0.0245317481458 0.162963211536
d 0.203358843923 0.707129180431 0.738700032234 0.3530600667
g 0.164609953761 0.00476710125804 0.0200898405164 0.122083865106
t 0.1567491889 0.146011635661 0.13873642683 0.128393277526
h 1.0 1.0 1.0 1.0
c 0.278475642204 0 0 0
Aa 0.292973905802 0.894976079464 0.00864492449909 0.335938721895
Ab 0.361209779978 -0.242120027542 -0.493397891521 0.179742217064
Ad 0.260772258043 1.62247622013 0.985341727734 0.515501201153
Ag 0.168965294957 -0.548768162727 -0.580149888992 0.0543109029531
At 0.147714525461 0.937364935875 0.259064108133 0.0761949419975
as 0.0727272704244 0.852941155434 0.519230782986 0.306451618671
bs 0.636363625526 0.15000000596 0.0 0.15000000596
ds 0.0673076957464 0.662337660789 0.675000011921 0.24137930572
gs 0.625 0.272727280855 0.483870953321 0.189189195633
ts 0.134146347642 0.257142871618 0.481927722692 0.146788984537
a 0.221628636122 0.108488380909 0.0717808008194 0.229071080685
b 0.261326879263 0.00845371838659 0.0217486787587 0.159477159381
d 0.210989549756 0.749992847443 0.745013833046 0.360734790564
g 0.159420803189 0.00409494619817 0.0184092223644 0.122959800065
t 0.146634146571 0.128970116377 0.143047466874 0.127757161856
h 1.0 1.0 1.0 1.0
c 0.268103957176 0 0 0
Aa 0.292973905802 0.894976079464 0.0182830989361 0.335938721895
Ab 0.364532083273 -0.213359370828 -0.500292301178 0.178666964173
Ad 0.271608948708 1.73465001583 1.03443920612 0.533156514168
Ag 0.149893015623 -0.528158962727 -0.572689771652 0.0657316148281
At 0.113583125174 0.970081925392 0.317755013704 0.08235373348
as 0.074074074626 0.852941155434 0.538461565971 0.306451618671
bs 0.666666686535 0.183333337307 0.0 0.15000000596
ds 0.070000000298 0.805194795132 0.737500011921 0.25663715601
gs 0.541666686535 0.309090912342 0.5 0.216216221452
ts 0.0886075943708 0.3188405931 0.554216861725 0.157407402992
a 0.220829978585 0.0929538533092 0.063896253705 0.227080628276
b 0.260685890913 0.00756252324209 0.0194433480501 0.156884670258
d 0.223661392927 0.780983388424 0.762964010239 0.358857214451
g 0.148417830467 0.00361371273175 0.0166434012353 0.125372186303
t 0.146404907107 0.114886544645 0.137052968144 0.131805315614
h 1.0 1.0 1.0 1.0
c 0.257139891386 0 0 0
Aa 0.292973905802 0.894976079464 0.0144132049754 0.335938721895
Ab 0.365033388138 -0.194624587893 -0.502291142941 0.175339147449
Ad 0.298506885767 1.81935048103 1.09144186974 0.534680306911
Ag 0.120401963592 -0.515337705612 -0.56982010603 0.0779598280787
At 0.114471524954 0.986977875233 0.345826268196 0.099691554904
as 0.074074074626 0.852941155434 0.519230782986 0.306451618671
bs 0.666666686535 0.216666668653 0.0 0.125
ds 0.10000000149 0.921052634716 0.822784781456 0.25
gs 0.416666656733 0.327272713184 0.5 0.270270258188
ts 0.0886075943708 0.333333343267 0.578313231468 0.168224304914
a 0.216505303979 0.0835097357631 0.0578456260264 0.227745294571
b 0.252725541592 0.00701690278947 0.0176484659314 0.155855298042
d 0.240975961089 0.800122261047 0.78073900938 0.345627516508
g 0.133792832494 0.00328544620425 0.0150853004307 0.129456654191
t 0.156000375748 0.106065668166 0.128681600094 0.141315236688
h 1.0 1.0 1.0 1.0
c 0.245009809732 0 0 0
Aa 0.292973905802 0.894976079464 0.0127245588228 0.335938721895
Ab 0.360154479742 -0.180615589023 -0.502838969231 0.171210870147
Ad 0.339479058981 1.87639534473 1.14295995235 0.517097651958
Ag 0.083938203752 -0.510166704655 -0.57099199295 0.0906136706471
At 0.15063098073 0.998813807964 0.359970510006 0.128678292036
as 0.0754716992378 0.865671634674 0.519230782986 0.306451618671
bs 0.666666686535 0.25 0.0 0.125
ds 0.134020611644 0.986842095852 0.886075973511 0.232142850757
gs 0.25 0.307692319155 0.5 0.297297298908
ts 0.139240503311 0.362318843603 0.602409660816 0.196261689067
a 0.207589969039 0.0782675370574 0.0553135499358 0.229284092784
b 0.240809649229 0.00680139986798 0.0164955742657 0.156396687031
d 0.261191874743 0.811039328575 0.792778074741 0.323737949133
g 0.120154969394 0.00307815824635 0.0140171675012 0.135142937303
t 0.170253530145 0.10081358254 0.121395640075 0.15543833375
h 1.0 1.0 1.0 1.0
c 0.231713756919 0 0 0
Aa 0.283631026745 0.894976079464 0.0230535697192 0.335938721895
Ab 0.348098546267 -0.16600728035 -0.502410471439 0.169792339206
Ad 0.383384346962 1.91043627262 1.17937362194 0.485758423805
Ag 0.0461664162576 -0.510314643383 -0.573117733002 0.106358170509
At 0.197520807385 1.00491344929 0.364425122738 0.167122945189
as 0.0588235296309 0.865671634674 0.529411792755 0.306451618671
bs 0.619047641754 0.266666680574 0.0 0.125
ds 0.175257727504 1.0 0.93670886755 0.205357149243
gs 0.0833333358169 0.307692319155 0.5 0.324324309826
ts 0.202531650662 0.362318843603 0.609756112099 0.224299058318
a 0.207589969039 0.0758007988334 0.0538221038878 0.28976342082
b 0.240809649229 0.00679893698543 0.0159784648567 0.137376666069
d 0.261191874743 0.81517970562 0.79931718111 0.338755369186
g 0.120154969394 0.0029776240699 0.0135688753799 0.102472908795
t 0.170253530145 0.0992429107428 0.117313355207 0.131631612778
h 1.0 1.0 1.0 1.0
c 0.21864336729 0 0 0
Aa 0.283631026745 0.894976079464 0.0274029579014 0.561399757862
Ab 0.348098546267 -0.152256712317 -0.500022649765 0.237269133329
Ad 0.383384346962 1.92655563354 1.19916141033 0.629242360592
Ag 0.0461664162576 -0.510827839375 -0.571013867855 0.109965227544
At 0.197520807385 1.01200175285 0.365789741278 0.218716397882
as 0.0588235296309 0.865671634674 0.549019634724 0.677419364452
bs 0.619047641754 0.300000011921 0.0 0.300000011921
ds 0.175257727504 1.0 0.962025344372 0.339285701513
gs 0.0833333358169 0.307692319155 0.5 0.351351350546
ts 0.202531650662 0.376811593771 0.609756112099 0.288461536169
a 0.207589969039 0.0749011710286 0.0530625581741 0.250230789185
b 0.240809649229 0.00675891758874 0.0158584732562 0.132146731019
d 0.261191874743 0.816413700581 0.801479101181 0.405459880829
g 0.120154969394 0.00291281193495 0.0137819284573 0.0870924293995
t 0.170253530145 0.0990133732557 0.115817949176 0.125070154667
h 1.0 1.0 1.0 1.0
c 0.205798655748 0 0 0
Aa 0.283631026745 0.894976079464 0.0274029579014 0.579596877098
Ab 0.348098546267 -0.149635359645 -0.497123867273 0.302312552929
Ad 0.383384346962 1.9323977232 1.20650696754 0.789204001427
Ag 0.0461664162576 -0.515200078487 -0.558075249195 0.121236540377
At 0.197520807385 1.01618134975 0.366390645504 0.278409838676
as 0.0588235296309 0.865671634674 0.549019634724 0.709677398205
bs 0.619047641754 0.300000011921 0.0 0.449999988079
ds 0.175257727504 1.0 0.962025344372 0.477477490902
gs 0.0833333358169 0.288461536169 0.533333361149 0.378378391266
ts 0.202531650662 0.376811593771 0.609756112099 0.346153855324
a 0.207589969039 0.0746765136719 0.0529931895435 0.210877582431
b 0.240809649229 0.00675092963502 0.0160724408925 0.133760645986
d 0.261191874743 0.816786766052 0.799575150013 0.458954870701
g 0.120154969394 0.00286084017716 0.014578984119 0.0782247334719
t 0.170253530145 0.0989249572158 0.116780228913 0.118182189763
h 1.0 1.0 1.0 1.0
c 0.193179637194 0 0 0
Aa 0.283631026745 0.894976079464 0.0274029579014 0.557887852192
Ab 0.348098546267 -0.148844376206 -0.490735292435 0.360185831785
Ad 0.383384346962 1.93390071392 1.20604217052 0.895627439022
Ag 0.0461664162576 -0.521714389324 -0.533089876175 0.127201542258
At 0.197520807385 1.01709794998 0.370552212 0.30640950799
as 0.0588235296309 0.865671634674 0.549019634724 0.677419364452
bs 0.619047641754 0.300000011921 0.0 0.600000023842
ds 0.175257727504 1.0 0.962025344372 0.567567586899
gs 0.0833333358169 0.288461536169 0.633333325386 0.405405402184
ts 0.202531650662 0.376811593771 0.62195122242 0.365384608507
a 0.207589969039 0.074857018888 0.053384732455 0.201654598117
b 0.240809649229 0.00676507363096 0.01653098315 0.138892576098
d 0.261191874743 0.816567003727 0.795429706573 0.469613611698
g 0.120154969394 0.00282015535049 0.0158458221704 0.073768876493
t 0.170253530145 0.0989907607436 0.118808731437 0.116070345044
h 1.0 1.0 1.0 1.0
c 0.180334925652 0 0 0
Aa 0.283631026745 0.894976079464 0.0274029579014 0.560030162334
Ab 0.348098546267 -0.14898391068 -0.481715410948 0.398101061583
Ad 0.383384346962 1.93273544312 1.20058774948 0.927162706852
Ag 0.0461664162576 -0.528983414173 -0.500099360943 0.123295195401
At 0.197520807385 1.01633822918 0.374834269285 0.320143282413
as 0.0588235296309 0.865671634674 0.549019634724 0.688524603844
bs 0.619047641754 0.300000011921 0.0 0.699999988079
ds 0.175257727504 1.0 0.962025344372 0.600000023842
gs 0.0833333358169 0.269230782986 0.733333349228 0.378378391266
ts 0.202531650662 0.376811593771 0.629629611969 0.392156869173
a 0.16560266912 0.0755695849657 0.0544992424548 0.217569470406
b 0.223247796297 0.00688303960487 0.0173511337489 0.152624905109
d 0.450862377882 0.815418899059 0.786765515804 0.470707565546
g 0.0993604809046 0.00280654896051 0.0175101216882 0.0746944621205
t 0.0609266646206 0.0993219017982 0.123874008656 0.0844035819173
h 1.0 1.0 1.0 1.0
c 0.168430536985 0 0 0
Aa 0.303096175194 0.894976079464 0.0274029579014 0.564576506615
Ab 0.432815998793 -0.14559070766 -0.469659686089 0.410603940487
Ad 0.738072812557 1.92800974846 1.18685781956 0.899729728699
Ag 0.0812425240874 -0.535198330879 -0.465698361397 0.100266963243
At -0.131163775921 1.01367402077 0.383992671967 0.153339415789
as 0.0980392172933 0.865671634674 0.549019634724 0.688524603844
bs 1.0 0.288135588169 0.0 0.725000023842
ds 0.557894766331 1.0 0.93670886755 0.581818163395
gs 0.25 0.25 0.827586233616 0.324324309826
ts 0.0 0.376811593771 0.637499988079 0.225490197539
a 0.1759916991 0.0768997296691 0.0570409707725 0.227739781141
b 0.202986970544 0.00723305577412 0.0186802446842 0.149524286389
d 0.435938864946 0.81325417757 0.774909436703 0.450605630875
g 0.0964487195015 0.00284999213181 0.0195784401149 0.0767148062587
t 0.0886337608099 0.0997630283237 0.129790902138 0.0954154953361
h 1.0 1.0 1.0 1.0
c 0.155482396483 0 0 0
Aa 0.316402792931 0.894976079464 0.0274029579014 0.576512813568
Ab 0.378378778696 -0.131626933813 -0.457401394844 0.393785625696
Ad 0.710336208344 1.91927754879 1.16046702862 0.872870504856
Ag 0.0552070774138 -0.53610509634 -0.437005847692 0.103953070939
At 0.0185097828507 1.00802087784 0.384460330009 0.198692813516
as 0.117647059262 0.865671634674 0.549019634724 0.704918026924
bs 0.761904776096 0.322033911943 0.0270270276815 0.675000011921
ds 0.526315808296 1.0 0.910256385803 0.559633016586
gs 0.125 0.254901975393 0.964285731316 0.324324309826
ts 0.0 0.376811593771 0.632911384106 0.274509817362
a 0.1759916991 0.0790600851178 0.0615642666817 0.227739781141
b 0.202986970544 0.00753223523498 0.0208042282611 0.149524286389
d 0.435938864946 0.812283754349 0.757661998272 0.450605630875
g 0.0964487195015 0.00288536818698 0.0221162065864 0.0767148062587
t 0.0886337608099 0.0982385799289 0.137853324413 0.0954154953361
h 1.0 1.0 1.0 1.0
c 0.14253424108 0 0 0
Aa 0.316402792931 0.894976079464 0.0274029579014 0.576512813568
Ab 0.378378778696 -0.126057311893 -0.443774163723 0.393785625696
Ad 0.710336208344 1.90672659874 1.11754977703 0.872870504856
Ag 0.0552070774138 -0.54277998209 -0.417215108871 0.103953070939
At 0.0185097828507 0.989300847054 0.377491503954 0.198692813516
as 0.117647059262 0.865671634674 0.549019634724 0.704918026924
bs 0.761904776096 0.322033911943 0.0540540553629 0.675000011921
ds 0.531914889812 1.0 0.844155848026 0.559633016586
gs 0.125 0.254901975393 1.0 0.324324309826
ts 0.0 0.347826093435 0.632911384106 0.267326742411
a 0.1759916991 0.082566164434 0.0676666349173 0.227739781141
b 0.202986970544 0.00788984075189 0.0238631851971 0.149524286389
d 0.435938864946 0.811799526215 0.739086329937 0.450605630875
g 0.0964487195015 0.00292319012806 0.0248559042811 0.0767148062587
t 0.0886337608099 0.0948212519288 0.144527956843 0.0954154953361
h 1.0 1.0 1.0 1.0
c 0.129586100578 0 0 0
Aa 0.316402792931 0.894976079464 0.0274029579014 0.576512813568
Ab 0.378378778696 -0.124757789075 -0.425243198872 0.393785625696
Ad 0.710336208344 1.88762283325 1.0657235384 0.872870504856
Ag 0.0552070774138 -0.555968940258 -0.407542049885 0.103953070939
At 0.0185097828507 0.955079674721 0.356980234385 0.198692813516
as 0.117647059262 0.865671634674 0.549019634724 0.704918026924
bs 0.761904776096 0.322033911943 0.108108110726 0.675000011921
ds 0.537634432316 0.974358975887 0.776315808296 0.551401853561
gs 0.125 0.20000000298 1.0 0.324324309826
ts 0.0 0.289855062962 0.584415555 0.267326742411
a 0.1759916991 0.0877774730325 0.0924489200115 0.227739781141
b 0.202986970544 0.00822077691555 0.0270049255341 0.149524286389
d 0.435938864946 0.806434988976 0.709604620934 0.450605630875
g 0.0964487195015 0.00295045552775 0.0264702104032 0.0767148062587
t 0.0886337608099 0.0946163237095 0.14447131753 0.0954154953361
h 1.0 1.0 1.0 1.0
c 0.116637960076 0 0 0
Aa 0.316402792931 0.898257315159 0.137071877718 0.576512813568
Ab 0.378378778696 -0.130212917924 -0.397386997938 0.393785625696
Ad 0.710336208344 1.8614436388 1.02218651772 0.872870504856
Ag 0.0552070774138 -0.575236678123 -0.406072586775 0.103953070939
At 0.0185097828507 0.930840313435 0.330951660872 0.198692813516
as 0.117647059262 0.880596995354 0.745098054409 0.704918026924
bs 0.761904776096 0.327586203814 0.189189195633 0.675000011921
ds 0.543478250504 0.948717951775 0.723684191704 0.551401853561
gs 0.125 0.159999996424 1.0 0.324324309826
ts 0.0 0.260869562626 0.558441579342 0.267326742411
a 0.1759916991 0.0965451076627 0.131791189313 0.227739781141
b 0.202986970544 0.00866406876594 0.0288684740663 0.149524286389
d 0.435938864946 0.790221631527 0.669052779675 0.450605630875
g 0.0964487195015 0.00297519564629 0.026327624917 0.0767148062587
t 0.0886337608099 0.101593971252 0.143959954381 0.0954154953361
h 1.0 1.0 1.0 1.0
c 0.103689819574 0 0 0
Aa 0.316402792931 0.919079899788 0.289632171392 0.576512813568
Ab 0.378378778696 -0.127928480506 -0.369830399752 0.393785625696
Ad 0.710336208344 1.83209860325 0.99520611763 0.872870504856
Ag 0.0552070774138 -0.592134833336 -0.409842550755 0.103953070939
At 0.0185097828507 0.941217601299 0.327987462282 0.198692813516
as 0.117647059262 0.910447776318 1.0 0.704918026924
bs 0.761904776096 0.327586203814 0.270270258188 0.675000011921
ds 0.543478250504 0.909090936184 0.684210538864 0.55660378933
gs 0.125 0.140000000596 1.0 0.324324309826
ts 0.0 0.275362312794 0.558441579342 0.267326742411
a 0.1759916991 0.119261920452 0.163935273886 0.227739781141
b 0.202986970544 0.00916516408324 0.0301209446043 0.149524286389
d 0.435938864946 0.750579893589 0.631958961487 0.450605630875
g 0.0964487195015 0.00297735398635 0.0256607159972 0.0767148062587
t 0.0886337608099 0.118015684187 0.148324117064 0.0954154953361
h 1.0 1.0 1.0 1.0
c 0.0907416790724 0 0 0
Aa 0.316402792931 1.00059914589 0.390314906836 0.576512813568
Ab 0.378378778696 -0.113762393594 -0.345488905907 0.393785625696
Ad 0.710336208344 1.79949426651 0.976331353188 0.872870504856
Ag 0.0552070774138 -0.602072179317 -0.415088742971 0.103953070939
At 0.0185097828507 0.996037065983 0.346854269505 0.198692813516
as 0.117647059262 1.0 1.0 0.704918026924
bs 0.761904776096 0.344827592373 0.333333343267 0.675000011921
ds 0.543478250504 0.870129883289 0.657894730568 0.561904788017
gs 0.125 0.119999997318 0.965517222881 0.324324309826
ts 0.0 0.347826093435 0.571428596973 0.267326742411
a 0.1759916991 0.126373454928 0.177690342069 0.227739781141
b 0.202986970544 0.00993610545993 0.0323065146804 0.149524286389
d 0.435938864946 0.713427841663 0.597786307335 0.450605630875
g 0.0964487195015 0.00312523869798 0.0260488577187 0.0767148062587
t 0.0886337608099 0.147137358785 0.166167974472 0.0954154953361
h 1.0 1.0 1.0 1.0
c 0.0777935385704 0 0 0
Aa 0.316402792931 1.00573956966 0.414020210505 0.576512813568
Ab 0.378378778696 -0.098700158298 -0.32635346055 0.393785625696
Ad 0.710336208344 1.75743365288 0.940902352333 0.872870504856
Ag 0.0552070774138 -0.60103315115 -0.419854938984 0.103953070939
At 0.0185097828507 1.07180655003 0.384903728962 0.198692813516
as 0.117647059262 1.0 1.0 0.704918026924
bs 0.761904776096 0.379310339689 0.388888895512 0.675000011921
ds 0.543478250504 0.805194795132 0.618421077728 0.567307710648
gs 0.125 0.119999997318 0.965517222881 0.324324309826
ts 0.0 0.470588237047 0.621621608734 0.267326742411
a 0.1759916991 0.135053053498 0.190919741988 0.227739781141
b 0.202986970544 0.0109293088317 0.0354020632803 0.149524286389
d 0.435938864946 0.670979440212 0.551690280437 0.450605630875
g 0.0964487195015 0.0034198355861 0.0277283191681 0.0767148062587
t 0.0886337608099 0.179618373513 0.194259613752 0.0954154953361
h 1.0 1.0 1.0 1.0
c 0.0649660006166 0 0 0
Aa 0.316402792931 1.00717425346 0.414020210505 0.576512813568
Ab 0.378378778696 -0.0847375318408 -0.317802071571 0.393785625696
Ad 0.710336208344 1.703379035 0.874864697456 0.872870504856
Ag 0.0552070774138 -0.589325010777 -0.423907101154 0.103953070939
At 0.0185097828507 1.13102054596 0.421551853418 0.198692813516
as 0.117647059262 1.0 1.0 0.704918026924
bs 0.761904776096 0.396551728249 0.40000000596 0.675000011921
ds 0.543478250504 0.740259766579 0.527027010918 0.568627476692
gs 0.130434781313 0.140000000596 0.931034505367 0.333333343267
ts 0.0 0.558823525906 0.671232879162 0.272727280855
a 0.1759916991 0.145817056298 0.209997937083 0.227739781141
b 0.202986970544 0.0120468121022 0.0394419915974 0.149524286389
d 0.435938864946 0.628973782063 0.494207322598 0.450605630875
g 0.0964487195015 0.00383217865601 0.030453749001 0.0767148062587
t 0.0886337608099 0.209330156446 0.225899010897 0.0954154953361
h 1.0 1.0 1.0 1.0
c 0.052138466388 0 0 0
Aa 0.316402792931 1.00717425346 0.410375386477 0.576512813568
Ab 0.378378778696 -0.0757619813085 -0.315880805254 0.393785625696
Ad 0.710336208344 1.64199841022 0.782069504261 0.872870504856
Ag 0.0552070774138 -0.573188364506 -0.428198903799 0.103953070939
At 0.0185097828507 1.16419768333 0.442074686289 0.198692813516
as 0.122448980808 1.0 1.0 0.704918026924
bs 0.761904776096 0.413793116808 0.40000000596 0.675000011921
ds 0.543478250504 0.662337660789 0.405405402184 0.568627476692
gs 0.130434781313 0.180000007153 0.931034505367 0.333333343267
ts 0.0 0.602941155434 0.694444417953 0.275510191917
a 0.1759916991 0.156686931849 0.231059521437 0.227739781141
b 0.202986970544 0.0129605680704 0.0437010899186 0.149524286389
d 0.435938864946 0.594514489174 0.435809493065 0.450605630875
g 0.0964487195015 0.00425038440153 0.0332462973893 0.0767148062587
t 0.0886337608099 0.231587648392 0.256183624268 0.0954154953361
h 1.0 1.0 1.0 1.0
c 0.0391518808901 0 0 0
Aa 0.316402792931 1.00717425346 0.406804412603 0.576512813568
Ab 0.378378778696 -0.0752345174551 -0.31642717123 0.393785625696
Ad 0.710336208344 1.58630383015 0.6823772192 0.872870504856
Ag 0.0552070774138 -0.559430360794 -0.435176163912 0.103953070939
At 0.0185097828507 1.17685687542 0.451631903648 0.198692813516
as 0.122448980808 1.0 1.0 0.704918026924
bs 0.761904776096 0.421052634716 0.40000000596 0.675000011921
ds 0.543478250504 0.584415555 0.273972600698 0.568627476692
gs 0.130434781313 0.20000000298 0.896551728249 0.314285725355
ts 0.0 0.617647051811 0.708333313465 0.268041223288
a 0.1759916991 0.164392843843 0.248311728239 0.179925218225
b 0.202986970544 0.0134521834552 0.0468238145113 0.162650465965
d 0.435938864946 0.574276506901 0.39360705018 0.463654220104
g 0.0964487195015 0.00450416747481 0.0347613953054 0.0877039730549
t 0.0886337608099 0.243374288082 0.27649602294 0.106066122651
h 1.0 1.0 1.0 1.0
c 0.0266424398869 0 0 0
Aa 0.316402792931 1.00717425346 0.406804412603 0.430626392365
Ab 0.378378778696 -0.0799159258604 -0.317726016045 0.386789649725
Ad 0.710336208344 1.55041229725 0.606870055199 0.841728568077
Ag 0.0552070774138 -0.555094182491 -0.447095602751 0.118553608656
At 0.0185097828507 1.17756593227 0.453496068716 0.201111018658
as 0.122448980808 1.0 1.0 0.475409835577
bs 0.761904776096 0.421052634716 0.40000000596 0.649999976158
ds 0.544444441795 0.54545456171 0.164383560419 0.539215683937
gs 0.130434781313 0.166666671634 0.86206895113 0.371428579092
ts 0.0 0.617647051811 0.708333313465 0.279569894075
a 0.198452860117 0.168003961444 0.256866693497 0.148305043578
b 0.212152540684 0.0137690640986 0.0485273487866 0.186208456755
d 0.386828064919 0.565441131592 0.375110089779 0.437951415777
g 0.100626416504 0.00458628078923 0.0343710295856 0.106082387269
t 0.101940132678 0.248199567199 0.285124838352 0.12145268172
h 1.0 1.0 1.0 1.0
c 0.0132824406028 0 0 0
Aa 0.299627274275 1.00717425346 0.406804412603 0.272825688124
Ab 0.328618139029 -0.0792409032583 -0.316916823387 0.371669173241
Ad 0.589487850666 1.53424203396 0.571255385876 0.743095695972
Ag 0.00468191690743 -0.556684732437 -0.466710805893 0.127313062549
At 0.0103151202202 1.17665565014 0.452131718397 0.186076894403
as 0.102040819824 1.0 1.0 0.213114753366
bs 0.550000011921 0.421052634716 0.40000000596 0.625
ds 0.425287365913 0.519480526447 0.123287670314 0.441176474094
gs 0.0 0.170212760568 0.793103456497 0.40000000596
ts 0.0 0.611940324306 0.708333313465 0.258064508438
a 0.198452860117 0.169206917286 0.25779107213 0.148603335023
b 0.212152540684 0.0139218298718 0.04919366166 0.172987177968
d 0.386828064919 0.561777949333 0.376693248749 0.407897800207
g 0.100626416504 0.00454927142709 0.0323766209185 0.11077414453
t 0.101940132678 0.250544041395 0.283945381641 0.159737557173
h 1.0 1.0 1.0 1.0
c 0.0 0 0 0
Aa 0.299627274275 1.00717425346 0.406804412603 0.224462866783
Ab 0.328618139029 -0.0775476023555 -0.312554270029 0.290448218584
Ad 0.589487850666 1.52832078934 0.571524381638 0.662985682487
Ag 0.00468191690743 -0.5633020401 -0.494231909513 0.0968727096915
At 0.0103151202202 1.17764019966 0.448771387339 0.255841374397
as 0.102040819824 1.0 1.0 0.131147533655
bs 0.550000011921 0.421052634716 0.428571432829 0.425000011921
ds 0.425287365913 0.506493508816 0.123287670314 0.36274510622
gs 0.0 0.173913046718 0.714285731316 0.285714298487
ts 0.0 0.611940324306 0.708333313465 0.333333343267
a 0.198452860117 0.168922707438 0.253471583128 0.126602634788
b 0.212152540684 0.0139449173585 0.0494440086186 0.112863458693
d 0.386828064919 0.559860527515 0.386206239462 0.48643130064
g 0.100626416504 0.00442929100245 0.0294934660196 0.0784726664424
t 0.101940132678 0.252842575312 0.281384706497 0.195629939437
h 1.0 1.0 1.0 1.0
c 0.0 0 0 0
Aa 0.299627274275 1.00717425346 0.406804412603 0.273587554693
Ab 0.328618139029 -0.0760978758335 -0.303011149168 0.223698198795
Ad 0.589487850666 1.52756595612 0.589694440365 0.858166337013
Ag 0.00468191690743 -0.574179649353 -0.527399003506 0.0658632442355
At 0.0103151202202 1.18233633041 0.45217564702 0.462580144405
as 0.102040819824 1.0 1.0 0.213114753366
bs 0.550000011921 0.421052634716 0.457142859697 0.25
ds 0.425287365913 0.5 0.150684937835 0.558823525906
gs 0.0 0.130434781313 0.607142865658 0.20000000298
ts 0.0 0.626865684986 0.708333313465 0.590909063816
a 0.198452860117 0.16541390121 0.241212368011 0.117749497294
b 0.212152540684 0.0136335100979 0.0487908050418 0.0563426204026
d 0.386828064919 0.56140768528 0.403116464615 0.556928396225
g 0.100626416504 0.004242668394 0.0259187035263 0.0392546840012
t 0.101940132678 0.255302250385 0.280961662531 0.229724794626
h 1.0 1.0 1.0 1.0
c 0.0 0 0 0
Aa 0.299627274275 1.00717425346 0.406804412603 0.520196676254
Ab 0.328618139029 -0.0767901390791 -0.287257164717 0.200074627995
Ad 0.589487850666 1.53788053989 0.629835367203 1.19503700733
Ag 0.00468191690743 -0.583758711815 -0.561981856823 0.0431290715933
At 0.0103151202202 1.19565677643 0.47305187583 0.810445487499
as 0.102040819824 1.0 1.0 0.622950792313
bs 0.550000011921 0.421052634716 0.485714286566 0.20000000298
ds 0.425287365913 0.513157904148 0.205479457974 0.879999995232
gs 0.0 0.108695648611 0.5 0.142857149243
ts 0.0 0.641791045666 0.74647885561 0.988636374474
a 0.198452860117 0.157066106796 0.223021298647 0.0986655801535
b 0.212152540684 0.0126977683976 0.0461847223341 0.031947478652
d 0.386828064919 0.569842815399 0.421124458313 0.589700818062
g 0.100626416504 0.00396349979565 0.0217329002917 0.0198493581265
t 0.101940132678 0.256429791451 0.287936627865 0.259836792946
h 1.0 1.0 1.0 1.0
c 0.0 0 0 0
Aa 0.299627274275 1.00717425346 0.41752704978 0.723773181438
Ab 0.328618139029 -0.0851808935404 -0.266320943832 0.234044119716
Ad 0.589487850666 1.56684684753 0.693591177464 1.50023925304
Ag 0.00468191690743 -0.590829432011 -0.593701601028 0.0273539684713
At 0.0103151202202 1.2200602293 0.528477609158 1.14430809021
as 0.102040819824 1.0 1.0 0.950819671154
bs 0.550000011921 0.410714298487 0.558823525906 0.256410270929
ds 0.425287365913 0.552631556988 0.287671238184 1.0
gs 0.0 0.108695648611 0.357142865658 0.114285714924
ts 0.0 0.686567187309 0.83098590374 1.0
a 0.198452860117 0.145198985934 0.20413787663 0.0986655801535
b 0.212152540684 0.0116069167852 0.041815366596 0.031947478652
d 0.386828064919 0.585035562515 0.43977701664 0.589700818062
g 0.100626416504 0.0037379488349 0.017714407295 0.0198493581265
t 0.101940132678 0.25442057848 0.29655534029 0.259836792946
h 1.0 1.0 1.0 1.0
c 0.0 0 0 0
Aa 0.299627274275 1.00717425346 0.440003842115 0.723773181438
Ab 0.328618139029 -0.0900724977255 -0.248583823442 0.234044119716
Ad 0.589487850666 1.61239290237 0.773312747478 1.50023925304
Ag 0.00468191690743 -0.582156002522 -0.621593117714 0.0273539684713
At 0.0103151202202 1.25076282024 0.602185964584 1.14430809021
as 0.102040819824 1.0 1.0 0.950819671154
bs 0.550000011921 0.410714298487 0.617647051811 0.256410270929
ds 0.425287365913 0.618421077728 0.397260278463 1.0
gs 0.0 0.130434781313 0.285714298487 0.114285714924
ts 0.0 0.742424249649 0.928571403027 1.0
a 0.198452860117 0.133896529675 0.184555664659 0.0986655801535
b 0.212152540684 0.0104347001761 0.0373761616647 0.031947478652
d 0.386828064919 0.604367613792 0.455192536116 0.589700818062
g 0.100626416504 0.00358859170228 0.0147024355829 0.0198493581265
t 0.101940132678 0.24771258235 0.308173209429 0.259836792946
h 1.0 1.0 1.0 1.0
c 0.0 0 0 0
Aa 0.299627274275 1.00717425346 0.453502893448 0.723773181438
Ab 0.328618139029 -0.101115122437 -0.240029767156 0.234044119716
Ad 0.589487850666 1.66170608997 0.845570623875 1.50023925304
Ag 0.00468191690743 -0.564671039581 -0.645235180855 0.0273539684713
At 0.0103151202202 1.27435290813 0.676170408726 1.14430809021
as 0.102040819824 1.0 1.0 0.950819671154
bs 0.550000011921 0.392857134342 0.647058844566 0.256410270929
ds 0.425287365913 0.684210538864 0.5 1.0
gs 0.0 0.155555561185 0.178571432829 0.114285714924
ts 0.0 0.772727251053 1.0 1.0
a 0.198452860117 0.127200648189 0.172302186489 0.0986655801535
b 0.212152540684 0.00943814683706 0.0332098640501 0.031947478652
d 0.386828064919 0.623724102974 0.464135378599 0.589700818062
g 0.100626416504 0.00355866341852 0.0127369463444 0.0198493581265
t 0.101940132678 0.236078456044 0.317615628242 0.259836792946
h 1.0 1.0 1.0 1.0
c 0.0 0 0 0
Aa 0.299627274275 1.00717425346 0.468663960695 0.723773181438
Ab 0.328618139029 -0.122428417206 -0.246359691024 0.234044119716
Ad 0.589487850666 1.69767737389 0.899017870426 1.50023925304
Ag 0.00468191690743 -0.546028196812 -0.662561476231 0.0273539684713
At 0.0103151202202 1.27574121952 0.734275043011 1.14430809021
as 0.102040819824 1.0 1.0 0.950819671154
bs 0.550000011921 0.357142865658 0.617647051811 0.256410270929
ds 0.425287365913 0.72000002861 0.583333313465 1.0
gs 0.0 0.20000000298 0.142857149243 0.114285714924
ts 0.0 0.772727251053 1.0 1.0
a 0.198452860117 0.126851052046 0.161873728037 0.0986655801535
b 0.212152540684 0.0086906440556 0.0301064979285 0.031947478652
d 0.386828064919 0.637526273727 0.473177969456 0.589700818062
g 0.100626416504 0.00366283091716 0.0117090940475 0.0198493581265
t 0.101940132678 0.223269239068 0.323132693768 0.259836792946
h 1.0 1.0 1.0 1.0
c 0.0 0 0 0
Aa 0.299627274275 1.00717425346 0.468663960695 0.723773181438
Ab 0.328618139029 -0.157067880034 -0.261852145195 0.234044119716
Ad 0.589487850666 1.70837819576 0.934512138367 1.50023925304
Ag 0.00468191690743 -0.532302975655 -0.67198908329 0.0273539684713
At 0.0103151202202 1.25270903111 0.768868505955 1.14430809021
as 0.102040819824 1.0 1.0 0.950819671154
bs 0.550000011921 0.285714298487 0.588235318661 0.256410270929
ds 0.425287365913 0.733333349228 0.625 1.0
gs 0.0 0.244444444776 0.107142858207 0.114285714924
ts 0.0 0.742424249649 1.0 1.0
a 0.198452860117 0.126261815429 0.155544012785 0.0986655801535
b 0.212152540684 0.00806208979338 0.0282554477453 0.031947478652
d 0.386828064919 0.652045965195 0.477091908455 0.589700818062
g 0.100626416504 0.00387285719626 0.0112802824005 0.0198493581265
t 0.101940132678 0.20975728333 0.327828347683 0.259836792946
h 1.0 1.0 1.0 1.0
c 0.0 0 0 0
Aa 0.299627274275 0.985560178757 0.466270625591 0.723773181438
Ab 0.328618139029 -0.209264218807 -0.274480491877 0.234044119716
Ad 0.589487850666 1.69856631756 0.953019380569 1.50023925304
Ag 0.00468191690743 -0.527680397034 -0.67326271534 0.0273539684713
At 0.0103151202202 1.20600521564 0.790063798428 1.14430809021
as 0.102040819824 0.970149278641 1.0 0.950819671154
bs 0.550000011921 0.196428567171 0.529411792755 0.256410270929
ds 0.425287365913 0.72000002861 0.652777791023 1.0
gs 0.0 0.244444444776 0.107142858207 0.114285714924
ts 0.0 0.666666686535 1.0 1.0
