a 0.14634129405 0.0858158245683 0.258597016335 0.222779601812
b 0.177785679698 0.0270697940141 0.0762821882963 0.126019105315
d 0.269699603319 0.671702325344 0.390922248363 0.298103123903
g 0.080314591527 0.0202675145119 0.0361147224903 0.088030077517
t 0.325858831406 0.195144504309 0.238083824515 0.265068113804
h 1.0 1.0 1.0 1.0
c 0.0 0 0 0
Aa 0.218049630523 0.154389962554 0.13489612937 0.527537405491
Ab 0.302579522133 -0.346692472696 -0.395304232836 0.280098348856
Ad 0.483563035727 1.04799938202 0.314363002777 0.654028475285
Ag -0.042522802949 -0.472376942635 -0.720043063164 0.124293074012
At 0.565712273121 0.511178910732 0.0990025177598 0.603019475937
as 0.14736841619 0.107142858207 0.923076927662 0.395604401827
bs 0.791666686535 0.236842110753 0.0909090936184 0.5
ds 0.152777776122 0.263888895512 0.269230782986 0.205479457974
gs 0.414634138346 0.766666650772 0.129032254219 0.696969687939
ts 0.356164395809 0.246913582087 0.289855062962 0.30821916461
a 0.12199947238 0.0855454578996 0.242299795151 0.202581897378
b 0.218313008547 0.0272659175098 0.068355537951 0.1634259969
d 0.220773503184 0.666584193707 0.415633678436 0.253067016602
g 0.100163161755 0.0205228999257 0.0337468720973 0.110762238503
t 0.338750839233 0.200081527233 0.239964127541 0.270162820816
h 1.0 1.0 1.0 1.0
c 0.0 0 0 0
Aa 0.0374271944165 0.154389962554 0.138789653778 0.362558335066
Ab 0.290148854256 -0.342186868191 -0.41078966856 0.269278824329
Ad 0.295016169548 1.04604804516 0.373147338629 0.459193259478
Ag -0.0482227429748 -0.465568244457 -0.717329859734 0.100349418819
At 0.480949640274 0.523400008678 0.134582921863 0.48758327961
as 0.0 0.107142858207 0.948717951775 0.208791211247
bs 0.739130437374 0.263157904148 0.0454545468092 0.464285701513
ds 0.0208333339542 0.263888895512 0.337662339211 0.0753424689174
gs 0.390243887901 0.766666650772 0.129032254219 0.636363625526
ts 0.301369875669 0.25925925374 0.333333343267 0.232876718044
a 0.11965636909 0.085047274828 0.230520367622 0.197207614779
b 0.226529687643 0.0274358186871 0.0632922798395 0.176017552614
d 0.202198803425 0.665225565434 0.431674420834 0.237822890282
g 0.106670275331 0.0203534811735 0.032883990556 0.110715404153
t 0.344944864511 0.201937839389 0.241628929973 0.278236538172
h 1.0 1.0 1.0 1.0
c 0.0 0 0 0
Aa 0.00139211583883 0.154389962554 0.138789653778 0.311023086309
Ab 0.278581410646 -0.336952507496 -0.422568917274 0.261655390263
Ad 0.22923488915 1.04769849777 0.411236673594 0.392353057861
Ag -0.0485002696514 -0.466631740332 -0.706935107708 0.0603074617684
At 0.461205989122 0.529947280884 0.159229278564 0.460513561964
as 0.0 0.107142858207 0.948717951775 0.153846159577
bs 0.695652186871 0.263157904148 0.0 0.428571432829
ds 0.0 0.263888895512 0.389610379934 0.0273972600698
gs 0.40000000596 0.766666650772 0.161290317774 0.515151500702
ts 0.287671238184 0.271604925394 0.376811593771 0.212328761816
a 0.117764316499 0.0848413258791 0.224215939641 0.184651210904
b 0.219040930271 0.0276075210422 0.0602152869105 0.17716665566
d 0.204928547144 0.665375649929 0.441013306379 0.24620744586
g 0.107391275465 0.0199376568198 0.0329721905291 0.0991802737117
t 0.35087493062 0.202237844467 0.241583287716 0.292794406414
h 1.0 1.0 1.0 1.0
c 0.0 0 0 0
Aa 0.00139211583883 0.154389962554 0.138789653778 0.279703348875
Ab 0.270903646946 -0.333190053701 -0.432170063257 0.261733174324
Ad 0.241980850697 1.04884946346 0.4325748384 0.404652386904
Ag -0.0386525951326 -0.474543333054 -0.693729043007 0.00977652706206
At 0.475530743599 0.531644999981 0.171190038323 0.479914009571
as 0.0 0.107142858207 0.948717951775 0.120879121125
bs 0.652173936367 0.289473682642 0.0 0.428571432829
ds 0.00684931501746 0.277777791023 0.415584415197 0.0342465750873
gs 0.425000011921 0.733333349228 0.20000000298 0.363636374474
ts 0.294520556927 0.271604925394 0.391304343939 0.22068965435
a 0.111498951912 0.0849659889936 0.221571147442 0.173202604055
b 0.207526698709 0.02766507864 0.0578246191144 0.172049924731
d 0.217841267586 0.665582358837 0.445000290871 0.263442248106
g 0.106863893569 0.0194540116936 0.0336646139622 0.0848185643554
t 0.356269180775 0.202332541347 0.241939350963 0.306486666203
h 1.0 1.0 1.0 1.0
c 0.0 0 0 0
Aa 0.00139211583883 0.154389962554 0.138789653778 0.270261436701
Ab 0.271195322275 -0.332923263311 -0.444610774517 0.267361491919
Ad 0.292261511087 1.04834663868 0.441636741161 0.452392429113
Ag -0.0170476678759 -0.485845953226 -0.67954993248 -0.0398020967841
At 0.505899608135 0.53121060133 0.176982954144 0.518118560314
as 0.0 0.107142858207 0.948717951775 0.109890110791
bs 0.652173936367 0.289473682642 0.0 0.464285701513
ds 0.0410958901048 0.277777791023 0.428571432829 0.0684931501746
gs 0.47499999404 0.699999988079 0.266666680574 0.212121218443
ts 0.321678310633 0.265822798014 0.382352948189 0.248275861144
a 0.103404410183 0.0857302248478 0.219550400972 0.159308359027
b 0.19573841989 0.0278147254139 0.0546590536833 0.164049044251
d 0.229812815785 0.66476804018 0.446966618299 0.279169678688
g 0.105733603239 0.0192637704313 0.0345951579511 0.0734862908721
t 0.365310758352 0.202423274517 0.244228765368 0.323986649513
h 1.0 1.0 1.0 1.0
c 0.0 0 0 0
Aa 0.00139211583883 0.154389962554 0.138789653778 0.259957939386
Ab 0.278529107571 -0.334469199181 -0.465082466602 0.272693067789
Ad 0.348227322102 1.0439261198 0.447530537844 0.503587603569
Ag 0.0110660986975 -0.49400267005 -0.663729250431 -0.0760742947459
At 0.549515485764 0.527516424656 0.185052245855 0.568246483803
as 0.0 0.107142858207 0.948717951775 0.0989011004567
bs 0.695652186871 0.263157904148 0.0 0.464285701513
ds 0.0821917802095 0.263888895512 0.44736841321 0.102739728987
gs 0.550000011921 0.666666686535 0.300000011921 0.0909090936184
ts 0.356643348932 0.253164559603 0.397058814764 0.282758623362
a 0.0945901051164 0.0879456475377 0.213710337877 0.141143903136
b 0.182652369142 0.0286565274 0.0497215613723 0.152867645025
d 0.239228382707 0.658510506153 0.452729940414 0.296037495136
g 0.102847546339 0.0200143978 0.0350284278393 0.0656229034066
t 0.380681604147 0.204872921109 0.248809710145 0.344328045845
h 1.0 1.0 1.0 1.0
c 0.0 0 0 0
Aa 0.00139211583883 0.154106780887 0.138789653778 0.239355564117
Ab 0.287171721458 -0.332884013653 -0.494491130114 0.274009019136
Ad 0.404359132051 1.02845513821 0.464803338051 0.56104016304
Ag 0.0377403348684 -0.488765031099 -0.6466152668 -0.0932511165738
At 0.606108307838 0.52137696743 0.204831451178 0.626665830612
as 0.0 0.107142858207 0.948717951775 0.0843373462558
bs 0.695652186871 0.289473682642 0.0 0.464285701513
ds 0.116438359022 0.239436626434 0.460526317358 0.144827589393
gs 0.625 0.699999988079 0.366666674614 0.0303030312061
ts 0.391608387232 0.253164559603 0.426470577717 0.317241370678
a 0.0945901051164 0.0898580849171 0.198746025562 0.119566120207
b 0.182652369142 0.0311465226114 0.0427157729864 0.138721510768
d 0.239228382707 0.640649616718 0.463848769665 0.317586272955
g 0.102847546339 0.0224318653345 0.0337409302592 0.0594758018851
t 0.380681604147 0.215913906693 0.260948479176 0.364650309086
h 1.0 1.0 1.0 1.0
c 0.0 0 0 0
Aa 0.00139211583883 0.138354733586 0.138789653778 0.207614421844
Ab 0.287171721458 -0.321792840958 -0.528920531273 0.272150099277
Ad 0.404359132051 0.99141818285 0.506867587566 0.631868004799
Ag 0.0377403348684 -0.464337021112 -0.63135176897 -0.0956534147263
At 0.606108307838 0.519078195095 0.257045984268 0.69188284874
as 0.0 0.0892857164145 0.948717951775 0.048192769289
bs 0.695652186871 0.315789461136 0.0 0.464285701513
ds 0.116438359022 0.183098584414 0.513157904148 0.193103447556
gs 0.625 0.766666650772 0.433333337307 0.0303030312061
ts 0.391608387232 0.253164559603 0.5 0.365517228842
a 0.0945901051164 0.087045557797 0.175122797489 0.119566120207
b 0.182652369142 0.036262806505 0.0348987728357 0.138721510768
d 0.239228382707 0.606544852257 0.478750616312 0.317586272955
g 0.102847546339 0.0271324813366 0.030365107581 0.0594758018851
t 0.380681604147 0.243014276028 0.280862689018 0.364650309086
h 1.0 1.0 1.0 1.0
c 0.0 0 0 0
Aa 0.00139211583883 0.0814731493592 0.138789653778 0.207614421844
Ab 0.287171721458 -0.298812031746 -0.561742901802 0.272150099277
Ad 0.404359132051 0.924589455128 0.575556337833 0.631868004799
Ag 0.0377403348684 -0.424783945084 -0.622178196907 -0.0956534147263
At 0.606108307838 0.527358293533 0.343941032887 0.69188284874
as 0.0 0.0 0.948717951775 0.048192769289
bs 0.695652186871 0.368421047926 0.0 0.464285701513
ds 0.116438359022 0.0845070406795 0.60526317358 0.193103447556
gs 0.625 0.899999976158 0.448275864124 0.0303030312061
ts 0.391608387232 0.243589743972 0.632352948189 0.365517228842
a 0.0945901051164 0.0857864245772 0.149989619851 0.119566120207
b 0.182652369142 0.0439872182906 0.0280827451497 0.138721510768
d 0.239228382707 0.550179481506 0.492405802011 0.317586272955
g 0.102847546339 0.0338373035192 0.0261417478323 0.0594758018851
t 0.380681604147 0.286209583282 0.303380101919 0.364650309086
h 1.0 1.0 1.0 1.0
c 0.0 0 0 0
Aa 0.00139211583883 0.0216669999063 0.138789653778 0.207614421844
Ab 0.287171721458 -0.268425047398 -0.58883202076 0.272150099277
Ad 0.404359132051 0.828752815723 0.655051589012 0.631868004799
Ag 0.0377403348684 -0.382355839014 -0.619936943054 -0.0956534147263
At 0.606108307838 0.544932603836 0.44471552968 0.69188284874
as 0.0 0.0 0.948717951775 0.048192769289
bs 0.695652186871 0.44736841321 0.0 0.464285701513
ds 0.116438359022 0.0 0.710526287556 0.193103447556
gs 0.625 1.0 0.448275864124 0.0303030312061
ts 0.391608387232 0.269230782986 0.779411792755 0.365517228842
a 0.0945901051164 0.0913857147098 0.129853501916 0.119566120207
b 0.182652369142 0.0530525483191 0.0232485551387 0.138721510768
d 0.239228382707 0.478305578232 0.501885175705 0.317586272955
g 0.102847546339 0.0410128794611 0.0225198660046 0.0594758018851
t 0.380681604147 0.336243271828 0.322492897511 0.364650309086
h 1.0 1.0 1.0 1.0
c 0.0 0 0 0
Aa 0.00139211583883 -0.000905237218831 0.138789653778 0.207614421844
Ab 0.287171721458 -0.237077310681 -0.608268022537 0.272150099277
Ad 0.404359132051 0.71792191267 0.725940406322 0.631868004799
Ag 0.0377403348684 -0.348863273859 -0.622098207474 -0.0956534147263
At 0.606108307838 0.56487005949 0.533856153488 0.69188284874
as 0.0 0.0 0.948717951775 0.048192769289
bs 0.695652186871 0.526315808296 0.0 0.464285701513
ds 0.116438359022 0.0 0.802631556988 0.193103447556
gs 0.625 1.0 0.448275864124 0.0303030312061
ts 0.391608387232 0.294871807098 0.911764681339 0.365517228842
a 0.0945901051164 0.0861920937896 0.116289928555 0.119566120207
b 0.182652369142 0.0620421431959 0.0201973877847 0.138721510768
d 0.239228382707 0.422195106745 0.509721696377 0.317586272955
g 0.102847546339 0.0469277910888 0.0200767181814 0.0594758018851
t 0.380681604147 0.382642865181 0.333714276552 0.364650309086
h 1.0 1.0 1.0 1.0
c 0.0 0 0 0
Aa 0.00139211583883 -0.0661175623536 0.138789653778 0.207614421844
Ab 0.287171721458 -0.208898216486 -0.621457219124 0.272150099277
Ad 0.404359132051 0.623928189278 0.780580699444 0.631868004799
Ag 0.0377403348684 -0.330154895782 -0.624059736729 -0.0956534147263
At 0.606108307838 0.581208586693 0.596622347832 0.69188284874
as 0.0 0.0 0.948717951775 0.048192769289
bs 0.695652186871 0.60526317358 0.0 0.464285701513
ds 0.116438359022 0.0 0.879999995232 0.193103447556
gs 0.625 1.0 0.413793116808 0.0303030312061
ts 0.391608387232 0.320512831211 1.0 0.365517228842
a 0.0945901051164 0.0855555683374 0.107976600528 0.119566120207
b 0.182652369142 0.0676366016269 0.0184738449752 0.138721510768
d 0.239228382707 0.390890657902 0.518592000008 0.317586272955
g 0.102847546339 0.0489895679057 0.0186731368303 0.0594758018851
t 0.380681604147 0.406927585602 0.336284428835 0.364650309086
h 1.0 1.0 1.0 1.0
c 0.0 0 0 0
Aa 0.00139211583883 -0.0834870412946 0.138789653778 0.207614421844
Ab 0.287171721458 -0.185553535819 -0.627982676029 0.272150099277
Ad 0.404359132051 0.576319992542 0.820285797119 0.631868004799
Ag 0.0377403348684 -0.325631707907 -0.623322725296 -0.0956534147263
At 0.606108307838 0.59378182888 0.632166743279 0.69188284874
as 0.0 0.0 0.973684191704 0.048192769289
bs 0.695652186871 0.657894730568 0.0 0.464285701513
ds 0.116438359022 0.0 0.933333337307 0.193103447556
gs 0.625 1.0 0.448275864124 0.0303030312061
ts 0.391608387232 0.337662339211 1.0 0.365517228842
a 0.0945901051164 0.0843775421381 0.103070400655 0.119566120207
b 0.182652369142 0.0693587213755 0.0176742356271 0.138721510768
d 0.239228382707 0.385474145412 0.529008090496 0.317586272955
g 0.102847546339 0.0477033220232 0.0178584139794 0.0594758018851
t 0.380681604147 0.413086265326 0.332388877869 0.364650309086
h 1.0 1.0 1.0 1.0
c 0.0 0 0 0
Aa 0.00139211583883 -0.0834870412946 0.138789653778 0.207614421844
Ab 0.287171721458 -0.168612852693 -0.627003669739 0.272150099277
Ad 0.404359132051 0.576281368732 0.849117994308 0.631868004799
Ag 0.0377403348684 -0.331165283918 -0.622501432896 -0.0956534147263
At 0.606108307838 0.606326818466 0.647302210331 0.69188284874
as 0.0 0.0 0.973684191704 0.048192769289
bs 0.695652186871 0.710526287556 0.0 0.464285701513
ds 0.116438359022 0.0 0.973333358765 0.193103447556
gs 0.625 1.0 0.448275864124 0.0303030312061
ts 0.391608387232 0.350649356842 1.0 0.365517228842
a 0.0945901051164 0.0823464766145 0.101824149489 0.119566120207
b 0.182652369142 0.0680721476674 0.0174381770194 0.138721510768
d 0.239228382707 0.394742399454 0.537544965744 0.317586272955
g 0.102847546339 0.0447122491896 0.0172032155097 0.0594758018851
t 0.380681604147 0.410126745701 0.325989514589 0.364650309086
h 1.0 1.0 1.0 1.0
c 0.0 0 0 0
Aa 0.00139211583883 -0.0755895450711 0.146543085575 0.207614421844
Ab 0.287171721458 -0.158265143633 -0.619806587696 0.272150099277
Ad 0.404359132051 0.605079174042 0.869107067585 0.631868004799
Ag 0.0377403348684 -0.340808033943 -0.625698029995 -0.0956534147263
At 0.606108307838 0.62168353796 0.651895940304 0.69188284874
as 0.0 0.0 0.973684191704 0.048192769289
bs 0.695652186871 0.736842095852 0.0 0.464285701513
ds 0.116438359022 0.0 1.0 0.193103447556
gs 0.625 1.0 0.413793116808 0.0303030312061
ts 0.391608387232 0.376623362303 1.0 0.365517228842
a 0.0945901051164 0.0779195874929 0.0941682383418 0.119566120207
b 0.182652369142 0.0649388805032 0.0177199412137 0.138721510768
d 0.239228382707 0.411462277174 0.546289980412 0.317586272955
g 0.102847546339 0.0414467528462 0.0166804902256 0.0594758018851
t 0.380681604147 0.404232501984 0.325141370296 0.364650309086
h 1.0 1.0 1.0 1.0
c 0.0 0 0 0
Aa 0.00139211583883 -0.0755895450711 0.116335168481 0.207614421844
Ab 0.287171721458 -0.15473139286 -0.609106957912 0.272150099277
Ad 0.404359132051 0.647093892097 0.879853963852 0.631868004799
Ag 0.0377403348684 -0.34974566102 -0.635360479355 -0.0956534147263
At 0.606108307838 0.639395058155 0.654502987862 0.69188284874
as 0.0 0.0 0.89473682642 0.048192769289
bs 0.695652186871 0.736842095852 0.0 0.464285701513
ds 0.116438359022 0.0 1.0 0.193103447556
gs 0.625 1.0 0.379310339689 0.0303030312061
ts 0.391608387232 0.402597397566 1.0 0.365517228842
a 0.0945901051164 0.0733079016209 0.0750705823302 0.119566120207
b 0.182652369142 0.0605094134808 0.0185802336782 0.138721510768
d 0.239228382707 0.432888388634 0.557789206505 0.317586272955
g 0.102847546339 0.0384996496141 0.0164212435484 0.0594758018851
t 0.380681604147 0.394794642925 0.332138717175 0.364650309086
h 4.0 1.0 1.0 1.0
c 0.0 0 0 0
Aa 0.00139211583883 -0.0731209442019 0.0125177567825 0.207614421844
Ab 0.287171721458 -0.156448796391 -0.593900859356 0.272150099277
Ad 0.404359132051 0.698104202747 0.883518099785 0.631868004799
Ag 0.0377403348684 -0.352814972401 -0.647545993328 -0.0956534147263
At 0.606108307838 0.658099532127 0.658367455006 0.69188284874
as 0.0 0.0 0.631578922272 0.048192769289
bs 0.695652186871 0.736842095852 0.0 0.464285701513
ds 0.116438359022 0.0 1.0 0.193103447556
gs 0.625 1.0 0.344827592373 0.0303030312061
ts 0.391608387232 0.428571432829 1.0 0.365517228842
a 0.0945901051164 0.0701324045658 0.070042565465 0.119566120207
b 0.182652369142 0.0550458915532 0.0195074584335 0.138721510768
d 0.239228382707 0.454473078251 0.556914567947 0.317586272955
g 0.102847546339 0.0357689522207 0.0160932615399 0.0594758018851
t 0.380681604147 0.384579658508 0.337442159653 0.364650309086
h 1.0 1.0 1.0 1.0
c 0.0 0 0 0
Aa 0.00139211583883 -0.0560620836914 -0.0157703831792 0.207614421844
Ab 0.287171721458 -0.161255910993 -0.570931792259 0.272150099277
Ad 0.404359132051 0.755527377129 0.884656131268 0.631868004799
Ag 0.0377403348684 -0.34847459197 -0.654488384724 -0.0956534147263
At 0.606108307838 0.683005511761 0.66706687212 0.69188284874
as 0.0 0.0 0.552631556988 0.048192769289
bs 0.695652186871 0.736842095852 0.0 0.464285701513
ds 0.116438359022 0.0240963846445 1.0 0.193103447556
gs 0.625 1.0 0.310344815254 0.0303030312061
ts 0.391608387232 0.454545468092 1.0 0.365517228842
a 0.0945901051164 0.0664821565151 0.0752965509892 0.119566120207
b 0.182652369142 0.049088023603 0.0205603279173 0.138721510768
d 0.239228382707 0.476418286562 0.547765493393 0.317586272955
g 0.102847546339 0.0330875851214 0.0158658642322 0.0594758018851
t 0.380681604147 0.374923944473 0.340511739254 0.364650309086
h 4.0 1.0 1.0 1.0
c 0.0 0 0 0
Aa 0.00139211583883 -0.0354451686144 0.0263112038374 0.207614421844
Ab 0.287171721458 -0.167174726725 -0.537433862686 0.272150099277
Ad 0.404359132051 0.819838166237 0.888130784035 0.631868004799
Ag 0.0377403348684 -0.338485211134 -0.650000154972 -0.0956534147263
At 0.606108307838 0.715792953968 0.681668221951 0.69188284874
as 0.0 0.0 0.657894730568 0.048192769289
bs 0.695652186871 0.710526287556 0.0 0.464285701513
ds 0.116438359022 0.108433738351 1.0 0.193103447556
gs 0.625 1.0 0.344827592373 0.0303030312061
ts 0.391608387232 0.486842095852 1.0 0.365517228842
a 0.0945901051164 0.0646623000503 0.0868848338723 0.119566120207
b 0.182652369142 0.0432796999812 0.0216685663909 0.138721510768
d 0.239228382707 0.496510058641 0.534410119057 0.317586272955
g 0.102847546339 0.0303736943752 0.0156831629574 0.0594758018851
t 0.380681604147 0.365174233913 0.341353327036 0.364650309086
h 4.0 1.0 1.0 1.0
c 0.0 0 0 0
Aa 0.00139211583883 0.00103928486351 0.106352239847 0.207614421844
Ab 0.287171721458 -0.173327639699 -0.49676156044 0.272150099277
Ad 0.404359132051 0.886316180229 0.895282924175 0.631868004799
Ag 0.0377403348684 -0.327114254236 -0.637158095837 -0.0956534147263
At 0.606108307838 0.752888262272 0.700612366199 0.69188284874
as 0.0 0.0298507455736 0.868421077728 0.048192769289
bs 0.695652186871 0.684210538864 0.0344827584922 0.464285701513
ds 0.116438359022 0.180722892284 1.0 0.193103447556
gs 0.625 1.0 0.379310339689 0.0303030312061
ts 0.391608387232 0.539473712444 1.0 0.365517228842
a 0.0945901051164 0.0646428689361 0.0924744158983 0.119566120207
b 0.182652369142 0.0382926389575 0.0230306759477 0.138721510768
d 0.239228382707 0.512475371361 0.524958729744 0.317586272955
g 0.102847546339 0.0277989208698 0.0155626945198 0.0594758018851
t 0.380681604147 0.356790214777 0.343973517418 0.364650309086
h 4.0 1.0 1.0 1.0
c 0.0 0 0 0
Aa 0.00139211583883 0.0460776798427 0.148627117276 0.207614421844
Ab 0.287171721458 -0.181327626109 -0.455087780952 0.272150099277
Ad 0.404359132051 0.945230066776 0.902730643749 0.631868004799
Ag 0.0377403348684 -0.320415019989 -0.625309705734 -0.0956534147263
At 0.606108307838 0.787969946861 0.719130516052 0.69188284874
as 0.0 0.0895522385836 1.0 0.048192769289
bs 0.695652186871 0.684210538864 0.172413796186 0.464285701513
ds 0.116438359022 0.253012061119 1.0 0.193103447556
gs 0.625 1.0 0.413793116808 0.0303030312061
ts 0.391608387232 0.592105269432 1.0 0.365517228842
a 0.0945901051164 0.0631934702396 0.0926615893841 0.119566120207
b 0.182652369142 0.0345097482204 0.0247662216425 0.138721510768
d 0.239228382707 0.525337874889 0.51966625452 0.317586272955
g 0.102847546339 0.0255632996559 0.0154297780246 0.0594758018851
t 0.380681604147 0.351395577192 0.347476154566 0.364650309086
h 4.0 1.0 1.0 4.0
c 0.0 0 0 0
Aa 0.00139211583883 0.0684212818742 0.155547440052 0.207614421844
Ab 0.287171721458 -0.194309130311 -0.417492568493 0.272150099277
Ad 0.404359132051 0.988187789917 0.904372215271 0.631868004799
Ag 0.0377403348684 -0.32463401556 -0.622992634773 -0.0956534147263
At 0.606108307838 0.813545405865 0.72957265377 0.69188284874
as 0.0 0.134328365326 1.0 0.048192769289
bs 0.695652186871 0.631578922272 0.310344815254 0.464285701513
ds 0.116438359022 0.304878056049 1.0 0.193103447556
gs 0.625 1.0 0.464285701513 0.0303030312061
ts 0.391608387232 0.618421077728 1.0 0.365517228842
a 0.0945901051164 0.0614652261138 0.0941012501717 0.119566120207
b 0.182652369142 0.0316083244979 0.0270716995001 0.138721510768
d 0.239228382707 0.535983979702 0.515938401222 0.317586272955
g 0.102847546339 0.0236197710037 0.0153654608876 0.0594758018851
t 0.380681604147 0.347322702408 0.347523182631 0.364650309086
h 4.0 1.0 1.0 4.0
c 0.0 0 0 0
Aa 0.00139211583883 0.0731047689915 0.155547440052 0.207614421844
Ab 0.287171721458 -0.215723261237 -0.385532438755 0.272150099277
Ad 0.404359132051 1.01362705231 0.894549906254 0.631868004799
Ag 0.0377403348684 -0.342249035835 -0.631502389908 -0.0956534147263
At 0.606108307838 0.825208425522 0.722935795784 0.69188284874
as 0.0 0.121212124825 1.0 0.048192769289
bs 0.695652186871 0.578947365284 0.392857134342 0.464285701513
ds 0.116438359022 0.329268306494 1.0 0.193103447556
gs 0.625 1.0 0.428571432829 0.0303030312061
ts 0.391608387232 0.626666665077 1.0 0.365517228842
a 0.0945901051164 0.0609790943563 0.0991843938828 0.119566120207
b 0.182652369142 0.0291672386229 0.0302414204925 0.138721510768
d 0.239228382707 0.545850813389 0.513267338276 0.317586272955
g 0.102847546339 0.0218843948096 0.0156792700291 0.0594758018851
t 0.380681604147 0.342118442059 0.341627568007 0.364650309086
h 1.0 1.0 1.0 1.0
c 0.0 0 0 0
Aa 0.00139211583883 0.0731047689915 0.155547440052 0.207614421844
Ab 0.287171721458 -0.247180894017 -0.360293745995 0.272150099277
Ad 0.404359132051 1.02499783039 0.86944770813 0.631868004799
Ag 0.0377403348684 -0.371941655874 -0.645570099354 -0.0956534147263
At 0.606108307838 0.822100281715 0.692656993866 0.69188284874
as 0.0 0.107692308724 1.0 0.048192769289
bs 0.695652186871 0.486486494541 0.5 0.464285701513
ds 0.116438359022 0.341463416815 0.974025964737 0.193103447556
gs 0.625 0.969696998596 0.357142865658 0.0303030312061
ts 0.391608387232 0.635135114193 1.0 0.365517228842
a 0.0945901051164 0.0617253221571 0.108362950385 0.119566120207
b 0.182652369142 0.0269411150366 0.0344648323953 0.138721510768
d 0.239228382707 0.555987000465 0.511042416096 0.317586272955
g 0.102847546339 0.0203879624605 0.0166013818234 0.0594758018851
t 0.380681604147 0.334958612919 0.329528391361 0.364650309086
h 1.0 1.0 1.0 1.0
c 0.0 0 0 0
Aa 0.00139211583883 0.0731047689915 0.155547440052 0.207614421844
Ab 0.287171721458 -0.286943018436 -0.341957241297 0.272150099277
Ad 0.404359132051 1.02770602703 0.829123556614 0.631868004799
Ag 0.0377403348684 -0.407984763384 -0.659189164639 -0.0956534147263
At 0.606108307838 0.807632565498 0.63855946064 0.69188284874
as 0.0 0.107692308724 1.0 0.048192769289
bs 0.695652186871 0.378378391266 0.571428596973 0.464285701513
ds 0.116438359022 0.341463416815 0.922077894211 0.193103447556
gs 0.625 0.848484873772 0.296296298504 0.0303030312061
ts 0.391608387232 0.608108103275 1.0 0.365517228842
a 0.0945901051164 0.0628296658397 0.120909005404 0.119566120207
b 0.182652369142 0.0249047297984 0.0395584963262 0.138721510768
d 0.239228382707 0.56580388546 0.508258700371 0.317586272955
g 0.102847546339 0.0192856248468 0.0181217286736 0.0594758018851
t 0.380681604147 0.327176094055 0.313152074814 0.364650309086
h 1.0 1.0 1.0 1.0
c 0.0 0 0 0
Aa 0.00139211583883 0.0710077062249 0.155547440052 0.207614421844
Ab 0.287171721458 -0.330875247717 -0.329671412706 0.272150099277
Ad 0.404359132051 1.02550888062 0.779173612595 0.631868004799
Ag 0.0377403348684 -0.441923320293 -0.668711602688 -0.0956534147263
At 0.606108307838 0.78762447834 0.568844079971 0.69188284874
as 0.0 0.107692308724 1.0 0.048192769289
bs 0.695652186871 0.270270258188 0.607142865658 0.464285701513
ds 0.116438359022 0.345679014921 0.857142865658 0.193103447556
gs 0.625 0.757575750351 0.25925925374 0.0303030312061
ts 0.391608387232 0.581081092358 0.899999976158 0.365517228842
a 0.0945901051164 0.061401695013 0.135144069791 0.119566120207
b 0.182652369142 0.0231337510049 0.0449358336627 0.138721510768
d 0.239228382707 0.575135588646 0.501697003841 0.317586272955
g 0.102847546339 0.0187425911427 0.0199380852282 0.0594758018851
t 0.380681604147 0.321586370468 0.298284977674 0.364650309086
h 1.0 1.0 1.0 1.0
c 0.0 0 0 0
Aa 0.00139211583883 0.0482294224203 0.155547440052 0.207614421844
Ab 0.287171721458 -0.375704884529 -0.322656750679 0.272150099277
Ad 0.404359132051 1.01981925964 0.725191950798 0.631868004799
Ag 0.0377403348684 -0.467121303082 -0.675566136837 -0.0956534147263
At 0.606108307838 0.767346680164 0.499381840229 0.69188284874
as 0.0 0.0769230797887 1.0 0.048192769289
bs 0.695652186871 0.135135129094 0.642857134342 0.464285701513
ds 0.116438359022 0.33750000596 0.779220759869 0.193103447556
gs 0.625 0.666666686535 0.222222223878 0.0303030312061
ts 0.391608387232 0.541666686535 0.797101438046 0.365517228842
a 0.0945901051164 0.0567564703524 0.149887233973 0.119566120207
b 0.182652369142 0.021698333323 0.0503273792565 0.138721510768
d 0.239228382707 0.583531200886 0.487428337336 0.317586272955
g 0.102847546339 0.0187558047473 0.0218522902578 0.0594758018851
t 0.380681604147 0.319258213043 0.290504783392 0.364650309086
h 1.0 1.0 1.0 1.0
c 0.0 0 0 0
Aa 0.00139211583883 -0.000915275246371 0.155547440052 0.207614421844
Ab 0.287171721458 -0.418504267931 -0.318412870169 0.272150099277
Ad 0.404359132051 1.01113343239 0.667693555355 0.631868004799
Ag 0.0377403348684 -0.481794953346 -0.68072026968 -0.0956534147263
At 0.606108307838 0.749211370945 0.442936062813 0.69188284874
as 0.0 0.0 1.0 0.048192769289
bs 0.695652186871 0.0270270276815 0.642857134342 0.464285701513
ds 0.116438359022 0.324999988079 0.714285731316 0.193103447556
gs 0.625 0.65625 0.192307695746 0.0303030312061
ts 0.391608387232 0.527777791023 0.710144937038 0.365517228842
a 0.0945901051164 0.0515074655414 0.165895298123 0.119566120207
b 0.182652369142 0.0206466820091 0.0561203621328 0.138721510768
d 0.239228382707 0.589815914631 0.462987571955 0.317586272955
g 0.102847546339 0.0191129799932 0.0240973867476 0.0594758018851
t 0.380681604147 0.31891694665 0.29089936614 0.364650309086
h 1.0 1.0 1.0 1.0
c 0.0 0 0 0
Aa 0.00139211583883 -0.0575459897518 0.155547440052 0.207614421844
Ab 0.287171721458 -0.454565912485 -0.315166175365 0.272150099277
Ad 0.404359132051 1.00130033493 0.601282715797 0.631868004799
Ag 0.0377403348684 -0.488087773323 -0.682316720486 -0.0956534147263
At 0.606108307838 0.734261453152 0.399456143379 0.69188284874
as 0.0 0.0 1.0 0.048192769289
bs 0.695652186871 0.0 0.642857134342 0.464285701513
ds 0.116438359022 0.3125 0.623376607895 0.193103447556
gs 0.625 0.625 0.192307695746 0.0303030312061
ts 0.391608387232 0.5 0.652173936367 0.365517228842
a 0.0945901051164 0.0524512305856 0.185315638781 0.119566120207
b 0.182652369142 0.0196680184454 0.0631203502417 0.138721510768
d 0.239228382707 0.59364771843 0.428376317024 0.317586272955
g 0.102847546339 0.0194080937654 0.0272439718246 0.0594758018851
t 0.380681604147 0.314824938774 0.295943707228 0.364650309086
h 1.0 1.0 1.0 1.0
c 0.0 0 0 0
Aa 0.00139211583883 -0.0575459897518 0.155547440052 0.207614421844
Ab 0.287171721458 -0.483541071415 -0.312195241451 0.272150099277
Ad 0.404359132051 0.996227145195 0.51946079731 0.631868004799
Ag 0.0377403348684 -0.489318788052 -0.677094221115 -0.0956534147263
At 0.606108307838 0.720767438412 0.358844488859 0.69188284874
as 0.0 0.0 1.0 0.048192769289
bs 0.695652186871 0.0 0.678571403027 0.464285701513
ds 0.116438359022 0.300000011921 0.513157904148 0.193103447556
gs 0.625 0.625 0.192307695746 0.0303030312061
ts 0.391608387232 0.486111104488 0.594202876091 0.365517228842
a 0.0945901051164 0.0519761666656 0.206105589867 0.119566120207
b 0.182652369142 0.0186705775559 0.0717000812292 0.138721510768
d 0.239228382707 0.605099797249 0.39042288065 0.317586272955
g 0.102847546339 0.0194485653192 0.0316057652235 0.0594758018851
t 0.380681604147 0.304804861546 0.300165683031 0.364650309086
h 1.0 1.0 1.0 1.0
c 0.0 0 0 0
Aa 0.00139211583883 -0.0575459897518 0.149949654937 0.207614421844
Ab 0.287171721458 -0.502192497253 -0.308620482683 0.272150099277
Ad 0.404359132051 1.00847673416 0.427395135164 0.631868004799
Ag 0.0377403348684 -0.484462678432 -0.66437381506 -0.0956534147263
At 0.606108307838 0.710671663284 0.313220918179 0.69188284874
as 0.0 0.0 1.0 0.048192769289
bs 0.695652186871 0.0 0.678571403027 0.464285701513
ds 0.116438359022 0.324999988079 0.381578952074 0.193103447556
gs 0.625 0.625 0.230769231915 0.0303030312061
ts 0.391608387232 0.464788734913 0.521739125252 0.365517228842
a 0.0945901051164 0.0492820441723 0.225061759353 0.119566120207
b 0.182652369142 0.0173879656941 0.080418497324 0.138721510768
d 0.239228382707 0.628189861774 0.355505824089 0.317586272955
g 0.102847546339 0.0189710631967 0.0364692136645 0.0594758018851
t 0.380681604147 0.286169052124 0.30254471302 0.364650309086
h 1.0 1.0 1.0 1.0
c 0.0 0 0 0
Aa 0.00139211583883 -0.0575459897518 0.141694128513 0.207614421844
Ab 0.287171721458 -0.509985923767 -0.305251598358 0.272150099277
Ad 0.404359132051 1.04785621166 0.340239137411 0.631868004799
Ag 0.0377403348684 -0.472143054008 -0.648681163788 -0.0956534147263
At 0.606108307838 0.706387937069 0.270181983709 0.69188284874
as 0.0 0.0 0.972222208977 0.048192769289
bs 0.695652186871 0.0 0.678571403027 0.464285701513
ds 0.116438359022 0.362500011921 0.276315778494 0.193103447556
gs 0.625 0.6875 0.307692319155 0.0303030312061
ts 0.391608387232 0.442857146263 0.46376812458 0.365517228842
a 0.0945901051164 0.045102853328 0.237146273255 0.119566120207
b 0.182652369142 0.0156645383686 0.0871860906482 0.138721510768
d 0.239228382707 0.660136044025 0.332421541214 0.317586272955
g 0.102847546339 0.0179927255958 0.0406378656626 0.0594758018851
t 0.380681604147 0.26110380888 0.302608221769 0.364650309086
h 4.0 1.0 1.0 4.0
c 0.0 0 0 0
Aa 0.00139211583883 -0.0538647063076 0.130255386233 0.207614421844
Ab 0.287171721458 -0.513151109219 -0.304313719273 0.272150099277
Ad 0.404359132051 1.11156475544 0.276928216219 0.631868004799
Ag 0.0377403348684 -0.452971756458 -0.635830044746 -0.0956534147263
At 0.606108307838 0.708744525909 0.236119791865 0.69188284874
as 0.0 0.0 0.944444417953 0.048192769289
bs 0.695652186871 0.0 0.678571403027 0.464285701513
ds 0.116438359022 0.449999988079 0.184210523963 0.193103447556
gs 0.625 0.75 0.346153855324 0.0303030312061
ts 0.391608387232 0.457142859697 0.397058814764 0.365517228842
a 0.0945901051164 0.0436867587268 0.246060162783 0.119566120207
b 0.182652369142 0.0139656513929 0.0901571065187 0.138721510768
d 0.239228382707 0.687657952309 0.323878258467 0.317586272955
g 0.102847546339 0.0167355965823 0.0430740341544 0.0594758018851
t 0.380681604147 0.237954005599 0.296830415726 0.364650309086
h 4.0 1.0 1.0 1.0
c 0.0 0 0 0
Aa 0.00139211583883 -0.0149184027687 0.127279445529 0.207614421844
Ab 0.287171721458 -0.510206997395 -0.308761894703 0.272150099277
Ad 0.404359132051 1.18210422993 0.246619939804 0.631868004799
Ag 0.0377403348684 -0.431627035141 -0.629546284676 -0.0956534147263
At 0.606108307838 0.721224784851 0.208746552467 0.69188284874
as 0.0 0.0563380271196 0.944444417953 0.048192769289
bs 0.695652186871 0.0 0.678571403027 0.464285701513
ds 0.116438359022 0.537500023842 0.144736841321 0.193103447556
gs 0.625 0.8125 0.384615391493 0.0303030312061
ts 0.391608387232 0.478260874748 0.367647051811 0.365517228842
a 0.0945901051164 0.0485102273524 0.250445365906 0.119566120207
b 0.182652369142 0.012592760846 0.0903788730502 0.138721510768
d 0.239228382707 0.700383722782 0.329374432564 0.317586272955
g 0.102847546339 0.0152217941359 0.0443192124367 0.0594758018851
t 0.380681604147 0.223291486502 0.285482108593 0.364650309086
h 1.0 1.0 1.0 1.0
c 0.0 0 0 0
Aa 0.00139211583883 0.0904573053122 0.12456767261 0.207614421844
Ab 0.287171721458 -0.495255053043 -0.318078428507 0.272150099277
Ad 0.404359132051 1.24996006489 0.243544518948 0.631868004799
Ag 0.0377403348684 -0.4129101336 -0.627553284168 -0.0956534147263
At 0.606108307838 0.753496170044 0.181433558464 0.69188284874
as 0.0 0.211267605424 0.916666686535 0.048192769289
bs 0.695652186871 0.0 0.642857134342 0.464285701513
ds 0.116438359022 0.625 0.144736841321 0.193103447556
gs 0.625 0.875 0.384615391493 0.0303030312061
ts 0.391608387232 0.521739125252 0.323529422283 0.365517228842
a 0.0945901051164 0.0634509772062 0.231435254216 0.119566120207
b 0.182652369142 0.0115136317909 0.0914430618286 0.138721510768
d 0.239228382707 0.696717679501 0.353280872107 0.317586272955
g 0.102847546339 0.0134454844519 0.046359218657 0.0594758018851
t 0.380681604147 0.21487224102 0.277481585741 0.364650309086
h 1.0 1.0 1.0 1.0
c 0.0 0 0 0
Aa 0.00139211583883 0.274705648422 0.0742358639836 0.207614421844
Ab 0.287171721458 -0.466520369053 -0.32904291153 0.272150099277
Ad 0.404359132051 1.31532406807 0.257926493883 0.631868004799
Ag 0.0377403348684 -0.399156242609 -0.624057531357 -0.0956534147263
At 0.606108307838 0.804447591305 0.153040513396 0.69188284874
as 0.0 0.464788734913 0.777777791023 0.048192769289
bs 0.695652186871 0.0 0.607142865658 0.464285701513
ds 0.116438359022 0.699999988079 0.171052634716 0.193103447556
gs 0.625 0.90625 0.384615391493 0.0303030312061
ts 0.391608387232 0.594202876091 0.279411762953 0.365517228842
a 0.0945901051164 0.0755110234022 0.220255717635 0.119566120207
b 0.182652369142 0.0107480417937 0.0904033333063 0.138721510768
d 0.239228382707 0.691922307014 0.372814625502 0.317586272955
g 0.102847546339 0.0117798140272 0.0477520190179 0.0594758018851
t 0.380681604147 0.210038810968 0.268774330616 0.364650309086
h 1.0 1.0 1.0 1.0
c 0.0 0 0 0
Aa 0.00139211583883 0.417433470488 0.0497379340231 0.207614421844
Ab 0.287171721458 -0.429247558117 -0.337004810572 0.272150099277
Ad 0.404359132051 1.37948036194 0.278303682804 0.631868004799
Ag 0.0377403348684 -0.389438480139 -0.614197492599 -0.0956534147263
At 0.606108307838 0.861722648144 0.13619852066 0.69188284874
as 0.0 0.676056325436 0.722222208977 0.048192769289
bs 0.695652186871 0.0769230797887 0.571428596973 0.464285701513
ds 0.116438359022 0.78205126524 0.197368428111 0.193103447556
gs 0.625 0.9375 0.423076927662 0.0303030312061
ts 0.391608387232 0.681159436703 0.25 0.365517228842
a 0.0945901051164 0.0746115073562 0.212982922792 0.119566120207
b 0.182652369142 0.0103765344247 0.0885619744658 0.138721510768
d 0.239228382707 0.698096930981 0.381275564432 0.317586272955
g 0.102847546339 0.0105501580983 0.048758789897 0.0594758018851
t 0.380681604147 0.206364884973 0.268420755863 0.364650309086
h 1.0 1.0 1.0 1.0
c 0.0 0 0 0
Aa 0.00139211583883 0.466992884874 0.0420559421182 0.207614421844
Ab 0.287171721458 -0.389760583639 -0.339041560888 0.272150099277
Ad 0.404359132051 1.43810284138 0.294950127602 0.631868004799
Ag 0.0377403348684 -0.382553935051 -0.59823590517 -0.0956534147263
At 0.606108307838 0.908822894096 0.142527252436 0.69188284874
as 0.0 0.732394337654 0.694444417953 0.048192769289
bs 0.695652186871 0.17948718369 0.571428596973 0.464285701513
ds 0.116438359022 0.846153855324 0.210526317358 0.193103447556
gs 0.625 0.96875 0.5 0.0303030312061
ts 0.391608387232 0.753623187542 0.25373134017 0.365517228842
a 0.0945901051164 0.0685164928436 0.208476826549 0.119566120207
b 0.182652369142 0.0103034246713 0.0864907801151 0.138721510768
d 0.239228382707 0.709539949894 0.377841413021 0.317586272955
g 0.102847546339 0.00977008603513 0.0491375103593 0.0594758018851
t 0.380681604147 0.201870054007 0.278053492308 0.364650309086
h 1.0 1.0 1.0 1.0
c 0.0 0 0 0
Aa 0.00139211583883 0.467728585005 0.0473831407726 0.207614421844
Ab 0.287171721458 -0.35508492589 -0.334704816341 0.272150099277
Ad 0.404359132051 1.48291027546 0.305634915829 0.631868004799
Ag 0.0377403348684 -0.378168165684 -0.580261468887 -0.0956534147263
At 0.606108307838 0.937005341053 0.172453716397 0.69188284874
as 0.0 0.74647885561 0.722222208977 0.048192769289
bs 0.695652186871 0.236842110753 0.571428596973 0.464285701513
ds 0.116438359022 0.909090936184 0.226666674018 0.193103447556
gs 0.625 0.96875 0.560000002384 0.0303030312061
ts 0.391608387232 0.794117629528 0.298507452011 0.365517228842
a 0.0945901051164 0.0652072355151 0.203433856368 0.119566120207
b 0.182652369142 0.0104146078229 0.0849302709103 0.138721510768
d 0.239228382707 0.718428432941 0.370070457458 0.317586272955
g 0.102847546339 0.00931727141142 0.049064874649 0.0594758018851
t 0.380681604147 0.19663245976 0.292500555515 0.364650309086
h 1.0 1.0 1.0 1.0
c 0.0 0 0 0
Aa 0.00139211583883 0.467728585005 0.0533220693469 0.207614421844
Ab 0.287171721458 -0.328924298286 -0.326038658619 0.272150099277
Ad 0.404359132051 1.50981628895 0.313183218241 0.631868004799
Ag 0.0377403348684 -0.377278476954 -0.564330458641 -0.0956534147263
At 0.606108307838 0.947088003159 0.211025506258 0.69188284874
as 0.0 0.74647885561 0.722222208977 0.048192769289
bs 0.695652186871 0.315789461136 0.607142865658 0.464285701513
ds 0.116438359022 0.947368443012 0.229729726911 0.193103447556
gs 0.625 0.96875 0.600000023842 0.0303030312061
ts 0.391608387232 0.808823525906 0.358208954334 0.365517228842
a 0.0945901051164 0.0640685334802 0.196154668927 0.119566120207
b 0.182652369142 0.0106566818431 0.0842380002141 0.138721510768
d 0.239228382707 0.723873019218 0.365327298641 0.317586272955
g 0.102847546339 0.00909413769841 0.0489542856812 0.0594758018851
t 0.380681604147 0.192307606339 0.305325746536 0.364650309086
h 1.0 1.0 1.0 1.0
c 0.0 0 0 0
Aa 0.00139211583883 0.467728585005 0.0509643442929 0.207614421844
Ab 0.287171721458 -0.311294227839 -0.316126257181 0.272150099277
Ad 0.404359132051 1.52074623108 0.3210478127 0.631868004799
Ag 0.0377403348684 -0.380154669285 -0.551843583584 -0.0956534147263
At 0.606108307838 0.945080280304 0.243129119277 0.69188284874
as 0.0 0.74647885561 0.722222208977 0.048192769289
bs 0.695652186871 0.368421047926 0.642857134342 0.464285701513
ds 0.116438359022 0.959999978542 0.243243247271 0.193103447556
gs 0.625 0.96875 0.680000007153 0.0303030312061
ts 0.391608387232 0.805970132351 0.402985066175 0.365517228842
a 0.0945901051164 0.0640269964933 0.191600739956 0.119566120207
b 0.182652369142 0.0108814127743 0.0840198844671 0.138721510768
d 0.239228382707 0.726388037205 0.362919509411 0.317586272955
g 0.102847546339 0.00898296572268 0.0489274710417 0.0594758018851
t 0.380681604147 0.189720615745 0.312532424927 0.364650309086
h 1.0 1.0 1.0 1.0
c 0.0 0 0 0
Aa 0.00139211583883 0.467728585005 0.0509643442929 0.207614421844
Ab 0.287171721458 -0.301949262619 -0.307050764561 0.272150099277
Ad 0.404359132051 1.522534132 0.328377485275 0.631868004799
Ag 0.0377403348684 -0.385214805603 -0.541880071163 -0.0956534147263
At 0.606108307838 0.939480006695 0.263462245464 0.69188284874
as 0.0 0.74647885561 0.722222208977 0.048192769289
bs 0.695652186871 0.394736856222 0.678571403027 0.464285701513
ds 0.116438359022 0.959999978542 0.256756752729 0.193103447556
gs 0.625 0.9375 0.72000002861 0.0303030312061
ts 0.391608387232 0.805970132351 0.415384620428 0.365517228842
a 0.0945901051164 0.0642819628119 0.188964918256 0.119566120207
b 0.182652369142 0.0109926527366 0.0844646319747 0.138721510768
d 0.239228382707 0.727838873863 0.362417727709 0.317586272955
g 0.102847546339 0.00891609210521 0.0491555444896 0.0594758018851
t 0.380681604147 0.187970399857 0.314997166395 0.364650309086
h 1.0 1.0 1.0 1.0
c 0.0 0 0 0
Aa 0.00139211583883 0.467728585005 0.0509643442929 0.207614421844
Ab 0.287171721458 -0.2992580235 -0.298741936684 0.272150099277
Ad 0.404359132051 1.52167475224 0.333792597055 0.631868004799
Ag 0.0377403348684 -0.390186011791 -0.533844351768 -0.0956534147263
At 0.606108307838 0.933728933334 0.272889792919 0.69188284874
as 0.0 0.74647885561 0.722222208977 0.048192769289
bs 0.695652186871 0.394736856222 0.714285731316 0.464285701513
ds 0.116438359022 0.959999978542 0.256756752729 0.193103447556
gs 0.625 0.9375 0.75 0.0303030312061
ts 0.391608387232 0.791044771671 0.421875 0.365517228842
a 0.0945901051164 0.0646518990397 0.188455030322 0.119566120207
b 0.182652369142 0.0110500836745 0.0858373790979 0.138721510768
d 0.239228382707 0.729293942451 0.361612170935 0.317586272955
g 0.102847546339 0.00891039520502 0.0493652708828 0.0594758018851
t 0.380681604147 0.18609367311 0.314730167389 0.364650309086
h 1.0 1.0 1.0 1.0
c 0.0 0 0 0
Aa 0.00139211583883 0.467728585005 0.0523307584226 0.207614421844
Ab 0.287171721458 -0.299487143755 -0.289200514555 0.272150099277
Ad 0.404359132051 1.52004992962 0.335366070271 0.631868004799
Ag 0.0377403348684 -0.392955780029 -0.529455423355 -0.0956534147263
At 0.606108307838 0.926878869534 0.275061398745 0.69188284874
as 0.0 0.74647885561 0.722222208977 0.048192769289
bs 0.695652186871 0.394736856222 0.75 0.464285701513
ds 0.116438359022 0.972972989082 0.256756752729 0.193103447556
gs 0.625 0.967741906643 0.791666686535 0.0303030312061
ts 0.391608387232 0.776119410992 0.421875 0.365517228842
a 0.0945901051164 0.0653248950839 0.188438042998 0.119566120207
b 0.182652369142 0.0111193647608 0.0884434208274 0.138721510768
d 0.239228382707 0.73017925024 0.361496329308 0.317586272955
g 0.102847546339 0.00897161662579 0.0491023175418 0.0594758018851
t 0.380681604147 0.184404864907 0.312519878149 0.364650309086
h 1.0 1.0 1.0 1.0
c 0.0 0 0 0
Aa 0.00139211583883 0.467728585005 0.0523307584226 0.207614421844
Ab 0.287171721458 -0.301270157099 -0.276172339916 0.272150099277
Ad 0.404359132051 1.5160793066 0.335266053677 0.631868004799
Ag 0.0377403348684 -0.394479423761 -0.53173583746 -0.0956534147263
At 0.606108307838 0.918422222137 0.272039800882 0.69188284874
as 0.0 0.74647885561 0.714285731316 0.048192769289
bs 0.695652186871 0.394736856222 0.785714268684 0.464285701513
ds 0.116438359022 0.959459483624 0.256756752729 0.193103447556
gs 0.625 0.93548387289 0.791666686535 0.0303030312061
ts 0.391608387232 0.776119410992 0.421875 0.365517228842
a 0.0945901051164 0.0666856691241 0.189205035567 0.119566120207
b 0.182652369142 0.0112913129851 0.0918528735638 0.138721510768
d 0.239228382707 0.72901815176 0.3615860641 0.317586272955
g 0.102847546339 0.00907308980823 0.0480928272009 0.0594758018851
t 0.380681604147 0.183931782842 0.309263199568 0.364650309086
h 1.0 1.0 1.0 1.0
c 0.0 0 0 0
Aa 0.00139211583883 0.467728585005 0.0523307584226 0.207614421844
Ab 0.287171721458 -0.303559482098 -0.261509180069 0.272150099277
Ad 0.404359132051 1.50643444061 0.333609730005 0.631868004799
Ag 0.0377403348684 -0.398548692465 -0.542521595955 -0.0956534147263
At 0.606108307838 0.908352851868 0.265726327896 0.69188284874
as 0.0 0.74647885561 0.714285731316 0.048192769289
bs 0.695652186871 0.368421047926 0.857142865658 0.464285701513
ds 0.116438359022 0.94594591856 0.256756752729 0.193103447556
gs 0.625 0.93548387289 0.75 0.0303030312061
ts 0.391608387232 0.761194050312 0.396825402975 0.365517228842
a 0.0945901051164 0.0690879151225 0.191403254867 0.119566120207
b 0.182652369142 0.0115730632097 0.0956997275352 0.138721510768
d 0.239228382707 0.723876655102 0.362093031406 0.317586272955
g 0.102847546339 0.00913884304464 0.0465471558273 0.0594758018851
t 0.380681604147 0.186323493719 0.304256826639 0.364650309086
h 1.0 1.0 1.0 1.0
c 0.0 0 0 0
Aa 0.00139211583883 0.467728585005 0.0523307584226 0.207614421844
Ab 0.287171721458 -0.308225184679 -0.248707875609 0.272150099277
Ad 0.404359132051 1.48799109459 0.329201608896 0.631868004799
Ag 0.0377403348684 -0.410782307386 -0.561725437641 -0.0956534147263
At 0.606108307838 0.898594081402 0.25362175703 0.69188284874
as 0.0 0.74647885561 0.714285731316 0.048192769289
bs 0.695652186871 0.368421047926 0.884615361691 0.464285701513
ds 0.116438359022 0.918918907642 0.256756752729 0.193103447556
gs 0.625 0.903225779533 0.666666686535 0.0303030312061
ts 0.391608387232 0.746268630028 0.380952388048 0.365517228842
a 0.0945901051164 0.0725672468543 0.185982450843 0.119566120207
b 0.182652369142 0.0120272757486 0.100864544511 0.138721510768
d 0.239228382707 0.714673042297 0.368690252304 0.317586272955
g 0.102847546339 0.00908555928618 0.0454402901232 0.0594758018851
t 0.380681604147 0.191646903753 0.299022465944 0.364650309086
h 1.0 1.0 1.0 1.0
c 0.0 0 0 0
Aa 0.00139211583883 0.467728585005 0.0249068140984 0.207614421844
Ab 0.287171721458 -0.312844842672 -0.24082660675 0.272150099277
Ad 0.404359132051 1.4610953331 0.32209649682 0.631868004799
Ag 0.0377403348684 -0.434660434723 -0.587124049664 -0.0956534147263
At 0.606108307838 0.889489710331 0.231138691306 0.69188284874
as 0.0 0.74647885561 0.62857145071 0.048192769289
bs 0.695652186871 0.368421047926 0.923076927662 0.464285701513
ds 0.116438359022 0.890410959721 0.243243247271 0.193103447556
gs 0.625 0.806451618671 0.541666686535 0.0303030312061
ts 0.391608387232 0.731343269348 0.338709682226 0.365517228842
a 0.0945901051164 0.076520472765 0.174717694521 0.119566120207
b 0.182652369142 0.0124509157613 0.10713738203 0.138721510768
d 0.239228382707 0.704074382782 0.380939334631 0.317586272955
g 0.102847546339 0.008888236247 0.0449610985816 0.0594758018851
t 0.380681604147 0.198066011071 0.292244493961 0.364650309086
h 1.0 1.0 1.0 1.0
c 0.0 0 0 0
Aa 0.00139211583883 0.467728585005 -0.0254696700722 0.207614421844
Ab 0.287171721458 -0.320847779512 -0.237865552306 0.272150099277
Ad 0.404359132051 1.43156945705 0.313049226999 0.631868004799
Ag 0.0377403348684 -0.467233479023 -0.614969670773 -0.0956534147263
At 0.606108307838 0.880760908127 0.197939783335 0.69188284874
as 0.0 0.74647885561 0.485714286566 0.048192769289
bs 0.695652186871 0.342105269432 0.959999978542 0.464285701513
ds 0.116438359022 0.849315047264 0.219178080559 0.193103447556
gs 0.625 0.709677398205 0.416666656733 0.0303030312061
ts 0.391608387232 0.712121188641 0.290322571993 0.365517228842
a 0.0945901051164 0.0805891081691 0.16799145937 0.119566120207
b 0.182652369142 0.0127985710278 0.112408608198 0.138721510768
d 0.239228382707 0.696800887585 0.397307544947 0.317586272955
g 0.102847546339 0.00865806359798 0.0445777177811 0.0594758018851
t 0.380681604147 0.201153367758 0.277714639902 0.364650309086
h 1.0 1.0 1.0 1.0
c 0.0 0 0 0
Aa 0.00139211583883 0.467728585005 -0.0641822814941 0.207614421844
Ab 0.287171721458 -0.331386268139 -0.238669902086 0.272150099277
Ad 0.404359132051 1.40456092358 0.309657335281 0.631868004799
Ag 0.0377403348684 -0.501126945019 -0.640351653099 -0.0956534147263
At 0.606108307838 0.864979565144 0.154129311442 0.69188284874
as 0.0 0.742857158184 0.371428579092 0.048192769289
bs 0.695652186871 0.315789461136 0.959999978542 0.464285701513
ds 0.116438359022 0.808219194412 0.219178080559 0.193103447556
gs 0.625 0.612903237343 0.333333343267 0.0303030312061
ts 0.391608387232 0.681818187237 0.209677413106 0.365517228842
a 0.269165962934 0.0847168415785 0.171174451709 0.228002786636
b 0.0877156481147 0.0131689189002 0.114034868777 0.174733936787
d 0.412975490093 0.693942666054 0.417763411999 0.294556975365
g 0.0936758443713 0.00858806353062 0.0436327122152 0.0593109428883
t 0.136467054486 0.199583515525 0.253394573927 0.243395343423
h 1.0 1.0 1.0 1.0
c 0.0 0 0 0
Aa 0.441506177187 0.467728585005 -0.0655492171645 0.541774570942
Ab -0.0454369001091 -0.340691059828 -0.241950497031 0.42621165514
Ad 0.627410292625 1.38108241558 0.32194224 0.653003692627
Ag -0.0168863423169 -0.526345968246 -0.659175932407 -0.0430307686329
At 0.146513864398 0.839883446693 0.104809120297 0.570146679878
as 0.391752570868 0.739130437374 0.371428579092 0.445783138275
bs 0.0 0.289473682642 0.959999978542 1.0
ds 0.26206895709 0.780821919441 0.232876718044 0.206896558404
gs 0.47499999404 0.516129016876 0.25 0.212121218443
ts 0.0699300691485 0.651515126228 0.129032254219 0.282758623362
a 0.241378545761 0.0890625417233 0.168511539698 0.218643382192
b 0.0793584883213 0.0136728389189 0.112298384309 0.165942162275
d 0.472320079803 0.693545281887 0.45146459341 0.300677478313
g 0.0867716148496 0.00879874452949 0.0425375699997 0.0566895157099
t 0.120171271265 0.194920584559 0.225187927485 0.258047431707
h 1.0 1.0 1.0 1.0
c 0.0 0 0 0
Aa 0.441506177187 0.467237114906 -0.0718690603971 0.541774570942
Ab -0.0415990836918 -0.346599280834 -0.248125195503 0.421994954348
Ad 0.733043909073 1.35861682892 0.356124997139 0.680139124393
Ag -0.0028148018755 -0.538037240505 -0.669726014137 -0.0444590337574
At 0.138608172536 0.807399749756 0.0540464185178 0.613737761974
as 0.391752570868 0.724637687206 0.371428579092 0.445783138275
bs 0.0 0.263157904148 0.916666686535 1.0
ds 0.337931036949 0.75342464447 0.273972600698 0.227586209774
gs 0.524999976158 0.483870953321 0.208333328366 0.181818187237
ts 0.0699300691485 0.600000023842 0.0483870953321 0.310344815254
a 0.227211683989 0.0891957879066 0.163829758763 0.21186080575
b 0.0719116404653 0.0143637703732 0.107748478651 0.158439621329
d 0.501033425331 0.694984018803 0.491782814264 0.30569934845
g 0.0788954570889 0.0092997578904 0.0413203947246 0.0547272227705
t 0.120947800577 0.192156657577 0.19531853497 0.269272983074
h 1.0 1.0 1.0 1.0
c 0.0 0 0 0
Aa 0.468514710665 0.443299055099 -0.0754272118211 0.541774570942
Ab -0.0311167612672 -0.349776834249 -0.257408857346 0.415587723255
Ad 0.811950743198 1.33492958546 0.401953339577 0.701018452644
Ag 0.0091360360384 -0.538573622704 -0.673655569553 -0.0460726507008
At 0.194682016969 0.776610136032 0.000923467392568 0.645916700363
as 0.422680407763 0.695652186871 0.342857152224 0.445783138275
bs 0.0 0.263157904148 0.875 0.964285731316
ds 0.398601412773 0.712328791618 0.342465758324 0.24137930572
gs 0.550000011921 0.483870953321 0.208333328366 0.181818187237
ts 0.104895107448 0.546875 0.0 0.331034481525
a 0.227211683989 0.0843004360795 0.156522139907 0.21186080575
b 0.0719116404653 0.0151098873466 0.103423282504 0.158439621329
d 0.501033425331 0.696737587452 0.53211247921 0.30569934845
g 0.0788954570889 0.00992894545197 0.0406197346747 0.0547272227705
t 0.120947800577 0.193923130631 0.16732236743 0.269272983074
h 1.0 1.0 1.0 1.0
c 0.0 0 0 0
Aa 0.468514710665 0.396689116955 -0.0891735330224 0.541774570942
Ab -0.0311167612672 -0.349879473448 -0.26913100481 0.415587723255
Ad 0.811950743198 1.31392848492 0.442254126072 0.701018452644
Ag 0.0091360360384 -0.532237589359 -0.675012230873 -0.0460726507008
At 0.194682016969 0.758488893509 -0.0601953193545 0.645916700363
as 0.422680407763 0.623188376427 0.314285725355 0.445783138275
bs 0.0 0.263157904148 0.833333313465 0.964285731316
ds 0.398601412773 0.684931516647 0.388888895512 0.24137930572
gs 0.550000011921 0.516129016876 0.166666671634 0.181818187237
ts 0.104895107448 0.53968256712 0.0 0.328671336174
a 0.227211683989 0.0786253064871 0.146978914738 0.21186080575
b 0.0719116404653 0.0156337507069 0.101526141167 0.158439621329
d 0.501033425331 0.697325289249 0.567094624043 0.30569934845
g 0.0788954570889 0.0105596184731 0.0407975055277 0.0547272227705
t 0.120947800577 0.197856009007 0.143602818251 0.269272983074
h 1.0 1.0 1.0 1.0
c 0.0 0 0 0
Aa 0.468514710665 0.353959619999 -0.119690440595 0.541774570942
Ab -0.0311167612672 -0.347539514303 -0.280367612839 0.415587723255
Ad 0.811950743198 1.30183267593 0.466710031033 0.701018452644
Ag 0.0091360360384 -0.517954528332 -0.676311910152 -0.0460726507008
At 0.194682016969 0.754746496677 -0.129782557487 0.645916700363
as 0.422680407763 0.565217375755 0.228571429849 0.445783138275
bs 0.0 0.263157904148 0.791666686535 0.964285731316
ds 0.398601412773 0.666666686535 0.416666656733 0.24137930572
gs 0.564102590084 0.548387110233 0.173913046718 0.181818187237
ts 0.104895107448 0.523809552193 0.0 0.328671336174
a 0.227211683989 0.0780754089355 0.137565910816 0.21186080575
b 0.0719116404653 0.0157961696386 0.101810105145 0.158439621329
d 0.501033425331 0.693997383118 0.592143476009 0.30569934845
g 0.0788954570889 0.0111409090459 0.0414791144431 0.0547272227705
t 0.120947800577 0.200990140438 0.127001389861 0.269272983074
h 1.0 1.0 1.0 1.0
c 0.0 0 0 0
Aa 0.468514710665 0.352334707975 -0.15737631917 0.541774570942
Ab -0.0311167612672 -0.341627776623 -0.288096278906 0.415587723255
Ad 0.811950743198 1.30117821693 0.47653979063 0.701018452644
Ag 0.0091360360384 -0.493258953094 -0.678057670593 -0.0460726507008
At 0.194682016969 0.762995183468 -0.192078664899 0.645916700363
as 0.422680407763 0.565217375755 0.114285714924 0.445783138275
bs 0.0 0.289473682642 0.75 0.964285731316
ds 0.398601412773 0.666666686535 0.430555552244 0.244755238295
gs 0.564102590084 0.645161271095 0.173913046718 0.181818187237
ts 0.104895107448 0.53968256712 0.0 0.323943674564
a 0.227211683989 0.0767101943493 0.128796473145 0.21186080575
b 0.0719116404653 0.0159339606762 0.102632641792 0.158439621329
d 0.501033425331 0.693328380585 0.607176244259 0.30569934845
g 0.0788954570889 0.0118229025975 0.0421303771436 0.0547272227705
t 0.120947800577 0.202204555273 0.119264245033 0.269272983074
h 1.0 1.0 1.0 1.0
c 0.0 0 0 0
Aa 0.468514710665 0.352334707975 -0.19326595962 0.541774570942
Ab -0.0311167612672 -0.330194652081 -0.291884422302 0.415587723255
Ad 0.811950743198 1.30842065811 0.480144828558 0.701018452644
Ag 0.0091360360384 -0.459794253111 -0.678574562073 -0.0460726507008
At 0.194682016969 0.773272573948 -0.226659685373 0.645916700363
as 0.422680407763 0.565217375755 0.0 0.445783138275
bs 0.0 0.315789461136 0.75 0.964285731316
ds 0.401408463717 0.680555582047 0.444444447756 0.244755238295
gs 0.564102590084 0.741935491562 0.173913046718 0.181818187237
ts 0.104895107448 0.555555582047 0.0 0.323943674564
a 0.227211683989 0.0751239806414 0.130732625723 0.21186080575
b 0.0719116404653 0.0160697307438 0.100845195353 0.158439621329
d 0.501033425331 0.693309545517 0.607605874538 0.30569934845
g 0.0788954570889 0.0125114843249 0.0419369265437 0.0547272227705
t 0.120947800577 0.202985242009 0.118879377842 0.269272983074
h 1.0 1.0 1.0 1.0
c 0.0 0 0 0
Aa 0.468514710665 0.352334707975 -0.182699292898 0.541774570942
Ab -0.0311167612672 -0.317435324192 -0.295428067446 0.415587723255
Ad 0.811950743198 1.31748330593 0.484538704157 0.701018452644
Ag 0.0091360360384 -0.426135063171 -0.676486670971 -0.0460726507008
At 0.194682016969 0.784020543098 -0.223976761103 0.645916700363
as 0.422680407763 0.565217375755 0.0571428574622 0.445783138275
bs 0.0 0.342105269432 0.708333313465 0.962962985039
ds 0.401408463717 0.680555582047 0.444444447756 0.244755238295
gs 0.564102590084 0.838709652424 0.173913046718 0.181818187237
ts 0.104895107448 0.571428596973 0.0 0.323943674564
a 0.227211683989 0.0737006887794 0.133434489369 0.21186080575
b 0.0719116404653 0.0160966906697 0.0971947982907 0.158439621329
d 0.501033425331 0.693735778332 0.604837059975 0.30569934845
g 0.0788954570889 0.0129933906719 0.0415401309729 0.0547272227705
t 0.120947800577 0.203473463655 0.122993499041 0.269272983074
h 1.0 1.0 1.0 1.0
c 0.0 0 0 0
Aa 0.468514710665 0.352334707975 -0.164685130119 0.541774570942
Ab -0.0311167612672 -0.308400213718 -0.302310198545 0.415587723255
Ad 0.811950743198 1.32605731487 0.491685211658 0.701018452644
Ag 0.0091360360384 -0.401414334774 -0.671485364437 -0.0460726507008
At 0.194682016969 0.793370962143 -0.200071036816 0.645916700363
as 0.422680407763 0.558823525906 0.0857142880559 0.445783138275
bs 0.0 0.378378391266 0.708333313465 0.962962985039
ds 0.401408463717 0.704225361347 0.458333343267 0.244755238295
gs 0.564102590084 0.93548387289 0.181818187237 0.181818187237
ts 0.104895107448 0.5873016119 0.0 0.323943674564
a 0.227211683989 0.072694696486 0.142141893506 0.21186080575
b 0.0719116404653 0.0160206481814 0.0920297876 0.158439621329
d 0.501033425331 0.694346606731 0.597434282303 0.30569934845
g 0.0788954570889 0.0131861269474 0.0410536341369 0.0547272227705
t 0.120947800577 0.203751936555 0.127340421081 0.269272983074
h 1.0 1.0 1.0 1.0
c 0.0 0 0 0
Aa 0.468514710665 0.352334707975 -0.125295758247 0.541774570942
Ab -0.0311167612672 -0.304487973452 -0.314089417458 0.415587723255
Ad 0.811950743198 1.33240830898 0.498272299767 0.701018452644
Ag 0.0091360360384 -0.389050781727 -0.664666235447 -0.0460726507008
At 0.194682016969 0.799933731556 -0.173051580787 0.645916700363
as 0.440860211849 0.558823525906 0.20000000298 0.445783138275
bs 0.0 0.378378391266 0.652173936367 0.962962985039
ds 0.401408463717 0.718309879303 0.472222208977 0.244755238295
gs 0.564102590084 0.967741906643 0.181818187237 0.181818187237
ts 0.104895107448 0.603174626827 0.0 0.326241135597
a 0.227211683989 0.0722709819674 0.141558930278 0.21186080575
b 0.0719116404653 0.0158413741738 0.088070705533 0.158439621329
d 0.501033425331 0.694610774517 0.596608102322 0.30569934845
g 0.0788954570889 0.0132021084428 0.04129159078 0.0547272227705
t 0.120947800577 0.204074755311 0.132470667362 0.269272983074
h 1.0 1.0 1.0 1.0
c 0.0 0 0 0
Aa 0.468514710665 0.352334707975 -0.122413262725 0.541774570942
Ab -0.0311167612672 -0.306836396456 -0.328519076109 0.415587723255
Ad 0.811950743198 1.33511221409 0.502338588238 0.701018452644
Ag 0.0091360360384 -0.385985970497 -0.657488942146 -0.0460726507008
At 0.194682016969 0.803160071373 -0.151230826974 0.645916700363
as 0.445652186871 0.567164182663 0.228571429849 0.445783138275
bs 0.0 0.378378391266 0.608695626259 0.962962985039
ds 0.397163122892 0.718309879303 0.472222208977 0.244755238295
gs 0.552631556988 0.967741906643 0.227272734046 0.181818187237
ts 0.104895107448 0.600000023842 0.0 0.321428567171
a 0.227211683989 0.0725366845727 0.140457123518 0.21186080575
b 0.0719116404653 0.0157100297511 0.0848337113857 0.158439621329
d 0.501033425331 0.694153249264 0.593967735767 0.30569934845
g 0.0788954570889 0.0132406065241 0.0414883866906 0.0547272227705
t 0.120947800577 0.204359427094 0.13925306499 0.269272983074
h 1.0 1.0 1.0 1.0
c 0.0 0 0 0
Aa 0.468514710665 0.352334707975 -0.122413262725 0.541774570942
Ab -0.0311167612672 -0.312045991421 -0.341388553381 0.415587723255
Ad 0.811950743198 1.3332324028 0.503805816174 0.701018452644
Ag 0.0091360360384 -0.386315137148 -0.652030467987 -0.0460726507008
At 0.194682016969 0.802171707153 -0.126152262092 0.645916700363
as 0.445652186871 0.567164182663 0.228571429849 0.445783138275
bs 0.0 0.378378391266 0.565217375755 0.962962985039
ds 0.392857134342 0.718309879303 0.472222208977 0.244755238295
gs 0.552631556988 0.967741906643 0.272727280855 0.181818187237
ts 0.0985915511847 0.600000023842 0.0 0.321428567171
a 0.210291489959 0.073575951159 0.139043435454 0.198487430811
b 0.0675747320056 0.0157466344535 0.0825546830893 0.14635707438
d 0.530185341835 0.692268133163 0.585882544518 0.318478494883
g 0.0762029662728 0.0135399168357 0.0412378273904 0.0525623708963
t 0.11574549228 0.204869389534 0.151281490922 0.28411462903
h 1.0 1.0 1.0 1.0
c 0.0 0 0 0
Aa 0.468514710665 0.350842535496 -0.122413262725 0.541774570942
Ab -0.024522639811 -0.318705618382 -0.348822027445 0.409455239773
Ad 0.870120704174 1.32438099384 0.502246797085 0.747121632099
Ag 0.0276648756117 -0.38427734375 -0.650267958641 -0.0352835133672
At 0.209197089076 0.795583724976 -0.0857779756188 0.697535157204
as 0.445652186871 0.567164182663 0.228571429849 0.445783138275
bs 0.0 0.351351350546 0.521739125252 0.962962985039
ds 0.438848912716 0.699999988079 0.472222208977 0.272727280855
gs 0.60526317358 0.967741906643 0.272727280855 0.212121218443
ts 0.112676054239 0.583333313465 0.0526315793395 0.357142865658
a 0.19088858366 0.0720947757363 0.137645900249 0.187939539552
b 0.0632611885667 0.0162312556058 0.0813888311386 0.138409018517
d 0.563704133034 0.691556632519 0.570002496243 0.325853615999
g 0.0724313557148 0.0143046220765 0.0404808633029 0.0501517318189
t 0.109714768827 0.205812722445 0.170481920242 0.297646105289
h 1.0 1.0 1.0 1.0
c 0.0 0 0 0
Aa 0.461959660053 0.323093384504 -0.122413262725 0.538649320602
Ab -0.0176829732955 -0.324458301067 -0.350611716509 0.405795603991
Ad 0.932230889797 1.3050173521 0.494700193405 0.777653694153
Ag 0.0411063358188 -0.379334032536 -0.653926789761 -0.0350828878582
At 0.221444800496 0.77866178751 -0.0294982083142 0.738331377506
as 0.434782594442 0.522388041019 0.228571429849 0.445783138275
bs 0.0 0.324324309826 0.521739125252 0.925925910473
ds 0.482014387846 0.671428561211 0.458333343267 0.293706297874
gs 0.631578922272 1.0 0.227272734046 0.212121218443
ts 0.119718313217 0.566666662693 0.131578952074 0.392857134342
a 0.19088858366 0.0727544128895 0.137209102511 0.187939539552
b 0.0632611885667 0.0171365663409 0.0816752761602 0.138409018517
d 0.563704133034 0.688372433186 0.545204937458 0.325853615999
g 0.0724313557148 0.0155543982983 0.0395492613316 0.0501517318189
t 0.109714768827 0.206182166934 0.19636143744 0.297646105289
h 1.0 1.0 1.0 1.0
c 0.0 0 0 0
Aa 0.461959660053 0.295156151056 -0.124169848859 0.538649320602
Ab -0.0176829732955 -0.332779407501 -0.34946218133 0.405795603991
Ad 0.932230889797 1.27112030983 0.475006997585 0.777653694153
Ag 0.0411063358188 -0.374850004911 -0.664414405823 -0.0350828878582
At 0.221444800496 0.747547864914 0.0315034091473 0.738331377506
as 0.434782594442 0.469696968794 0.20000000298 0.445783138275
bs 0.0 0.324324309826 0.521739125252 0.925925910473
ds 0.482014387846 0.62857145071 0.430555552244 0.293706297874
gs 0.631578922272 1.0 0.181818187237 0.212121218443
ts 0.119718313217 0.5 0.210526317358 0.392857134342
a 0.19088858366 0.0800150483847 0.135645806789 0.187939539552
b 0.0632611885667 0.0184762850404 0.0844494327903 0.138409018517
d 0.563704133034 0.679818689823 0.513229072094 0.325853615999
g 0.0724313557148 0.017306683585 0.0392988398671 0.0501517318189
t 0.109714768827 0.204383313656 0.227376818657 0.297646105289
h 1.0 1.0 1.0 1.0
c 0.0 0 0 0
Aa 0.461959660053 0.288940042257 -0.143351107836 0.538649320602
Ab -0.0176829732955 -0.347616970539 -0.349160760641 0.405795603991
Ad 0.932230889797 1.21816146374 0.434553772211 0.777653694153
Ag 0.0411063358188 -0.376017779112 -0.681377768517 -0.0350828878582
At 0.221444800496 0.696213841438 0.0809886902571 0.738331377506
as 0.434782594442 0.469696968794 0.142857149243 0.445783138275
bs 0.0 0.270270258188 0.521739125252 0.925925910473
ds 0.482014387846 0.542857170105 0.366197168827 0.293706297874
gs 0.631578922272 1.0 0.136363640428 0.212121218443
ts 0.119718313217 0.423728823662 0.280000001192 0.392857134342
a 0.19088858366 0.0905185267329 0.130316734314 0.187939539552
b 0.0632611885667 0.0205804631114 0.091002561152 0.138409018517
d 0.563704133034 0.66683614254 0.474977314472 0.325853615999
g 0.0724313557148 0.0197751484811 0.0406526774168 0.0501517318189
t 0.109714768827 0.202289715409 0.263050734997 0.297646105289
h 1.0 1.0 1.0 1.0
c 0.0 0 0 0
Aa 0.461959660053 0.274454921484 -0.195918396115 0.538649320602
Ab -0.0176829732955 -0.368827402592 -0.35186496377 0.405795603991
Ad 0.932230889797 1.14173662663 0.365754276514 0.777653694153
Ag 0.0411063358188 -0.386162817478 -0.701829433441 -0.0350828878582
At 0.221444800496 0.623691260815 0.1091209203 0.738331377506
as 0.434782594442 0.439393937588 0.0 0.445783138275
bs 0.0 0.216216221452 0.521739125252 0.925925910473
ds 0.482014387846 0.442857146263 0.267605632544 0.293706297874
gs 0.631578922272 0.966666638851 0.0454545468092 0.212121218443
ts 0.119718313217 0.305084735155 0.319999992847 0.392857134342
a 0.19088858366 0.094948798418 0.123134352267 0.187939539552
b 0.0632611885667 0.0240053758025 0.101529315114 0.138409018517
d 0.563704133034 0.654939770699 0.428884416819 0.325853615999
g 0.0724313557148 0.0233915522695 0.0440063327551 0.0501517318189
t 0.109714768827 0.20271448791 0.302445590496 0.297646105289
h 1.0 1.0 1.0 1.0
c 0.0 0 0 0
Aa 0.461959660053 0.203883424401 -0.274814248085 0.538649320602
Ab -0.0176829732955 -0.39329752326 -0.358602017164 0.405795603991
Ad 0.932230889797 1.04259538651 0.267146766186 0.777653694153
Ag 0.0411063358188 -0.404546976089 -0.721678316593 -0.0350828878582
At 0.221444800496 0.533278763294 0.115453772247 0.738331377506
as 0.434782594442 0.333333343267 0.0 0.445783138275
bs 0.0 0.162162154913 0.478260874748 0.925925910473
ds 0.482014387846 0.300000011921 0.126760557294 0.293706297874
gs 0.631578922272 0.899999976158 0.0 0.212121218443
ts 0.119718313217 0.137931033969 0.319999992847 0.392857134342
a 0.19088858366 0.090636305511 0.130669444799 0.187939539552
b 0.0632611885667 0.0289784409106 0.112857729197 0.138409018517
d 0.563704133034 0.645694196224 0.370230287313 0.325853615999
g 0.0724313557148 0.0283862184733 0.0483197569847 0.0501517318189
t 0.109714768827 0.206304848194 0.337922781706 0.297646105289
h 1.0 1.0 1.0 1.0
c 0.0 0 0 0
Aa 0.461959660053 0.0765009894967 -0.305600732565 0.538649320602
Ab -0.0176829732955 -0.418726176023 -0.369243472815 0.405795603991
Ad 0.932230889797 0.929225683212 0.146697178483 0.777653694153
Ag 0.0411063358188 -0.427693665028 -0.737650036812 -0.0350828878582
At 0.221444800496 0.43370822072 0.107042692602 0.738331377506
as 0.434782594442 0.13846154511 0.0 0.445783138275
bs 0.0 0.0555555559695 0.434782594442 0.925925910473
ds 0.482014387846 0.142857149243 0.0 0.293706297874
gs 0.631578922272 0.833333313465 0.0 0.212121218443
ts 0.119718313217 0.0 0.30666667223 0.392857134342
a 0.19088858366 0.0694972798228 0.143179163337 0.187939539552
b 0.0632611885667 0.0353995189071 0.122910194099 0.138409018517
d 0.563704133034 0.644798278809 0.313669592142 0.325853615999
g 0.0724313557148 0.034462634474 0.0527643300593 0.0501517318189
t 0.109714768827 0.215842276812 0.367476701736 0.297646105289
h 1.0 1.0 1.0 1.0
c 0.0 0 0 0
Aa 0.461959660053 -0.149926230311 -0.316786587238 0.538649320602
Ab -0.0176829732955 -0.44289663434 -0.383078545332 0.405795603991
Ad 0.932230889797 0.817529857159 0.0238060001284 0.777653694153
Ag 0.0411063358188 -0.454545527697 -0.750325977802 -0.0350828878582
At 0.221444800496 0.342242509127 0.0925633758307 0.738331377506
as 0.434782594442 0.0 0.0 0.445783138275
bs 0.0 0.0 0.363636374474 0.925925910473
ds 0.482014387846 0.0 0.0 0.293706297874
gs 0.631578922272 0.733333349228 0.0 0.212121218443
ts 0.119718313217 0.0 0.29333332181 0.392857134342
a 0.19088858366 0.0478826388717 0.156898453832 0.187939539552
b 0.0632611885667 0.0413333252072 0.129780307412 0.138409018517
d 0.563704133034 0.646211206913 0.269092231989 0.325853615999
g 0.0724313557148 0.0394837222993 0.0562643036246 0.0501517318189
t 0.109714768827 0.225089088082 0.387964695692 0.297646105289
h 1.0 1.0 1.0 1.0
c 0.0 0 0 0
Aa 0.461959660053 -0.404094517231 -0.316786587238 0.538649320602
Ab -0.0176829732955 -0.467972248793 -0.399196445942 0.405795603991
Ad 0.932230889797 0.726101875305 -0.0825040638447 0.777653694153
Ag 0.0411063358188 -0.487854480743 -0.762172281742 -0.0350828878582
At 0.221444800496 0.268081843853 0.0763869509101 0.738331377506
as 0.434782594442 0.0 0.0 0.445783138275
bs 0.0 0.0 0.272727280855 0.925925910473
ds 0.482014387846 0.0 0.0 0.293706297874
gs 0.631578922272 0.633333325386 0.0 0.212121218443
ts 0.119718313217 0.0 0.266666680574 0.392857134342
a 0.19088858366 0.0357816070318 0.168632850051 0.187939539552
b 0.0632611885667 0.0453542843461 0.134391829371 0.138409018517
d 0.563704133034 0.644504249096 0.237259104848 0.325853615999
g 0.0724313557148 0.0415762774646 0.0586997717619 0.0501517318189
t 0.109714768827 0.232783570886 0.401016443968 0.297646105289
h 1.0 1.0 1.0 1.0
c 0.0 0 0 0
Aa 0.461959660053 -0.597135424614 -0.316786587238 0.538649320602
Ab -0.0176829732955 -0.494176954031 -0.415355920792 0.405795603991
Ad 0.932230889797 0.65843051672 -0.168505877256 0.777653694153
Ag 0.0411063358188 -0.53194963932 -0.775092363358 -0.0350828878582
At 0.221444800496 0.216157063842 0.0594334080815 0.738331377506
as 0.434782594442 0.0 0.0 0.445783138275
bs 0.0 0.0 0.181818187237 0.925925910473
ds 0.482014387846 0.0 0.0 0.293706297874
gs 0.631578922272 0.5 0.0 0.212121218443
ts 0.119718313217 0.0 0.253333330154 0.392857134342
a 0.19088858366 0.0465644970536 0.182744964957 0.187939539552
b 0.0632611885667 0.0478069186211 0.137714728713 0.138409018517
d 0.563704133034 0.632236540318 0.211596533656 0.325853615999
g 0.0724313557148 0.0406410805881 0.0601964779198 0.0501517318189
t 0.109714768827 0.232750937343 0.407747298479 0.297646105289
h 1.0 1.0 1.0 1.0
c 0.0 0 0 0
Aa 0.461959660053 -0.525315523148 -0.306192427874 0.538649320602
Ab -0.0176829732955 -0.513879716396 -0.429057449102 0.405795603991
Ad 0.932230889797 0.607509195805 -0.242529302835 0.777653694153
Ag 0.0411063358188 -0.584405183792 -0.788466751575 -0.0350828878582
At 0.221444800496 0.173521012068 0.0423532389104 0.738331377506
as 0.434782594442 0.0 0.0 0.445783138275
bs 0.0 0.0 0.136363640428 0.925925910473
ds 0.482014387846 0.0 0.0 0.293706297874
gs 0.631578922272 0.300000011921 0.0 0.212121218443
ts 0.119718313217 0.0 0.226666674018 0.392857134342
a 0.19088858366 0.066687643528 0.181278213859 0.187939539552
b 0.0632611885667 0.0502888485789 0.143040776253 0.138409018517
d 0.563704133034 0.614040136337 0.192869156599 0.325853615999
g 0.0724313557148 0.0386821627617 0.0624456033111 0.0501517318189
t 0.109714768827 0.230301216245 0.420366257429 0.297646105289
h 1.0 1.0 1.0 1.0
c 0.0 0 0 0
Aa 0.461959660053 -0.397848129272 -0.33599448204 0.538649320602
Ab -0.0176829732955 -0.520421802998 -0.438880234957 0.405795603991
Ad 0.932230889797 0.566303253174 -0.309077322483 0.777653694153
Ag 0.0411063358188 -0.634382724762 -0.79883825779 -0.0350828878582
At 0.221444800496 0.14040273428 0.0292877592146 0.738331377506
as 0.434782594442 0.0 0.0 0.445783138275
bs 0.0 0.0 0.0909090936184 0.925925910473
ds 0.482014387846 0.0 0.0 0.293706297874
gs 0.631578922272 0.133333340287 0.0 0.212121218443
ts 0.119718313217 0.0 0.213333338499 0.392857134342
a 0.19088858366 0.0849496647716 0.193619593978 0.187939539552
b 0.0632611885667 0.0526634119451 0.142387583852 0.138409018517
d 0.563704133034 0.592524051666 0.180883765221 0.325853615999
g 0.0724313557148 0.0365684553981 0.0625955536962 0.0501517318189
t 0.109714768827 0.233294382691 0.420513510704 0.297646105289
h 1.0 1.0 1.0 1.0
c 0.0 0 0 0
Aa 0.461959660053 -0.300521403551 -0.312299191952 0.538649320602
Ab -0.0176829732955 -0.508174061775 -0.445776373148 0.405795603991
Ad 0.932230889797 0.543022930622 -0.341848909855 0.777653694153
Ag 0.0411063358188 -0.666576445103 -0.80270498991 -0.0350828878582
At 0.221444800496 0.138221204281 0.0245314408094 0.738331377506
as 0.434782594442 0.0 0.0 0.445783138275
bs 0.0 0.0 0.0454545468092 0.925925910473
ds 0.482014387846 0.0 0.0 0.293706297874
gs 0.631578922272 0.0333333350718 0.0 0.212121218443
ts 0.119718313217 0.0 0.189189195633 0.392857134342
a 0.19088858366 0.0979868024588 0.196978896856 0.187939539552
b 0.0632611885667 0.052740264684 0.136244028807 0.138409018517
d 0.563704133034 0.569793224335 0.190033331513 0.325853615999
g 0.0724313557148 0.0337291769683 0.0610954873264 0.0501517318189
t 0.109714768827 0.245750561357 0.415648251772 0.297646105289
h 1.0 1.0 1.0 1.0
c 0.0 0 0 0
Aa 0.461959660053 -0.213814616203 -0.28969797492 0.538649320602
Ab -0.0176829732955 -0.482839882374 -0.449800223112 0.405795603991
Ad 0.932230889797 0.5507350564 -0.305287927389 0.777653694153
Ag 0.0411063358188 -0.676976442337 -0.798108577728 -0.0350828878582
At 0.221444800496 0.185512304306 0.0346082597971 0.738331377506
as 0.434782594442 0.0 0.0 0.445783138275
bs 0.0 0.0 0.0454545468092 0.925925910473
ds 0.482014387846 0.0 0.0 0.293706297874
gs 0.631578922272 0.0 0.0 0.212121218443
ts 0.119718313217 0.0 0.202702701092 0.392857134342
a 0.19088858366 0.114418499172 0.285237491131 0.187939539552
b 0.0632611885667 0.0469843000174 0.106261380017 0.138409018517
d 0.563704133034 0.541307330132 0.202644988894 0.325853615999
g 0.0724313557148 0.0284225679934 0.0495404526591 0.0501517318189
t 0.109714768827 0.268867313862 0.3563157022 0.297646105289
h 1.0 1.0 1.0 1.0
c 0.0 0 0 0
Aa 0.461959660053 -0.0675700083375 -0.0238602589816 0.538649320602
Ab -0.0176829732955 -0.454113483429 -0.452691406012 0.405795603991
Ad 0.932230889797 0.607377648354 -0.172331020236 0.777653694153
Ag 0.0411063358188 -0.672402918339 -0.784106910229 -0.0350828878582
At 0.221444800496 0.303471744061 0.0727680772543 0.738331377506
as 0.434782594442 0.0 0.581395328045 0.445783138275
bs 0.0 0.0263157896698 0.0454545468092 0.925925910473
ds 0.482014387846 0.0 0.0 0.293706297874
gs 0.631578922272 0.0333333350718 0.0 0.212121218443
ts 0.119718313217 0.0 0.256756752729 0.392857134342
a 0.19088858366 0.126104012132 0.349797934294 0.187939539552
b 0.0632611885667 0.0369049608707 0.0764981657267 0.138409018517
d 0.563704133034 0.52383685112 0.227895960212 0.325853615999
g 0.0724313557148 0.0216112136841 0.0381185486913 0.0501517318189
t 0.109714768827 0.291542977095 0.307689398527 0.297646105289
h 1.0 1.0 1.0 1.0
c 0.0 0 0 0
Aa 0.461959660053 0.103102296591 0.203268513083 0.538649320602
Ab -0.0176829732955 -0.430541813374 -0.456897705793 0.405795603991
Ad 0.932230889797 0.721569478512 0.0171879120171 0.777653694153
Ag 0.0411063358188 -0.662947416306 -0.75941234827 -0.0350828878582
At 0.221444800496 0.467075973749 0.147563844919 0.738331377506
as 0.434782594442 0.242857143283 1.0 0.445783138275
bs 0.0 0.105263158679 0.0 0.925925910473
ds 0.482014387846 0.0 0.0 0.293706297874
gs 0.631578922272 0.0666666701436 0.0 0.212121218443
ts 0.119718313217 0.225352108479 0.369863003492 0.392857134342
a 0.19088858366 0.132795736194 0.359836637974 0.187939539552
b 0.0632611885667 0.0272153317928 0.0568569675088 0.138409018517
d 0.563704133034 0.522720217705 0.262523442507 0.325853615999
g 0.0724313557148 0.0157461035997 0.0311666727066 0.0501517318189
t 0.109714768827 0.301522612572 0.289616286755 0.297646105289
h 1.0 1.0 1.0 1.0
c 0.0 0 0 0
Aa 0.461959660053 0.27285784483 0.338453650475 0.538649320602
Ab -0.0176829732955 -0.415512651205 -0.46286803484 0.405795603991
Ad 0.932230889797 0.867942988873 0.201516389847 0.777653694153
Ag 0.0411063358188 -0.653153181076 -0.723961293697 -0.0350828878582
At 0.221444800496 0.628993630409 0.244171246886 0.738331377506
as 0.434782594442 0.485714286566 1.0 0.445783138275
bs 0.0 0.131578952074 0.0 0.925925910473
ds 0.482014387846 0.1875 0.192771077156 0.293706297874
gs 0.631578922272 0.10000000149 0.115384615958 0.212121218443
ts 0.119718313217 0.464788734913 0.493150681257 0.392857134342
a 0.19088858366 0.122950978577 0.335019886494 0.187939539552
b 0.0632611885667 0.0207613240927 0.0457293577492 0.138409018517
d 0.563704133034 0.540005326271 0.299453496933 0.325853615999
g 0.0724313557148 0.0121055832133 0.0279844142497 0.0501517318189
t 0.109714768827 0.304176777601 0.291812837124 0.297646105289
h 1.0 1.0 1.0 1.0
c 0.0 0 0 0
Aa 0.461959660053 0.364775419235 0.395704776049 0.538649320602
Ab -0.0176829732955 -0.40770149231 -0.469170719385 0.405795603991
Ad 0.932230889797 1.00744152069 0.346963554621 0.777653694153
Ag 0.0411063358188 -0.641970872879 -0.682449638844 -0.0350828878582
At 0.221444800496 0.758169472218 0.335738539696 0.738331377506
as 0.434782594442 0.614285707474 1.0 0.445783138275
bs 0.0 0.135135129094 0.0 0.925925910473
ds 0.482014387846 0.34999999404 0.361445784569 0.293706297874
gs 0.631578922272 0.133333340287 0.307692319155 0.212121218443
ts 0.119718313217 0.647887349129 0.61643832922 0.392857134342
a 0.19088858366 0.114481322467 0.302790045738 0.187939539552
b 0.0632611885667 0.0168799292296 0.0397764481604 0.138409018517
d 0.563704133034 0.557913124561 0.331245929003 0.325853615999
g 0.0724313557148 0.0100703090429 0.0268749892712 0.0501517318189
t 0.109714768827 0.300655305386 0.299312591553 0.297646105289
h 1.0 1.0 1.0 1.0
c 0.0 0 0 0
Aa 0.461959660053 0.42798268795 0.408377617598 0.538649320602
Ab -0.0176829732955 -0.403381317854 -0.473137944937 0.405795603991
Ad 0.932230889797 1.11581468582 0.447386592627 0.777653694153
Ag 0.0411063358188 -0.627709150314 -0.643415689468 -0.0350828878582
At 0.221444800496 0.847316920757 0.403361052275 0.738331377506
as 0.434782594442 0.714285731316 1.0 0.445783138275
bs 0.0 0.162162154913 0.0 0.925925910473
ds 0.482014387846 0.487500011921 0.481927722692 0.293706297874
gs 0.631578922272 0.166666671634 0.461538463831 0.212121218443
ts 0.119718313217 0.771428585052 0.708333313465 0.392857134342
a 0.19088858366 0.103910803795 0.279627114534 0.187939539552
b 0.0632611885667 0.0148873161525 0.0367675088346 0.138409018517
d 0.563704133034 0.575043320656 0.35420280695 0.325853615999
g 0.0724313557148 0.00911848805845 0.0265168957412 0.0501517318189
t 0.109714768827 0.297040104866 0.302885651588 0.297646105289
h 1.0 1.0 1.0 1.0
c 0.0 0 0 0
Aa 0.461959660053 0.445442020893 0.408377617598 0.538649320602
Ab -0.0176829732955 -0.398402273655 -0.472737461329 0.405795603991
Ad 0.932230889797 1.18848192692 0.511050343513 0.777653694153
Ag 0.0411063358188 -0.611295819283 -0.61467897892 -0.0350828878582
At 0.221444800496 0.901596426964 0.443077027798 0.738331377506
as 0.434782594442 0.728571414948 1.0 0.445783138275
bs 0.0 0.162162154913 0.0 0.925925910473
ds 0.482014387846 0.587499976158 0.56097561121 0.293706297874
gs 0.631578922272 0.233333334327 0.538461565971 0.212121218443
ts 0.119718313217 0.857142865658 0.763888895512 0.392857134342
a 0.19088858366 0.0981369242072 0.266718953848 0.187939539552
b 0.0632611885667 0.0139664597809 0.035383425653 0.138409018517
d 0.563704133034 0.584592759609 0.36911958456 0.325853615999
g 0.0724313557148 0.00871054176241 0.0262205507606 0.0501517318189
t 0.109714768827 0.294593334198 0.302557498217 0.297646105289
h 1.0 1.0 1.0 1.0
c 0.0 0 0 0
Aa 0.461959660053 0.455623418093 0.408377617598 0.538649320602
Ab -0.0176829732955 -0.391122728586 -0.468876361847 0.405795603991
Ad 0.932230889797 1.23064434528 0.549490809441 0.777653694153
Ag 0.0411063358188 -0.596163868904 -0.599034428596 -0.0350828878582
At 0.221444800496 0.933013856411 0.463131666183 0.738331377506
as 0.434782594442 0.742857158184 1.0 0.445783138275
bs 0.0 0.189189195633 0.0 0.925925910473
ds 0.482014387846 0.637499988079 0.609756112099 0.293706297874
gs 0.631578922272 0.266666680574 0.615384638309 0.212121218443
ts 0.119718313217 0.899999976158 0.791666686535 0.392857134342
a 0.19088858366 0.0971411541104 0.25897949934 0.187939539552
b 0.0632611885667 0.013573997654 0.0347472541034 0.138409018517
d 0.563704133034 0.586385846138 0.379294842482 0.325853615999
g 0.0724313557148 0.00851293839514 0.0258025713265 0.0501517318189
t 0.109714768827 0.294386059046 0.301175832748 0.297646105289
h 1.0 1.0 1.0 1.0
c 0.0 0 0 0
Aa 0.461959660053 0.471998780966 0.408377617598 0.538649320602
Ab -0.0176829732955 -0.382696688175 -0.463967263699 0.405795603991
Ad 0.932230889797 1.25277900696 0.574089169502 0.777653694153
Ag 0.0411063358188 -0.58532500267 -0.59322476387 -0.0350828878582
At 0.221444800496 0.953512787819 0.473932385445 0.738331377506
as 0.434782594442 0.76811593771 1.0 0.445783138275
bs 0.0 0.216216221452 0.0 0.925925910473
ds 0.482014387846 0.662500023842 0.634146332741 0.293706297874
gs 0.631578922272 0.300000011921 0.680000007153 0.212121218443
ts 0.119718313217 0.942028999329 0.805555582047 0.392857134342
a 0.19088858366 0.0968698263168 0.253542482853 0.187939539552
b 0.0632611885667 0.0133968172595 0.0343533270061 0.138409018517
d 0.563704133034 0.584956109524 0.386100023985 0.325853615999
g 0.0724313557148 0.00841003097594 0.0253875926137 0.0501517318189
t 0.109714768827 0.296367198229 0.300616592169 0.297646105289
h 1.0 1.0 1.0 1.0
c 0.0 0 0 0
Aa 0.461959660053 0.483697831631 0.408377617598 0.538649320602
Ab -0.0176829732955 -0.37548905611 -0.459704309702 0.405795603991
Ad 0.932230889797 1.26463258266 0.591026723385 0.777653694153
Ag 0.0411063358188 -0.577693045139 -0.591051578522 -0.0350828878582
At 0.221444800496 0.969339430332 0.482339829206 0.738331377506
as 0.434782594442 0.782608687878 1.0 0.445783138275
bs 0.0 0.216216221452 0.0434782616794 0.925925910473
ds 0.482014387846 0.675000011921 0.658536612988 0.293706297874
gs 0.631578922272 0.333333343267 0.680000007153 0.212121218443
ts 0.119718313217 0.971014499664 0.816901385784 0.392857134342
a 0.19088858366 0.0950004383922 0.249973326921 0.187939539552
b 0.0632611885667 0.0133821275085 0.0341308191419 0.138409018517
d 0.563704133034 0.583449840546 0.389617115259 0.325853615999
g 0.0724313557148 0.0084467753768 0.025250878185 0.0501517318189
t 0.109714768827 0.299720823765 0.301027864218 0.297646105289
h 1.0 1.0 1.0 1.0
c 0.0 0 0 0
Aa 0.461959660053 0.483697831631 0.408377617598 0.538649320602
Ab -0.0176829732955 -0.367502629757 -0.45636934042 0.405795603991
Ad 0.932230889797 1.27197575569 0.60112196207 0.777653694153
Ag 0.0411063358188 -0.567336857319 -0.587239563465 -0.0350828878582
At 0.221444800496 0.982689142227 0.489090651274 0.738331377506
as 0.434782594442 0.782608687878 1.0 0.445783138275
bs 0.0 0.243243247271 0.0434782616794 0.925925910473
ds 0.482014387846 0.6875 0.670731723309 0.293706297874
gs 0.631578922272 0.366666674614 0.680000007153 0.212121218443
ts 0.119718313217 0.985294103622 0.83098590374 0.392857134342
a 0.19088858366 0.0936259478331 0.248162537813 0.187939539552
b 0.0632611885667 0.0133615415543 0.0339635126293 0.138409018517
d 0.563704133034 0.582800805569 0.391127854586 0.325853615999
g 0.0724313557148 0.00859735067934 0.025437861681 0.0501517318189
t 0.109714768827 0.30161434412 0.301308244467 0.297646105289
h 1.0 1.0 1.0 1.0
c 0.0 0 0 0
Aa 0.461959660053 0.483697831631 0.408377617598 0.538649320602
Ab -0.0176829732955 -0.361841827631 -0.455345988274 0.405795603991
Ad 0.932230889797 1.27782177925 0.605960130692 0.777653694153
Ag 0.0411063358188 -0.553333759308 -0.580877959728 -0.0350828878582
At 0.221444800496 0.991753578186 0.492652416229 0.738331377506
as 0.434782594442 0.782608687878 1.0 0.445783138275
bs 0.0 0.270270258188 0.0434782616794 0.925925910473
ds 0.482014387846 0.6875 0.666666686535 0.293706297874
gs 0.631578922272 0.433333337307 0.72000002861 0.212121218443
ts 0.119718313217 1.0 0.83098590374 0.392857134342
a 0.19088858366 0.0918216556311 0.24746234715 0.187939539552
b 0.0632611885667 0.0132526867092 0.0339224301279 0.138409018517
d 0.563704133034 0.584628939629 0.391877889633 0.325853615999
g 0.0724313557148 0.00882291328162 0.0258338022977 0.0501517318189
t 0.109714768827 0.30147382617 0.300903528929 0.297646105289
h 1.0 1.0 1.0 1.0
c 0.0 0 0 0
Aa 0.461959660053 0.483697831631 0.408377617598 0.538649320602
Ab -0.0176829732955 -0.356943339109 -0.454644560814 0.405795603991
Ad 0.932230889797 1.28763306141 0.608019292355 0.777653694153
Ag 0.0411063358188 -0.533635258675 -0.572943150997 -0.0350828878582
At 0.221444800496 1.00000238419 0.493295788765 0.738331377506
as 0.434782594442 0.782608687878 1.0 0.445783138275
bs 0.0 0.270270258188 0.0434782616794 0.925925910473
ds 0.482014387846 0.699999988079 0.675000011921 0.293706297874
gs 0.631578922272 0.466666668653 0.759999990463 0.212121218443
ts 0.119718313217 1.0 0.842857122421 0.392857134342
a 0.19088858366 0.0883219391108 0.246945858002 0.187939539552
b 0.0632611885667 0.0128914471716 0.0340582467616 0.138409018517
d 0.563704133034 0.592958033085 0.393201798201 0.325853615999
g 0.0724313557148 0.00896177906543 0.0261672921479 0.0501517318189
t 0.109714768827 0.296866804361 0.299626797438 0.297646105289
h 1.0 1.0 1.0 1.0
c 0.0 0 0 0
Aa 0.461959660053 0.483697831631 0.408377617598 0.538649320602
Ab -0.0176829732955 -0.352069079876 -0.452001810074 0.405795603991
Ad 0.932230889797 1.31065320969 0.610391378403 0.777653694153
Ag 0.0411063358188 -0.509976565838 -0.566465318203 -0.0350828878582
At 0.221444800496 1.01019084454 0.492356538773 0.738331377506
as 0.434782594442 0.782608687878 1.0 0.445783138275
bs 0.0 0.297297298908 0.0869565233588 0.925925910473
ds 0.482014387846 0.737500011921 0.675000011921 0.293706297874
gs 0.631578922272 0.566666662693 0.759999990463 0.212121218443
ts 0.119718313217 1.0 0.842857122421 0.392857134342
a 0.19088858366 0.0822676867247 0.245932325721 0.187939539552
b 0.0632611885667 0.0120448563248 0.0345426909626 0.138409018517
d 0.563704133034 0.610576212406 0.395355015993 0.325853615999
g 0.0724313557148 0.00883948337287 0.0262281130999 0.0501517318189
t 0.109714768827 0.286271780729 0.297941863537 0.297646105289
h 1.0 1.0 1.0 1.0
c 0.0 0 0 0
Aa 0.461959660053 0.483697831631 0.408377617598 0.538649320602
Ab -0.0176829732955 -0.350729852915 -0.444081842899 0.405795603991
Ad 0.932230889797 1.35420835018 0.614549219608 0.777653694153
Ag 0.0411063358188 -0.485104590654 -0.563670992851 -0.0350828878582
At 0.221444800496 1.02524709702 0.491693526506 0.738331377506
as 0.434782594442 0.782608687878 1.0 0.445783138275
bs 0.0 0.297297298908 0.0869565233588 0.925925910473
ds 0.482014387846 0.787500023842 0.675000011921 0.293706297874
gs 0.631578922272 0.633333325386 0.759999990463 0.212121218443
ts 0.119718313217 1.0 0.840579688549 0.392857134342
a 0.19088858366 0.0750031918287 0.245021700859 0.187939539552
b 0.0632611885667 0.0108441784978 0.0355397239327 0.138409018517
d 0.563704133034 0.635449826717 0.397546291351 0.325853615999
g 0.0724313557148 0.00843811966479 0.0259949956089 0.0501517318189
t 0.109714768827 0.270264685154 0.295897275209 0.297646105289
h 1.0 1.0 1.0 1.0
c 0.0 0 0 0
Aa 0.461959660053 0.487644910812 0.408377617598 0.538649320602
Ab -0.0176829732955 -0.352238178253 -0.43011289835 0.405795603991
Ad 0.932230889797 1.41564643383 0.618560791016 0.777653694153
Ag 0.0411063358188 -0.461189180613 -0.565937161446 -0.0350828878582
At 0.221444800496 1.04435443878 0.49031406641 0.738331377506
as 0.434782594442 0.797101438046 1.0 0.445783138275
bs 0.0 0.297297298908 0.173913046718 0.925925910473
ds 0.482014387846 0.862500011921 0.6875 0.293706297874
gs 0.631578922272 0.733333349228 0.759999990463 0.212121218443
ts 0.119718313217 1.0 0.840579688549 0.392857134342
a 0.19088858366 0.0679381489754 0.247507676482 0.187939539552
b 0.0632611885667 0.00956152286381 0.0372977405787 0.138409018517
d 0.563704133034 0.662987947464 0.396458864212 0.325853615999
g 0.0724313557148 0.00794487539679 0.0257923547179 0.0501517318189
t 0.109714768827 0.251567512751 0.292943358421 0.297646105289
h 1.0 1.0 1.0 1.0
c 0.0 0 0 0
Aa 0.461959660053 0.489525854588 0.408377617598 0.538649320602
Ab -0.0176829732955 -0.362060815096 -0.413528501987 0.405795603991
Ad 0.932230889797 1.47891771793 0.612987101078 0.777653694153
Ag 0.0411063358188 -0.442500799894 -0.573720037937 -0.0350828878582
At 0.221444800496 1.05806672573 0.481572598219 0.738331377506
as 0.434782594442 0.808823525906 1.0 0.445783138275
bs 0.0 0.270270258188 0.217391297221 0.925925910473
ds 0.482014387846 0.949999988079 0.670886099339 0.293706297874
gs 0.631578922272 0.800000011921 0.72000002861 0.212121218443
ts 0.119718313217 1.0 0.826086938381 0.392857134342
a 0.19088858366 0.0666287988424 0.258147358894 0.187939539552
b 0.0632611885667 0.00861162506044 0.0402016602457 0.138409018517
d 0.563704133034 0.683799505234 0.388738751411 0.325853615999
g 0.0724313557148 0.00754864793271 0.0261268671602 0.0501517318189
t 0.109714768827 0.233411416411 0.286785334349 0.297646105289
h 1.0 1.0 1.0 1.0
c 0.0 0 0 0
Aa 0.461959660053 0.513226926327 0.408377617598 0.538649320602
Ab -0.0176829732955 -0.375349938869 -0.399246096611 0.405795603991
Ad 0.932230889797 1.52449381351 0.586167752743 0.777653694153
Ag 0.0411063358188 -0.432565838099 -0.586402714252 -0.0350828878582
At 0.221444800496 1.05768704414 0.454066872597 0.738331377506
as 0.434782594442 0.838235318661 1.0 0.445783138275
bs 0.0 0.216216221452 0.304347813129 0.925925910473
ds 0.482014387846 1.0 0.632911384106 0.293706297874
gs 0.631578922272 0.833333313465 0.680000007153 0.212121218443
ts 0.119718313217 1.0 0.782608687878 0.392857134342
a 0.19088858366 0.0671628266573 0.270931661129 0.187939539552
b 0.0632611885667 0.0082022678107 0.0448462702334 0.138409018517
d 0.563704133034 0.698100447655 0.377993553877 0.325853615999
g 0.0724313557148 0.00734993070364 0.0275804400444 0.0501517318189
t 0.109714768827 0.219184502959 0.278648078442 0.297646105289
h 1.0 1.0 1.0 1.0
c 0.0 0 0 0
Aa 0.461959660053 0.528133928776 0.389061510563 0.538649320602
Ab -0.0176829732955 -0.385061085224 -0.392071932554 0.405795603991
Ad 0.932230889797 1.54492282867 0.533686101437 0.777653694153
Ag 0.0411063358188 -0.432711809874 -0.603197097778 -0.0350828878582
At 0.221444800496 1.04181480408 0.401257783175 0.738331377506
as 0.434782594442 0.867647051811 1.0 0.445783138275
bs 0.0 0.194444447756 0.347826093435 0.925925910473
ds 0.482014387846 1.0 0.569620251656 0.293706297874
gs 0.631578922272 0.833333313465 0.639999985695 0.212121218443
ts 0.119718313217 1.0 0.710144937038 0.392857134342
a 0.19088858366 0.073195271194 0.26849013567 0.187939539552
b 0.0632611885667 0.00816416554153 0.051961325109 0.138409018517
d 0.563704133034 0.701670944691 0.375212192535 0.325853615999
g 0.0724313557148 0.00720094703138 0.0306326430291 0.0501517318189
t 0.109714768827 0.209768652916 0.273703694344 0.297646105289
h 1.0 1.0 1.0 1.0
c 0.0 0 0 0
Aa 0.461959660053 0.564618706703 0.320311158895 0.538649320602
Ab -0.0176829732955 -0.38795247674 -0.392936944962 0.405795603991
Ad 0.932230889797 1.54626917839 0.465659767389 0.777653694153
Ag 0.0411063358188 -0.44247469306 -0.62243270874 -0.0350828878582
At 0.221444800496 1.02187633514 0.328663498163 0.738331377506
as 0.434782594442 0.911764681339 0.890625 0.445783138275
bs 0.0 0.194444447756 0.347826093435 0.925925910473
ds 0.482014387846 1.0 0.474358975887 0.293706297874
gs 0.631578922272 0.800000011921 0.560000002384 0.212121218443
ts 0.119718313217 0.971830964088 0.608695626259 0.392857134342
a 0.19088858366 0.0762869790196 0.241900920868 0.187939539552
b 0.0632611885667 0.00826519820839 0.0608388893306 0.138409018517
d 0.563704133034 0.70153015852 0.386602908373 0.325853615999
g 0.0724313557148 0.0069881924428 0.0348042845726 0.0501517318189
t 0.109714768827 0.206929460168 0.275853008032 0.297646105289
h 1.0 1.0 1.0 1.0
c 0.0 0 0 0
Aa 0.461959660053 0.57934820652 0.200552642345 0.538649320602
Ab -0.0176829732955 -0.385848939419 -0.398903608322 0.405795603991
Ad 0.932230889797 1.54294407368 0.40418022871 0.777653694153
Ag 0.0411063358188 -0.458737373352 -0.64145219326 -0.0350828878582
At 0.221444800496 1.01272010803 0.257592827082 0.738331377506
as 0.434782594442 0.941176474094 0.703125 0.445783138275
bs 0.0 0.194444447756 0.304347813129 0.925925910473
ds 0.482014387846 1.0 0.397435903549 0.293706297874
gs 0.631578922272 0.733333349228 0.479999989271 0.212121218443
ts 0.119718313217 0.957142829895 0.507246375084 0.392857134342
