a 0.186371296644 0.0617434978485 0.225374892354 0.149378985167
b 0.289364993572 0.0203583538532 0.103358767927 0.210142225027
d 0.178607434034 0.610338032246 0.367227196693 0.341721624136
g 0.160029530525 0.0168834365904 0.0326135009527 0.105374708772
t 0.185626745224 0.290676683187 0.271425634623 0.193382441998
h 1.0 1.0 1.0 1.0
c 1.0 0 0 0
Aa 0.357652455568 0.654972434044 0.456704139709 0.827681481838
Ab 0.548719406128 0.173123896122 0.118145927787 0.975905299187
Ad 0.339172959328 1.6499516964 0.668733417988 1.18706440926
Ag 0.291473597288 0.0918421149254 -0.382804006338 0.676128387451
At 0.355914026499 1.32779145241 0.537449479103 0.939809024334
as 0.447761207819 0.584615409374 0.589041113853 0.578947365284
bs 1.0 0.5 1.0 1.0
ds 0.0 0.822784781456 0.299145311117 0.840425550938
gs 1.0 0.764705896378 0.609756112099 0.765957474709
ts 0.487179487944 0.876712322235 0.337662339211 0.96875
a 0.186371296644 0.0641137287021 0.244634285569 0.149378985167
b 0.289364993572 0.0226174648851 0.101817339659 0.210142225027
d 0.178607434034 0.619908988476 0.365881800652 0.341721624136
g 0.160029530525 0.0192778557539 0.0301277041435 0.105374708772
t 0.185626745224 0.274081945419 0.257538855076 0.193382441998
h 1.0 1.0 1.0 1.0
c 1.0 0 0 0
Aa 0.357652455568 0.632536411285 0.502868711948 0.827681481838
Ab 0.548719406128 0.180029317737 0.122173152864 0.975905299187
Ad 0.339172959328 1.61791336536 0.677692174911 1.18706440926
Ag 0.291473597288 0.110644131899 -0.406682550907 0.676128387451
At 0.355914026499 1.26346576214 0.525194168091 0.939809024334
as 0.447761207819 0.553846180439 0.657534241676 0.578947365284
bs 1.0 0.517241358757 1.0 1.0
ds 0.0 0.772151887417 0.29565218091 0.840425550938
gs 1.0 0.803921580315 0.536585390568 0.765957474709
ts 0.487179487944 0.794520556927 0.324675321579 0.96875
a 0.186371296644 0.0677621737123 0.256221264601 0.149378985167
b 0.289364993572 0.0263240970671 0.0933014154434 0.210142225027
d 0.178607434034 0.627981126308 0.381848275661 0.341721624136
g 0.160029530525 0.0231210645288 0.026283280924 0.105374708772
t 0.185626745224 0.254811525345 0.242345765233 0.193382441998
h 1.0 1.0 1.0 1.0
c 1.0 0 0 0
Aa 0.357652455568 0.603827178478 0.564613997936 0.827681481838
Ab 0.548719406128 0.193193301558 0.125887081027 0.975905299187
Ad 0.339172959328 1.57078647614 0.737889647484 1.18706440926
Ag 0.291473597288 0.136847659945 -0.424321562052 0.676128387451
At 0.355914026499 1.17905890942 0.5404343009 0.939809024334
as 0.447761207819 0.492063492537 0.760563373566 0.578947365284
bs 1.0 0.534482777119 1.0 1.0
ds 0.0 0.721518993378 0.347826093435 0.840425550938
gs 1.0 0.843137264252 0.487804889679 0.765957474709
ts 0.487179487944 0.680555582047 0.350649356842 0.96875
a 0.186371296644 0.109705880284 0.25062790513 0.149378985167
b 0.289364993572 0.0304413866252 0.0810905322433 0.210142225027
d 0.178607434034 0.606525421143 0.411159127951 0.341721624136
g 0.160029530525 0.0197267811745 0.0220540296286 0.105374708772
t 0.185626745224 0.233600541949 0.235068395734 0.193382441998
h 1.0 1.0 1.0 1.0
c 1.0 0 0 0
Aa 0.357652455568 0.863641381264 0.621160805225 0.827681481838
Ab 0.548719406128 0.306875914335 0.131101548672 0.975905299187
Ad 0.339172959328 1.60626041889 0.836141347885 1.18706440926
Ag 0.291473597288 0.118467703462 -0.43438065052 0.676128387451
At 0.355914026499 1.19188535213 0.593325614929 0.939809024334
as 0.447761207819 0.904761910439 0.845070421696 0.578947365284
bs 1.0 0.72413790226 1.0 1.0
ds 0.0 0.759493649006 0.429824560881 0.840425550938
gs 1.0 0.823529422283 0.463414639235 0.765957474709
ts 0.487179487944 0.694444417953 0.415584415197 0.96875
a 0.186371296644 0.111448466778 0.264396369457 0.149378985167
b 0.289364993572 0.0342172905803 0.0673275068402 0.210142225027
d 0.178607434034 0.603161871433 0.420901954174 0.341721624136
g 0.160029530525 0.0164327826351 0.0177105907351 0.105374708772
t 0.185626745224 0.234739586711 0.229663580656 0.193382441998
h 1.0 1.0 1.0 1.0
c 1.0 0 0 0
Aa 0.357652455568 0.91498029232 0.734053432941 0.827681481838
Ab 0.548719406128 0.402151823044 0.139990478754 0.975905299187
Ad 0.339172959328 1.64834010601 0.935978889465 1.18706440926
Ag 0.291473597288 0.0836173519492 -0.439969033003 0.676128387451
At 0.355914026499 1.23849260807 0.672890067101 0.939809024334
as 0.447761207819 0.984126985073 1.0 0.578947365284
bs 1.0 0.896551728249 1.0 1.0
ds 0.0 0.802631556988 0.522123873234 0.840425550938
gs 1.0 0.745098054409 0.463414639235 0.765957474709
ts 0.487179487944 0.763888895512 0.526315808296 0.96875
a 0.186371296644 0.105442479253 0.254490762949 0.149378985167
b 0.289364993572 0.0364034585655 0.0597270689905 0.210142225027
d 0.178607434034 0.59861767292 0.431573927402 0.341721624136
g 0.160029530525 0.0130621856079 0.0151015780866 0.105374708772
t 0.185626745224 0.246474221349 0.239106655121 0.193382441998
h 1.0 1.0 1.0 1.0
c 1.0 0 0 0
Aa 0.357652455568 0.940105617046 0.780804812908 0.827681481838
Ab 0.548719406128 0.478232622147 0.151303991675 0.975905299187
Ad 0.339172959328 1.69423949718 1.01018798351 1.18706440926
Ag 0.291473597288 0.0331058353186 -0.445844858885 0.676128387451
At 0.355914026499 1.30886149406 0.753724455833 0.939809024334
as 0.447761207819 1.0 1.0 0.578947365284
bs 1.0 1.0 1.0 1.0
ds 0.0 0.868421077728 0.598214268684 0.840425550938
gs 1.0 0.647058844566 0.43902438879 0.765957474709
ts 0.487179487944 0.859154939651 0.631578922272 0.96875
a 0.186371296644 0.096851170063 0.235523089767 0.149378985167
b 0.289364993572 0.0376935228705 0.0564173161983 0.210142225027
d 0.178607434034 0.592913627625 0.438727587461 0.341721624136
g 0.160029530525 0.010551312007 0.0136134857312 0.105374708772
t 0.185626745224 0.261990398169 0.255718529224 0.193382441998
h 1.0 1.0 1.0 1.0
c 1.0 0 0 0
Aa 0.357652455568 0.940105617046 0.780804812908 0.827681481838
Ab 0.548719406128 0.530267477036 0.160183742642 0.975905299187
Ad 0.339172959328 1.72699213028 1.05096626282 1.18706440926
Ag 0.291473597288 -0.0226928032935 -0.457259327173 0.676128387451
At 0.355914026499 1.37228608131 0.816533505917 0.939809024334
as 0.447761207819 1.0 1.0 0.578947365284
bs 1.0 1.0 1.0 1.0
ds 0.0 0.907894730568 0.633928596973 0.840425550938
gs 1.0 0.540000021458 0.414634138346 0.765957474709
ts 0.487179487944 0.943661987782 0.710526287556 0.96875
a 0.186371296644 0.0937481299043 0.227829143405 0.149378985167
b 0.289364993572 0.0390433929861 0.0546932928264 0.210142225027
d 0.178607434034 0.582295417786 0.434588670731 0.341721624136
g 0.160029530525 0.00894233118743 0.0126380352303 0.105374708772
t 0.185626745224 0.275970727205 0.270250856876 0.193382441998
h 1.0 1.0 1.0 1.0
c 1.0 0 0 0
Aa 0.357652455568 0.940105617046 0.780804812908 0.827681481838
Ab 0.548719406128 0.559690535069 0.16112960875 0.975905299187
Ad 0.339172959328 1.73328638077 1.06127393246 1.18706440926
Ag 0.291473597288 -0.0804062485695 -0.475124895573 0.676128387451
At 0.355914026499 1.40900599957 0.854962646961 0.939809024334
as 0.447761207819 1.0 1.0 0.578947365284
bs 1.0 1.0 1.0 1.0
ds 0.0 0.921052634716 0.642857134342 0.840425550938
gs 1.0 0.419999986887 0.365853667259 0.765957474709
ts 0.487179487944 1.0 0.763157904148 0.96875
a 0.186371296644 0.103356346488 0.227926254272 0.149378985167
b 0.289364993572 0.040542088449 0.0529187247157 0.210142225027
d 0.178607434034 0.570289433002 0.424854695797 0.341721624136
g 0.160029530525 0.00995640456676 0.0119381761178 0.105374708772
t 0.185626745224 0.275855690241 0.282362133265 0.193382441998
h 1.0 1.0 1.0 1.0
c 1.0 0 0 0
Aa 0.357652455568 0.940105617046 0.780804812908 0.827681481838
Ab 0.548719406128 0.53367459774 0.146619841456 0.975905299187
Ad 0.339172959328 1.68186378479 1.0512509346 1.18706440926
Ag 0.291473597288 -0.0761290192604 -0.500051558018 0.676128387451
At 0.355914026499 1.36645042896 0.87381696701 0.939809024334
as 0.447761207819 1.0 1.0 0.578947365284
bs 1.0 1.0 1.0 1.0
ds 0.0 0.85526317358 0.633928596973 0.840425550938
gs 1.0 0.428571432829 0.31707316637 0.765957474709
ts 0.487179487944 0.929577469826 0.789473712444 0.96875
a 0.186371296644 0.113439083099 0.230267390609 0.149378985167
b 0.289364993572 0.0452975966036 0.0496446713805 0.210142225027
d 0.178607434034 0.554296433926 0.415213048458 0.341721624136
g 0.160029530525 0.0101812817156 0.0113842533901 0.105374708772
t 0.185626745224 0.276785582304 0.293490618467 0.193382441998
h 1.0 1.0 1.0 1.0
c 1.0 0 0 0
Aa 0.357652455568 0.926828026772 0.780804812908 0.827681481838
Ab 0.548719406128 0.528140544891 0.114445015788 0.975905299187
Ad 0.339172959328 1.61580741405 1.03684341908 1.18706440926
Ag 0.291473597288 -0.120132215321 -0.52512305975 0.676128387451
At 0.355914026499 1.31420886517 0.886166632175 0.939809024334
as 0.447761207819 1.0 1.0 0.578947365284
bs 1.0 1.0 1.0 1.0
ds 0.0 0.763157904148 0.627272725105 0.840425550938
gs 1.0 0.346938788891 0.243902444839 0.765957474709
ts 0.487179487944 0.859154939651 0.802631556988 0.96875
a 0.186371296644 0.119883343577 0.225575387478 0.149378985167
b 0.289364993572 0.04401531443 0.0435971394181 0.210142225027
d 0.178607434034 0.553349018097 0.413377642632 0.341721624136
g 0.160029530525 0.0111094107851 0.0107330894098 0.105374708772
t 0.185626745224 0.271642893553 0.306716740131 0.193382441998
h 1.0 1.0 1.0 1.0
c 1.0 0 0 0
Aa 0.357652455568 0.926828026772 0.780804812908 0.827681481838
Ab 0.548719406128 0.491673022509 0.0669710934162 0.975905299187
Ad 0.339172959328 1.59106838703 1.04386007786 1.18706440926
Ag 0.291473597288 -0.106239788234 -0.541762173176 0.676128387451
At 0.355914026499 1.28206753731 0.914250612259 0.939809024334
as 0.447761207819 1.0 1.0 0.578947365284
bs 1.0 1.0 0.857142865658 1.0
ds 0.0 0.736842095852 0.636363625526 0.840425550938
gs 1.0 0.367346942425 0.219512194395 0.765957474709
ts 0.487179487944 0.814285695553 0.839999973774 0.96875
a 0.0912255123258 0.120505183935 0.206800609827 0.180852845311
b 0.0732399523258 0.041029702872 0.0351438298821 0.132210239768
d 0.694418072701 0.560874402523 0.429365098476 0.430083721876
g 0.0439677871764 0.0114725213498 0.00980399083346 0.0690389722586
t 0.0971486568451 0.266118198633 0.318886458874 0.187814220786
h 1.0 1.0 1.0 1.0
c 1.0 0 0 0
Aa 0.464268475771 0.926828026772 0.780804812908 0.942792415619
Ab 0.368900209665 0.458920657635 0.0111021120101 0.80673211813
Ad 1.34577322006 1.59468793869 1.09807980061 1.31902003288
Ag 0.147286787629 -0.0945187956095 -0.543344080448 0.524561345577
At 0.491588950157 1.27089691162 0.968889117241 0.959195494652
as 0.597014904022 1.0 1.0 0.736842095852
bs 0.636363625526 0.949999988079 0.714285731316 0.833333313465
ds 1.0 0.733333349228 0.688073396683 0.989361703396
gs 0.645161271095 0.387755095959 0.219512194395 0.456521749496
ts 0.666666686535 0.800000011921 0.920000016689 0.989583313465
a 0.103762403131 0.116787984967 0.17927017808 0.187808141112
b 0.0741539299488 0.0372680239379 0.0268566329032 0.128983944654
d 0.677348256111 0.572755873203 0.459337264299 0.438660502434
g 0.0519264787436 0.0113391764462 0.00873928889632 0.0689343437552
t 0.0928089097142 0.261848926544 0.325796633959 0.175613060594
h 1.0 1.0 1.0 1.0
c 1.0 0 0 0
Aa 0.493749648333 0.926828026772 0.782736718655 0.979515731335
Ab 0.347843825817 0.430766254663 -0.0417197570205 0.816336989403
Ad 1.30852162838 1.61739945412 1.19136035442 1.34792983532
Ag 0.193098515272 -0.0859886035323 -0.529295265675 0.544236958027
At 0.445299327374 1.27748072147 1.04217529297 0.95035815239
as 0.641791045666 1.0 1.0 0.789473712444
bs 0.590909063816 0.913793087006 0.571428596973 0.854166686535
ds 1.0 0.770270287991 0.779816508293 1.0
gs 0.774193525314 0.408163279295 0.243902444839 0.5
ts 0.602564096451 0.797101438046 1.0 0.979166686535
a 0.113051570952 0.112655930221 0.153088927269 0.190734803677
b 0.0756268724799 0.0340521074831 0.0208990462124 0.123574540019
d 0.658393979073 0.582313001156 0.490488409996 0.443620085716
g 0.0566445067525 0.0110855139792 0.00788872502744 0.0679004564881
t 0.0962830632925 0.259893417358 0.327634900808 0.174170121551
h 1.0 1.0 1.0 1.0
c 1.0 0 0 0
Aa 0.514438033104 0.926828026772 0.782736718655 1.01039838791
Ab 0.339837580919 0.407217979431 -0.0820805877447 0.821897447109
Ad 1.2796472311 1.64023053646 1.28842175007 1.37697958946
Ag 0.214319214225 -0.0801701545715 -0.505200207233 0.561841130257
At 0.444711357355 1.28986930847 1.11318314075 0.970942080021
as 0.666666686535 1.0 1.0 0.828947365284
bs 0.568181812763 0.86206895113 0.441176474094 0.875
ds 0.978494644165 0.810810804367 0.871559619904 1.0
gs 0.838709652424 0.428571432829 0.292682915926 0.543478250504
ts 0.602564096451 0.823529422283 1.0 1.0
a 0.113051570952 0.112655930221 0.135222733021 0.190734803677
b 0.0756268724799 0.0340521074831 0.0173477437347 0.123574540019
d 0.658393979073 0.582313001156 0.511276245117 0.443620085716
g 0.0566445067525 0.0110855139792 0.00732730422169 0.0679004564881
t 0.0962830632925 0.259893417358 0.328825950623 0.174170121551
h 1.0 1.0 1.0 1.0
c 1.0 0 0 0
Aa 0.514438033104 0.926828026772 0.782736718655 1.01039838791
Ab 0.339837580919 0.407217979431 -0.109070003033 0.821897447109
Ad 1.2796472311 1.64023053646 1.3603426218 1.37697958946
Ag 0.214319214225 -0.0801701545715 -0.483368754387 0.561841130257
At 0.444711357355 1.28986930847 1.16865313053 0.970942080021
as 0.661538481712 1.0 1.0 0.828947365284
bs 0.568181812763 0.86206895113 0.352941185236 0.875
ds 0.978494644165 0.810810804367 0.935779809952 1.0
gs 0.838709652424 0.416666656733 0.365853667259 0.543478250504
ts 0.602564096451 0.823529422283 1.0 1.0
a 0.113051570952 0.112655930221 0.125091060996 0.190734803677
b 0.0756268724799 0.0340521074831 0.0154446130618 0.123574540019
d 0.658393979073 0.582313001156 0.520085334778 0.443620085716
g 0.0566445067525 0.0110855139792 0.00697630783543 0.0679004564881
t 0.0962830632925 0.259893417358 0.332402706146 0.174170121551
h 1.0 1.0 1.0 1.0
c 1.0 0 0 0
Aa 0.514438033104 0.926828026772 0.782736718655 1.01039838791
Ab 0.339837580919 0.407217979431 -0.125712528825 0.821897447109
Ad 1.2796472311 1.64023053646 1.40158498287 1.37697958946
Ag 0.214319214225 -0.0801701545715 -0.470863938332 0.561841130257
At 0.444711357355 1.28986930847 1.2071750164 0.970942080021
as 0.661538481712 1.0 1.0 0.828947365284
bs 0.568181812763 0.86206895113 0.29411765933 0.893617033958
ds 0.978260874748 0.810810804367 0.972477078438 1.0
gs 0.838709652424 0.416666656733 0.375 0.543478250504
ts 0.602564096451 0.823529422283 1.0 1.0
a 0.113051570952 0.112655930221 0.119134165347 0.190734803677
b 0.0756268724799 0.0340521074831 0.0143858073279 0.123574540019
d 0.658393979073 0.582313001156 0.521251916885 0.443620085716
g 0.0566445067525 0.0110855139792 0.00663071125746 0.0679004564881
t 0.0962830632925 0.259893417358 0.338597387075 0.174170121551
h 1.0 1.0 1.0 1.0
c 1.0 0 0 0
Aa 0.514438033104 0.926828026772 0.782736718655 1.01039838791
Ab 0.339837580919 0.407217979431 -0.135365366936 0.821897447109
Ad 1.2796472311 1.64023053646 1.42374813557 1.37697958946
Ag 0.214319214225 -0.0801701545715 -0.471739470959 0.561841130257
At 0.444711357355 1.28986930847 1.23638403416 0.970942080021
as 0.661538481712 1.0 1.0 0.828947365284
bs 0.568181812763 0.86206895113 0.264705896378 0.893617033958
ds 1.0 0.810810804367 0.990825712681 1.0
gs 0.838709652424 0.425531923771 0.375 0.555555582047
ts 0.610389590263 0.823529422283 1.0 1.0
a 0.113051570952 0.112655930221 0.113686293364 0.190734803677
b 0.0756268724799 0.0340521074831 0.0135608687997 0.123574540019
d 0.658393979073 0.582313001156 0.523513138294 0.443620085716
g 0.0566445067525 0.0110855139792 0.00614162674174 0.0679004564881
t 0.0962830632925 0.259893417358 0.343098044395 0.174170121551
h 1.0 1.0 1.0 1.0
c 1.0 0 0 0
Aa 0.514438033104 0.926828026772 0.782736718655 1.01039838791
Ab 0.339837580919 0.407217979431 -0.140683859587 0.821897447109
Ad 1.2796472311 1.64023053646 1.44595623016 1.37697958946
Ag 0.214319214225 -0.0801701545715 -0.484687954187 0.561841130257
At 0.444711357355 1.28986930847 1.26244688034 0.970942080021
as 0.661538481712 1.0 1.0 0.828947365284
bs 0.568181812763 0.86206895113 0.242424249649 0.893617033958
ds 1.0 0.810810804367 1.0 1.0
gs 0.838709652424 0.425531923771 0.333333343267 0.54545456171
ts 0.61333334446 0.823529422283 1.0 1.0
a 0.113051570952 0.116691730917 0.107322223485 0.190734803677
b 0.0756268724799 0.0345132574439 0.0126384980977 0.123574540019
d 0.658393979073 0.576433956623 0.532597243786 0.443620085716
g 0.0566445067525 0.0122389094904 0.00554149830714 0.0679004564881
t 0.0962830632925 0.260122150183 0.34190055728 0.174170121551
h 1.0 1.0 1.0 1.0
c 1.0 0 0 0
Aa 0.514438033104 0.909562468529 0.78245061636 1.01039838791
Ab 0.339837580919 0.380508333445 -0.146543592215 0.821897447109
Ad 1.2796472311 1.60327196121 1.47815978527 1.37697958946
Ag 0.214319214225 -0.0697348937392 -0.504611849785 0.561841130257
At 0.444711357355 1.25769972801 1.28566074371 0.970942080021
as 0.661538481712 0.983333349228 1.0 0.828947365284
bs 0.568181812763 0.827586233616 0.212121218443 0.893617033958
ds 1.0 0.756756782532 1.0 1.0
gs 0.838709652424 0.446808516979 0.263157904148 0.558139562607
ts 0.608108103275 0.764705896378 1.0 1.0
a 0.113051570952 0.12012347579 0.100422494113 0.190734803677
b 0.0756268724799 0.0338337942958 0.0116200875491 0.123574540019
d 0.658393979073 0.57272952795 0.548088788986 0.443620085716
g 0.0566445067525 0.01363713108 0.00499994959682 0.0679004564881
t 0.0962830632925 0.259676039219 0.33486866951 0.174170121551
h 1.0 1.0 1.0 1.0
c 1.0 0 0 0
Aa 0.514438033104 0.888014912605 0.777966082096 1.01039838791
Ab 0.339837580919 0.337737768888 -0.158655539155 0.821897447109
Ad 1.2796472311 1.56633663177 1.51498603821 1.37697958946
Ag 0.214319214225 -0.0568899139762 -0.524899303913 0.561841130257
At 0.444711357355 1.22281897068 1.30100953579 0.970942080021
as 0.661538481712 0.949999988079 1.0 0.828947365284
bs 0.568181812763 0.754385948181 0.181818187237 0.893617033958
ds 1.0 0.702702701092 1.0 1.0
gs 0.866666674614 0.468085110188 0.210526317358 0.558139562607
ts 0.608108103275 0.716417908669 1.0 1.0
a 0.113051570952 0.114894673228 0.0873411670327 0.190734803677
b 0.0756268724799 0.0318871811032 0.0107622118667 0.123574540019
d 0.658393979073 0.579967856407 0.567966401577 0.443620085716
g 0.0566445067525 0.0152316568419 0.00468379771337 0.0679004564881
t 0.0962830632925 0.258018642664 0.329246401787 0.174170121551
h 1.0 1.0 1.0 1.0
c 1.0 0 0 0
Aa 0.514438033104 0.83365881443 0.730338573456 1.01039838791
Ab 0.339837580919 0.276975035667 -0.178978860378 0.821897447109
Ad 1.2796472311 1.5367628336 1.5434422493 1.37697958946
Ag 0.214319214225 -0.0438939481974 -0.540282249451 0.561841130257
At 0.444711357355 1.18500995636 1.306640625 0.970942080021
as 0.661538481712 0.850000023842 0.932432413101 0.828947365284
bs 0.568181812763 0.631578922272 0.121212124825 0.893617033958
ds 1.0 0.657534241676 1.0 1.0
gs 0.866666674614 0.5 0.184210523963 0.558139562607
ts 0.608108103275 0.656716406345 1.0 1.0
a 0.113051570952 0.0896142944694 0.0778954029083 0.190734803677
b 0.0756268724799 0.0287394542247 0.0101211825386 0.123574540019
d 0.658393979073 0.60796558857 0.582547664642 0.443620085716
g 0.0566445067525 0.0166247840971 0.00454403506592 0.0679004564881
t 0.0962830632925 0.257055908442 0.324891746044 0.174170121551
h 1.0 1.0 1.0 1.0
c 1.0 0 0 0
Aa 0.514438033104 0.69826734066 0.685801923275 1.01039838791
Ab 0.339837580919 0.204368576407 -0.200478613377 0.821897447109
Ad 1.2796472311 1.529769063 1.55962157249 1.37697958946
Ag 0.214319214225 -0.0333539023995 -0.548268198967 0.561841130257
At 0.444711357355 1.1559176445 1.30602884293 0.970942080021
as 0.661538481712 0.633333325386 0.864864885807 0.828947365284
bs 0.568181812763 0.508771955967 0.0606060624123 0.893617033958
ds 1.0 0.657534241676 1.0 1.0
gs 0.866666674614 0.521739125252 0.157894730568 0.558139562607
ts 0.608108103275 0.611940324306 1.0 1.0
a 0.113051570952 0.0576040185988 0.0701919868588 0.190734803677
b 0.0756268724799 0.0243991240859 0.00968784000725 0.123574540019
d 0.658393979073 0.645493745804 0.591723978519 0.443620085716
g 0.0566445067525 0.0169477649033 0.00448401132599 0.0679004564881
t 0.0962830632925 0.255555361509 0.323912203312 0.174170121551
h 1.0 1.0 1.0 1.0
c 1.0 0 0 0
Aa 0.514438033104 0.50515639782 0.644769132137 1.01039838791
Ab 0.339837580919 0.132077857852 -0.215291440487 0.821897447109
Ad 1.2796472311 1.55459570885 1.57060074806 1.37697958946
Ag 0.214319214225 -0.0261839404702 -0.54985165596 0.561841130257
At 0.444711357355 1.15218865871 1.30890893936 0.970942080021
as 0.661538481712 0.300000011921 0.810810804367 0.828947365284
bs 0.558139562607 0.385964900255 0.0 0.893617033958
ds 1.0 0.684931516647 1.0 1.0
gs 0.866666674614 0.543478250504 0.157894730568 0.558139562607
ts 0.608108103275 0.611940324306 1.0 1.0
a 0.114752233028 0.0412087887526 0.0654840320349 0.185048744082
b 0.0728254765272 0.0197494570166 0.00943029299378 0.128687262535
d 0.662603378296 0.671412110329 0.596458792686 0.461061745882
g 0.0662728920579 0.0157186128199 0.00440084375441 0.069471180439
t 0.0835459902883 0.251911014318 0.324226051569 0.15573105216
h 1.0 1.0 1.0 1.0
c 1.0 0 0 0
Aa 0.485531836748 0.397247850895 0.628948867321 0.985419511795
Ab 0.288054019213 0.0778131708503 -0.212661325932 0.827668964863
Ad 1.24702429771 1.60924720764 1.58839392662 1.3818924427
Ag 0.247106581926 -0.0213277824223 -0.543650567532 0.559938073158
At 0.347696274519 1.1835051775 1.32366144657 0.910508573055
as 0.615384638309 0.116666667163 0.797297298908 0.789473712444
bs 0.452380955219 0.298245608807 0.0303030312061 0.893617033958
ds 0.955056190491 0.763888895512 1.0 1.0
gs 0.966666638851 0.565217375755 0.157894730568 0.558139562607
ts 0.486486494541 0.656716406345 1.0 0.936842083931
a 0.120825529099 0.0328474827111 0.0657914429903 0.176458865404
b 0.0740699246526 0.016043221578 0.00919981859624 0.12900480628
d 0.648492515087 0.686083197594 0.598833620548 0.475581198931
g 0.0780483856797 0.013754086569 0.00421822536737 0.0710035413504
t 0.0785636529326 0.251272022724 0.32195687294 0.147951588035
h 1.0 1.0 1.0 1.0
c 1.0 0 0 0
Aa 0.474263995886 0.360046386719 0.658296525478 0.973316669464
Ab 0.261747181416 0.0488358549774 -0.196093663573 0.837279081345
Ad 1.20401024818 1.679921031 1.61743330956 1.40389788151
Ag 0.284469217062 -0.0180239602923 -0.534743130207 0.577953219414
At 0.287326931953 1.24368834496 1.34792482853 0.896792829037
as 0.5873016119 0.0666666701436 0.837837815285 0.776315808296
bs 0.380952388048 0.232142850757 0.0606060624123 0.914893627167
ds 0.910112380981 0.861111104488 1.0 1.0
gs 1.0 0.555555582047 0.184210523963 0.604651153088
ts 0.405405402184 0.746268630028 1.0 0.915789484978
a 0.120825529099 0.0292146746069 0.0652899518609 0.176458865404
b 0.0740699246526 0.0135321207345 0.00907457992435 0.12900480628
d 0.648492515087 0.681238055229 0.604122698307 0.475581198931
g 0.0780483856797 0.010773671791 0.0040059494786 0.0710035413504
t 0.0785636529326 0.265241473913 0.317506849766 0.147951588035
h 1.0 1.0 1.0 1.0
c 1.0 0 0 0
Aa 0.474263995886 0.37301492691 0.682144343853 0.973316669464
Ab 0.261747181416 0.0387797579169 -0.174875453115 0.837279081345
Ad 1.20401024818 1.74071276188 1.64842319489 1.40389788151
Ag 0.284469217062 -0.0602223575115 -0.52999651432 0.577953219414
At 0.287326931953 1.33105528355 1.36905109882 0.896792829037
as 0.5873016119 0.0833333358169 0.864864885807 0.776315808296
bs 0.380952388048 0.214285716414 0.121212124825 0.914893627167
ds 0.910112380981 0.944444417953 1.0 1.0
gs 1.0 0.466666668653 0.210526317358 0.604651153088
ts 0.405405402184 0.880596995354 1.0 0.915789484978
a 0.120825529099 0.0292146746069 0.0635269284248 0.176458865404
b 0.0740699246526 0.0135321207345 0.00927822850645 0.12900480628
d 0.648492515087 0.681238055229 0.609346926212 0.475581198931
g 0.0780483856797 0.010773671791 0.00384419318289 0.0710035413504
t 0.0785636529326 0.265241473913 0.314003735781 0.147951588035
h 1.0 1.0 1.0 1.0
c 1.0 0 0 0
Aa 0.474263995886 0.37301492691 0.682144343853 0.973316669464
Ab 0.261747181416 0.0387797579169 -0.15334841609 0.837279081345
Ad 1.20401024818 1.74071276188 1.66405117512 1.40389788151
Ag 0.284469217062 -0.0602223575115 -0.536008298397 0.577953219414
At 0.287326931953 1.33105528355 1.37612140179 0.896792829037
as 0.5873016119 0.0833333358169 0.864864885807 0.776315808296
bs 0.380952388048 0.214285716414 0.1875 0.914893627167
ds 0.910112380981 0.944444417953 1.0 1.0
gs 1.0 0.466666668653 0.184210523963 0.604651153088
ts 0.405405402184 0.880596995354 1.0 0.915789484978
a 0.120825529099 0.0292146746069 0.0646768957376 0.176458865404
b 0.0740699246526 0.0135321207345 0.00984812248498 0.12900480628
d 0.648492515087 0.681238055229 0.60993885994 0.475581198931
g 0.0780483856797 0.010773671791 0.00374444876797 0.0710035413504
t 0.0785636529326 0.265241473913 0.311791688204 0.147951588035
h 1.0 1.0 1.0 1.0
c 1.0 0 0 0
Aa 0.474263995886 0.37301492691 0.682144343853 0.973316669464
Ab 0.261747181416 0.0387797579169 -0.135251387954 0.837279081345
Ad 1.20401024818 1.74071276188 1.65668141842 1.40389788151
Ag 0.284469217062 -0.0602223575115 -0.555216908455 0.577953219414
At 0.287326931953 1.33105528355 1.36525976658 0.896792829037
as 0.5873016119 0.0833333358169 0.86301368475 0.776315808296
bs 0.380952388048 0.214285716414 0.25 0.914893627167
ds 0.910112380981 0.944444417953 1.0 1.0
gs 1.0 0.466666668653 0.108108110726 0.604651153088
ts 0.405405402184 0.880596995354 1.0 0.915789484978
a 0.120825529099 0.0292146746069 0.0667297765613 0.176458865404
b 0.0740699246526 0.0135321207345 0.010649769567 0.12900480628
d 0.648492515087 0.681238055229 0.606360018253 0.475581198931
g 0.0780483856797 0.010773671791 0.00367044121958 0.0710035413504
t 0.0785636529326 0.265241473913 0.312590003014 0.147951588035
h 1.0 1.0 1.0 1.0
c 1.0 0 0 0
Aa 0.474263995886 0.37301492691 0.674931049347 0.973316669464
Ab 0.261747181416 0.0387797579169 -0.122048452497 0.837279081345
Ad 1.20401024818 1.74071276188 1.63334190845 1.40389788151
Ag 0.284469217062 -0.0602223575115 -0.584670364857 0.577953219414
At 0.287326931953 1.33105528355 1.34558641911 0.896792829037
as 0.5873016119 0.0833333358169 0.849315047264 0.776315808296
bs 0.380952388048 0.214285716414 0.3125 0.914893627167
ds 0.910112380981 0.944444417953 1.0 1.0
gs 1.0 0.466666668653 0.0270270276815 0.604651153088
ts 0.405405402184 0.880596995354 1.0 0.915789484978
a 0.120825529099 0.0292146746069 0.0679281800985 0.176458865404
b 0.0740699246526 0.0135321207345 0.0113311866298 0.12900480628
d 0.648492515087 0.681238055229 0.603481590748 0.475581198931
g 0.0780483856797 0.010773671791 0.0035649437923 0.0710035413504
t 0.0785636529326 0.265241473913 0.313694089651 0.147951588035
h 1.0 1.0 1.0 1.0
c 1.0 0 0 0
Aa 0.474263995886 0.37301492691 0.667398869991 0.973316669464
Ab 0.261747181416 0.0387797579169 -0.110375717282 0.837279081345
Ad 1.20401024818 1.74071276188 1.61601293087 1.40389788151
Ag 0.284469217062 -0.0602223575115 -0.612598419189 0.577953219414
At 0.287326931953 1.33105528355 1.33185529709 0.896792829037
as 0.5873016119 0.0833333358169 0.835616409779 0.776315808296
bs 0.380952388048 0.214285716414 0.34375 0.914893627167
ds 0.910112380981 0.944444417953 1.0 1.0
gs 1.0 0.466666668653 0.0 0.604651153088
ts 0.405405402184 0.880596995354 1.0 0.915789484978
a 0.120825529099 0.0292146746069 0.0667347982526 0.176458865404
b 0.0740699246526 0.0135321207345 0.0114879226312 0.12900480628
d 0.648492515087 0.681238055229 0.60664999485 0.475581198931
g 0.0780483856797 0.010773671791 0.00338758062571 0.0710035413504
t 0.0785636529326 0.265241473913 0.311739712954 0.147951588035
h 1.0 1.0 1.0 1.0
c 1.0 0 0 0
Aa 0.474263995886 0.37301492691 0.662980794907 0.973316669464
Ab 0.261747181416 0.0387797579169 -0.101130068302 0.837279081345
Ad 1.20401024818 1.74071276188 1.62156665325 1.40389788151
Ag 0.284469217062 -0.0602223575115 -0.631481945515 0.577953219414
At 0.287326931953 1.33105528355 1.33242058754 0.896792829037
as 0.5873016119 0.0833333358169 0.835616409779 0.776315808296
bs 0.380952388048 0.214285716414 0.375 0.914893627167
ds 0.910112380981 0.944444417953 1.0 1.0
gs 1.0 0.466666668653 0.0 0.604651153088
ts 0.405405402184 0.880596995354 1.0 0.915789484978
a 0.120825529099 0.0292146746069 0.0644293874502 0.176458865404
b 0.0740699246526 0.0135321207345 0.0112235601991 0.12900480628
d 0.648492515087 0.681238055229 0.614924430847 0.475581198931
g 0.0780483856797 0.010773671791 0.00323390890844 0.0710035413504
t 0.0785636529326 0.265241473913 0.306188702583 0.147951588035
h 1.0 1.0 1.0 1.0
c 1.0 0 0 0
Aa 0.474263995886 0.37301492691 0.662980794907 0.973316669464
Ab 0.261747181416 0.0387797579169 -0.0959726125002 0.837279081345
Ad 1.20401024818 1.74071276188 1.64271855354 1.40389788151
Ag 0.284469217062 -0.0602223575115 -0.636375486851 0.577953219414
At 0.287326931953 1.33105528355 1.33988595009 0.896792829037
as 0.5873016119 0.0833333358169 0.835616409779 0.776315808296
bs 0.380952388048 0.214285716414 0.375 0.914893627167
ds 0.910112380981 0.944444417953 1.0 1.0
gs 1.0 0.466666668653 0.0 0.604651153088
ts 0.405405402184 0.880596995354 1.0 0.915789484978
a 0.120825529099 0.0292146746069 0.0631533265114 0.176458865404
b 0.0740699246526 0.0135321207345 0.0109292315319 0.12900480628
d 0.648492515087 0.681238055229 0.622355759144 0.475581198931
g 0.0780483856797 0.010773671791 0.00320170284249 0.0710035413504
t 0.0785636529326 0.265241473913 0.300359964371 0.147951588035
h 1.0 1.0 1.0 1.0
c 1.0 0 0 0
Aa 0.474263995886 0.37301492691 0.662980794907 0.973316669464
Ab 0.261747181416 0.0387797579169 -0.0988258346915 0.837279081345
Ad 1.20401024818 1.74071276188 1.65662324429 1.40389788151
Ag 0.284469217062 -0.0602223575115 -0.632034480572 0.577953219414
At 0.287326931953 1.33105528355 1.34022653103 0.896792829037
as 0.5873016119 0.0833333358169 0.835616409779 0.776315808296
bs 0.380952388048 0.214285716414 0.375 0.914893627167
ds 0.910112380981 0.944444417953 1.0 1.0
gs 1.0 0.466666668653 0.0 0.604651153088
ts 0.405405402184 0.880596995354 1.0 0.915789484978
a 0.120825529099 0.0292146746069 0.0645624771714 0.176458865404
b 0.0740699246526 0.0135321207345 0.0108945388347 0.12900480628
d 0.648492515087 0.681238055229 0.62392526865 0.475581198931
g 0.0780483856797 0.010773671791 0.00338313472457 0.0710035413504
t 0.0785636529326 0.265241473913 0.297234594822 0.147951588035
h 1.0 1.0 1.0 1.0
c 1.0 0 0 0
Aa 0.474263995886 0.37301492691 0.662980794907 0.973316669464
Ab 0.261747181416 0.0387797579169 -0.109790548682 0.837279081345
Ad 1.20401024818 1.74071276188 1.64813315868 1.40389788151
Ag 0.284469217062 -0.0602223575115 -0.617680072784 0.577953219414
At 0.287326931953 1.33105528355 1.3260999918 0.896792829037
as 0.5873016119 0.0833333358169 0.835616409779 0.776315808296
bs 0.380952388048 0.214285716414 0.34375 0.914893627167
ds 0.910112380981 0.944444417953 1.0 1.0
gs 1.0 0.466666668653 0.0250000003725 0.604651153088
ts 0.405405402184 0.880596995354 1.0 0.915789484978
a 0.120825529099 0.0696797296405 0.0685155540705 0.176458865404
b 0.0740699246526 0.0160944331437 0.0111045837402 0.12900480628
d 0.648492515087 0.600330412388 0.618750989437 0.475581198931
g 0.0780483856797 0.00547874672338 0.00380414584652 0.0710035413504
t 0.0785636529326 0.308416694403 0.297824710608 0.147951588035
h 1.0 1.0 1.0 1.0
c 1.0 0 0 0
Aa 0.474263995886 0.945235073566 0.662980794907 0.973316669464
Ab 0.261747181416 0.30880433321 -0.127306088805 0.837279081345
Ad 1.20401024818 1.88051891327 1.61870753765 1.40389788151
Ag 0.284469217062 -0.159190148115 -0.592551231384 0.577953219414
At 0.287326931953 1.59126651287 1.30115234852 0.896792829037
as 0.5873016119 1.0 0.835616409779 0.776315808296
bs 0.380952388048 0.696428596973 0.28125 0.914893627167
ds 0.910112380981 1.0 1.0 1.0
gs 1.0 0.244444444776 0.10000000149 0.604651153088
ts 0.405405402184 1.0 1.0 0.915789484978
a 0.120825529099 0.0815859958529 0.0732395499945 0.176458865404
b 0.0740699246526 0.0188408046961 0.0113498065621 0.12900480628
d 0.648492515087 0.592091679573 0.61162674427 0.475581198931
g 0.0780483856797 0.00635858578607 0.00440486101434 0.0710035413504
t 0.0785636529326 0.301122903824 0.299379080534 0.147951588035
h 1.0 1.0 1.0 1.0
c 1.0 0 0 0
Aa 0.474263995886 0.945235073566 0.662980794907 0.973316669464
Ab 0.261747181416 0.308718889952 -0.146776437759 0.837279081345
Ad 1.20401024818 1.80600845814 1.58472156525 1.40389788151
Ag 0.284469217062 -0.163020014763 -0.557832717896 0.577953219414
At 0.287326931953 1.51236319542 1.27445650101 0.896792829037
as 0.5873016119 1.0 0.833333313465 0.776315808296
bs 0.380952388048 0.696428596973 0.21875 0.914893627167
ds 0.910112380981 1.0 0.975206613541 1.0
gs 1.0 0.244444444776 0.17499999702 0.604651153088
ts 0.405405402184 1.0 0.97000002861 0.915789484978
a 0.120825529099 0.0946238040924 0.076822347939 0.176458865404
b 0.0740699246526 0.021442329511 0.0113891819492 0.12900480628
d 0.648492515087 0.58235681057 0.607733130455 0.475581198931
g 0.0780483856797 0.00727526471019 0.00503313029185 0.0710035413504
t 0.0785636529326 0.294301778078 0.299022197723 0.147951588035
h 1.0 1.0 1.0 1.0
c 1.0 0 0 0
Aa 0.474263995886 0.945650219917 0.662980794907 0.973316669464
Ab 0.261747181416 0.300921738148 -0.166014298797 0.837279081345
Ad 1.20401024818 1.73483896255 1.56120610237 1.40389788151
Ag 0.284469217062 -0.168501421809 -0.520668625832 0.577953219414
At 0.287326931953 1.43844270706 1.2531965971 0.896792829037
as 0.5873016119 1.0 0.833333313465 0.776315808296
bs 0.380952388048 0.678571403027 0.15625 0.914893627167
ds 0.910112380981 0.917808234692 0.958677709103 1.0
gs 1.0 0.222222223878 0.27500000596 0.604651153088
ts 0.405405402184 1.0 0.949999988079 0.915789484978
a 0.120825529099 0.108300924301 0.0789342224598 0.176458865404
b 0.0740699246526 0.0238877106458 0.0113436644897 0.12900480628
d 0.648492515087 0.571346819401 0.608280539513 0.475581198931
g 0.0780483856797 0.0081157553941 0.00555684743449 0.0710035413504
t 0.0785636529326 0.288348793983 0.295884728432 0.147951588035
h 1.0 1.0 1.0 1.0
c 1.0 0 0 0
Aa 0.474263995886 0.9502633214 0.662980794907 0.973316669464
Ab 0.261747181416 0.293805718422 -0.179531171918 0.837279081345
Ad 1.20401024818 1.67253100872 1.54981935024 1.40389788151
Ag 0.284469217062 -0.175039842725 -0.489456117153 0.577953219414
At 0.287326931953 1.37554931641 1.23683798313 0.896792829037
as 0.5873016119 1.0 0.83098590374 0.776315808296
bs 0.380952388048 0.660714268684 0.125 0.914893627167
ds 0.910112380981 0.835616409779 0.950413227081 1.0
gs 1.0 0.20000000298 0.34999999404 0.604651153088
ts 0.405405402184 0.939393937588 0.930000007153 0.915789484978
a 0.120825529099 0.125511616468 0.0815496370196 0.176458865404
b 0.0740699246526 0.0257999785244 0.0113532505929 0.12900480628
d 0.648492515087 0.559285581112 0.610688447952 0.475581198931
g 0.0780483856797 0.008674335666 0.00592786818743 0.0710035413504
t 0.0785636529326 0.280728459358 0.290480792522 0.147951588035
h 1.0 1.0 1.0 1.0
c 1.0 0 0 0
Aa 0.474263995886 0.973499655724 0.667867839336 0.973316669464
Ab 0.261747181416 0.286435067654 -0.188433930278 0.837279081345
Ad 1.20401024818 1.62244939804 1.5422655344 1.40389788151
Ag 0.284469217062 -0.186948046088 -0.470655620098 0.577953219414
At 0.287326931953 1.32310211658 1.21956324577 0.896792829037
as 0.5873016119 1.0 0.845070421696 0.776315808296
bs 0.380952388048 0.642857134342 0.09375 0.914893627167
ds 0.910112380981 0.767123281956 0.94214874506 1.0
gs 1.0 0.177777782083 0.40000000596 0.604651153088
ts 0.405405402184 0.863636374474 0.919191896915 0.915789484978
a 0.120825529099 0.14320743084 0.0911310985684 0.176458865404
b 0.0740699246526 0.0274249315262 0.0114693380892 0.12900480628
d 0.648492515087 0.548507869244 0.609645068645 0.475581198931
g 0.0780483856797 0.00903284549713 0.00611659325659 0.0710035413504
t 0.0785636529326 0.271826952696 0.281637907028 0.147951588035
h 1.0 1.0 1.0 1.0
c 1.0 0 0 0
Aa 0.474263995886 1.00143539906 0.708604037762 0.973316669464
Ab 0.261747181416 0.283615410328 -0.191524252295 0.837279081345
Ad 1.20401024818 1.58465266228 1.53401446342 1.40389788151
Ag 0.284469217062 -0.198705583811 -0.464552998543 0.577953219414
At 0.287326931953 1.27976238728 1.19862854481 0.896792829037
as 0.5873016119 1.0 0.901408433914 0.776315808296
bs 0.380952388048 0.642857134342 0.09375 0.914893627167
ds 0.910112380981 0.704225361347 0.932203412056 1.0
gs 1.0 0.159090906382 0.40000000596 0.604651153088
ts 0.405405402184 0.803030312061 0.898989915848 0.915789484978
a 0.120825529099 0.164824068546 0.108628682792 0.176458865404
b 0.0740699246526 0.0311816856265 0.0115451011807 0.12900480628
d 0.648492515087 0.53427696228 0.604886770248 0.475581198931
g 0.0780483856797 0.00972849596292 0.00613201456144 0.0710035413504
t 0.0785636529326 0.25998878479 0.268807440996 0.147951588035
h 1.0 1.0 1.0 1.0
c 1.0 0 0 0
Aa 0.474263995886 1.0253893137 0.782299876213 0.973316669464
Ab 0.261747181416 0.302268236876 -0.191246911883 0.837279081345
Ad 1.20401024818 1.53613507748 1.52802944183 1.40389788151
Ag 0.284469217062 -0.203585684299 -0.466041475534 0.577953219414
At 0.287326931953 1.22332322598 1.175796628 0.896792829037
as 0.5873016119 1.0 1.0 0.776315808296
bs 0.380952388048 0.678571403027 0.0645161271095 0.914893627167
ds 0.910112380981 0.637681186199 0.923728823662 1.0
gs 1.0 0.136363640428 0.40000000596 0.604651153088
ts 0.405405402184 0.712121188641 0.868686854839 0.915789484978
a 0.120825529099 0.173490986228 0.111559838057 0.176458865404
b 0.0740699246526 0.0323249362409 0.0116035360843 0.12900480628
d 0.648492515087 0.533252477646 0.613549590111 0.475581198931
g 0.0780483856797 0.0100738825276 0.00613361876458 0.0710035413504
t 0.0785636529326 0.250857710838 0.257153391838 0.147951588035
h 1.0 1.0 1.0 1.0
c 1.0 0 0 0
Aa 0.474263995886 1.02866148949 0.791365027428 0.973316669464
Ab 0.261747181416 0.298922300339 -0.191552475095 0.837279081345
Ad 1.20401024818 1.51631748676 1.53170681 1.40389788151
Ag 0.284469217062 -0.207418516278 -0.468426078558 0.577953219414
At 0.287326931953 1.18881201744 1.15404939651 0.896792829037
as 0.5873016119 1.0 1.0 0.776315808296
bs 0.380952388048 0.672727286816 0.0666666701436 0.914893627167
ds 0.910112380981 0.608695626259 0.932203412056 1.0
gs 1.0 0.136363640428 0.40000000596 0.604651153088
ts 0.405405402184 0.666666686535 0.848484873772 0.915789484978
a 0.120825529099 0.178257793188 0.110834389925 0.176458865404
b 0.0740699246526 0.0326489247382 0.0115110473707 0.12900480628
d 0.648492515087 0.535979747772 0.627045750618 0.475581198931
g 0.0780483856797 0.0104211382568 0.00612611463293 0.0710035413504
t 0.0785636529326 0.242692410946 0.244482681155 0.147951588035
h 1.0 1.0 1.0 1.0
c 1.0 0 0 0
Aa 0.474263995886 1.03174591064 0.790761053562 0.973316669464
Ab 0.261747181416 0.294566273689 -0.192798644304 0.837279081345
Ad 1.20401024818 1.50984573364 1.54338574409 1.40389788151
Ag 0.284469217062 -0.201387450099 -0.466728389263 0.577953219414
At 0.287326931953 1.16575360298 1.13433456421 0.896792829037
as 0.5873016119 1.0 1.0 0.776315808296
bs 0.380952388048 0.654545426369 0.0666666701436 0.914893627167
ds 0.910112380981 0.608695626259 0.940677940845 1.0
gs 1.0 0.159090906382 0.40000000596 0.604651153088
ts 0.405405402184 0.621212124825 0.828282833099 0.915789484978
a 0.120825529099 0.174289703369 0.110681198537 0.176458865404
b 0.0740699246526 0.0316625498235 0.0115655800328 0.12900480628
d 0.648492515087 0.544195532799 0.6394135952 0.475581198931
g 0.0780483856797 0.0106099490076 0.00621211808175 0.0710035413504
t 0.0785636529326 0.23924228549 0.232127517462 0.147951588035
h 1.0 1.0 1.0 1.0
c 1.0 0 0 0
Aa 0.474263995886 1.03174591064 0.790761053562 0.973316669464
Ab 0.261747181416 0.291020095348 -0.190145418048 0.837279081345
Ad 1.20401024818 1.52622914314 1.55246901512 1.40389788151
Ag 0.284469217062 -0.183812513947 -0.460073143244 0.577953219414
At 0.287326931953 1.16931211948 1.112413764 0.896792829037
as 0.5873016119 1.0 1.0 0.776315808296
bs 0.380952388048 0.64814811945 0.0666666701436 0.914893627167
ds 0.910112380981 0.623188376427 0.94915252924 1.0
gs 1.0 0.190476194024 0.425000011921 0.604651153088
ts 0.405405402184 0.636363625526 0.808080792427 0.915789484978
a 0.120825529099 0.161988735199 0.113408103585 0.176458865404
b 0.0740699246526 0.0293550398201 0.0121444044635 0.12900480628
d 0.648492515087 0.555519342422 0.646266639233 0.475581198931
g 0.0780483856797 0.0104414625093 0.00650529982522 0.0710035413504
t 0.0785636529326 0.242695391178 0.22167557478 0.147951588035
h 1.0 1.0 1.0 1.0
c 1.0 0 0 0
Aa 0.474263995886 1.03174591064 0.790761053562 0.973316669464
Ab 0.261747181416 0.289943754673 -0.179506823421 0.837279081345
Ad 1.20401024818 1.56696033478 1.54652869701 1.40389788151
Ag 0.284469217062 -0.158977597952 -0.450615733862 0.577953219414
At 0.287326931953 1.2073225975 1.08183479309 0.896792829037
as 0.5873016119 1.0 1.0 0.776315808296
bs 0.380952388048 0.64814811945 0.10000000149 0.914893627167
ds 0.910112380981 0.676470577717 0.940677940845 1.0
gs 1.0 0.261904776096 0.449999988079 0.604651153088
ts 0.405405402184 0.67692309618 0.777777791023 0.915789484978
a 0.120825529099 0.146708279848 0.120347872376 0.176458865404
b 0.0740699246526 0.026617737487 0.0134854242206 0.12900480628
d 0.648492515087 0.565634429455 0.646104037762 0.475581198931
g 0.0780483856797 0.0100262202322 0.00709965452552 0.0710035413504
t 0.0785636529326 0.251013338566 0.212962985039 0.147951588035
h 1.0 1.0 1.0 1.0
c 1.0 0 0 0
Aa 0.474263995886 1.03174591064 0.790761053562 0.973316669464
Ab 0.261747181416 0.290462434292 -0.159812748432 0.837279081345
Ad 1.20401024818 1.61782717705 1.52062511444 1.40389788151
Ag 0.284469217062 -0.133571490645 -0.438440144062 0.577953219414
At 0.287326931953 1.26498806477 1.03862679005 0.896792829037
as 0.5873016119 1.0 1.0 0.776315808296
bs 0.380952388048 0.64814811945 0.166666671634 0.914893627167
ds 0.910112380981 0.75 0.923728823662 1.0
gs 1.0 0.309523820877 0.461538463831 0.604651153088
ts 0.405405402184 0.769230782986 0.744897961617 0.915789484978
a 0.120825529099 0.134592503309 0.131189659238 0.176458865404
b 0.0740699246526 0.0244571864605 0.0155501319095 0.12900480628
d 0.648492515087 0.571590304375 0.639740288258 0.475581198931
g 0.0780483856797 0.00962203554809 0.00803313031793 0.0710035413504
t 0.0785636529326 0.259737968445 0.205486804247 0.147951588035
h 1.0 1.0 1.0 1.0
c 1.0 0 0 0
Aa 0.474263995886 1.03174591064 0.790761053562 0.973316669464
Ab 0.261747181416 0.291131556034 -0.135404527187 0.837279081345
Ad 1.20401024818 1.65980994701 1.47886514664 1.40389788151
Ag 0.284469217062 -0.114008009434 -0.422253787518 0.577953219414
At 0.287326931953 1.31726050377 0.985645353794 0.896792829037
as 0.5873016119 1.0 1.0 0.776315808296
bs 0.380952388048 0.64814811945 0.233333334327 0.914893627167
ds 0.910112380981 0.823529422283 0.888888895512 1.0
gs 1.0 0.357142865658 0.512820541859 0.604651153088
ts 0.405405402184 0.846153855324 0.6875 0.915789484978
a 0.120825529099 0.103300601244 0.14360243082 0.176458865404
b 0.0740699246526 0.0264080483466 0.0180743355304 0.12900480628
d 0.648492515087 0.593013942242 0.629357933998 0.475581198931
g 0.0780483856797 0.0109212026 0.00926516391337 0.0710035413504
t 0.0785636529326 0.266356229782 0.199700161815 0.147951588035
h 1.0 1.0 1.0 1.0
c 1.0 0 0 0
Aa 0.474263995886 0.874807536602 0.790761053562 0.973316669464
Ab 0.261747181416 0.28244099021 -0.1093384251 0.837279081345
Ad 1.20401024818 1.63376963139 1.43249690533 1.40389788151
Ag 0.284469217062 -0.101024821401 -0.399547636509 0.577953219414
At 0.287326931953 1.2861675024 0.933977663517 0.896792829037
as 0.5873016119 0.846153855324 1.0 0.776315808296
bs 0.380952388048 0.629629611969 0.333333343267 0.914893627167
ds 0.910112380981 0.776119410992 0.846153855324 1.0
gs 1.0 0.390243887901 0.564102590084 0.604651153088
ts 0.405405402184 0.800000011921 0.635416686535 0.915789484978
a 0.120825529099 0.0873044133186 0.154104560614 0.176458865404
b 0.0740699246526 0.0277401786298 0.0204835347831 0.12900480628
d 0.648492515087 0.601489007473 0.618413567543 0.475581198931
g 0.0780483856797 0.0120423994958 0.0105224875733 0.0710035413504
t 0.0785636529326 0.271423995495 0.196475848556 0.147951588035
h 1.0 1.0 1.0 1.0
c 1.0 0 0 0
Aa 0.474263995886 0.771315336227 0.790761053562 0.973316669464
Ab 0.261747181416 0.27338835597 -0.0856495797634 0.837279081345
Ad 1.20401024818 1.60950684547 1.3942245245 1.40389788151
Ag 0.284469217062 -0.089007884264 -0.374936074018 0.577953219414
At 0.287326931953 1.26392734051 0.896254658699 0.896792829037
as 0.5873016119 0.6875 1.0 0.776315808296
bs 0.380952388048 0.622641503811 0.40000000596 0.914893627167
ds 0.910112380981 0.746268630028 0.811965823174 1.0
gs 1.0 0.414634138346 0.615384638309 0.604651153088
ts 0.405405402184 0.765625 0.59375 0.915789484978
a 0.120825529099 0.0898860394955 0.160361483693 0.176458865404
b 0.0740699246526 0.027939658612 0.0223833229393 0.12900480628
d 0.648492515087 0.59758913517 0.609748065472 0.475581198931
g 0.0780483856797 0.0127459233627 0.0114852953702 0.0710035413504
t 0.0785636529326 0.271839261055 0.196021854877 0.147951588035
h 1.0 1.0 1.0 1.0
